1.080779275262165628e+07 -1.224335055651972257e+07 3.412031976516195573e+06 7.326752394535674248e+05 3.126890128409342840e+06 3.773596239657268859e+06 2.311943411798720062e+07 2.189124447064183914e+04 3.550669976752031653e+04 4.873926090387898512e+03 1.285816274107914884e+06 1.039225016599372728e+06 8.507508053829250857e+05 7.821536511025512591e+05 7.441764408953224774e+05 7.448792075440974440e+05 7.494336444345831405e+05 7.480511932476640213e+05 7.111725445673237555e+05 4.344108157785095973e+05
-1.224335055652093515e+07 1.969737257872419804e+07 -6.222915551835449412e+06 -1.323697251155314036e+06 -4.916874791404908523e+06 -5.742434823705663905e+06 -3.546359104436329007e+07 -1.004595802732577340e+03 -1.636535099116190850e+03 -2.146925036398245084e+02 -2.193586368423794862e+06 -2.023401109079896472e+06 -1.701027074127675965e+06 -1.538623996784553397e+06 -1.398971798572829459e+06 -1.287080579184437171e+06 -1.236847729993500281e+06 -1.217400796719006030e+06 -1.026009620561985415e+06 -6.063451433297400363e+05
3.412031976516214665e+06 -6.222915551835509017e+06 2.639531058495390695e+06 5.659097782226237468e+05 1.553350249548005173e+06 1.650005047583391424e+06 1.384727071592270397e+07 2.894055232429872831e+03 4.511693748628841604e+03 1.355920926488053340e+02 7.487970748456714209e+05 8.374164936246343423e+05 7.589953827916959999e+05 6.904618930083919549e+05 6.308962210776529973e+05 5.787398969173458172e+05 5.370898336750131566e+05 4.946419237935494748e+05 4.305557895734434715e+05 2.620371815916236083e+05
7.326752394535655621e+05 -1.323697251155317295e+06 5.659097782226237468e+05 1.246790710592533578e+05 3.258622127179353265e+05 3.166841775551384781e+05 2.896532556326341815e+06 8.188346757139045167e+02 1.291860046375255479e+03 8.107964289267550839e+01 1.073326259820724081e+05 1.431589076687507622e+05 1.449146583065089362e+05 1.422118971378242422e+05 1.369550198237866280e+05 1.312702509490794619e+05 1.268481919804546487e+05 1.207011798539320007e+05 1.108898516902265110e+05 7.104780631573172286e+04
3.126890128409644589e+06 -4.916874791404911317e+06 1.553350249547990505e+06 3.258622127179347444e+05 1.263024471818712540e+06 1.581618815585086122e+06 8.989644144132934511e+06 2.137208804279039498e+02 3.447058231675426896e+02 3.419906959707509486e+01 6.806572409029842820e+05 5.514635317718891893e+05 4.283864229522698442e+05 3.691095721728794742e+05 3.327506598505309084e+05 3.052187799745700322e+05 2.920483691940585850e+05 2.795152710745320655e+05 2.382168577082958655e+05 1.412096885084128007e+05
3.773596239657694474e+06 -5.742434823705677874e+06 1.650005047583372565e+06 3.166841775551380706e+05 1.581618815585087985e+06 2.505254279131564312e+06 1.032698451037599333e+07 -4.190387367852110856e-01 -2.514040041904976874e+01 -8.028855100756686625e+01 1.367298587193452287e+06 8.748553811616131570e+05 5.710673064836452249e+05 4.094879534761743271e+05 3.060410115748938406e+05 2.374625921096924576e+05 1.864197576722649974e+05 1.429555385041244444e+05 9.698793662765721092e+04 2.917185621563648965e+04
2.311943411798720434e+07 -3.546359104436303675e+07 1.384727071592268161e+07 2.896532556326340884e+06 8.989644144132867455e+06 1.032698451037589461e+07 7.942539186143310368e+07 2.276320120121578839e+03 3.649714368047985772e+03 3.287958918858848847e+02 5.415613707933843136e+06 5.124009434695466422e+06 4.229977308010368608e+06 3.639871549294469878e+06 3.203555294209771790e+06 2.887436679241066333e+06 2.629450308510740753e+06 2.381627977742419578e+06 2.072561660131580196e+06 1.227954082727111410e+06
2.189124447064238484e+04 -1.004595802733765936e+03 2.894055232430227079e+03 8.188346757139588590e+02 2.137208804278270122e+02 -4.190387372234170016e-01 2.276320120124692494e+03 3.454668206840223775e+03 5.517987822585590948e+03 5.377189388971995641e+02 1.223363494478804228e+02 -2.463977422758860669e+01 -9.828341374279695231e+00 1.577662219082370143e+01 -8.005527472666948086e+00 1.313519246150228881e+01 2.064812166094285573e+01 4.328242449769982159e+01 -1.009189242304445600e+01 -1.941514772195499745e+02
3.550669976752168441e+04 -1.636535099117911614e+03 4.511693748629328184e+03 1.291860046375322781e+03 3.447058231673421460e+02 -2.514040041988950236e+01 3.649714368053384533e+03 5.517987822585588219e+03 9.001730633671633768e+03 1.358299931689874029e+03 1.110191882942599193e+02 -3.264852443069841570e+00 -6.700382695673219757e+00 9.379691220462269996e+00 -1.124700315075699564e+01 8.262206474136018386e+00 1.800627153265168445e+01 5.893352421734600455e+01 -3.194360412330923538e+01 -3.388719720579409795e+02
4.873926090389054480e+03 -2.146925036401336229e+02 1.355920926486748783e+02 8.107964289264000968e+01 3.419906959700112026e+01 -8.028855100783249554e+01 3.287958918869200033e+02 5.377189388971916060e+02 1.358299931689861751e+03 1.429540231555656646e+03 -2.480025473571954535e+02 8.907121049022212844e+01 2.364045947537785963e+01 -3.739927753899015528e+01 -2.380165962449872552e+00 -3.470515125894219466e+01 -4.776662587222450895e+01 -2.535883918160681816e+01 -2.209823494188317738e+01 -1.112777200332095902e+02
1.285816274108173326e+06 -2.193586368423977867e+06 7.487970748456583824e+05 1.073326259820717387e+05 6.806572409030293347e+05 1.367298587193519808e+06 5.415613707933960482e+06 1.223363494454543456e+02 1.110191882897196933e+02 -2.480025473589223566e+02 2.448941556616239250e+06 2.916638639764145482e+05 2.821164373214670923e+04 1.205879439431549872e+04 5.247981676920861901e+03 3.310422946375945685e+03 2.382496729838317606e+03 1.774864306149076810e+03 1.150290990008757035e+03 4.747009043007784612e+02
1.039225016599353054e+06 -2.023401109079953516e+06 8.374164936246352736e+05 1.431589076687502384e+05 5.514635317719025770e+05 8.748553811616336461e+05 5.124009434695477597e+06 -2.463977422754102520e+01 -3.264852442885326056e+00 8.907121049049456474e+01 2.916638639764403924e+05 1.669730340305750258e+06 3.369728636145035271e+05 2.586294668817507409e+04 8.644244962035023491e+03 3.911031028311630507e+03 2.334013473719918693e+03 1.492574315301506886e+03 8.847181928902873551e+02 3.665651469139948517e+02
8.507508053828557022e+05 -1.701027074127671309e+06 7.589953827917000744e+05 1.449146583065091399e+05 4.283864229522690875e+05 5.710673064836448757e+05 4.229977308010343462e+06 -9.828341373954234683e+00 -6.700382694997035316e+00 2.364045947578819451e+01 2.821164373215742671e+04 3.369728636145063792e+05 1.130006475997336442e+06 3.284086974911899888e+05 2.154816873552459219e+04 7.178814840502051993e+03 2.846478666269696532e+03 1.582599470567823346e+03 8.400440772678961139e+02 3.375357585402134646e+02
7.821536511025230866e+05 -1.538623996784524061e+06 6.904618930083916057e+05 1.422118971378240967e+05 3.691095721728724311e+05 4.094879534761637915e+05 3.639871549294456840e+06 1.577662219077114614e+01 9.379691220408773233e+00 -3.739927753896445495e+01 1.205879439431476203e+04 2.586294668817790443e+04 3.284086974911907455e+05 8.680657341192481108e+05 2.956962178183968645e+05 1.858664166066129110e+04 5.659506092438205997e+03 1.978406249987842557e+03 9.217862728760730988e+02 3.432212015889492136e+02
7.441764408953257371e+05 -1.398971798572850646e+06 6.308962210776491556e+05 1.369550198237861332e+05 3.327506598505340517e+05 3.060410115748944227e+05 3.203555294209734537e+06 -8.005527472547402823e+00 -1.124700315054474942e+01 -2.380165962434585225e+00 5.247981676902294566e+03 8.644244962034761556e+03 2.154816873552554171e+04 2.956962178183974465e+05 7.211193900901988382e+05 2.636999557834258303e+05 1.579074464249133598e+04 4.063051387444753800e+03 1.177081600837560927e+03 3.710742011650620498e+02
7.448792075441045454e+05 -1.287080579184412491e+06 5.787398969173436053e+05 1.312702509490792290e+05 3.052187799745646771e+05 2.374625921096842503e+05 2.887436679241066333e+06 1.313519246152854691e+01 8.262206474213275698e+00 -3.470515125886547736e+01 3.310422946363906703e+03 3.911031028312226226e+03 7.178814840502922380e+03 1.858664166066264079e+04 2.636999557834266452e+05 6.351133510612604441e+05 2.338503375472869375e+05 1.228982252952397903e+04 2.428818862057381921e+03 4.861828488321636428e+02
7.494336444345812779e+05 -1.236847729993503075e+06 5.370898336750133894e+05 1.268481919804547651e+05 2.920483691940584686e+05 1.864197576722635713e+05 2.629450308510735165e+06 2.064812166080087152e+01 1.800627153246751178e+01 -4.776662587213398581e+01 2.382496729833910194e+03 2.334013473720296588e+03 2.846478666270946633e+03 5.659506092439311033e+03 1.579074464249187622e+04 2.338503375472869375e+05 5.854101934954290045e+05 2.006967595856974367e+05 8.349354193280869367e+03 1.033947852074313687e+03
7.480511932476627408e+05 -1.217400796719006728e+06 4.946419237935499987e+05 1.207011798539321753e+05 2.795152710745321237e+05 1.429555385041245609e+05 2.381627977742420509e+06 4.328242449761950894e+01 5.893352421724003420e+01 -2.535883918155734307e+01 1.774864306148505875e+03 1.492574315301897286e+03 1.582599470568081415e+03 1.978406249987943511e+03 4.063051387444888860e+03 1.228982252952420822e+04 2.006967595856979024e+05 5.687000595903536305e+05 1.516440105789285735e+05 3.684727175951646132e+03
7.111725445673232898e+05 -1.026009620561984833e+06 4.305557895734437043e+05 1.108898516902264964e+05 2.382168577082959237e+05 9.698793662765760382e+04 2.072561660131582525e+06 -1.009189242305423306e+01 -3.194360412332807897e+01 -2.209823494189169679e+01 1.150290990011300892e+03 8.847181928902732579e+02 8.400440772675945027e+02 9.217862728759121183e+02 1.177081600837291944e+03 2.428818862057225033e+03 8.349354193280962136e+03 1.516440105789285735e+05 5.747431257674825611e+05 7.647119139411789365e+04
4.344108157785090152e+05 -6.063451433297409676e+05 2.620371815916237538e+05 7.104780631573175197e+04 1.412096885084130918e+05 2.917185621563702443e+04 1.227954082727111410e+06 -1.941514772195471323e+02 -3.388719720579368300e+02 -1.112777200332099028e+02 4.747009043004369460e+02 3.665651469141249663e+02 3.375357585403320968e+02 3.432212015889069789e+02 3.710742011650027052e+02 4.861828488321272062e+02 1.033947852074331422e+03 3.684727175951671143e+03 7.647119139411790820e+04 3.937438190863302443e+05
