6.536074640657758340e+06 -3.557745821657092310e+06 -3.280557162829773151e+05 -3.559335830728387373e+04 9.078473856552948710e+05 1.133271243693549652e+06 3.543224713061671704e+06 2.097409399177650266e+04 3.359519371113992383e+04 3.572725160903153665e+03 -3.255616504062565509e+05 -6.968808046883461066e+05 -3.139072654346484342e+05 -1.388174665481960692e+05 -4.512858146676341130e+04 2.580324826058145118e+04 8.066876182910996431e+04 1.399547102139328781e+05 2.146725557857604581e+05 2.561711955778731790e+05
-3.557745821658480912e+06 6.418714296973634511e+06 -1.014674869104393059e+06 -2.423336605983680347e+05 -1.557738464506257325e+06 -1.857709022475102451e+06 -5.461015128657748923e+06 -8.632245047519245418e+02 -1.417576823714142620e+03 -2.555813801769230622e+02 -5.954717171211463574e+04 -8.548207304545596708e+04 -9.623756481701531447e+04 -1.087823073139646585e+05 -1.257469771546182164e+05 -1.498046106218708155e+05 -1.814898181993636535e+05 -2.352189829743605515e+05 -3.267315402814224362e+05 -3.615575115250973613e+05
-3.280557162829643348e+05 -1.014674869104526937e+06 6.271843961430699565e+05 1.421808171639467182e+05 2.485430861682722170e+05 2.119156068701571785e+05 1.916029796990355942e+06 2.643448016367482069e+03 4.201342701310890334e+03 3.415041252079477658e+02 8.794857692849975138e+04 2.005462185343797028e+05 1.367762334672400902e+05 1.055042321994682861e+05 9.197349171008550911e+04 8.654406459584977711e+04 8.921741356333749718e+04 1.051024168267339119e+05 1.368891667487763043e+05 1.569258284174905275e+05
-3.559335830728082510e+04 -2.423336605983826157e+05 1.421808171639462234e+05 3.297413537122048729e+04 5.915921938140262500e+04 4.840118055298331456e+04 4.555253783312689047e+05 7.556777877319105983e+02 1.205104287050269704e+03 1.087263581438835160e+02 1.496948634898282762e+04 3.671598397746149567e+04 2.858126743351737241e+04 2.378985320790785045e+04 2.147522488739404434e+04 2.072664166876177114e+04 2.165963909862382206e+04 2.580875125566808492e+04 3.443465146562954760e+04 4.096414637526623846e+04
9.078473856555772945e+05 -1.557738464506267570e+06 2.485430861682432005e+05 5.915921938139953272e+04 4.016471553918604623e+05 5.321975849418079015e+05 1.346565436270592036e+06 1.887029615776851585e+02 3.118313671102838498e+02 6.308266124464655888e+01 1.502157666959596463e+04 2.200593244019037593e+04 2.315721133387110240e+04 2.525638616258771435e+04 2.963467674832291959e+04 3.524795820662536426e+04 4.261275907324316358e+04 5.539057031633705628e+04 7.617591681171205710e+04 8.390736336333907093e+04
1.133271243693765253e+06 -1.857709022475108039e+06 2.119156068701433251e+05 4.840118055298369291e+04 5.321975849418075522e+05 9.368076200689878315e+05 1.205272780721172690e+06 -2.352906680652754545e+00 -1.427377935189534952e+01 -1.285778896737690502e+01 1.685354870338165711e+04 2.705215367673844594e+04 2.176184735284344788e+04 1.928438729312697251e+04 2.184158667989990136e+04 2.457661967047526196e+04 2.758465781703032917e+04 3.204014191246116025e+04 3.751819415900572494e+04 2.859754509937072726e+04
3.543224713061282411e+06 -5.461015128657408059e+06 1.916029796990387375e+06 4.555253783312726300e+05 1.346565436270537321e+06 1.205272780721114716e+06 1.003331597602335550e+07 2.011247577717096192e+03 3.322800222604066221e+03 6.264266104829271171e+02 1.512731574727462139e+05 1.894902249625783879e+05 2.137978974976013706e+05 2.429339751599913288e+05 2.788773596442100825e+05 3.243588247116234852e+05 3.844955182534066262e+05 4.927628573065146920e+05 6.651179554183859145e+05 7.596461071582471486e+05
2.097409399177352316e+04 -8.632245047414148758e+02 2.643448016367652144e+03 7.556777877319118488e+02 1.887029615751134202e+02 -2.352906683960998890e+00 2.011247577720575691e+03 3.258183504392888153e+03 5.203125850008795169e+03 5.041205359891448552e+02 -1.721920659224930148e+02 -4.616752444172483649e+00 4.129336236192438037e+01 -4.059872047763008140e+00 2.571544042393676222e+01 6.240019140341939874e+01 7.151761965988342240e+01 1.208150088193625891e+02 -1.714265151747407572e+02 -2.501391699380823184e+02
3.359519371113452507e+04 -1.417576823693424103e+03 4.201342701310974007e+03 1.205104287050215817e+03 3.118313671052647464e+02 -1.427377935820028831e+01 3.322800222610318087e+03 5.203125850008802445e+03 8.487115105740433137e+03 1.277516209298402600e+03 -9.309668349750762673e+01 -2.418649706555993006e+01 4.396674944685322828e+01 1.130318920659989601e+01 4.830756102377846872e+01 8.661671059842959153e+01 1.076688988887966048e+02 1.989096649820004359e+02 -2.829719266502081609e+02 -4.299580186282145178e+02
3.572725160901130039e+03 -2.555813801665701135e+02 3.415041252076242131e+02 1.087263581437748456e+02 6.308266124221044890e+01 -1.285778897020045974e+01 6.264266104852301851e+02 5.041205359891679336e+02 1.277516209298438071e+03 1.350622328115392293e+03 4.660282873199170126e+02 -5.895031323316979410e+01 -2.493814623619658732e+01 3.303235217414976432e+01 5.916280978376988742e+00 -3.398977497541511639e+01 -2.480297734794373810e+01 3.318632957751006529e+01 -1.991207352622123494e+01 -1.274062560378346376e+02
-3.255616504062628956e+05 -5.954717171236732975e+04 8.794857692851207685e+04 1.496948634898539785e+04 1.502157666964968666e+04 1.685354870343838411e+04 1.512731574726790423e+05 -1.721920659213189992e+02 -9.309668349548888955e+01 4.660282873204084240e+02 1.107632244176692620e+05 7.398548325843347993e+04 4.065596753097577221e+03 4.373453568475291831e+03 4.713267169031789308e+03 3.523025272653589127e+03 3.404698254784149867e+03 3.618957760960885935e+03 3.854004595295095896e+03 3.147153750266209499e+03
-6.968808046884315554e+05 -8.548207304544313229e+04 2.005462185343934107e+05 3.671598397746385308e+04 2.200593244018808764e+04 2.705215367673561559e+04 1.894902249625890399e+05 -4.616752444522518317e+00 -2.418649706632214347e+01 -5.895031323368331755e+01 7.398548325844216743e+04 2.608998080339058070e+05 5.003159966553913546e+04 6.128031083510257986e+02 5.481676002828431592e+03 5.063318299816954095e+03 4.599070778125761535e+03 4.895540806603185047e+03 5.161603781235931820e+03 4.164443571955132938e+03
-3.139072654346155468e+05 -9.623756481704890030e+04 1.367762334672313009e+05 2.858126743351630284e+04 2.315721133387789814e+04 2.176184735284568160e+04 2.137978974976043974e+05 4.129336236122294679e+01 4.396674944562974474e+01 -2.493814623655231344e+01 4.065596753092675044e+03 5.003159966553305276e+04 1.299799464485105564e+05 4.277127756276395667e+04 7.135740013857621307e+03 7.365008519256944055e+03 6.846658438494252550e+03 6.302876580933541845e+03 6.240130124817874275e+03 4.894497583546335591e+03
-1.388174665481730481e+05 -1.087823073139752087e+05 1.055042321994628292e+05 2.378985320790688638e+04 2.525638616259079936e+04 1.928438729312683427e+04 2.429339751600029413e+05 -4.059872048318339921e+00 1.130318920582013220e+01 3.303235217432211357e+01 4.373453568468011326e+03 6.128031083457503883e+02 4.277127756276650325e+04 8.290948706017578661e+04 3.353161142003263376e+04 9.604523005681247014e+03 8.454225511826003640e+03 8.138076980757551610e+03 7.768806136813727790e+03 5.981197173349031800e+03
-4.512858146680214122e+04 -1.257469771545933472e+05 9.197349171008872509e+04 2.147522488739462642e+04 2.963467674831628028e+04 2.184158667988242087e+04 2.788773596442120615e+05 2.571544042326357271e+01 4.830756102269775454e+01 5.916280978228016352e+00 4.713267169035455481e+03 5.481676002823367526e+03 7.135740013859537612e+03 3.353161142003365967e+04 6.196514980852205917e+04 2.770256897902319906e+04 1.146338944148914925e+04 1.042265908508401117e+04 9.998562265724218378e+03 7.491335154414772660e+03
2.580324826056815800e+04 -1.498046106218867062e+05 8.654406459584880213e+04 2.072664166876161107e+04 3.524795820662926417e+04 2.457661967047426151e+04 3.243588247115967097e+05 6.240019140318268853e+01 8.661671059811379791e+01 -3.398977497535814507e+01 3.523025272651784690e+03 5.063318299815032333e+03 7.365008519255449755e+03 9.604523005683571682e+03 2.770256897902118726e+04 5.432280676068687171e+04 2.548662578532784755e+04 1.487436992475895204e+04 1.336238345176398798e+04 9.790624807233820320e+03
8.066876182912301738e+04 -1.814898181993403123e+05 8.921741356333454314e+04 2.165963909862304354e+04 4.261275907323791762e+04 2.758465781701993546e+04 3.844955182534066844e+05 7.151761966025122774e+01 1.076688988895439536e+02 -2.480297734758670458e+01 3.404698254782884305e+03 4.599070778126826553e+03 6.846658438493732319e+03 8.454225511825432477e+03 1.146338944148887094e+04 2.548662578532876432e+04 5.557046543325472157e+04 2.828431148680883052e+04 1.942403148577781758e+04 1.342814719654299006e+04
1.399547102139455674e+05 -2.352189829743610462e+05 1.051024168267324130e+05 2.580875125566762290e+04 5.539057031633734005e+04 3.204014191246041446e+04 4.927628573065120727e+05 1.208150088195479270e+02 1.989096649823292751e+02 3.318632957759442803e+01 3.618957760959496682e+03 4.895540806602921293e+03 6.302876580933217156e+03 8.138076980757889942e+03 1.042265908508342545e+04 1.487436992475814259e+04 2.828431148680898332e+04 7.023525012407799659e+04 3.922075003688353900e+04 2.178987268445588415e+04
2.146725557857550739e+05 -3.267315402814219124e+05 1.368891667487772065e+05 3.443465146562969312e+04 7.617591681171178061e+04 3.751819415900421154e+04 6.651179554183864966e+05 -1.714265151747119091e+02 -2.829719266501480774e+02 -1.991207352618882709e+01 3.854004595294009050e+03 5.161603781235557108e+03 6.240130124818297190e+03 7.768806136814697311e+03 9.998562265724955068e+03 1.336238345176438634e+04 1.942403148577783213e+04 3.922075003688353172e+04 1.106438888768622710e+05 5.126867877732266061e+04
2.561711955778737902e+05 -3.615575115251032985e+05 1.569258284174908476e+05 4.096414637526628940e+04 8.390736336334045336e+04 2.859754509937221155e+04 7.596461071582461009e+05 -2.501391699380860985e+02 -4.299580186282187242e+02 -1.274062560378301043e+02 3.147153750266439602e+03 4.164443571954682739e+03 4.894497583546190981e+03 5.981197173349071818e+03 7.491335154414924546e+03 9.790624807233916727e+03 1.342814719654325563e+04 2.178987268445600421e+04 5.126867877732268244e+04 1.759524000151439104e+05
