6.585420219641035423e+06 -3.623496014375718310e+06 -3.021059031062538270e+05 -2.937676434250725652e+04 9.235970712580287363e+05 1.144686992401836906e+06 3.681882271511649247e+06 2.097498424880223320e+04 3.359582835357850854e+04 3.571078353809919918e+03 -3.246859547950003180e+05 -6.941550339284215588e+05 -3.107810069939893438e+05 -1.351110249793118855e+05 -4.074810124154799269e+04 3.104533084181115555e+04 8.696383536087046377e+04 1.479144813148054818e+05 2.247507430876525759e+05 2.648063642769102589e+05
-3.623496014375987928e+06 6.518703411419868469e+06 -1.055661359774882905e+06 -2.519785046357084357e+05 -1.581640443058236269e+06 -1.875005930873506702e+06 -5.673129092439980246e+06 -8.646708677806686865e+02 -1.418292894360805349e+03 -2.517450314784192926e+02 -6.340434721427271870e+04 -9.037860577896382893e+04 -1.016191747822925245e+05 -1.149732810966719990e+05 -1.328256128889829270e+05 -1.580986713810080837e+05 -1.913156556615622249e+05 -2.473157154031877581e+05 -3.417194943020008504e+05 -3.736390967380150687e+05
-3.021059031063008588e+05 -1.055661359774943674e+06 6.443362998225624906e+05 1.462109766836643685e+05 2.583090974016613618e+05 2.187784411516321998e+05 2.003659611077374313e+06 2.645514739434452622e+03 4.204226069497103708e+03 3.406833109155170973e+02 8.967447110320793581e+04 2.025868089109871944e+05 1.390388349011454557e+05 1.080993539039609313e+05 9.495936309112561867e+04 9.001923119680625678e+04 9.328340429630120343e+04 1.101126154222808982e+05 1.430203095913921716e+05 1.620683866412302305e+05
-2.937676434252064428e+04 -2.519785046357177198e+05 1.462109766836652998e+05 3.393175324145606282e+04 6.144895765837252839e+04 4.992910081765383075e+04 4.760226403968470404e+05 7.562102794456180845e+02 1.205872199240304326e+03 1.085857060951128403e+02 1.529312970854739797e+04 3.712524751976739208e+04 2.905168189534746489e+04 2.434781048071362602e+04 2.213379171945431153e+04 2.151419882237173442e+04 2.260583158691567223e+04 2.700632511420085575e+04 3.596230626791993564e+04 4.231633895553009643e+04
9.235970712581166299e+05 -1.581640443058237201e+06 2.583090974016416876e+05 6.144895765836938517e+04 4.073755326911119628e+05 5.364458668091571890e+05 1.397324565222094068e+06 1.889181305713121901e+02 3.117659084149105979e+02 6.206947304953786215e+01 1.604074583898250421e+04 2.325711688415976096e+04 2.448814604816090650e+04 2.675290170825562382e+04 3.134406531683807407e+04 3.723151336857632123e+04 4.493431962287154602e+04 5.825375504520009417e+04 7.966964459445205284e+04 8.671756514294154476e+04
1.144686992401937488e+06 -1.875005930873471079e+06 2.187784411516073160e+05 4.992910081764987262e+04 5.364458668091496220e+05 9.408082921755698044e+05 1.242669339376656339e+06 -3.172105266038940385e+00 -1.608085281914731723e+01 -1.427625279795219626e+01 1.823341197857508087e+04 2.857905994924643528e+04 2.319469754549649224e+04 2.074634202455074774e+04 2.336268387480327146e+04 2.616334378491137250e+04 2.924073006694137439e+04 3.381680600284176762e+04 3.929497512596985325e+04 2.956196869502273694e+04
3.681882271511482075e+06 -5.673129092439920641e+06 2.003659611077404581e+06 4.760226403968515224e+05 1.397324565222084755e+06 1.242669339376645163e+06 1.048783262703630701e+07 2.019724242499080447e+03 3.333830193412790777e+03 6.212474903750677413e+02 1.602607577256294026e+05 2.009167149891018635e+05 2.262870328255955537e+05 2.569913499290778418e+05 2.947507741843275144e+05 3.425428171577946050e+05 4.053946899589727982e+05 5.180671739970096969e+05 6.954629001889190404e+05 7.844435121400593780e+05
2.097498424879796585e+04 -8.646708677807032473e+02 2.645514739435239335e+03 7.562102794457777009e+02 1.889181305712198196e+02 -3.172105266219517716e+00 2.019724242498684816e+03 3.258251128976943164e+03 5.203243764782114340e+03 5.041567576852011143e+02 -1.718927329094966012e+02 -4.428242424975614711e+00 4.134301912875520202e+01 -4.011930461347120058e+00 2.576354374846540196e+01 6.241422002686398685e+01 7.144945064010377678e+01 1.206554260397085159e+02 -1.694605358946856200e+02 -2.483421284513158867e+02
3.359582835356942087e+04 -1.418292894359877891e+03 4.204226069499175537e+03 1.205872199240726104e+03 3.117659084144514168e+02 -1.608085282004807937e+01 3.333830193414061796e+03 5.203243764782117978e+03 8.487322988198815437e+03 1.277585574325969674e+03 -9.287911461112366851e+01 -2.407445295853906586e+01 4.404301974111305640e+01 1.135243820163142914e+01 4.833559786509086109e+01 8.659330288462015801e+01 1.074745878093927303e+02 1.984931106450106881e+02 -2.800939851467642825e+02 -4.269851306823667301e+02
3.571078353804108247e+03 -2.517450314757580543e+02 3.406833109174588117e+02 1.085857060955145812e+02 6.206947304873578730e+01 -1.427625279946443015e+01 6.212474903792817713e+02 5.041567576852090724e+02 1.277585574325981952e+03 1.350658929357564375e+03 4.653108848714849728e+02 -5.955893599893957457e+01 -2.490800710973201149e+01 3.298445198707287318e+01 5.815687874590054207e+00 -3.409244113851809033e+01 -2.503463074313411596e+01 3.270399579281728109e+01 -2.030962486158443170e+01 -1.268035843948470927e+02
-3.246859547949699918e+05 -6.340434721429794445e+04 8.967447110319821513e+04 1.529312970854544983e+04 1.604074583899151912e+04 1.823341197858369560e+04 1.602607577255948563e+05 -1.718927329099906558e+02 -9.287911461212038944e+01 4.653108848709489962e+02 1.126545779548699211e+05 7.471620658716853359e+04 4.480352050152737320e+03 4.701718594917820155e+03 4.986559891017903283e+03 3.762451177050626939e+03 3.619351858829780213e+03 3.819224986101393370e+03 4.028898691063434399e+03 3.234809715402370784e+03
-6.941550339283961803e+05 -9.037860577898022893e+04 2.025868089109848952e+05 3.712524751976676635e+04 2.325711688416123070e+04 2.857905994924524566e+04 2.009167149891108857e+05 -4.428242424870489913e+00 -2.407445295839374921e+01 -5.955893599893977353e+01 7.471620658718061168e+04 2.623547810406006756e+05 5.071976219098584261e+04 1.091894811613610045e+03 5.867271995482452439e+03 5.393035837712111061e+03 4.892932884955225745e+03 5.167836802149853611e+03 5.396771698687026401e+03 4.280706716186665290e+03
-3.107810069939531386e+05 -1.016191747822760954e+05 1.390388349011306709e+05 2.905168189534453631e+04 2.448814604816316205e+04 2.319469754550448852e+04 2.262870328255803324e+05 4.134301912866062878e+01 4.404301974091441707e+01 -2.490800710977313770e+01 4.480352050150998366e+03 5.071976219098093134e+04 1.313688908207082713e+05 4.350241334109961463e+04 7.650742660631461149e+03 7.782257095910464159e+03 7.205336483414814211e+03 6.627941356399964207e+03 6.515803749640538626e+03 5.026805971553102609e+03
-1.351110249793214316e+05 -1.149732810967042897e+05 1.080993539039566822e+05 2.434781048071218174e+04 2.675290170826357644e+04 2.074634202456644562e+04 2.569913499290605832e+05 -4.011930460824373768e+00 1.135243820231147538e+01 3.298445198685206492e+01 4.701718594928499442e+03 1.091894811617729829e+03 4.350241334110490425e+04 8.441978455874064821e+04 3.431529955812442495e+04 1.018560367256217614e+04 8.919966650202932215e+03 8.549640040896007122e+03 8.111550073422584319e+03 6.141560889685187249e+03
-4.074810124159595580e+04 -1.328256128889445099e+05 9.495936309113615425e+04 2.213379171945609414e+04 3.134406531683271169e+04 2.336268387479687226e+04 2.947507741843526019e+05 2.576354374819059956e+01 4.833559786401055192e+01 5.815687873103613015e+00 4.986559891022172451e+03 5.867271995486265041e+03 7.650742660639219139e+03 3.431529955813274864e+04 6.368358855057206529e+04 2.861677759888392029e+04 1.212876860367547306e+04 1.096499249763883381e+04 1.043774433966385550e+04 7.690174881191935128e+03
3.104533084174561372e+04 -1.580986713810410292e+05 9.001923119681535172e+04 2.151419882237305501e+04 3.723151336858444847e+04 2.616334378492128599e+04 3.425428171577637549e+05 6.241422002614345388e+01 8.659330288285308086e+01 -3.409244114008312465e+01 3.762451177056853339e+03 5.393035837715132402e+03 7.782257095915096215e+03 1.018560367256589961e+04 2.861677759888215951e+04 5.639381649258633843e+04 2.656786579674529276e+04 1.567386701716599237e+04 1.395791613895651608e+04 1.004958923961190885e+04
8.696383536082225328e+04 -1.913156556615519512e+05 9.328340429630884319e+04 2.260583158691692006e+04 4.493431962286798807e+04 2.924073006693491334e+04 4.053946899589811219e+05 7.144945063976823008e+01 1.074745878087034328e+02 -2.503463074359432738e+01 3.619351858831023037e+03 4.892932884958401701e+03 7.205336483416042938e+03 8.919966650208463761e+03 1.212876860367533664e+04 2.656786579674902168e+04 5.817777021405332925e+04 2.966309603987911396e+04 2.031237780273949102e+04 1.378328711083293638e+04
1.479144813147842069e+05 -2.473157154031808604e+05 1.101126154222837940e+05 2.700632511420135052e+04 5.825375504519897368e+04 3.381680600283901003e+04 5.180671739970128983e+05 1.206554260397558380e+02 1.984931106450971470e+02 3.270399579283819946e+01 3.819224986102289222e+03 5.167836802150330186e+03 6.627941356400511722e+03 8.549640040898282678e+03 1.096499249763983971e+04 1.567386701716739844e+04 2.966309603987813534e+04 7.389369675962411566e+04 4.106669126010656328e+04 2.236520818515499195e+04
2.247507430876565340e+05 -3.417194943020024803e+05 1.430203095913917350e+05 3.596230626791981922e+04 7.966964459445272223e+04 3.929497512597141031e+04 6.954629001889196225e+05 -1.694605358947052878e+02 -2.800939851467928747e+02 -2.030962486158054148e+01 4.028898691063521710e+03 5.396771698687427488e+03 6.515803749640158458e+03 8.111550073422638889e+03 1.043774433966395009e+04 1.395791613895648698e+04 2.031237780273884346e+04 4.106669126010595937e+04 1.161822211013384513e+05 5.288572111233107717e+04
2.648063642769140424e+05 -3.736390967380172806e+05 1.620683866412295029e+05 4.231633895552995818e+04 8.671756514294217050e+04 2.956196869502346090e+04 7.844435121400584467e+05 -2.483421284513189278e+02 -4.269851306823719028e+02 -1.268035843948471921e+02 3.234809715402303027e+03 4.280706716186700760e+03 5.026805971552799747e+03 6.141560889685066286e+03 7.690174881191473105e+03 1.004958923961133769e+04 1.378328711083279632e+04 2.236520818515503197e+04 5.288572111233107717e+04 1.821024115255897632e+05
