7.938700634705334902e+06 -5.481076858340783976e+06 4.381043259141644812e+05 1.428852795675477537e+05 1.370868290224152384e+06 1.502124991234686226e+06 7.676433293061138131e+06 2.099068242078301046e+04 3.361526611859602417e+04 3.560493684602887242e+03 -2.921310817070743069e+05 -5.848851047689160332e+05 -1.908378625849482487e+05 2.109153385172103299e+03 1.143289170684868732e+05 2.077764906612890481e+05 2.880986315309083438e+05 3.798669055416168994e+05 4.724648346932612476e+05 4.024704968444567639e+05
-5.481076858340597712e+06 9.409174796568278223e+06 -2.245187271227724385e+06 -5.235593858846593648e+05 -2.278059069826726802e+06 -2.441200204803952016e+06 -1.193080143767985888e+07 -9.029158155948578042e+02 -1.448571940876102644e+03 -1.758277132824628666e+02 -2.140106859308158746e+05 -2.786834327093433822e+05 -3.038145404691707809e+05 -3.418146894411003450e+05 -3.829501616539527313e+05 -4.391047374917847919e+05 -5.072048254852340324e+05 -6.013590874948528362e+05 -7.116811202250595670e+05 -5.627169108058798593e+05
4.381043259141447488e+05 -2.245187271227676421e+06 1.140708382893778617e+06 2.593658807299771288e+05 5.442547078597736545e+05 4.474624141489085741e+05 4.590168745585990138e+06 2.681574527676176785e+03 4.250102486021349250e+03 3.140109450411335956e+02 1.560469784957369557e+05 2.792077905678758398e+05 2.236730561487715167e+05 2.027613056697909196e+05 2.005757326286287571e+05 2.081759262875538261e+05 2.242615205636820465e+05 2.566281309287666518e+05 2.933058489017833490e+05 2.428392888644433988e+05
1.428852795675404777e+05 -5.235593858846513322e+05 2.593658807299777982e+05 6.007763616277300025e+04 1.264045786807068944e+05 9.904934308696098742e+04 1.062008235031286022e+06 7.656170022973733467e+02 1.218514536596306243e+03 1.035244173871436715e+02 2.712304507645436388e+04 5.192319005618977098e+04 4.611833507892627676e+04 4.421761659222753951e+04 4.497967967110822792e+04 4.788664031451042683e+04 5.276674329900516022e+04 6.180673451172094065e+04 7.346787628092267551e+04 6.399903405860219209e+04
1.370868290224106284e+06 -2.278059069826717023e+06 5.442547078597847139e+05 1.264045786807089607e+05 5.757108479851810262e+05 6.769048475251741474e+05 2.908437022320789751e+06 1.958198469385630460e+02 3.151793082837048132e+02 4.284016560444283073e+01 5.688256810257832694e+04 7.211764935741556110e+04 7.506796540014921629e+04 8.193868740594138217e+04 9.203485781470162328e+04 1.045881163359646453e+05 1.195796741478307522e+05 1.421209166397247172e+05 1.656710632625887811e+05 1.305482994493418810e+05
1.502124991234649438e+06 -2.441200204803958070e+06 4.474624141489175963e+05 9.904934308696285007e+04 6.769048475251769414e+05 1.085942312522638822e+06 2.503926137119112536e+06 -1.469277274495107477e+01 -4.187699685355113388e+01 -3.610487203618509255e+01 7.924568998452667438e+04 9.344205138048750814e+04 8.254221988479084393e+04 7.910506180368359492e+04 8.097374275543083786e+04 8.278935722978091508e+04 8.440820032285197522e+04 8.670967537152867590e+04 8.214946483276641811e+04 4.159402192213932722e+04
7.676433293061323464e+06 -1.193080143767988496e+07 4.590168745585975237e+06 1.062008235031283926e+06 2.908437022320792545e+06 2.503926137119128369e+06 2.414932187424791232e+07 2.164676404493830887e+03 3.508918374516988024e+03 4.909580997944296428e+02 5.174974513681453536e+05 6.482076026505426271e+05 7.055337402570330305e+05 7.800723553894724464e+05 8.642080987038185121e+05 9.663565299609811045e+05 1.081836977088426473e+06 1.258999945283806184e+06 1.437099811979632825e+06 1.169320725063467864e+06
2.099068242078330877e+04 -9.029158155974421334e+02 2.681574527676393245e+03 7.656170022974108633e+02 1.958198469390717946e+02 -1.469277274450292126e+01 2.164676404494185135e+03 3.259058392258331878e+03 5.204639590201330975e+03 5.045588426725869908e+02 -1.632933033723785172e+02 -2.913509306517717334e+00 4.150741709311353134e+01 -4.347638613546095598e+00 2.396355962666743977e+01 5.974216716147343931e+01 6.778619910944189542e+01 1.084108846658785126e+02 -1.155923109788589187e+02 -2.197619106879482729e+02
3.361526611859680997e+04 -1.448571940881364299e+03 4.250102486021690311e+03 1.218514536596368089e+03 3.151793082847258916e+02 -4.187699685267340755e+01 3.508918374517382745e+03 5.204639590201335523e+03 8.489771931211424089e+03 1.278376210984047930e+03 -8.802649310353660894e+01 -2.339018402888328652e+01 4.354874325682067138e+01 9.582441005054164407e+00 4.417259273375296402e+01 8.080175599560071475e+01 9.898222614644299711e+01 1.747421945534939312e+02 -1.992161179314705350e+02 -3.807865410042562075e+02
3.560493684603472957e+03 -1.758277132843923880e+02 3.140109450411806051e+02 1.035244173871589624e+02 4.284016560478917057e+01 -3.610487203597831751e+01 4.909580997943655802e+02 5.045588426725997806e+02 1.278376210984066574e+03 1.351119868164327045e+03 4.410946076892246879e+02 -6.604464555495911782e+01 -2.676785920848317346e+01 2.994618976070327676e+01 2.629887292167552459e+00 -3.820249323643670891e+01 -3.236165137060183383e+01 1.845912062431827394e+01 -2.653183490292785507e+01 -1.196929331158835907e+02
-2.921310817069410114e+05 -2.140106859307625564e+05 1.560469784957139054e+05 2.712304507645014746e+04 5.688256810256908648e+04 7.924568998452450614e+04 5.174974513681741664e+05 -1.632933033729446208e+02 -8.802649310461058008e+01 4.410946076888047855e+02 2.013056508627592120e+05 1.062447213940990187e+05 2.157805391522105492e+04 1.740914860160199532e+04 1.493420065938086736e+04 1.197071517036770274e+04 1.034698328128788307e+04 9.228923964701052682e+03 7.632871429265404004e+03 3.928452584215065144e+03
-5.848851047688858816e+05 -2.786834327093696920e+05 2.792077905678682146e+05 5.192319005618857773e+04 7.211764935742144007e+04 9.344205138049433299e+04 6.482076026505227201e+05 -2.913509306866984616e+00 -2.339018402947271724e+01 -6.604464555507530577e+01 1.062447213940950023e+05 3.271909787609820487e+05 8.119645396139008517e+04 2.059366150940469015e+04 2.030373550004770732e+04 1.694633963851147564e+04 1.420533025539635491e+04 1.251751712242029862e+04 1.020011129876543782e+04 5.157103157815518898e+03
-1.908378625849214150e+05 -3.038145404691483127e+05 2.236730561487653758e+05 4.611833507892495982e+04 7.506796540014477796e+04 8.254221988478874846e+04 7.055337402570414124e+05 4.150741709285813386e+01 4.354874325647872979e+01 -2.676785920839179767e+01 2.157805391522837454e+04 8.119645396139562945e+04 1.939571222592263075e+05 7.428736440261144890e+04 2.734757332379540821e+04 2.237680639985479502e+04 1.859076395624541328e+04 1.540918125946108012e+04 1.211792704640871489e+04 5.962253582963687222e+03
2.109153385148660163e+03 -3.418146894410810783e+05 2.027613056697922875e+05 4.421761659222737217e+04 8.193868740593700204e+04 7.910506180368133937e+04 7.800723553894619690e+05 -4.347638613623786341e+00 9.582441005048679017e+00 2.994618976096177221e+01 1.740914860161352772e+04 2.059366150940930311e+04 7.428736440261384996e+04 1.503780482646117161e+05 6.652560506913442805e+04 3.089837265244102309e+04 2.371029744001642757e+04 1.972653213315900939e+04 1.500354895575735281e+04 7.188251721724714116e+03
1.143289170684460696e+05 -3.829501616539543029e+05 2.005757326286319876e+05 4.497967967110807513e+04 9.203485781470034271e+04 8.097374275543139083e+04 8.642080987037908053e+05 2.396355962669920814e+01 4.417259273382701679e+01 2.629887292215101979e+00 1.493420065938847620e+04 2.030373550004837671e+04 2.734757332379886793e+04 6.652560506913266727e+04 1.360138479775031155e+05 6.467930271399138292e+04 3.364940233634773176e+04 2.573899023397990095e+04 1.926001813909853081e+04 8.883713030748724123e+03
2.077764906612550258e+05 -4.391047374917751877e+05 2.081759262875584536e+05 4.788664031451089249e+04 1.045881163359606580e+05 8.278935722977499245e+04 9.663565299609799404e+05 5.974216716164907837e+01 8.080175599580800849e+01 -3.820249323662159924e+01 1.197071517037179183e+04 1.694633963851125372e+04 2.237680639985885500e+04 3.089837265244475566e+04 6.467930271399096819e+04 1.396496707193268812e+05 6.682930404945617192e+04 3.777740152311378188e+04 2.599144159794082952e+04 1.151599340162416956e+04
2.880986315308941994e+05 -5.072048254852342652e+05 2.242615205636858009e+05 5.276674329900611338e+04 1.195796741478308395e+05 8.440820032284918125e+04 1.081836977088433225e+06 6.778619910955757177e+01 9.898222614661381158e+01 -3.236165137063617436e+01 1.034698328128774665e+04 1.420533025539516530e+04 1.859076395624737779e+04 2.371029744001934523e+04 3.364940233634986362e+04 6.682930404945832561e+04 1.568188569212517177e+05 7.538879605002897733e+04 3.898528703518414113e+04 1.575426408626435659e+04
3.798669055416145129e+05 -6.013590874948521378e+05 2.566281309287667682e+05 6.180673451172128989e+04 1.421209166397250083e+05 8.670967537152880686e+04 1.258999945283805020e+06 1.084108846659083270e+02 1.747421945535466818e+02 1.845912062432568490e+01 9.228923964700443321e+03 1.251751712241947826e+04 1.540918125946148939e+04 1.972653213315999892e+04 2.573899023398074496e+04 3.777740152311400016e+04 7.538879605002872995e+04 1.995500896758837334e+05 8.983050504208070925e+04 2.555231045488805466e+04
4.724648346932681161e+05 -7.116811202250659699e+05 2.933058489017829415e+05 7.346787628092261730e+04 1.656710632625903527e+05 8.214946483276879007e+04 1.437099811979634222e+06 -1.155923109788766112e+02 -1.992161179315020547e+02 -2.653183490293953284e+01 7.632871429265150255e+03 1.020011129876569430e+04 1.211792704640856209e+04 1.500354895575711816e+04 1.926001813909829434e+04 2.599144159794057487e+04 3.898528703518407565e+04 8.983050504208075290e+04 2.763845619382053846e+05 7.548411568764992990e+04
4.024704968444565893e+05 -5.627169108058781130e+05 2.428392888644432533e+05 6.399903405860213388e+04 1.305482994493415463e+05 4.159402192213898525e+04 1.169320725063468097e+06 -2.197619106879415085e+02 -3.807865410042419398e+02 -1.196929331158740411e+02 3.928452584214633134e+03 5.157103157815440682e+03 5.962253582963614463e+03 7.188251721724711388e+03 8.883713030748742312e+03 1.151599340162419685e+04 1.575426408626439661e+04 2.555231045488806194e+04 7.548411568764988624e+04 2.970869071836243384e+05
