6.954963418603948317e+06 -4.125396661896407604e+06 -1.026869347140751343e+05 1.794290899833949879e+04 1.043931065775446594e+06 1.234213779259887524e+06 4.746850416960501112e+06 2.098229800643836279e+04 3.360286088231180474e+04 3.561362128776417194e+03 -3.168803264027652331e+05 -6.706841125500091584e+05 -2.844063660701220506e+05 -1.041860237943813845e+05 -4.686710580015707819e+03 7.357364725540892687e+04 1.372942404173847754e+05 2.099869496379517368e+05 2.995455050134379417e+05 3.208458567914055311e+05
-4.125396661896611098e+06 7.287618702570649795e+06 -1.371427328374470351e+06 -3.256185240635971422e+05 -1.765825810146859381e+06 -2.013004568588972557e+06 -7.314587767455519177e+06 -8.772265547248136954e+02 -1.427768656943030464e+03 -2.263754006412005140e+02 -9.583948547726143443e+04 -1.314499817281815340e+05 -1.464410320724759367e+05 -1.662518567217860254e+05 -1.909364315095093625e+05 -2.254419466009882162e+05 -2.700305022479710751e+05 -3.418306181787424721e+05 -4.531690261994772591e+05 -4.517148528317573946e+05
-1.026869347140724567e+05 -1.371427328374504112e+06 7.762353017444903962e+05 1.769301135069946467e+05 3.337410887174084783e+05 2.740007087668158929e+05 2.681948711960212328e+06 2.659198707181371901e+03 4.222927517753348184e+03 3.341863380878994576e+02 1.040382347526337835e+05 2.195092822253265767e+05 1.578376187146064476e+05 1.295451461444224406e+05 1.194539891960706736e+05 1.182586728416784317e+05 1.258737180483473639e+05 1.492404492965276586e+05 1.885185906631919206e+05 1.953083158295872563e+05
1.794290899834053198e+04 -3.256185240636008675e+05 1.769301135069937445e+05 4.117096731129396358e+04 7.896953327590487606e+04 6.209387255838855344e+04 6.331779072309236508e+05 7.597501436134790538e+02 1.210884852565240180e+03 1.073983686858637583e+02 1.795025173857584014e+04 4.048460003467009665e+04 3.292565488895486487e+04 2.892554048192738992e+04 2.750327970975191420e+04 2.788140857286996470e+04 3.016033084753812727e+04 3.633269634225347545e+04 4.729250389940702735e+04 5.109902667128839676e+04
1.043931065775507712e+06 -1.765825810146871023e+06 3.337410887173989322e+05 7.896953327590384288e+04 4.516145445436194423e+05 5.704159649258349091e+05 1.791102188560371753e+06 1.910957245569579470e+02 3.125675223647218104e+02 5.547268655269480320e+01 2.467796307882597830e+04 3.379753665263060975e+04 3.561362927505070547e+04 3.917603889706741757e+04 4.540113421208168438e+04 5.335041299820797576e+04 6.353664522257866338e+04 8.063489426833312609e+04 1.056321834274266730e+05 1.048661839506634424e+05
1.234213779259966919e+06 -2.013004568589018192e+06 2.740007087668105960e+05 6.209387255838874262e+04 5.704159649258400314e+05 9.736081445070508635e+05 1.544082015284812311e+06 -7.725121537697347662e+00 -2.635913505554558611e+01 -2.285128503665709587e+01 3.029990064348364831e+04 4.178001778599112004e+04 3.550911884827916947e+04 3.320291314411206258e+04 3.615202823013673333e+04 3.928368429673385981e+04 4.269707990465220792e+04 4.784176283697619510e+04 5.250222912005300168e+04 3.551609949922958913e+04
4.746850416960334405e+06 -7.314587767455465160e+06 2.681948711960230023e+06 6.331779072309281910e+05 1.791102188560360344e+06 1.544082015284782276e+06 1.402408286564619280e+07 2.076511611868698310e+03 3.406861671072879290e+03 5.835990832918068918e+02 2.362240495913185005e+05 2.971996781554375775e+05 3.309697981000350555e+05 3.739671367281720741e+05 4.256247367754980805e+05 4.907867647887784988e+05 5.732356850198961329e+05 7.158779648269467289e+05 9.205925676442402182e+05 9.442983998832530342e+05
2.098229800643508133e+04 -8.772265547148360838e+02 2.659198707182606086e+03 7.597501436137155224e+02 1.910957245548449350e+02 -7.725121540546751930e+00 2.076511611876333063e+03 3.258621087678703134e+03 5.203887448922603653e+03 5.043513332872735191e+02 -1.697596959200360232e+02 -3.440310886729228912e+00 4.161220124272743703e+01 -3.804050224374293521e+00 2.586465512666890021e+01 6.231773265754405600e+01 7.083501928250447577e+01 1.187618723945283392e+02 -1.543308091542367038e+02 -2.370519231249524807e+02
3.360286088230632595e+04 -1.427768656926159338e+03 4.222927517755635563e+03 1.210884852565678102e+03 3.125675223610816715e+02 -2.635913506062038181e+01 3.406861671087124705e+03 5.203887448922600015e+03 8.488456514159166545e+03 1.277960971927344190e+03 -9.144251358991391498e+01 -2.348713785553429290e+01 4.437227393111157880e+01 1.143161269021153714e+01 4.812879462743577363e+01 8.606828659877410814e+01 1.058235554551218485e+02 1.942609000314349714e+02 -2.577331325215673132e+02 -4.084949376535332135e+02
3.561362128775347173e+03 -2.263754006370082834e+02 3.341863380888701727e+02 1.073983686860489115e+02 5.547268655166910634e+01 -2.285128503842848602e+01 5.835990832981315179e+02 5.043513332872672663e+02 1.277960971927335549e+03 1.350862880949331611e+03 4.599129702490230898e+02 -6.282698286927114850e+01 -2.498903280726844400e+01 3.243834515665258778e+01 5.001961778784846047e+00 -3.498528601912906311e+01 -2.686691757615841425e+01 2.894462693407487563e+01 -2.287066263312877368e+01 -1.234590868581173879e+02
-3.168803264028280973e+05 -9.583948547728537233e+04 1.040382347526464000e+05 1.795025173857823029e+04 2.467796307883498230e+04 3.029990064350125613e+04 2.362240495912737097e+05 -1.697596959205244787e+02 -9.144251359079495955e+01 4.599129702487010150e+02 1.293143286721881013e+05 8.099198117811794509e+04 8.021952940396943632e+03 7.464047591486985766e+03 7.253704787431431214e+03 5.725882048767771266e+03 5.344943836749813272e+03 5.370297093305392082e+03 5.289355479277269296e+03 3.736653570104889695e+03
-6.706841125500001945e+05 -1.314499817281725700e+05 2.195092822253239865e+05 4.048460003466944181e+04 3.379753665262775758e+04 4.178001778598806413e+04 2.971996781554406043e+05 -3.440310887141890817e+00 -2.348713785633625406e+01 -6.282698286965404577e+01 8.099198117811983684e+04 2.749514160823317943e+05 5.675035718093210016e+04 5.206239621198651548e+03 9.105354246453973246e+03 8.121026370935008345e+03 7.268008375179581890e+03 7.278942184484520112e+03 7.089753522856069139e+03 4.942454547731489583e+03
-2.844063660700859036e+05 -1.464410320724956691e+05 1.578376187146026350e+05 3.292565488895426097e+04 3.561362927505500556e+04 3.550911884828431357e+04 3.309697981000434374e+05 4.161220124251997277e+01 4.437227393068462789e+01 -2.498903280757082257e+01 8.021952940390148797e+03 5.675035718093467585e+04 1.435358120845865342e+05 4.979958838301794458e+04 1.199374750773807136e+04 1.122711984296746596e+04 1.010011926769084130e+04 9.148955192071680358e+03 8.499025646926877016e+03 5.773928687871432885e+03
-1.041860237944066466e+05 -1.662518567217828822e+05 1.295451461444233719e+05 2.892554048192772098e+04 3.917603889706531481e+04 3.320291314410197083e+04 3.739671367281659041e+05 -3.804050224412463876e+00 1.143161269019947213e+01 3.243834515675126795e+01 7.464047591483276847e+03 5.206239621198278655e+03 4.979958838302163349e+04 9.756941626073591760e+04 4.103675366222023877e+04 1.501688899958574621e+04 1.267679133112324962e+04 1.174724149097248119e+04 1.057372640689920081e+04 7.038762228703340043e+03
-4.686710580045735696e+03 -1.909364315094827034e+05 1.194539891960690147e+05 2.750327970975172502e+04 4.540113421207650390e+04 3.615202823012398585e+04 4.256247367754889419e+05 2.586465512561736091e+01 4.812879462556608701e+01 5.001961778080428189e+00 7.253704787434977334e+03 9.105354246456003239e+03 1.199374750773910273e+04 4.103675366221873992e+04 7.852153775698874961e+04 3.638312130661542324e+04 1.753622207713976604e+04 1.517510663658485828e+04 1.359150218268962817e+04 8.791434305146009137e+03
7.357364725540793734e+04 -2.254419466009970638e+05 1.182586728416755650e+05 2.788140857286962637e+04 5.335041299820980930e+04 3.928368429673070932e+04 4.907867647887718631e+05 6.231773265624146063e+01 8.606828659629448453e+01 -3.498528602035064949e+01 5.725882048762839986e+03 8.121026370935312116e+03 1.122711984296810078e+04 1.501688899958655747e+04 3.638312130661561241e+04 7.408244330492499284e+04 3.562408200357722671e+04 2.192238100364855563e+04 1.823848242579011276e+04 1.147469890729145482e+04
1.372942404173848918e+05 -2.700305022479539621e+05 1.258737180483491247e+05 3.016033084753876392e+04 6.353664522257449426e+04 4.269707990464607428e+04 5.732356850199046312e+05 7.083501928257545899e+01 1.058235554552032056e+02 -2.686691757619910703e+01 5.344943836750331684e+03 7.268008375180437724e+03 1.010011926769005004e+04 1.267679133112103591e+04 1.753622207714217438e+04 3.562408200358015893e+04 8.011075947126249957e+04 4.085543179719285399e+04 2.677278802521066609e+04 1.573227557589615753e+04
2.099869496379661141e+05 -3.418306181787459645e+05 1.492404492965256795e+05 3.633269634225338086e+04 8.063489426833397010e+04 4.784176283697909821e+04 7.158779648269448662e+05 1.187618723945629569e+02 1.942609000314943728e+02 2.894462693411949772e+01 5.370297093305520320e+03 7.278942184484502832e+03 9.148955192070670819e+03 1.174724149097186455e+04 1.517510663658427802e+04 2.192238100364717320e+04 4.085543179719155160e+04 1.039088845297459920e+05 5.511421554827405635e+04 2.552270451217443770e+04
2.995455050134438789e+05 -4.531690261994827306e+05 1.885185906631912221e+05 4.729250389940693276e+04 1.056321834274279827e+05 5.250222912005538819e+04 9.205925676442399854e+05 -1.543308091542701277e+02 -2.577331325216296136e+02 -2.287066263314854098e+01 5.289355479277270206e+03 7.089753522856275595e+03 8.499025646925983892e+03 1.057372640689898071e+04 1.359150218268876961e+04 1.823848242578965073e+04 2.677278802521052057e+04 5.511421554827413638e+04 1.593699454244309454e+05 6.304640319666280266e+04
3.208458567914058222e+05 -4.517148528317593737e+05 1.953083158295867615e+05 5.109902667128832400e+04 1.048661839506639371e+05 3.551609949923049135e+04 9.442983998832497746e+05 -2.370519231249521397e+02 -4.084949376535350893e+02 -1.234590868581227312e+02 3.736653570104634127e+03 4.942454547731280400e+03 5.773928687871410148e+03 7.038762228703579240e+03 8.791434305145749022e+03 1.147469890729088547e+04 1.573227557589608841e+04 2.552270451217441587e+04 6.304640319666275900e+04 2.236312348706610501e+05
