6.752448066310551949e+06 -3.848620175182415172e+06 -2.128885826538264519e+05 -8.110880217788352638e+03 9.775425997594740475e+05 1.184287840343293268e+06 4.158171665701430757e+06 2.097825845512751039e+04 3.359867461464683583e+04 3.566084508003638348e+03 -3.213957871887421934e+05 -6.841940730978783686e+05 -2.994961315174772171e+05 -1.218112162337427435e+05 -2.514006333372963491e+04 4.958067267627629917e+04 1.090573821392787213e+05 1.755024460311037255e+05 2.588132042567222088e+05 2.920538404887426295e+05
-3.848620175182683393e+06 6.862381320085702464e+06 -1.196689709592309082e+06 -2.850127503961976035e+05 -1.663879106612103758e+06 -1.935581265639745165e+06 -6.404599143258058466e+06 -8.701199613817868794e+02 -1.421939182033034513e+03 -2.396166361709717592e+02 -7.728481321888620732e+04 -1.079812305095069460e+05 -1.208926034192529478e+05 -1.370867928463582066e+05 -1.579995987094716984e+05 -1.874324719307070191e+05 -2.258351778907986009e+05 -2.892854951237405767e+05 -3.924296039129148121e+05 -4.116847040752745233e+05
-2.128885826537733374e+05 -1.196689709592286730e+06 7.032884922368996777e+05 1.600008026945316524e+05 2.919567132370761246e+05 2.429319975052250957e+05 2.305893121381438803e+06 2.652087702668603015e+03 4.213304517798299457e+03 3.378258548273666975e+02 9.584567907916878175e+04 2.098734618478862394e+05 1.471301940713646763e+05 1.173564350117869035e+05 1.055725381489165156e+05 1.023145744163276686e+05 1.075716331700347801e+05 1.274909384359521355e+05 1.637430058751276520e+05 1.782621080536949739e+05
-8.110880217775575147e+03 -2.850127503961916082e+05 1.600008026945305464e+05 3.719464822994193673e+04 6.930021674997414812e+04 5.527738513434549532e+04 5.463742668483753223e+05 7.579074926095604496e+02 1.208297213867234632e+03 1.080763376811428884e+02 1.644255878566087267e+04 3.857923341500187962e+04 3.072639999861633987e+04 2.633077320641493134e+04 2.446723753780277184e+04 2.429322001852829999e+04 2.592394482966194482e+04 3.115387306444572459e+04 4.112367516403746413e+04 4.658435357779386686e+04
9.775425997595130466e+05 -1.663879106612118660e+06 2.919567132370831096e+05 6.930021674997577793e+04 4.271062428773519350e+05 5.513394275845466182e+05 1.572584385234317044e+06 1.898179658986210541e+02 3.119152674460175376e+02 5.889306587485831557e+01 1.972326680245865282e+04 2.776499884142966766e+04 2.926387794533816486e+04 3.210470329952714383e+04 3.742883439231278317e+04 4.424994572518766654e+04 5.309136272683422430e+04 6.819017746832162084e+04 9.148660680068114016e+04 9.556443329220320447e+04
1.184287840343330288e+06 -1.935581265639756573e+06 2.429319975052347581e+05 5.527738513434767083e+04 5.513394275845452212e+05 9.550077393754755612e+05 1.374353606050726958e+06 -5.522624703132883894e+00 -2.133734343294533176e+01 -1.855135859471859305e+01 2.330217507612911140e+04 3.415480421838010079e+04 2.841167546667446368e+04 2.604669253137206397e+04 2.884128330197040850e+04 3.182956208469643752e+04 3.510317736849327048e+04 4.001673419778226526e+04 4.530896822287332907e+04 3.253482116077937826e+04
4.158171665701553691e+06 -6.404599143257998861e+06 2.305893121381389908e+06 5.463742668483682210e+05 1.572584385234311689e+06 1.374353606050715083e+06 1.205951349655009620e+07 2.046913251314072113e+03 3.369030989218594186e+03 6.039973643058174275e+02 1.926870301032714488e+05 2.420854465971210157e+05 2.711622528868783847e+05 3.073229324280937435e+05 3.513254525135137374e+05 4.069908347485131235e+05 4.789136931487963302e+05 6.058865812236444326e+05 7.980190055391493952e+05 8.624298284632972209e+05
2.097825845513340755e+04 -8.701199613895581706e+02 2.652087702667509802e+03 7.579074926093427393e+02 1.898179659006812301e+02 -5.522624700571483913e+00 2.046913251310513260e+03 3.258443845504419187e+03 5.203579433921065174e+03 5.042590504946750798e+02 -1.709147084126814775e+02 -3.899556070683011910e+00 4.148705956786190541e+01 -3.885630725967288868e+00 2.586645123116783651e+01 6.241953829024073741e+01 7.119641441535705439e+01 1.199519143087487691e+02 -1.626843412214266493e+02 -2.427930701418734429e+02
3.359867461465742963e+04 -1.421939182045540065e+03 4.213304517796388609e+03 1.208297213866850370e+03 3.119152674493321911e+02 -2.133734342882580393e+01 3.369030989213339581e+03 5.203579433921064265e+03 8.487914453713274270e+03 1.277782236412947213e+03 -9.219471273559089752e+01 -2.375833835580625930e+01 4.424294176042366189e+01 1.144961582126614985e+01 4.833372252311765038e+01 8.644003181786055734e+01 1.067739440101339312e+02 1.968214626480133802e+02 -2.701226439017417533e+02 -4.178565026412185830e+02
3.566084508007520526e+03 -2.396166361733511678e+02 3.378258548268872232e+02 1.080763376810402150e+02 5.889306587538304427e+01 -1.855135859415361210e+01 6.039973643065115994e+02 5.042590504946744545e+02 1.277782236412946077e+03 1.350764322229406162e+03 4.629016476746185162e+02 -6.127869844773694297e+01 -2.488388277159521067e+01 3.277500661477310473e+01 5.459674268003595898e+00 -3.446913495503518732e+01 -2.584272078277370355e+01 3.103267190765892991e+01 -2.155792588469808635e+01 -1.250641630856387962e+02
-3.213957871887836372e+05 -7.728481321889218816e+04 9.584567907918467245e+04 1.644255878566419051e+04 1.972326680245751049e+04 2.330217507612504414e+04 1.926870301032896386e+05 -1.709147084124139724e+02 -9.219471273526556843e+01 4.629016476744116630e+02 1.196164403819936269e+05 7.736959324043043307e+04 5.983697907450370622e+03 5.883077961001228687e+03 5.963361777786800303e+03 4.613784776480538312e+03 4.375443311693302348e+03 4.511812192027118726e+03 4.612304720883717891e+03 3.495587076810041253e+03
-6.841940730978683569e+05 -1.079812305095393531e+05 2.098734618478823395e+05 3.857923341500126116e+04 2.776499884143674717e+04 3.415480421838874463e+04 2.420854465970965684e+05 -3.899556070551966513e+00 -2.375833835564198537e+01 -6.127869844781486108e+01 7.736959324042915250e+04 2.676596421442799037e+05 5.325043642925863242e+04 2.836062464960780744e+03 7.255215483817313725e+03 6.571351962303047003e+03 5.931245423982239117e+03 6.110198420313060524e+03 6.180917204627693536e+03 4.625711619073445945e+03
-2.994961315174691263e+05 -1.208926034192591615e+05 1.471301940713602526e+05 3.072639999861605611e+04 2.926387794533893248e+04 2.841167546667528222e+04 2.711622528868725640e+05 4.148705956802399442e+01 4.424294176074035079e+01 -2.488388277147228678e+01 5.983697907450225102e+03 5.325043642926103348e+04 1.364713523658647318e+05 4.616576928475216846e+04 9.507819298164449719e+03 9.271384266719218431e+03 8.471334225940412580e+03 7.753003546714819095e+03 7.434690995632550766e+03 5.417984033219330740e+03
-1.218112162336769979e+05 -1.370867928463186254e+05 1.173564350117755384e+05 2.633077320641347615e+04 3.210470329952130851e+04 2.604669253136499174e+04 3.073229324281154550e+05 -3.885630725243757411e+00 1.144961582260626187e+01 3.277500661526136128e+01 5.883077960985747268e+03 2.836062464963189086e+03 4.616576928475633031e+04 8.995294647854854702e+04 3.716511061196861556e+04 1.226731881764360696e+04 1.056344858413874863e+04 9.975391139796012794e+03 9.253307125634069962e+03 6.613736018031918320e+03
-2.514006333365986939e+04 -1.579995987095017917e+05 1.055725381489086576e+05 2.446723753780182960e+04 3.742883439231629745e+04 2.884128330196439492e+04 3.513254525135474396e+05 2.586645123161248705e+01 4.833372252384548062e+01 5.459674268029786504e+00 5.963361777777276984e+03 7.255215483818544271e+03 9.507819298161530241e+03 3.716511061196977971e+04 6.995437755765431211e+04 3.192600947451980755e+04 1.448626116389887102e+04 1.284285113885389728e+04 1.190044953547717523e+04 8.272936419767573170e+03
4.958067267629482376e+04 -1.874324719306970946e+05 1.023145744163271156e+05 2.429322001852829635e+04 4.424994572518412315e+04 3.182956208469274861e+04 4.069908347485280829e+05 6.241953829098343931e+01 8.644003181911608635e+01 -3.446913495476378131e+01 4.613784776473043166e+03 6.571351962303041546e+03 9.271384266716691855e+03 1.226731881764653372e+04 3.192600947451907996e+04 6.391119437747345364e+04 3.045462265281894361e+04 1.845237206799119667e+04 1.594239160095990883e+04 1.080635225742481271e+04
1.090573821392951650e+05 -2.258351778908081178e+05 1.075716331700298324e+05 2.592394482966082796e+04 5.309136272683719289e+04 3.510317736850245274e+04 4.789136931487782858e+05 7.119641441547337024e+01 1.067739440103214008e+02 -2.584272078274003093e+01 4.375443311694701151e+03 5.931245423984196350e+03 8.471334225941875047e+03 1.056344858413683141e+04 1.448626116389283561e+04 3.045462265281386135e+04 6.757087980595535191e+04 3.454218650699280261e+04 2.329020211825701335e+04 1.481994125307238028e+04
1.755024460311032890e+05 -2.892854951237426721e+05 1.274909384359529213e+05 3.115387306444595015e+04 6.819017746832188277e+04 4.001673419778338575e+04 6.058865812236421043e+05 1.199519143086793918e+02 1.968214626479121421e+02 3.103267190766859684e+01 4.511812192027053243e+03 6.110198420313330644e+03 7.753003546714853655e+03 9.975391139796798598e+03 1.284285113885499050e+04 1.845237206799073101e+04 3.454218650699311547e+04 8.691102730958140455e+04 4.738867261289107410e+04 2.404476530300090963e+04
2.588132042567216267e+05 -3.924296039129110286e+05 1.637430058751278266e+05 4.112367516403747140e+04 9.148660680068044167e+04 4.530896822287231043e+04 7.980190055391514907e+05 -1.626843412214086015e+02 -2.701226439017081589e+02 -2.155792588467862103e+01 4.612304720884007111e+03 6.180917204627653518e+03 7.434690995632225167e+03 9.253307125634159092e+03 1.190044953547728619e+04 1.594239160096023079e+04 2.329020211825718798e+04 4.738867261289108137e+04 1.353843212931456510e+05 5.790882828014890401e+04
2.920538404887409415e+05 -4.116847040752739413e+05 1.782621080536954687e+05 4.658435357779396873e+04 9.556443329220291344e+04 3.253482116077854880e+04 8.624298284632985014e+05 -2.427930701418871422e+02 -4.178565026412413772e+02 -1.250641630856463848e+02 3.495587076810066719e+03 4.625711619073403199e+03 5.417984033219632693e+03 6.613736018032424909e+03 8.272936419767815096e+03 1.080635225742505463e+04 1.481994125307240392e+04 2.404476530300088052e+04 5.790882828014885308e+04 2.018870547687259677e+05
