7.408194263238310814e+06 -4.751496098119725473e+06 1.473632950226000685e+05 7.627229107298450253e+04 1.194505430135246832e+06 1.352895864744767081e+06 6.090489892489417456e+06 2.098923655819735359e+04 3.361142077693553438e+04 3.556359218759890155e+03 -3.055850373900033301e+05 -6.351715953201977536e+05 -2.453273606790624035e+05 -5.920551342850926449e+04 4.652030035094557388e+04 1.323890099608950550e+05 2.048721261054994538e+05 2.890721298542672885e+05 3.855959580793286441e+05 3.691242317219167599e+05
-4.751496098119348288e+06 8.259837516385912895e+06 -1.771541965481059859e+06 -4.172856873093183967e+05 -1.999775133312651888e+06 -2.200517321640935261e+06 -9.414537743377063423e+06 -8.918591979039398439e+02 -1.440680941206115222e+03 -2.008657700974241607e+02 -1.443854766712159908e+05 -1.924273113760021515e+05 -2.121917163983808132e+05 -2.404824841256813961e+05 -2.734196254235497909e+05 -3.188694437788053765e+05 -3.761120294214586029e+05 -4.625809776013855007e+05 -5.817551028361637145e+05 -5.181197374249105342e+05
1.473632950226177054e+05 -1.771541965481025865e+06 9.431019431319112191e+05 2.151061552689058881e+05 4.298104156555673690e+05 3.497599079272630042e+05 3.549904437190311030e+06 2.671857288519614031e+03 4.239227921405129564e+03 3.253736791754742512e+02 1.253807295117438771e+05 2.443340375271465455e+05 1.853535700515499047e+05 1.605174475154788233e+05 1.542445239985482476e+05 1.575146872240836383e+05 1.698445721240543062e+05 1.992051651614151779e+05 2.407883389771234069e+05 2.236534249307997525e+05
7.627229107298997405e+04 -4.172856873093122267e+05 2.151061552689054224e+05 5.001905709355797444e+04 1.008738297623802937e+05 7.844876071827529813e+04 8.305545362750753993e+05 7.630520093491679745e+02 1.215351797997768472e+03 1.057047856903191416e+02 2.179044346948959719e+04 4.531118226606666576e+04 3.850121010664940695e+04 3.544883799636948243e+04 3.504636037694399420e+04 3.665547191173661849e+04 4.028975201033497433e+04 4.819524228678176587e+04 6.031756724887970631e+04 5.869638919713134237e+04
1.194505430135164876e+06 -1.999775133312658174e+06 4.298104156555720256e+05 1.008738297623810213e+05 5.080838006926933303e+05 6.168335696992379380e+05 2.297504775964832865e+06 1.938413316100475754e+02 3.143715191254120214e+02 4.901909499154009353e+01 3.778471247101886547e+04 4.957610453848255565e+04 5.203500321172407712e+04 5.722360947368742927e+04 6.540724940066940326e+04 7.574204144330402778e+04 8.861042062196020561e+04 1.092439059038822452e+05 1.355383060794209887e+05 1.202657150473215152e+05
1.352895864744654857e+06 -2.200517321640943177e+06 3.497599079272669624e+05 7.844876071827534179e+04 6.168335696992363082e+05 1.020831557148762746e+06 1.960491173114380566e+06 -1.128392243164942954e+01 -3.452407824366380140e+01 -3.010794331092709086e+01 4.958970623943411192e+04 6.245543476184870815e+04 5.454924690995997662e+04 5.210082841810366517e+04 5.501838740241713822e+04 5.803212700314790709e+04 6.121998407416106784e+04 6.596206409985726350e+04 6.755829561677385936e+04 3.983495199009742646e+04
6.090489892489601858e+06 -9.414537743377173319e+06 3.549904437190277968e+06 8.305545362750700442e+05 2.297504775964871049e+06 1.960491173114437377e+06 1.859713343035314232e+07 2.128429523101314771e+03 3.470572300247705243e+03 5.396738236685699803e+02 3.510286004422700498e+05 4.415459800785052357e+05 4.863089814398671733e+05 5.447428730357096065e+05 6.129618768067766214e+05 6.979083563352153869e+05 8.003290500288296025e+05 9.687036550337747904e+05 1.178815876236546785e+06 1.079497225848277099e+06
2.098923655819929991e+04 -8.918591979066708291e+02 2.671857288519174290e+03 7.630520093490951012e+02 1.938413316105566082e+02 -1.128392243134954853e+01 2.128429523099782273e+03 3.258881472223976289e+03 5.204337568812455174e+03 5.044807772389373213e+02 -1.670651089508349401e+02 -2.921379967706059233e+00 4.170110303581586209e+01 -3.881970188232074293e+00 2.536131280597946613e+01 6.156564312063939326e+01 6.973260146522784453e+01 1.148344733824826847e+02 -1.357971257500734623e+02 -2.273116977953119147e+02
3.361142077693979809e+04 -1.440680941212141761e+03 4.239227921404204608e+03 1.215351797997617496e+03 3.143715191265912381e+02 -3.452407824277605641e+01 3.470572300244320104e+03 5.204337568812456993e+03 8.489246152811972934e+03 1.278215744569373101e+03 -8.989943503228012389e+01 -2.323349940696978422e+01 4.426057737409756498e+01 1.090587468026124895e+01 4.688218694094415184e+01 8.435707980768596315e+01 1.031817147276834277e+02 1.865585321374899479e+02 -2.299309446813697946e+02 -3.928033570804977899e+02
3.556359218762714590e+03 -2.008657701012693622e+02 3.253736791749046233e+02 1.057047856902264584e+02 4.901909499238506385e+01 -3.010794331001086022e+01 5.396738236663788939e+02 5.044807772389426646e+02 1.278215744569381741e+03 1.351011890903350377e+03 4.523827199290350336e+02 -6.495092192195686209e+01 -2.560887942508162496e+01 3.143837674473164157e+01 3.916194109589284267e+00 -3.634926574587723991e+01 -2.930766277669888353e+01 2.413286093618262385e+01 -2.506251297046372883e+01 -1.211681962579731362e+02
-3.055850373901436105e+05 -1.443854766711724224e+05 1.253807295117578324e+05 2.179044346949186001e+04 3.778471247100651090e+04 4.958970623940860969e+04 3.510286004422669066e+05 -1.670651089509020153e+02 -8.989943503231106092e+01 4.523827199291252441e+02 1.567963348340105440e+05 9.092684975540835876e+04 1.349615047660669370e+04 1.159664719414540014e+04 1.053563725730809347e+04 8.478653918824855282e+03 7.647566120568515544e+03 7.271937268356516142e+03 6.601256371381318786e+03 3.999593483006335191e+03
-6.351715953202019446e+05 -1.924273113760070992e+05 2.443340375271480880e+05 4.531118226606691314e+04 4.957610453848521865e+04 6.245543476185396139e+04 4.415459800785155385e+05 -2.921379968076251998e+00 -2.323349940755166188e+01 -6.495092192200110048e+01 9.092684975541036692e+04 2.952162030952785863e+05 6.641167084214283386e+04 1.152147250062221065e+04 1.386071645629360501e+04 1.198995833219412270e+04 1.045668292391983050e+04 9.866047719866357511e+03 8.842840581575483156e+03 5.277218426688727050e+03
-2.453273606790224439e+05 -2.121917163983688515e+05 1.853535700515476638e+05 3.850121010664919595e+04 5.203500321172118856e+04 5.454924690995329001e+04 4.863089814398948802e+05 4.170110303622368519e+01 4.426057737488331156e+01 -2.560887942469318546e+01 1.349615047659792617e+04 6.641167084214239730e+04 1.632057017062251689e+05 5.963212592275251518e+04 1.844834799589599425e+04 1.610793974811266526e+04 1.399129259159320645e+04 1.224183057866661329e+04 1.054771986355891022e+04 6.135249542393102274e+03
-5.920551342844722967e+04 -2.404824841256978398e+05 1.605174475154734100e+05 3.544883799636862386e+04 5.722360947369467613e+04 5.210082841811826074e+04 5.447428730357146123e+05 -3.881970187420535012e+00 1.090587468183446163e+01 3.143837674551497230e+01 1.159664719413415514e+04 1.152147250062075182e+04 5.963212592275065981e+04 1.184879681841076817e+05 5.139859442891048820e+04 2.193471553697967465e+04 1.772387869120295363e+04 1.568356934125826047e+04 1.310197601286064128e+04 7.448137034068868161e+03
4.652030035098336521e+04 -2.734196254235467641e+05 1.542445239985455992e+05 3.504636037694392144e+04 6.540724940067088755e+04 5.501838740241936466e+04 6.129618768068068894e+05 2.536131280638949193e+01 4.688218694177874113e+01 3.916194110085641000e+00 1.053563725730287297e+04 1.386071645629290288e+04 1.844834799589540125e+04 5.139859442891320214e+04 1.016783328171577159e+05 4.809823889137175865e+04 2.487991857511244234e+04 2.036064151610425324e+04 1.682836016710469994e+04 9.263535583565697380e+03
1.323890099609129538e+05 -3.188694437788001378e+05 1.575146872240822995e+05 3.665547191173685133e+04 7.574204144330443523e+04 5.803212700315075199e+04 6.979083563352251658e+05 6.156564312042750942e+01 8.435707980728186328e+01 -3.634926574605196237e+01 8.478653918820089530e+03 1.198995833219504493e+04 1.610793974811294174e+04 2.193471553698175558e+04 4.809823889137127117e+04 1.010338228293969150e+05 4.887033540840717615e+04 2.969138706724329677e+04 2.264286196772699986e+04 1.206038067470931492e+04
2.048721261055096984e+05 -3.761120294214579626e+05 1.698445721240532002e+05 4.028975201033485791e+04 8.861042062196074403e+04 6.121998407416361442e+04 8.003290500288290204e+05 6.973260146510700963e+01 1.031817147274595214e+02 -2.930766277679571630e+01 7.647566120568422775e+03 1.045668292392106741e+04 1.399129259159287903e+04 1.772387869120264440e+04 2.487991857511020135e+04 4.887033540840627393e+04 1.124670985292242985e+05 5.621173551380031859e+04 3.359129206268033158e+04 1.651794712846272887e+04
2.890721298542648437e+05 -4.625809776013814844e+05 1.992051651614151488e+05 4.819524228678162035e+04 1.092439059038817359e+05 6.596206409985727805e+04 9.687036550337730441e+05 1.148344733825700246e+02 1.865585321376482852e+02 2.413286093622917505e+01 7.271937268357300127e+03 9.866047719866503030e+03 1.224183057866698255e+04 1.568356934125825683e+04 2.036064151610391127e+04 2.969138706724277290e+04 5.621173551379988930e+04 1.459095082200403849e+05 7.200765006617055042e+04 2.679169524227067814e+04
3.855959580793321948e+05 -5.817551028361637145e+05 2.407883389771223010e+05 6.031756724887951714e+04 1.355383060794210469e+05 6.755829561677385936e+04 1.178815876236545155e+06 -1.357971257500293802e+02 -2.299309446812951592e+02 -2.506251297044683213e+01 6.601256371381065037e+03 8.842840581575226679e+03 1.054771986355869922e+04 1.310197601286041026e+04 1.682836016710461627e+04 2.264286196772694166e+04 3.359129206268030975e+04 7.200765006617034669e+04 2.141209187729275727e+05 7.100593608247466909e+04
3.691242317219153629e+05 -5.181197374249079730e+05 2.236534249307998398e+05 5.869638919713137147e+04 1.202657150473210204e+05 3.983495199009696807e+04 1.079497225848278264e+06 -2.273116977953028481e+02 -3.928033570804793726e+02 -1.211681962579627339e+02 3.999593483006658971e+03 5.277218426688650652e+03 6.135249542393227784e+03 7.448137034069161928e+03 9.263535583565851994e+03 1.206038067470919123e+04 1.651794712846264520e+04 2.679169524227069633e+04 7.100593608247465454e+04 2.635315823492553318e+05
