7.302680683791728690e+06 -4.605470520909146406e+06 8.902697100082921679e+04 6.275578341947046283e+04 1.159329810935915448e+06 1.324466413138927426e+06 5.775660366294102743e+06 2.098801279990160401e+04 3.360973927058537811e+04 3.556832505903012589e+03 -3.082976904166617314e+05 -6.440679330030756537e+05 -2.550608265419930976e+05 -7.032702558668020356e+04 3.398124821824603714e+04 1.181416871225985815e+05 1.887134068309058202e+05 2.705995376597421127e+05 3.663858983546058298e+05 3.597393320487900637e+05
-4.605470520909179002e+06 8.031867425392834470e+06 -1.677664684234154411e+06 -3.959381578643098474e+05 -1.944804090520427795e+06 -2.155230279653967358e+06 -8.919757671179786325e+06 -8.887868527600570587e+02 -1.438008176627381090e+03 -2.063964707981411095e+02 -1.322021642755280191e+05 -1.771863449637310987e+05 -1.958358967127842479e+05 -2.221320299113593064e+05 -2.532074678194280714e+05 -2.962042330359966727e+05 -3.507113101274676155e+05 -4.343547544814130524e+05 -5.530265588402438443e+05 -5.053178247073960956e+05
8.902697100085941202e+04 -1.677664684234122746e+06 9.039571979656803887e+05 2.062180332385486981e+05 4.072208997349045239e+05 3.314186601675173151e+05 3.345385015015373472e+06 2.669296014669276701e+03 4.236052588437267332e+03 3.275030512965570892e+02 1.200270287382238603e+05 2.381479947564370814e+05 1.785115985824716918e+05 1.528647384902558697e+05 1.457129758567790559e+05 1.479825605856720067e+05 1.593107558535137796e+05 1.875265103653713886e+05 2.291331253767591843e+05 2.181770744728806312e+05
6.275578341948027082e+04 -3.959381578643048415e+05 2.062180332385477668e+05 4.797355594883373851e+04 9.576323108743617195e+04 7.452176344955796958e+04 7.844076092876438051e+05 7.623810687030243116e+02 1.214467972494629521e+03 1.061163947428354533e+02 2.083812325574930583e+04 4.411871167518414586e+04 3.712409223507598654e+04 3.384544567085942253e+04 3.320430774617709540e+04 3.453177679435297614e+04 3.786819438029077719e+04 4.542555800772929797e+04 5.741025765252266865e+04 5.721511062893221970e+04
1.159329810935910558e+06 -1.944804090520442696e+06 4.072208997349158162e+05 9.576323108743793273e+04 4.947853270552611793e+05 6.055935658781355014e+05 2.177913965865952428e+06 1.932633054517143592e+02 3.139944030853685604e+02 5.040384661989987336e+01 3.447771207592616702e+04 4.561919120342495444e+04 4.794062159410205641e+04 5.275655523055316007e+04 6.050032714412725181e+04 7.030748866747619468e+04 8.260692281870657462e+04 1.025557320851653203e+05 1.288624373114623013e+05 1.173017446761570900e+05
1.324466413138852688e+06 -2.155230279653961305e+06 3.314186601675388520e+05 7.452176344956069079e+04 6.055935658781315433e+05 1.009143579917340307e+06 1.859304999868634157e+06 -1.055454806428129899e+01 -3.286785613883613166e+01 -2.864175735009917645e+01 4.462920485592333716e+04 5.718178863578533492e+04 4.972047183131374186e+04 4.734902277804882760e+04 5.033179873334244621e+04 5.343628081170925725e+04 5.675543751818264718e+04 6.171954492716975801e+04 6.422806457899885572e+04 3.909733997996398830e+04
5.775660366294185631e+06 -8.919757671179743484e+06 3.345385015015348792e+06 7.844076092876417097e+05 2.177913965865930542e+06 1.859304999868599465e+06 1.751469345704565570e+07 2.118129906045780444e+03 3.458371912640348455e+03 5.497043415240875674e+02 3.221062919027596945e+05 4.053201340654264786e+05 4.474950129697510274e+05 5.023852822555090534e+05 5.668969645684289280e+05 6.475272230916328263e+05 7.458787788217429770e+05 9.096075442874386208e+05 1.121303229837720981e+06 1.053517137621847447e+06
2.098801279990262628e+04 -8.887868527553249578e+02 2.669296014669147553e+03 7.623810687030074860e+02 1.932633054505155883e+02 -1.055454806626516984e+01 2.118129906048958219e+03 3.258832916106914581e+03 5.204253966421958467e+03 5.044575041274429168e+02 -1.677212097549327439e+02 -2.991289022536129494e+00 4.170317122981910529e+01 -3.833915647309410701e+00 2.553862097050935631e+01 6.180904866273574072e+01 7.003138788964912465e+01 1.158946495160786867e+02 -1.400445028339516966e+02 -2.292544951840874035e+02
3.360973927058714617e+04 -1.438008176617892559e+03 4.236052588437255508e+03 1.214467972494648848e+03 3.139944030829621511e+02 -3.286785614284423218e+01 3.458371912647502540e+03 5.204253966421960286e+03 8.489099850917038566e+03 1.278169352845809044e+03 -9.025249193751736243e+01 -2.325473100804589777e+01 4.433233015820832179e+01 1.108387142755034915e+01 4.726643148655008986e+01 8.486884167297671411e+01 1.038690829599354686e+02 1.885773378541924785e+02 -2.363366003655893905e+02 -3.959147956558183523e+02
3.556832505903651054e+03 -2.063964707934164551e+02 3.275030512969566985e+02 1.061163947429309644e+02 5.040384661869664740e+01 -2.864175735215000174e+01 5.497043415292281452e+02 5.044575041274457590e+02 1.278169352845812909e+03 1.350983546365233678e+03 4.542762220154667148e+02 -6.457986451283127849e+01 -2.542645312586728323e+01 3.169684079982397407e+01 4.173408032476146445e+00 -3.600911299450440595e+01 -2.872306636662865031e+01 2.526303353131276808e+01 -2.463806925800958680e+01 -1.215849840454132789e+02
-3.082976904167449684e+05 -1.322021642754907953e+05 1.200270287382460810e+05 2.083812325575394425e+04 3.447771207591209532e+04 4.462920485587924486e+04 3.221062919028314645e+05 -1.677212097554388492e+02 -9.025249193845911577e+01 4.542762220149970744e+02 1.496173765437911206e+05 8.837188369429951126e+04 1.210561226379330219e+04 1.056222134505253416e+04 9.726338785341564289e+03 7.810681239580324473e+03 7.102144351161310624e+03 6.839496831317979741e+03 6.326750476242024888e+03 3.969472779779765006e+03
-6.440679330030999845e+05 -1.771863449637201848e+05 2.381479947564384202e+05 4.411871167518421862e+04 4.561919120342131646e+04 5.718178863577595621e+04 4.053201340654247906e+05 -2.991289022314255419e+00 -2.325473100758359379e+01 -6.457986451255314364e+01 8.837188369429777958e+04 2.899686142191060935e+05 6.392757136523201189e+04 9.928157551222480834e+03 1.268316681599155163e+04 1.104766258501476841e+04 9.700212734180291591e+03 9.278251034629904098e+03 8.477375362413629773e+03 5.241333165974414442e+03
-2.550608265420247335e+05 -1.958358967128054646e+05 1.785115985824737872e+05 3.712409223507649585e+04 4.794062159410515596e+04 4.972047183131550264e+04 4.474950129697351949e+05 4.170317123042826779e+01 4.433233015922904485e+01 -2.542645312562484605e+01 1.210561226378918764e+04 6.392757136523269583e+04 1.581190960976638889e+05 5.712676863880221208e+04 1.684096633887141434e+04 1.491879031344789837e+04 1.306679008172048452e+04 1.153890638742366536e+04 1.012146747730007337e+04 6.100051569606054727e+03
-7.032702558659904753e+04 -2.221320299113364599e+05 1.528647384902451013e+05 3.384544567085800372e+04 5.275655523054701189e+04 4.734902277804274490e+04 5.023852822555293678e+05 -3.833915646962367418e+00 1.108387142803391612e+01 3.169684079969130153e+01 1.056222134503386587e+04 9.928157551222133407e+03 5.712676863880090241e+04 1.131189688104301313e+05 4.877474730940281734e+04 2.024325832279602037e+04 1.652442367369212297e+04 1.478774484399565335e+04 1.257826858678094140e+04 7.413651951380671562e+03
3.398124821831003646e+04 -2.532074678194517037e+05 1.457129758567778335e+05 3.320430774617780116e+04 6.050032714413051144e+04 5.033179873334610602e+04 5.668969645684411516e+05 2.553862097032794054e+01 4.726643148603051259e+01 4.173408031960619269e+00 9.726338785321751857e+03 1.268316681599004005e+04 1.684096633886807831e+04 4.877474730940457084e+04 9.578531398938264465e+04 4.516031917250971310e+04 2.312878471763338166e+04 1.917874880773269979e+04 1.615796735012992031e+04 9.230659078995358868e+03
1.181416871226359799e+05 -2.962042330359906191e+05 1.479825605856715993e+05 3.453177679435335449e+04 7.030748866747436114e+04 5.343628081170571386e+04 6.475272230916512199e+05 6.180904866220333815e+01 8.486884167185247918e+01 -3.600911299512773667e+01 7.810681239572679260e+03 1.104766258501386255e+04 1.491879031344768373e+04 2.024325832279898896e+04 4.516031917250838160e+04 9.424753614590625511e+04 4.559347911353893869e+04 2.791601522018177639e+04 2.172878729274933357e+04 1.202576626611039137e+04
1.887134068309073918e+05 -3.507113101274797809e+05 1.593107558535117423e+05 3.786819438029057346e+04 8.260692281870872830e+04 5.675543751818656165e+04 7.458787788217258640e+05 7.003138788934221282e+01 1.038690829592972591e+02 -2.872306636702028015e+01 7.102144351158147401e+03 9.700212734178903702e+03 1.306679008172088106e+04 1.652442367369291969e+04 2.312878471763314519e+04 4.559347911353710515e+04 1.044339050352550257e+05 5.251580419342035748e+04 3.215818344509581948e+04 1.647501579971440879e+04
2.705995376597424620e+05 -4.343547544814108405e+05 1.875265103653692931e+05 4.542555800772911607e+04 1.025557320851646946e+05 6.171954492716940149e+04 9.096075442874307046e+05 1.158946495159410688e+02 1.885773378539236660e+02 2.526303353117343420e+01 6.839496831316373573e+03 9.278251034629289279e+03 1.153890638742308874e+04 1.478774484399556786e+04 1.917874880773277255e+04 2.791601522018149262e+04 5.251580419341993547e+04 1.357204176173899614e+05 6.817044967117343913e+04 2.672345891933813255e+04
3.663858983546056552e+05 -5.530265588402410503e+05 2.291331253767592134e+05 5.741025765252262499e+04 1.288624373114620394e+05 6.422806457899849192e+04 1.121303229837722145e+06 -1.400445028339893270e+02 -2.363366003656575174e+02 -2.463806925803256220e+01 6.326750476242498735e+03 8.477375362413644325e+03 1.012146747730014795e+04 1.257826858678077588e+04 1.615796735012972931e+04 2.172878729274947545e+04 3.215818344509555754e+04 6.817044967117339547e+04 2.013743874874164758e+05 6.955109059095387056e+04
3.597393320487897727e+05 -5.053178247073993552e+05 2.181770744728804857e+05 5.721511062893218332e+04 1.173017446761579340e+05 3.909733997996548715e+04 1.053517137621844886e+06 -2.292544951840804686e+02 -3.959147956558023793e+02 -1.215849840454017539e+02 3.969472779779785014e+03 5.241333165974625445e+03 6.100051569606108387e+03 7.413651951380694300e+03 9.230659078995073287e+03 1.202576626610994936e+04 1.647501579971417232e+04 2.672345891933803796e+04 6.955109059095379780e+04 2.552677256249020866e+05
