3.225390342404541094e+06 -5.344570463474117219e+06 1.421345148018139880e+06 3.348335959637734923e+05 1.323476236648035701e+06 1.389162029148799600e+06 7.448512440332840197e+06 1.181640099972874013e+05 1.608075700272934628e+05 1.804774478245554783e+05 2.051408873360265570e+05 2.342791911879826803e+05 2.733930555332408403e+05 3.206656650956710218e+05 3.922808777638426400e+05 4.753006654753156472e+05 4.023390818220583606e+05
-5.344570463474113494e+06 9.350536049045581371e+06 -2.259556520433530211e+06 -5.271950474481722340e+05 -2.261595213664493989e+06 -2.411379576427938417e+06 -1.185596700574170053e+07 -2.152578277101931453e+05 -2.821433211285989382e+05 -3.082037376588260522e+05 -3.456177735086072935e+05 -3.858249940466046100e+05 -4.418859526624785503e+05 -5.093382113600677112e+05 -6.030723599273777800e+05 -7.123889784021421801e+05 -5.624179708206357900e+05
1.421345148018141044e+06 -2.259556520433537662e+06 8.972783064484617207e+05 2.092896217738155974e+05 5.496024301592243137e+05 4.608239365383319673e+05 4.614841321626782417e+06 8.643444971518746752e+04 1.139092770458821324e+05 1.292450326076298079e+05 1.454159674978684925e+05 1.643144038237415371e+05 1.868497721752328507e+05 2.127246057550121623e+05 2.515268721264495398e+05 2.923773993317530258e+05 2.432421384646037186e+05
3.348335959637726191e+05 -5.271950474481714191e+05 2.092896217738152773e+05 4.938958687506929709e+04 1.276346256995026051e+05 1.017941342940905888e+05 1.068465527524624486e+06 1.626624483054638040e+04 2.252048203080400344e+04 2.659078770648364298e+04 3.104135062967246995e+04 3.603324621605778520e+04 4.218851351808083564e+04 4.942320136182323768e+04 6.016610124489661393e+04 7.307004850294732023e+04 6.409935646132583497e+04
1.323476236648036167e+06 -2.261595213664496318e+06 5.496024301592224510e+05 1.276346256995028234e+05 5.706857554198144935e+05 6.666529286176770693e+05 2.887748231493395288e+06 5.751016058766323113e+04 7.326323959378822474e+04 7.684529056072451931e+04 8.372566223636524228e+04 9.328356782371623558e+04 1.055759524468527234e+05 1.202297651075141621e+05 1.425422675957972533e+05 1.657983865271511604e+05 1.304534409724384604e+05
1.389162029148800997e+06 -2.411379576427939814e+06 4.608239365383287077e+05 1.017941342940908507e+05 6.666529286176766036e+05 1.061493910674025305e+06 2.467085932590070181e+06 8.124064989269046055e+04 9.592246053668315290e+04 8.715112628435892111e+04 8.452597365364446887e+04 8.454853648600250017e+04 8.510529560975391360e+04 8.559666483937771409e+04 8.710262013226124691e+04 8.201753156645165291e+04 4.140364197202370269e+04
7.448512440332827158e+06 -1.185596700574169494e+07 4.614841321626778692e+06 1.068465527524625184e+06 2.887748231493393891e+06 2.467085932590072975e+06 2.402013251706118882e+07 5.164896096567545319e+05 6.474749717125319876e+05 7.172028870306871831e+05 7.880895012740184320e+05 8.704135383809744380e+05 9.723181279725127388e+05 1.086426577588944929e+06 1.262185030739417067e+06 1.439018098128614947e+06 1.169002536855487153e+06
1.181640099972876196e+05 -2.152578277101931162e+05 8.643444971518751117e+04 1.626624483054640586e+04 5.751016058766298374e+04 8.124064989269098442e+04 5.164896096567547647e+05 9.367889320393248636e+04 4.232608620109168987e+04 2.381998094824881991e+04 1.779687076518747926e+04 1.439466785809438079e+04 1.225497284991470224e+04 1.055064405336434538e+04 9.304229529045904201e+03 7.619380889386035960e+03 3.901728325021178080e+03
1.608075700272937829e+05 -2.821433211285982979e+05 1.139092770458822779e+05 2.252048203080410894e+04 7.326323959378853033e+04 9.592246053668382228e+04 6.474749717125309398e+05 4.232608620109164622e+04 8.795219260155806842e+04 4.293872385406638205e+04 2.759146019720261393e+04 2.113700026968482780e+04 1.746872264386278403e+04 1.472442146249954385e+04 1.274942756485749123e+04 1.026278401262646366e+04 5.154473349312947903e+03
1.804774478245561477e+05 -3.082037376588265179e+05 1.292450326076300989e+05 2.659078770648418867e+04 7.684529056072572712e+04 8.715112628436062369e+04 7.172028870306885801e+05 2.381998094824875079e+04 4.293872385406684043e+04 8.685401912313557114e+04 4.401718098328530323e+04 2.930325490347225787e+04 2.264419099289179576e+04 1.858877681457894869e+04 1.573391365792840588e+04 1.240168257876889038e+04 6.093773988817487407e+03
2.051408873360264697e+05 -3.456177735086068860e+05 1.454159674978688709e+05 3.104135062967269914e+04 8.372566223636496579e+04 8.452597365364425059e+04 7.880895012740227394e+05 1.779687076518752656e+04 2.759146019720281038e+04 4.401718098328447377e+04 9.239508742677789996e+04 4.641651722969365073e+04 3.160240212235293438e+04 2.403454909728009079e+04 1.986663314645912033e+04 1.524481592436963547e+04 7.297676164903010431e+03
2.342791911879834952e+05 -3.858249940466129920e+05 1.643144038237425848e+05 3.603324621605798166e+04 9.328356782371617737e+04 8.454853648600183078e+04 8.704135383809825871e+05 1.439466785809444627e+04 2.113700026968498423e+04 2.930325490347269806e+04 4.641651722969491675e+04 1.023645802176023717e+05 5.266975246553561010e+04 3.423529107235774427e+04 2.608991831025791180e+04 1.944404105323121621e+04 8.986654798642481182e+03
2.733930555332415970e+05 -4.418859526624860591e+05 1.868497721752325306e+05 4.218851351808052277e+04 1.055759524468539457e+05 8.510529560975548520e+04 9.723181279725097120e+05 1.225497284991474407e+04 1.746872264386282404e+04 2.264419099289182122e+04 3.160240212235179570e+04 5.266975246553447505e+04 1.195205073172442644e+05 5.999222508919245593e+04 3.824779735785091907e+04 2.623974290424968422e+04 1.160094019536028100e+04
3.206656650956711965e+05 -5.093382113600698067e+05 2.127246057550137339e+05 4.942320136182355782e+04 1.202297651075147442e+05 8.559666483937704470e+04 1.086426577588953311e+06 1.055064405336434902e+04 1.472442146249955113e+04 1.858877681457897052e+04 2.403454909727981794e+04 3.423529107235830452e+04 5.999222508919417305e+04 1.449830605042612879e+05 7.209735190940361645e+04 3.930964214341334446e+04 1.583048843910527285e+04
3.922808777638426982e+05 -6.030723599273775471e+05 2.515268721264498599e+05 6.016610124489675218e+04 1.425422675957973406e+05 8.710262013226111594e+04 1.262185030739420792e+06 9.304229529045907839e+03 1.274942756485751306e+04 1.573391365792844772e+04 1.986663314645920400e+04 2.608991831025814463e+04 3.824779735785145749e+04 7.209735190940398024e+04 1.931508241621250636e+05 8.880850488832435803e+04 2.562964873773616637e+04
4.753006654753156472e+05 -7.123889784021425294e+05 2.923773993317531422e+05 7.307004850294734933e+04 1.657983865271512477e+05 8.201753156645160925e+04 1.439018098128615646e+06 7.619380889386039598e+03 1.026278401262647276e+04 1.240168257876891403e+04 1.524481592436967367e+04 1.944404105323125623e+04 2.623974290424966603e+04 3.930964214341334446e+04 8.880850488832443079e+04 2.740392176904940861e+05 7.545408766946187825e+04
4.023390818220583024e+05 -5.624179708206357900e+05 2.432421384646038059e+05 6.409935646132580587e+04 1.304534409724384750e+05 4.140364197202370269e+04 1.169002536855487153e+06 3.901728325021177625e+03 5.154473349312947903e+03 6.093773988817488316e+03 7.297676164903013159e+03 8.986654798642481182e+03 1.160094019536027372e+04 1.583048843910525829e+04 2.562964873773615182e+04 7.545408766946190735e+04 2.969407240100082709e+05
