3.100713371156284120e+06 -5.143063076124331914e+06 1.337325409097059164e+06 3.159396825556344702e+05 1.274825097782641649e+06 1.347856638243380934e+06 7.007393668475506827e+06 1.068676208386373328e+05 1.461958323247711814e+05 1.642651555271973193e+05 1.872250850469999132e+05 2.146819090478713042e+05 2.517678702572233160e+05 2.970390792855301988e+05 3.670937057682985906e+05 4.523614028443752904e+05 3.948469968988451874e+05
-5.143063076124340296e+06 9.022392331577450037e+06 -2.122857290781188291e+06 -4.967605715077674249e+05 -2.182026504452940542e+06 -2.341034565830746666e+06 -1.113357991892388277e+07 -1.938182825755644299e+05 -2.557310005346257822e+05 -2.797881342103453353e+05 -3.147078188959715189e+05 -3.528976830830782419e+05 -4.063220422401901451e+05 -4.713120976815787144e+05 -5.640987946402709931e+05 -6.778415157456222223e+05 -5.526120756370974705e+05
1.337325409097060096e+06 -2.122857290781186894e+06 8.401545255757283885e+05 1.965631158966782095e+05 5.165037898729436565e+05 4.317852794378022081e+05 4.313225384922062978e+06 7.810627683713154693e+04 1.030879600734131382e+05 1.172160554681067442e+05 1.323466984383175441e+05 1.501873528519985848e+05 1.716899069339242997e+05 1.968022174939822580e+05 2.353029199866694689e+05 2.784050587621774757e+05 2.390091785387096461e+05
3.159396825556347030e+05 -4.967605715077669010e+05 1.965631158966783551e+05 4.651443291302298167e+04 1.203115724599400419e+05 9.572886114882279071e+04 1.001884629009716562e+06 1.479459498140332835e+04 2.048863312688790029e+04 2.421259065206750529e+04 2.833893382585576910e+04 3.301332393648623838e+04 3.883398331903186045e+04 4.577441117648044019e+04 5.631716103166957328e+04 6.955844855910439219e+04 6.290527486563492857e+04
1.274825097782644210e+06 -2.182026504452942871e+06 5.165037898729442968e+05 1.203115724599401583e+05 5.513161586389378645e+05 6.490545730626033619e+05 2.712053807830773760e+06 5.156062392365794221e+04 6.633715423989643750e+04 6.969286192173433665e+04 7.619349010511822416e+04 8.528725251285532431e+04 9.705377531666131108e+04 1.112594621981652599e+05 1.333174387827754254e+05 1.577999440690750489e+05 1.282013932265421026e+05
1.347856638243378373e+06 -2.341034565830740146e+06 4.317852794378015096e+05 9.572886114882261609e+04 6.490545730626024306e+05 1.042054901937382179e+06 2.307153901651292574e+06 7.169933056192772347e+04 8.624658477083055186e+04 7.834385075373631844e+04 7.624299870882624236e+04 7.673276699902112887e+04 7.779232800660701469e+04 7.890939569573746121e+04 8.134465433358251175e+04 7.825232885363465175e+04 4.118716054775626981e+04
7.007393668475503102e+06 -1.113357991892385669e+07 4.313225384922074154e+06 1.001884629009717726e+06 2.712053807830766775e+06 2.307153901651287917e+06 2.241761788102458417e+07 4.654110051080656121e+05 5.838918029559223214e+05 6.489915372758914018e+05 7.160530010470596608e+05 7.946145401421287097e+05 8.927275215005315840e+05 1.004703085722726188e+06 1.180721242724878946e+06 1.370686951602785615e+06 1.149393191923547303e+06
1.068676208386377257e+05 -1.938182825755643426e+05 7.810627683713167789e+04 1.479459498140329742e+04 5.156062392365830601e+04 7.169933056192839285e+04 4.654110051080646226e+05 8.233596086680483131e+04 3.746995932959466154e+04 2.129546023850946222e+04 1.605064361979305249e+04 1.310230727547124843e+04 1.126116623029263428e+04 9.813803494199553825e+03 8.804518730189218331e+03 7.394951674316669596e+03 3.956593301425585196e+03
1.461958323247711523e+05 -2.557310005346268299e+05 1.030879600734133564e+05 2.048863312688793303e+04 6.633715423989630654e+04 8.624658477083026082e+04 5.838918029559229035e+05 3.746995932959470520e+04 7.754980290424212581e+04 3.816580053018468607e+04 2.480362614303252121e+04 1.920257006226644444e+04 1.602924567582115560e+04 1.368506463341378912e+04 1.206224997901931420e+04 9.964734433674708271e+03 5.233786307055539510e+03
1.642651555271963007e+05 -2.797881342103426578e+05 1.172160554681037902e+05 2.421259065206717787e+04 6.969286192173312884e+04 7.834385075373605650e+04 6.489915372758774320e+05 2.129546023850940401e+04 3.816580053018416220e+04 7.683597406099858927e+04 3.928627506867272314e+04 2.653822783607544989e+04 2.075574087750634499e+04 1.725721887157730089e+04 1.488491979828942931e+04 1.204961026291922099e+04 6.197860403782249705e+03
1.872250850470044243e+05 -3.147078188959730323e+05 1.323466984383196686e+05 2.833893382585636209e+04 7.619349010511871893e+04 7.624299870882758114e+04 7.160530010470654815e+05 1.605064361979300884e+04 2.480362614303287046e+04 3.928627506867777265e+04 8.217189652617153479e+04 4.160999356465328310e+04 2.890840174992247921e+04 2.230617356424145328e+04 1.878426008361158165e+04 1.482612368093660916e+04 7.438154858135543691e+03
2.146819090478706348e+05 -3.528976830830709077e+05 1.501873528519971878e+05 3.301332393648583093e+04 8.528725251285501872e+04 7.673276699902336986e+04 7.946145401421205606e+05 1.310230727547124479e+04 1.920257006226644080e+04 2.653822783607642486e+04 4.160999356465183519e+04 9.153876660246998654e+04 4.750890090907450212e+04 3.171830656783232916e+04 2.464913973642754354e+04 1.891144780967612678e+04 9.177859382399734386e+03
2.517678702572242473e+05 -4.063220422401919495e+05 1.716899069339239504e+05 3.883398331903162762e+04 9.705377531666215509e+04 7.779232800660803332e+04 8.927275215005319333e+05 1.126116623029263246e+04 1.602924567582115014e+04 2.075574087750655963e+04 2.890840174992262837e+04 4.750890090907490958e+04 1.075776020985148207e+05 5.453802944915261469e+04 3.609211008600828063e+04 2.550152255955642613e+04 1.186430657403230362e+04
2.970390792855246691e+05 -4.713120976815704489e+05 1.968022174939838005e+05 4.577441117648056388e+04 1.112594621981626697e+05 7.890939569573455083e+04 1.004703085722725256e+06 9.813803494199572015e+03 1.368506463341384006e+04 1.725721887157739548e+04 2.230617356424178433e+04 3.171830656783356244e+04 5.453802944915276021e+04 1.315580320098407101e+05 6.648978957250036183e+04 3.809244361472519813e+04 1.619346785907312005e+04
3.670937057682992890e+05 -5.640987946402730886e+05 2.353029199866704002e+05 5.631716103166972607e+04 1.333174387827753380e+05 8.134465433358248265e+04 1.180721242724877549e+06 8.804518730189225607e+03 1.206224997901933057e+04 1.488491979828946205e+04 1.878426008361165805e+04 2.464913973642768542e+04 3.609211008600819332e+04 6.648978957250065287e+04 1.774020503159538493e+05 8.397141709826991428e+04 2.621484685234649805e+04
4.523614028443752322e+05 -6.778415157456217567e+05 2.784050587621777668e+05 6.955844855910439219e+04 1.577999440690750198e+05 7.825232885363460809e+04 1.370686951602785615e+06 7.394951674316673234e+03 9.964734433674717366e+03 1.204961026291923736e+04 1.482612368093664008e+04 1.891144780967614497e+04 2.550152255955643705e+04 3.809244361472511810e+04 8.397141709826981241e+04 2.565882954778269923e+05 7.458382343375701748e+04
3.948469968988451292e+05 -5.526120756370974705e+05 2.390091785387096461e+05 6.290527486563492857e+04 1.282013932265420735e+05 4.118716054775626981e+04 1.149393191923547303e+06 3.956593301425585651e+03 5.233786307055539510e+03 6.197860403782249705e+03 7.438154858135547329e+03 9.177859382399732567e+03 1.186430657403229998e+04 1.619346785907312369e+04 2.621484685234650897e+04 7.458382343375697383e+04 2.885603315602407092e+05
