5.860042964308507508e+05 -2.962017774798822356e+05 -2.408963612596253370e+04 -7.498525552233207236e+03 7.958867505477136001e+04 1.236350090737624123e+05 5.008202519601142267e+05 5.689339716971398957e+02 4.896665528510316108e+02 -9.167949438832183660e+02
-2.962017774798799655e+05 3.174871297166379518e+05 2.956009982327000216e+03 9.990332224553775404e+02 -8.877904434803215554e+04 -1.612658770019604126e+05 -1.718700463786593464e+05 8.803214386011343322e+02 1.234075659259211079e+03 -3.951228648580200229e+02
-2.408963612596250096e+04 2.956009982326690988e+03 2.018057919329956576e+03 5.563936413652145347e+02 -1.835932131070275375e+02 2.059047399053913068e+03 -2.364901986402299735e+04 -3.100279422986200473e+01 -7.707716496918135540e+00 9.695917210315566592e+01
-7.498525552233178132e+03 9.990332224553036440e+02 5.563936413652124884e+02 1.700182077485193588e+02 -1.120851754714104516e+02 4.798191489583755356e+02 -7.742266858618581864e+03 -2.581618956585125346e+01 -2.450211870576178796e+01 3.716742359394302753e+01
7.958867505477092345e+04 -8.877904434803563345e+04 -1.835932131069999684e+02 -1.120851754714067852e+02 2.644651806151651908e+04 5.226020070857386600e+04 4.288027695086663880e+04 -2.427237984935268855e+02 -3.301470676674142624e+02 1.302700952045773022e+02
1.236350090737623395e+05 -1.612658770019634394e+05 2.059047399053923982e+03 4.798191489583730913e+02 5.226020070857372048e+04 1.152121526856785349e+05 5.006683655117881426e+04 -4.908059686153446819e+02 -6.319366365279006459e+02 3.361434454142614641e+02
5.008202519601139938e+05 -1.718700463786605105e+05 -2.364901986402289913e+04 -7.742266858618571860e+03 4.288027695086786116e+04 5.006683655117945455e+04 4.853619391715356614e+05 1.156301495112468274e+03 1.198257460102898222e+03 -1.425141529082660099e+03
5.689339716971630878e+02 8.803214386011346733e+02 -3.100279422986461952e+01 -2.581618956585242586e+01 -2.427237984935297561e+02 -4.908059686153574148e+02 1.156301495112503744e+03 7.438084112936591907e+01 1.032094277936240303e+02 -3.181917455047328147e+01
4.896665528510532113e+02 1.234075659259221993e+03 -7.707716496921162452e+00 -2.450211870576335116e+01 -3.301470676674191509e+02 -6.319366365279184947e+02 1.198257460102940286e+03 1.032094277936243998e+02 1.491473619933861983e+02 -3.031053673838871987e+01
-9.167949438832415581e+02 -3.951228648579848937e+02 9.695917210315629120e+01 3.716742359394329753e+01 1.302700952045725558e+02 3.361434454142600998e+02 -1.425141529082679426e+03 -3.181917455047219789e+01 -3.031053673838705720e+01 4.703068585652993505e+01
