9.421739595300906803e+05 -4.280116113122096285e+05 -4.283644967076023022e+04 -1.221624105506383057e+04 1.159036458071889065e+05 1.818098213091809594e+05 7.981744227609304944e+05 2.992339094287048056e+02 1.267710112327134198e+01 -1.097140160015950869e+03
-4.280116113122110837e+05 3.664190570224375697e+05 9.906576686501790391e+03 2.746958677662697482e+03 -1.022590290341201035e+05 -1.828661246720863273e+05 -2.819322506967292284e+05 9.834233342353015814e+02 1.415072741985813309e+03 -3.294267677257249716e+02
-4.283644967076045577e+04 9.906576686502279699e+03 3.006706867851292827e+03 8.057532594505703401e+02 -2.097029212061333510e+03 -1.001009287051792398e+03 -3.932635814477644453e+04 -1.685384154034121451e+01 1.747936824452081339e+01 1.068419703837458883e+02
-1.221624105506386150e+04 2.746958677662792979e+03 8.057532594505689758e+02 2.335328624250901441e+02 -5.920249488188173927e+02 -2.825594386145936596e+02 -1.170953313034481471e+04 -2.258928290552258034e+01 -1.847889713684658020e+01 4.010846489967482142e+01
1.159036458071892848e+05 -1.022590290341185901e+05 -2.097029212061303042e+03 -5.920249488188097757e+02 3.016275823610593216e+04 5.822582695015416539e+04 7.315793585850107775e+04 -2.716907440979757666e+02 -3.804845159075167089e+02 1.130695036245325724e+02
1.818098213091805810e+05 -1.828661246720844356e+05 -1.001009287051708270e+03 -2.825594386145720023e+02 5.822582695015420177e+04 1.248322611268909241e+05 9.838600344018955366e+04 -5.398020492431888897e+02 -7.149252255030128254e+02 3.123332241649567322e+02
7.981744227609295631e+05 -2.819322506967328372e+05 -3.932635814477629174e+04 -1.170953313034479470e+04 7.315793585850125237e+04 9.838600344019022305e+04 7.344228589880637592e+05 9.420118579824656990e+02 8.098756229125475556e+02 -1.591728114942783805e+03
2.992339094287051466e+02 9.834233342352945328e+02 -1.685384154034093740e+01 -2.258928290552249862e+01 -2.716907440979737203e+02 -5.398020492431888897e+02 9.420118579824594462e+02 7.483441504447164050e+01 1.038432955673545166e+02 -3.193453367747775573e+01
1.267710112327401362e+01 1.415072741985802395e+03 1.747936824452108695e+01 -1.847889713684651625e+01 -3.804845159075142647e+02 -7.149252255030133938e+02 8.098756229125416439e+02 1.038432955673545024e+02 1.501012066753569911e+02 -3.030734821356047703e+01
-1.097140160015951778e+03 -3.294267677257333844e+02 1.068419703837465420e+02 4.010846489967482853e+01 1.130695036245328708e+02 3.123332241649588923e+02 -1.591728114942779939e+03 -3.193453367747779836e+01 -3.030734821356054098e+01 4.746235249780912824e+01
