4.557679507320795092e+05 -2.480195820248704695e+05 -1.718234695827865289e+04 -5.712894591943899286e+03 6.641481207234236354e+04 1.029356411230791273e+05 3.903796385584755335e+05 6.449168479223282020e+02 6.440122351479565168e+02 -8.169472434870451707e+02
-2.480195820248661621e+05 2.995938386498959735e+05 3.987100673321551767e+02 3.418036805490240795e+02 -8.388118351733169402e+04 -1.535410464509682206e+05 -1.311288685172422265e+05 8.486390116489656066e+02 1.172778351551857440e+03 -4.290701411241871028e+02
-1.718234695827864198e+04 3.987100673330111817e+02 1.651284364018031511e+03 4.614233244003519872e+02 5.151077105843700110e+02 3.155156975399317162e+03 -1.778520020631938678e+04 -3.504749624904190597e+01 -1.595784735889034422e+01 9.156870638542588381e+01
-5.712894591943921114e+03 3.418036805491840369e+02 4.614233244003526693e+02 1.449444267740676082e+02 6.655669021146931641e+01 7.560319115403734713e+02 -6.210595620971044809e+03 -2.655811584046049845e+01 -2.632712940197612994e+01 3.541833774928555556e+01
6.641481207234138856e+04 -8.388118351732956944e+04 5.151077105844799462e+02 6.655669021149330433e+01 2.510390701391276161e+04 5.013460068908452376e+04 3.177168286228911529e+04 -2.335665523863668795e+02 -3.129284421110425001e+02 1.388845692984874347e+02
1.029356411230763479e+05 -1.535410464509615558e+05 3.155156975399449493e+03 7.560319115404128070e+02 5.013460068908364337e+04 1.118126754117299279e+05 3.274549674888362642e+04 -4.740521603102733366e+02 -6.025674168268111544e+02 3.467351801759538148e+02
3.903796385584728559e+05 -1.311288685172505211e+05 -1.778520020631919397e+04 -6.210595620970999335e+03 3.177168286229040677e+04 3.274549674888545269e+04 3.911852112734974944e+05 1.211064571662297340e+03 1.319425273071138236e+03 -1.328900849797016235e+03
6.449168479224476869e+02 8.486390116488840931e+02 -3.504749624904408734e+01 -2.655811584046101359e+01 -2.335665523863413284e+02 -4.740521603102296240e+02 1.211064571662358276e+03 7.409511751586622097e+01 1.028500272726997764e+02 -3.164647000853537762e+01
6.440122351480788438e+02 1.172778351551772403e+03 -1.595784735889209216e+01 -2.632712940197617968e+01 -3.129284421110134531e+02 -6.025674168267594268e+02 1.319425273071186894e+03 1.028500272726987248e+02 1.486516157602721080e+02 -3.019535444209726904e+01
-8.169472434872176336e+02 -4.290701411240740413e+02 9.156870638542999075e+01 3.541833774928744560e+01 1.388845692984574214e+02 3.467351801759072032e+02 -1.328900849797136516e+03 -3.164647000853803860e+01 -3.019535444210149322e+01 4.668373175844751444e+01
