6.930783429126525298e+05 -3.359343754257534747e+05 -2.975270915867379153e+04 -8.938820958363519821e+03 9.050163705431570997e+04 1.409874271005436603e+05 5.908126195105393417e+05 4.937247714145947839e+02 3.507318994220034369e+02 -9.819086763202584507e+02
-3.359343754257542314e+05 3.322696903983399970e+05 5.059291382311384041e+03 1.532424180689858531e+03 -9.284117235969071044e+04 -1.677362200824971369e+05 -2.052225417896722211e+05 9.098259679632615189e+02 1.287553355230271563e+03 -3.721551250582911052e+02
-2.975270915867402800e+04 5.059291382311203051e+03 2.317913829070267639e+03 6.327705645642741956e+02 -7.609444653001291954e+02 1.142165370198483288e+03 -2.841363239567070923e+04 -2.702783362219706831e+01 -3.328050592237268290e-01 1.004780573457175734e+02
-8.938820958363521640e+03 1.532424180689706645e+03 6.327705645642740819e+02 1.897117286862979029e+02 -2.580355663456331854e+02 2.500303978880257318e+02 -8.962052654128521681e+03 -2.494902020403483078e+01 -2.276942320541548881e+01 3.823794395782293520e+01
9.050163705431608832e+04 -9.284117235969263129e+04 -7.609444653001402230e+02 -2.580355663456535922e+02 2.756374084260235759e+04 5.404378637028580852e+04 5.202502352316879114e+04 -2.510655070339208805e+02 -3.450512091431050408e+02 1.242965406232146819e+02
1.409874271005442715e+05 -1.677362200824962638e+05 1.142165370198354822e+03 2.500303978879745443e+02 5.404378637028521916e+04 1.180763957014152547e+05 6.454067991624143906e+04 -5.051879553601701218e+02 -6.567084975201365751e+02 3.280922932907749328e+02
5.908126195105419029e+05 -2.052225417896717845e+05 -2.841363239567068013e+04 -8.962052654128514405e+03 5.202502352316918405e+04 6.454067991624049318e+04 5.612702658016205532e+05 1.097701107682267548e+03 1.086000881511314901e+03 -1.485703683552125995e+03
4.937247714145893838e+02 9.098259679632491270e+02 -2.702783362219689778e+01 -2.494902020403499066e+01 -2.510655070339210226e+02 -5.051879553601790462e+02 1.097701107682274824e+03 7.454463267381198932e+01 1.034296288776006634e+02 -3.188227702407904118e+01
3.507318994219946831e+02 1.287553355230249736e+03 -3.328050592231507898e-01 -2.276942320541568066e+01 -3.450512091431037334e+02 -6.567084975201470343e+02 1.086000881511320358e+03 1.034296288776007344e+02 1.494690668481761691e+02 -3.033419698444212287e+01
-9.819086763202478778e+02 -3.721551250582975285e+02 1.004780573457175024e+02 3.823794395782288547e+01 1.242965406232181493e+02 3.280922932907832319e+02 -1.485703683552128496e+03 -3.188227702407901276e+01 -3.033419698444206958e+01 4.720277886775600962e+01
