4.868938952047735220e+05 -2.595070097889536410e+05 -1.883542707496922230e+04 -6.144540675207556887e+03 6.954680848489727941e+04 1.078194956121456780e+05 4.169179147801051731e+05 6.291518170420536080e+02 6.094272435549240754e+02 -8.438902477533338242e+02
-2.595070097889538156e+05 3.038533937826936017e+05 1.009268167062579664e+03 5.000172709490472016e+02 -8.504428604915924370e+04 -1.553639028284176311e+05 -1.408857153851492330e+05 8.555644946333910639e+02 1.186840183980470101e+03 -4.200659348286652062e+02
-1.883542707496900766e+04 1.009268167062622069e+03 1.739194069363548579e+03 4.844180868079301376e+02 3.487828027204909631e+02 2.896270809636221202e+03 -1.919629652212340443e+04 -3.420317485338459562e+01 -1.409958134283444409e+01 9.302355770788592793e+01
-6.144540675207550521e+03 5.000172709490232705e+02 4.844180868079346851e+02 1.511034765333001531e+02 2.373251355482939573e+01 6.905870737210751713e+02 -6.583752489744064405e+03 -2.642976367709966112e+01 -2.593579490697331380e+01 3.590474875520897768e+01
6.954680848489796335e+04 -8.504428604916251788e+04 3.487828027205401895e+02 2.373251355483347425e+01 2.542207767048938331e+04 5.063565922275750927e+04 3.442272869063672260e+04 -2.356037951691155286e+02 -3.169012515341111111e+02 1.366287311462400282e+02
1.078194956121456489e+05 -1.553639028284209198e+05 2.896270809636372178e+03 6.905870737210966581e+02 5.063565922275753110e+04 1.126120570247324358e+05 3.683966026517375576e+04 -4.779479849854211011e+02 -6.094697430277865351e+02 3.441027682065450222e+02
4.169179147801048821e+05 -1.408857153851451294e+05 -1.919629652212363362e+04 -6.583752489744073500e+03 3.442272869063659164e+04 3.683966026517395949e+04 4.139665230437318678e+05 1.200548920897703738e+03 1.292898220980038786e+03 -1.355321203852851113e+03
6.291518170421729792e+02 8.555644946333434291e+02 -3.420317485338699726e+01 -2.642976367710101471e+01 -2.356037951690998966e+02 -4.779479849853947258e+02 1.200548920897826520e+03 7.417733226582940631e+01 1.029507472432187285e+02 -3.170304047920423685e+01
6.094272435551094986e+02 1.186840183980383244e+03 -1.409958134283869136e+01 -2.593579490697555556e+01 -3.169012515340851905e+02 -6.094697430277466310e+02 1.292898220980227052e+03 1.029507472432192969e+02 1.487870715147827525e+02 -3.023676208057070625e+01
-8.438902477533280262e+02 -4.200659348286739601e+02 9.302355770788378209e+01 3.590474875520860110e+01 1.366287311462395451e+02 3.441027682065379736e+02 -1.355321203852854069e+03 -3.170304047920283708e+01 -3.023676208056845738e+01 4.678836973524926890e+01
