5.633775938781142468e+05 -2.878135053888839320e+05 -2.289121684237165755e+04 -7.191572756462334837e+03 7.728926484057409107e+04 1.199973138323424791e+05 4.817285767289943760e+05 5.837073035214077663e+02 5.179860438761805881e+02 -9.014923138400199605e+02
-2.878135053888810799e+05 3.143679744746931246e+05 2.511394821720452910e+03 8.856297357822609229e+02 -8.792335561961421627e+04 -1.599086150582163245e+05 -1.648062641128106916e+05 8.743908891545883080e+02 1.223040465556770187e+03 -4.004275299745445409e+02
-2.289121684237161389e+04 2.511394821720969048e+03 1.954514521327220564e+03 5.400936770641433213e+02 -6.179055002611394798e+01 2.251481516963233844e+03 -2.263679631281996626e+04 -3.178586618058494651e+01 -9.215217131255508676e+00 9.613309004236681687e+01
-7.191572756462320285e+03 8.856297357823606262e+02 5.400936770641428666e+02 1.657726907035866191e+02 -8.114219885820592992e+01 5.281692355254870108e+02 -7.480884816909268920e+03 -2.597710877516281514e+01 -2.484837494744551734e+01 3.690859870727884129e+01
7.728926484057387279e+04 -8.792335561961270287e+04 -6.179055002608565417e+01 -8.114219885820334355e+01 2.621151359898272131e+04 5.188637043548744987e+04 4.094809670456484309e+04 -2.410329364340167331e+02 -3.270621016465244679e+02 1.316349679033906739e+02
1.199973138323419989e+05 -1.599086150582130067e+05 2.251481516963237937e+03 5.281692355254841686e+02 5.188637043548715155e+04 1.146129465569735330e+05 4.702789641532251699e+04 -4.878224312070666429e+02 -6.267565755416329694e+02 3.379126359719095944e+02
4.817285767289933865e+05 -1.648062641128131945e+05 -2.263679631282009359e+04 -7.480884816909308029e+03 4.094809670456450112e+04 4.702789641532162204e+04 4.691820633759818738e+05 1.167500212788888575e+03 1.220892929554995362e+03 -1.410680233558442978e+03
5.837073035214077663e+02 8.743908891545955839e+02 -3.178586618058250579e+01 -2.597710877516197669e+01 -2.410329364340163920e+02 -4.878224312070640849e+02 1.167500212788881299e+03 7.434018084244101487e+01 1.031565149938833486e+02 -3.179909347747242521e+01
5.179860438761733121e+02 1.223040465556776780e+03 -9.215217131251989713e+00 -2.484837494744424902e+01 -3.270621016465239563e+02 -6.267565755416316051e+02 1.220892929554980356e+03 1.031565149938825812e+02 1.490721154303810181e+02 -3.029950020157874135e+01
-9.014923138400189373e+02 -4.004275299745618781e+02 9.613309004236479893e+01 3.690859870727840786e+01 1.316349679033910718e+02 3.379126359719001584e+02 -1.410680233558437067e+03 -3.179909347747427617e+01 -3.029950020158164037e+01 4.698456522072288521e+01
