6.637014470555895241e+05 -3.250304289031003718e+05 -2.820034280890822993e+04 -8.545435903017010787e+03 8.750373297917413583e+04 1.362082473842815380e+05 5.661728723029650282e+05 5.150720069833499792e+02 3.894972781725897448e+02 -9.650679578754505883e+02
-3.250304289031013031e+05 3.282123689678268856e+05 4.482520993342301153e+03 1.386584716004468646e+03 -9.172530218794311804e+04 -1.659550366757347656e+05 -1.960846726843856450e+05 9.015382915234172287e+02 1.272718078720534322e+03 -3.781563229672175339e+02
-2.820034280890810624e+04 4.482520993342439397e+03 2.235783875359490139e+03 6.119262200405125895e+02 -6.024596056527620931e+02 1.394506682815107752e+03 -2.711017916707531185e+04 -2.815438661243772245e+01 -2.387633135426926234e+00 9.956687466878112502e+01
-8.545435903016988959e+03 1.386584716004492748e+03 6.119262200405133854e+02 1.843644157770071956e+02 -2.180736099032846482e+02 3.131834297808663905e+02 -8.629816841816087617e+03 -2.520093588329635992e+01 -2.325706785920944242e+01 3.796522668768124475e+01
8.750373297917441232e+04 -9.172530218794320535e+04 -6.024596056527334440e+02 -2.180736099032803281e+02 2.725661000698067073e+04 5.355257136660644755e+04 4.951653728628224053e+04 -2.487310910292620179e+02 -3.409224196486132996e+02 1.258661465850463514e+02
1.362082473842818872e+05 -1.659550366757325828e+05 1.394506682815086151e+03 3.131834297808538281e+02 5.355257136660597462e+04 1.172867511145876779e+05 6.055785424332191906e+04 -5.012055266195923195e+02 -6.498784442085733417e+02 3.302499358549798103e+02
5.661728723029659595e+05 -1.960846726843833749e+05 -2.711017916707557742e+04 -8.629816841816144006e+03 4.951653728628176759e+04 6.055785424332040566e+04 5.405370725482309936e+05 1.114526592586970992e+03 1.117472707460150332e+03 -1.470172887536720282e+03
5.150720069833251955e+02 9.015382915233950598e+02 -2.815438661243478435e+01 -2.520093588329559253e+01 -2.487310910292542019e+02 -5.012055266195769718e+02 1.114526592586928700e+03 7.450344704035008192e+01 1.033731735484543037e+02 -3.186913856176657944e+01
3.894972781725642221e+02 1.272718078720507037e+03 -2.387633135423642639e+00 -2.325706785920844766e+01 -3.409224196486019309e+02 -6.498784442085484443e+02 1.117472707460095307e+03 1.033731735484540906e+02 1.493853196729099864e+02 -3.033142191608333604e+01
-9.650679578754298973e+02 -3.781563229672205466e+02 9.956687466877937709e+01 3.796522668768100317e+01 1.258661465850489805e+02 3.302499358549886779e+02 -1.470172887536706185e+03 -3.186913856176713367e+01 -3.033142191608418514e+01 4.716163279505916961e+01
