3.831411928050826536e+05 -2.213420265126374725e+05 -1.331726639200026148e+04 -4.686209709917255168e+03 5.917710400246341305e+04 9.180147397166368319e+04 3.278810696118513588e+05 6.717622691261536829e+02 7.150492992512764658e+02 -7.415611159817184443e+02
-2.213420265126334853e+05 2.897306082438628655e+05 -1.022394522454581306e+03 -3.169808051459323295e+01 -8.119950437582265295e+04 -1.493853114813721040e+05 -1.082959351500179619e+05 8.351106291884207167e+02 1.142371627243782541e+03 -4.536620404409728167e+02
-1.331726639200036698e+04 -1.022394522454513663e+03 1.445254063482150741e+03 4.065909132699742372e+02 9.002481587900078921e+02 3.746300501916472967e+03 -1.445469814174589555e+04 -3.651235468737658607e+01 -1.982094714282730052e+01 8.749754053609422044e+01
-4.686209709917318833e+03 -3.169808051458221598e+01 4.065909132699759425e+02 1.298995073205468884e+02 1.669224599038981864e+02 9.062609266837857831e+02 -5.311263012986038120e+03 -2.665248781059953131e+01 -2.705046784886028632e+01 3.400162418702742428e+01
5.917710400246228528e+04 -8.119950437582183804e+04 9.002481587900157365e+02 1.669224599039040413e+02 2.437299416379310060e+04 4.899434916722789058e+04 2.560534751433251586e+04 -2.294257241909388654e+02 -3.042385436054521506e+02 1.449332036109694855e+02
9.180147397166193696e+04 -1.493853114813673892e+05 3.746300501916336998e+03 9.062609266837722544e+02 4.899434916722701746e+04 1.100011742120429408e+05 2.338430317720493258e+04 -4.653743648898098400e+02 -5.869134515513160295e+02 3.532363285159139537e+02
3.278810696118535125e+05 -1.082959351500254852e+05 -1.445469814174581916e+04 -5.311263012985969908e+03 2.560534751433417114e+04 2.338430317720618041e+04 3.369229892202054034e+05 1.224842496486337495e+03 1.371041262491206453e+03 -1.253227763462946541e+03
6.717622691263393335e+02 8.351106291882999813e+02 -3.651235468736816614e+01 -2.665248781059907301e+01 -2.294257241909000413e+02 -4.653743648897266780e+02 1.224842496486531445e+03 7.384176481898532529e+01 1.025486920081497288e+02 -3.144872303667730762e+01
7.150492992515352171e+02 1.142371627243571538e+03 -1.982094714281439352e+01 -2.705046784885907485e+01 -3.042385436053885996e+02 -5.869134515511865402e+02 1.371041262491461339e+03 1.025486920081478672e+02 1.482587932963660649e+02 -3.003837757897699845e+01
-7.415611159818040505e+02 -4.536620404410067522e+02 8.749754053609419202e+01 3.400162418702885248e+01 1.449332036109716455e+02 3.532363285159055977e+02 -1.253227763463061819e+03 -3.144872303668145364e+01 -3.003837757898351057e+01 4.634776610274985131e+01
