8.276981340123182163e+05 -3.858499438874016050e+05 -3.684874378705426352e+04 -1.072577592201285552e+04 1.042500496873804805e+05 1.630013250543463510e+05 7.032910962183526717e+05 3.911989974203144129e+02 1.692927613091368357e+02 -1.050987120379017597e+03
-3.858499438874002662e+05 3.508266357896162663e+05 7.694278613959245376e+03 2.195367323846833642e+03 -9.795238859451017925e+04 -1.759239614255306369e+05 -2.469260082772669557e+05 9.490274583894547504e+02 1.356395323087582483e+03 -3.470426311516141595e+02
-3.684874378705396521e+04 7.694278613959992981e+03 2.692546267746323338e+03 7.272876100257985854e+02 -1.486230383222645514e+03 -1.752891460352265085e+01 -3.435068483603333880e+04 -2.163737697057618092e+01 9.257527089586393032e+00 1.042404528423795966e+02
-1.072577592201284460e+04 2.195367323847053740e+03 7.272876100258004044e+02 2.137715547108028602e+02 -4.400839019590777639e+02 -3.927615018605720820e+01 -1.046463862139128651e+04 -2.370902425263074420e+01 -2.046644858700600977e+01 3.934182083915375472e+01
1.042500496873804950e+05 -9.795238859450674499e+04 -1.486230383222613227e+03 -4.400839019590631551e+02 2.897246854734462977e+04 5.630413215838572796e+04 6.349613791071413289e+04 -2.620603580690292915e+02 -3.641812348211657309e+02 1.176875330349254085e+02
1.630013250543469330e+05 -1.759239614255262131e+05 -1.752891460352263664e+01 -3.927615018604754482e+01 5.630413215838566248e+04 1.217182071594347071e+05 8.284547134068477317e+04 -5.237060347103790718e+02 -6.881775297230132082e+02 3.187997519243178886e+02
7.032910962183517404e+05 -2.469260082772739988e+05 -3.435068483603351342e+04 -1.046463862139129924e+04 6.349613791071430023e+04 8.284547134068454034e+04 6.555208691737923073e+05 1.015851533402698237e+03 9.379122032189555966e+02 -1.548875458544351204e+03
3.911989974203418683e+02 9.490274583894381522e+02 -2.163737697057599974e+01 -2.370902425263092184e+01 -2.620603580690233230e+02 -5.237060347103677032e+02 1.015851533402716086e+03 7.471071669110922642e+01 1.036641208997412775e+02 -3.191829259982909406e+01
1.692927613091752619e+02 1.356395323087552924e+03 9.257527089586481850e+00 -2.046644858700625846e+01 -3.641812348211558970e+02 -6.881775297229960415e+02 9.379122032189800393e+02 1.036641208997413202e+02 1.498246594960320408e+02 -3.032579295130319252e+01
-1.050987120379012822e+03 -3.470426311516038140e+02 1.042404528423776355e+02 3.934182083915349182e+01 1.176875330349213868e+02 3.187997519243089641e+02 -1.548875458544340518e+03 -3.191829259982904787e+01 -3.032579295130310371e+01 4.735551347842619663e+01
