5.040996999194085365e+05 -2.658664933717343374e+05 -1.974853284430735584e+04 -6.381583767627190355e+03 7.128354846513080702e+04 1.105397323042517819e+05 4.315417822124509257e+05 6.196591819634908234e+02 5.895578148903300644e+02 -8.577918565038058887e+02
-2.658664933717348613e+05 3.062137039083036361e+05 1.347010356014779745e+03 5.871177332869139036e+02 -8.568970562548910675e+04 -1.563791765251955367e+05 -1.462731810378320806e+05 8.596018980308137998e+02 1.194804161334594937e+03 -4.153747024896426865e+02
-1.974853284430686108e+04 1.347010356014680383e+03 1.787711688006880649e+03 4.970343699237874375e+02 2.566187440406513360e+02 2.752155595386509958e+03 -1.997325346117574372e+04 -3.369672686619858126e+01 -1.303537492376085716e+01 9.377409320340778720e+01
-6.381583767627143061e+03 5.871177332867968062e+02 4.970343699237930650e+02 1.544545140777237009e+02 9.895374295664538522e-02 6.542212858744244386e+02 -6.787747459605240692e+03 -2.634284858494625681e+01 -2.570479932415274860e+01 3.615146796807712803e+01
7.128354846513039956e+04 -8.568970562549160968e+04 2.566187440407523468e+02 9.895374295676973020e-02 2.559884774519129132e+04 5.091490114757997799e+04 3.588955042070939817e+04 -2.367788091316067778e+02 -3.191435150964616696e+02 1.354447808710596917e+02
1.105397323042522621e+05 -1.563791765251984762e+05 2.752155595386547247e+03 6.542212858744049981e+02 5.091490114757994161e+04 1.130581822492694191e+05 3.911775309746809216e+04 -4.801358869468898547e+02 -6.133226258533235296e+02 3.426785776538862365e+02
4.315417822124469676e+05 -1.462731810378347000e+05 -1.997325346117577283e+04 -6.787747459605166114e+03 3.588955042071102071e+04 3.911775309746927087e+04 4.264716808482181514e+05 1.193898132867861477e+03 1.277439319717195986e+03 -1.368820377273285658e+03
6.196591819636043965e+02 8.596018980306610047e+02 -3.369672686619637147e+01 -2.634284858494535797e+01 -2.367788091315641168e+02 -4.801358869468027706e+02 1.193898132867892627e+03 7.421817396131667977e+01 1.030015058953486431e+02 -3.172928787224180880e+01
5.895578148905128728e+02 1.194804161334354376e+03 -1.303537492375830631e+01 -2.570479932415137370e+01 -3.191435150963935143e+02 -6.133226258531851727e+02 1.277439319717244189e+03 1.030015058953481315e+02 1.488563036173189857e+02 -3.025507776067978938e+01
-8.577918565038273755e+02 -4.153747024896465518e+02 9.377409320340800036e+01 3.615146796807754015e+01 1.354447808710639833e+02 3.426785776538941946e+02 -1.368820377273306121e+03 -3.172928787224329028e+01 -3.025507776068205956e+01 4.683911082234945411e+01
