7.14383392739041e-13
1.525233174913753e-12
2.0385933005321017e-12
2.3511141013236037e-12
2.5074057553634977e-12
2.6077774401217297e-12
2.6700552080072635e-12
2.7239547457436253e-12
2.7608302116710113e-12
2.7954489676903923e-12
2.815661045695657e-12
4.72845933922557e-12
7.819371131522125e-12
9.98856066587029e-12
1.1078818502259552e-11
1.1777439141312654e-11
1.2208354295014601e-11
1.2579107097335713e-11
1.2832215416061718e-11
1.306789658358477e-11
1.3203386220500442e-11
1.5529734378422876e-11
2.236638907356114e-11
2.5941582319121e-11
2.824863413694781e-11
2.966900249821125e-11
3.0890496891961377e-11
3.172588762070316e-11
3.2502344369090284e-11
3.294744358232592e-11
3.765284689411361e-11
4.72248022565411e-11
5.342859195471164e-11
5.724954281757259e-11
6.05341224198507e-11
6.278456595731725e-11
6.487519971675602e-11
6.607332452286075e-11
6.41729984061556e-11
7.614871743495555e-11
8.341389780419624e-11
8.966774633804923e-11
9.394853127651138e-11
9.793012342996878e-11
1.0021182912132551e-10
9.561327878409418e-11
1.0779059127366032e-10
1.1806703817697754e-10
1.2511631531864874e-10
1.3167888851480625e-10
1.3543736371100458e-10
1.2511854942595432e-10
1.395938309979525e-10
1.4926942294953676e-10
1.5835044796761467e-10
1.6354908808931243e-10
1.609122574333616e-10
1.7371260461046616e-10
1.854485154312341e-10
1.923406342113724e-10
1.9335814931529486e-10
2.0751555917676377e-10
2.1542794885618015e-10
2.3078624869909244e-10
2.411933533156729e-10
2.563499867109063e-10
4.686529440724061e-13
1.007304368951168e-12
1.3521186302174624e-12
1.5638028877931048e-12
1.6699174816680576e-12
1.738172740054688e-12
1.780566302778643e-12
1.817289187746324e-12
1.842440885812339e-12
1.8660697004924958e-12
1.8798690976745126e-12
3.162220282815793e-12
5.274142033513598e-12
6.771511634412363e-12
7.525482282104636e-12
8.008842450413518e-12
8.306994133276038e-12
8.56353622591888e-12
8.738710518501737e-12
8.901821732605957e-12
8.995579894345165e-12
1.0613561439036426e-11
1.5420728995498917e-11
1.7942092205988058e-11
1.9569793503543183e-11
2.0571861587223722e-11
2.1433641252608324e-11
2.202307938298976e-11
2.2570913845813e-11
2.2884933819531525e-11
2.6384021415347404e-11
3.332013943622165e-11
3.7814796995525476e-11
4.058313621241853e-11
4.2962828190985725e-11
4.4593466433026894e-11
4.610826255967977e-11
4.6976359269071146e-11
4.582378251930315e-11
5.4696845268445096e-11
6.007446379284388e-11
6.470389102529827e-11
6.787275103545396e-11
7.082028182677123e-11
7.250938400216855e-11
6.935258002666818e-11
7.852922493158879e-11
8.626549494708067e-11
9.157296869217082e-11
9.651436425866598e-11
9.93442642662075e-11
9.173334448615303e-11
1.0275058215733312e-10
1.1010751008416387e-10
1.1701505544711596e-10
1.209692516152081e-10
1.1915360764227898e-10
1.2896516291505765e-10
1.379594812356266e-10
1.4324481681585463e-10
1.4416186308315408e-10
1.5507142187803914e-10
1.611702999117492e-10
1.7310775039249903e-10
1.8116780310148597e-10
1.9290513715196126e-10
3.0604062586633046e-13
6.612082793440492e-13
8.906157364695429e-13
1.0324849399412027e-12
1.1037622811474628e-12
1.149685565932517e-12
1.1782427459839563e-12
1.2030066091599606e-12
1.2199895973552842e-12
1.235959735773101e-12
1.2452920610980662e-12
2.0962807250099492e-12
3.5206089166847266e-12
4.5393863626400945e-12
5.053214229683726e-12
5.382762472813004e-12
5.586050596299221e-12
5.760983425897726e-12
5.880456921623319e-12
5.99170661339521e-12
6.055650467660981e-12
7.1618845079997186e-12
1.0483739643835909e-11
1.2230693430479685e-11
1.3358855268751399e-11
1.4053365282480833e-11
1.4650657682422e-11
1.505922708928885e-11
1.543895009761384e-11
1.5656597264245707e-11
1.8195955851132587e-11
2.312311875429975e-11
2.631474067295537e-11
2.828056359502564e-11
2.997037893365741e-11
3.1128410462505005e-11
3.220414770102239e-11
3.282062030926942e-11
3.2164999934261494e-11
3.8609845354414404e-11
4.2511294151545344e-11
4.5870266943230696e-11
4.816946131510442e-11
5.0308197721119364e-11
5.153380675190615e-11
4.9440132850718035e-11
5.622806125968446e-11
6.194302119941288e-11
6.586439380039446e-11
6.95156114610972e-11
7.160655740518763e-11
6.612085404325056e-11
7.436157578197524e-11
7.985658707804573e-11
8.501884572808398e-11
8.797381739195964e-11
8.68023485088695e-11
9.419857647134647e-11
1.0097490237392278e-10
1.0496158827699989e-10
1.0582025013436919e-10
1.1409047220747412e-10
1.187117432583581e-10
1.279426415991683e-10
1.3409885075914168e-10
1.4311820793597632e-10