1.0711750619703508e-12
1.907933940657328e-12
2.3643258515871842e-12
2.6310459579470827e-12
2.807036712245424e-12
3.0008459284441266e-12
3.18629866066162e-12
3.3159860607807455e-12
3.4007473100779825e-12
3.4821402851754336e-12
3.544361910297379e-12
3.6106810561743183e-12
3.6718613001778725e-12
3.7169520422943475e-12
3.760683774334097e-12
3.822825809128992e-12
3.907472264861558e-12
4.031699408604646e-12
5.499441802314489e-12
6.415420206133166e-12
7.0443575901637844e-12
7.74054209981809e-12
8.413388734471511e-12
8.88146856142081e-12
9.188048026587454e-12
9.482724738201198e-12
9.70726786303609e-12
9.946544169226332e-12
1.0166784705036707e-11
1.0328599503036896e-11
1.0485632884449961e-11
1.0707451289950444e-11
1.1009725152189942e-11
8.055461362481035e-12
9.782454478500833e-12
1.101702622667964e-11
1.239382117465548e-11
1.3729949177467361e-11
1.4659310572509273e-11
1.5269835589116728e-11
1.5857140957352366e-11
1.63053323746713e-11
1.678200256376083e-11
1.722103560509056e-11
1.7543336466356838e-11
1.7856193330991456e-11
1.8297598435925734e-11
1.8899585652231257e-11
1.2218544562647377e-11
1.4047125035949121e-11
1.611618064173954e-11
1.8132615934601628e-11
1.9540424003612715e-11
2.046903203893386e-11
2.1360598589503163e-11
2.204350274318185e-11
2.2768949524769013e-11
2.3437078131942195e-11
2.3927234629908513e-11
2.4403164066683936e-11
2.5074738632970533e-11
2.5990789161206217e-11
1.646287701693585e-11
1.9290539849501076e-11
2.2079188990315495e-11
2.404189865490147e-11
2.5343239540273517e-11
2.65904995096038e-11
2.754903467009968e-11
2.8566980938289115e-11
2.950384012087054e-11
3.019088910670305e-11
3.085831069116401e-11
3.180024223228794e-11
3.308517954770138e-11
2.3254234656940595e-11
2.730586738985127e-11
3.0213489908000116e-11
3.2154534763023883e-11
3.4013983444743356e-11
3.5446073101213444e-11
3.6966978703123046e-11
3.836562782619535e-11
3.939126640389903e-11
4.038782344929484e-11
4.1795170664295105e-11
4.3714206077190583e-11
3.299232515034176e-11
3.726635264117453e-11
4.013615615585638e-11
4.28780526624656e-11
4.498884538770383e-11
4.723176009676868e-11
4.9293425947451334e-11
5.080579237134977e-11
5.227607649947343e-11
5.435080176901615e-11
5.718160496368701e-11
4.297537716597934e-11
4.691203398902386e-11
5.0621942762325554e-11
5.346201046365324e-11
5.648292858206434e-11
5.926003691059687e-11
6.129813230227567e-11
6.328070634351153e-11
6.607612746745044e-11
6.989134287911307e-11
5.190429005418018e-11
5.667493048856092e-11
6.02625579906722e-11
6.406218322446766e-11
6.755732436947148e-11
7.012352531188012e-11
7.262126087475065e-11
7.614174206433482e-11
8.094600594827184e-11
6.290875544424138e-11
6.762091746246532e-11
7.251389364676503e-11
7.699262283422205e-11
8.028330518621555e-11
8.349007722006309e-11
8.800761887493945e-11
9.417277266490969e-11
7.344406537420536e-11
7.952293954871293e-11
8.49883559078192e-11
8.89886352424673e-11
9.289398608515548e-11
9.839604452659966e-11
1.059066918425659e-10
8.731564539747153e-11
9.428976420457002e-11
9.926448147298731e-11
1.0412315748484862e-10
1.1098366564513733e-10
1.2035517608498722e-10
1.0311302158862073e-10
1.0938836348551979e-10
1.1534423634831601e-10
1.2374382853774543e-10
1.3525237063596495e-10
1.1703374539671548e-10
1.2417942946837428e-10
1.3393912774500495e-10
1.4737193901607935e-10
1.3309755605802196e-10
1.446860064635816e-10
1.6021150379093175e-10
1.6104864668978106e-10
1.8009035086790753e-10
2.1073964482753973e-10
7.048854677883031e-13
1.2620040370936936e-12
1.568647304992655e-12
1.7486827892239276e-12
1.8680010167151204e-12
1.9996916622815965e-12
2.125908158499158e-12
2.214219511462667e-12
2.271981975279746e-12
2.327469581924873e-12
2.3699105591480124e-12
2.4151619913941946e-12
2.4569212176911237e-12
2.4877064783810693e-12
2.5175790815783543e-12
2.5600348295511694e-12
2.61793122993759e-12
2.6870276496183018e-12
3.682694122677705e-12
4.3076452227952416e-12
4.738878906627523e-12
5.21742367650078e-12
5.680570036812942e-12
6.002923273045499e-12
6.214165407572916e-12
6.4172229620376946e-12
6.571999065726392e-12
6.736929370528803e-12
6.888748327137515e-12
7.000290271482501e-12
7.108551086724166e-12
7.2614734140413094e-12
7.46991854871394e-12
5.4281027451398674e-12
6.6157412552830145e-12
7.46928811970001e-12
8.423579209537987e-12
9.350783566224421e-12
9.996063015933618e-12
1.0420171807101706e-11
1.0828126329326602e-11
1.1139560106465965e-11
1.1470752276445413e-11
1.1775798734605477e-11
1.1999727362518936e-11
1.2217107671239659e-11
1.2523805719466423e-11
1.2942124248482782e-11
8.299891604501044e-12
9.572181328198647e-12
1.101588761526867e-11
1.2424541918833226e-11
1.3408673324465956e-11
1.4058163319758594e-11
1.468165390073611e-11
1.515941598640288e-11
1.566689580313844e-11
1.613427157789525e-11
1.647713179101131e-11
1.681005781188591e-11
1.7279849366775458e-11
1.7920701396286494e-11
1.1262585570301647e-11
1.3249436404939038e-11
1.5212068808270918e-11
1.6594725022829243e-11
1.7512021990562348e-11
1.8391043022632135e-11
1.9066863252859986e-11
1.9784527667808116e-11
2.044499314121188e-11
2.0929321958480763e-11
2.139984305993529e-11
2.2063904375259404e-11
2.2969821953926828e-11
1.6057420598807843e-11
1.8937162772925075e-11
2.1007325785190932e-11
2.239023117076301e-11
2.3714795945152323e-11
2.473526864532552e-11
2.5818995680217213e-11
2.681553517797085e-11
2.754628670543755e-11
2.825634934211216e-11
2.925915216127202e-11
3.0626566723468245e-11
2.3015401629923695e-11
2.6092656038298093e-11
2.8160091811772416e-11
3.013457642298002e-11
3.1654772224464135e-11
3.327013239447179e-11
3.475486099799558e-11
3.584401920363133e-11
3.690293142164749e-11
3.8397141399715904e-11
4.043595964554279e-11
3.0240378331201207e-11
3.3105799035846836e-11
3.5802297968403733e-11
3.7865806388767214e-11
4.006082970171187e-11
4.2078647150006586e-11
4.355957278115665e-11
4.50002589143062e-11
4.7031508516772056e-11
4.980389599664304e-11
3.676975295138699e-11
4.0269473081091145e-11
4.289721131902801e-11
4.567940004071119e-11
4.823872096762258e-11
5.011797162772278e-11
5.1947247583686395e-11
5.452538971930481e-11
5.804377247211724e-11
4.4888125823570366e-11
4.8375956738132626e-11
5.199189709358646e-11
5.530074287828147e-11
5.773214749233383e-11
6.010190244138402e-11
6.344003387262982e-11
6.799572982237994e-11
5.27191705528504e-11
5.724834061252372e-11
6.131481284407773e-11
6.42907692556287e-11
6.719679667689124e-11
7.129072699297673e-11
7.687937495961935e-11
6.31068620585009e-11
6.834267641567321e-11
7.207141410251376e-11
7.571399379893212e-11
8.085782835763386e-11
8.788482313228054e-11
7.502053596569996e-11
7.976291632631365e-11
8.425792670798415e-11
9.059744288637563e-11
9.928530821918418e-11
8.557959171807786e-11
9.100606690470162e-11
9.840677388969758e-11
1.085969732663406e-10
9.782723790967606e-11
1.0666259214820916e-10
1.184914493370582e-10
1.1925975630488264e-10
1.3385340865418585e-10
1.575813722953199e-10
4.613911035831605e-13
8.293702279169736e-13
1.0333880365032168e-12
1.1536371177651442e-12
1.2336366085682428e-12
1.3221116178368159e-12
1.407032173785157e-12
1.4664808191387261e-12
1.5053922192909434e-12
1.5427857936481026e-12
1.5714027852080307e-12
1.6019269880857666e-12
1.6301067072731391e-12
1.6508882976489349e-12
1.6710648256635714e-12
1.6997488234867432e-12
1.7389159264738296e-12
1.7763507822515068e-12
2.443823171641998e-12
2.86479801800586e-12
3.1565221190898353e-12
3.480993844833516e-12
3.7954176871995855e-12
4.01435838229413e-12
4.157896891549909e-12
4.295883796694231e-12
4.40109099533831e-12
4.513201459350755e-12
4.616406641581171e-12
4.692232325533752e-12
4.7658371635384814e-12
4.869809028242029e-12
5.011569671181997e-12
3.620138874396962e-12
4.425263814885791e-12
5.006557598766568e-12
5.657947975045511e-12
6.291526616012401e-12
6.73267901458755e-12
7.022744411742045e-12
7.301744381635857e-12
7.514800659773941e-12
7.7413579599241e-12
7.950032192742698e-12
8.103210825660096e-12
8.251917897103866e-12
8.461728488800075e-12
8.747924888060029e-12
5.571974254969366e-12
6.443030472994934e-12
7.433960916265036e-12
8.401863381558563e-12
9.078478601205978e-12
9.525218750089752e-12
9.954018774555073e-12
1.028270967421706e-11
1.0631822004056195e-11
1.095333975599503e-11
1.118919068135707e-11
1.1418218346690509e-11
1.1741405128360133e-11
1.2182294012274914e-11
7.605961410717277e-12
8.977914986838326e-12
1.0335151669639802e-11
1.1292128119105907e-11
1.1927334844834584e-11
1.2535941636319925e-11
1.3004023169058955e-11
1.3501064496188054e-11
1.3958470479843979e-11
1.4293879264246178e-11
1.461974287866834e-11
1.5079656417168253e-11
1.5707094963348328e-11
1.0930925971720387e-11
1.293995950176187e-11
1.4386445475541161e-11
1.5353256206247233e-11
1.627914410319818e-11
1.6992653465228168e-11
1.775037272499508e-11
1.8447086766323235e-11
1.895797264668306e-11
1.945441250177133e-11
2.0155551963992824e-11
2.1111624353876218e-11
1.5808640130479387e-11
1.7981257917146153e-11
1.9441552710063206e-11
2.083556620333225e-11
2.190889539074566e-11
2.304942223377852e-11
2.4097661045165257e-11
2.4866637568536826e-11
2.5614297217354167e-11
2.6669283134210603e-11
2.8108847022532963e-11
2.0935139363081995e-11
2.2979391179964088e-11
2.4900059287989167e-11
2.6369154115359307e-11
2.7931951481050565e-11
2.936856874038627e-11
3.042299552570849e-11
3.144883837531237e-11
3.289511122321134e-11
3.486916484961826e-11
2.5615079550696036e-11
2.8131261652431633e-11
3.001710539040341e-11
3.2013071272660246e-11
3.384924845224653e-11
3.5197635523270956e-11
3.65102758954197e-11
3.836016318332116e-11
4.088475707157169e-11
3.1486218520942013e-11
3.401692651338264e-11
3.6635766500776966e-11
3.903139710254664e-11
4.079199462629471e-11
4.2508210584418804e-11
4.492554943312082e-11
4.822466365998358e-11
3.719398637257901e-11
4.050302145540319e-11
4.346918668391401e-11
4.5639554478605343e-11
4.7759477561466806e-11
5.074581050615303e-11
5.4822605193154385e-11
4.482567314610572e-11
4.8682570081625515e-11
5.1423874742919e-11
5.410247884338391e-11
5.7885534636091817e-11
6.305397155269526e-11
5.364681646996372e-11
5.716583272174377e-11
6.049550264609646e-11
6.519163569019183e-11
7.162915302527317e-11
6.151625653383921e-11
6.556506252552637e-11
7.107582357207607e-11
7.866791984154575e-11
7.069986040099184e-11
7.732119074381968e-11
8.61764538880051e-11
8.688437986105374e-11
9.788198734354997e-11
1.1603468390557869e-10