1.896619094411713e-12
4.11228821192352e-12
5.4218053831919994e-12
5.949866601858975e-12
6.227523979404608e-12
6.41797852818966e-12
6.5532037774899176e-12
1.3569128855029309e-11
2.2289662742662623e-11
2.6087125259575676e-11
2.8083659464425014e-11
2.9450461502849725e-11
3.041583720396471e-11
4.76903977226411e-11
6.270599334152467e-11
7.062248073427341e-11
7.604821995210143e-11
7.988058646120573e-11
9.33608368158522e-11
1.1157608433591257e-10
1.2387447972415078e-10
1.3257572194525372e-10
1.4138135742189247e-10
1.6183687877035318e-10
1.7588985096996887e-10
1.9424946043239584e-10
2.1442149718378219e-10
2.477076806705675e-10
1.255457936170915e-12
2.7502530504260716e-12
3.64588794150814e-12
4.008242290287093e-12
4.198896953149231e-12
4.329733973906639e-12
4.4226586024633496e-12
9.255344713158523e-12
1.5380149767926394e-11
1.805982143964748e-11
1.9468868404872525e-11
2.0433539309106614e-11
2.11148730346313e-11
3.3691689925711945e-11
4.469162135677721e-11
5.049026330155733e-11
5.4464771190377233e-11
5.727211316770489e-11
6.765392192562916e-11
8.13760254912076e-11
9.063359900218588e-11
9.718405325066711e-11
1.0415599391635955e-10
1.1979469827114527e-10
1.3052913657704355e-10
1.4484194267648465e-10
1.604007847326277e-10
1.8621324449246602e-10
8.255556634876216e-13
1.8234253336876968e-12
2.428288469546785e-12
2.673735776775152e-12
2.80297350850019e-12
2.8917131826028014e-12
2.954768268033416e-12
6.235496238439237e-12
1.046418935830492e-11
1.2321991262916023e-11
1.3298991579861081e-11
1.3967908616478673e-11
1.444035192875309e-11
2.3411389214944973e-11
3.130999923815906e-11
3.547273715792311e-11
3.832616936780415e-11
4.034168144378901e-11
4.818257809054514e-11
5.832957486435324e-11
6.516822434609857e-11
7.000771915498699e-11
7.545611160925101e-11
8.721490459182709e-11
9.527447439694042e-11
1.063240343487469e-10
1.1814282431349429e-10
1.3798260640896398e-10