8.763528502807185e-13
1.531370400338718e-12
1.8995642206110516e-12
2.1394427600895218e-12
2.289921810927694e-12
2.401883496682713e-12
2.5271938993004593e-12
2.656232885866032e-12
2.760925071709629e-12
2.834455914068601e-12
2.8878616436851674e-12
2.941983307227656e-12
2.9864063273528788e-12
3.0250826956510275e-12
3.07035440687266e-12
3.1090341102139592e-12
3.1390963232738434e-12
3.163793427780822e-12
3.2028085360736423e-12
3.2422170642916617e-12
3.306536172486321e-12
3.0876566704420925e-12
4.178436627452859e-12
4.933461343239999e-12
5.4226795357254975e-12
5.795150415684095e-12
6.2134806177104004e-12
6.64565127917759e-12
6.998869361755412e-12
7.244839060111377e-12
7.424203851408443e-12
7.605837618385263e-12
7.754584234197558e-12
7.883986449980854e-12
8.035303055603845e-12
8.164209104140552e-12
8.264146651041702e-12
8.346173162518601e-12
8.475857129234502e-12
8.606005582729586e-12
8.818315369318871e-12
6.070949521201651e-12
7.486018479957367e-12
8.436655585250979e-12
9.177006798803516e-12
1.001131955799979e-11
1.0875004536706677e-11
1.1584000051882202e-11
1.2075576737894255e-11
1.2436032660732371e-11
1.2801108471213e-11
1.309957883274987e-11
1.335925008375645e-11
1.3662850831266765e-11
1.3921295118303179e-11
1.4121524091455329e-11
1.4285859651953126e-11
1.454576612153473e-11
1.48060335752728e-11
1.5230999830172693e-11
9.528747755732976e-12
1.0959237847928261e-11
1.2100476678815666e-11
1.3393020730748676e-11
1.4734500154937627e-11
1.583783461891522e-11
1.6603597464845692e-11
1.7166785836726173e-11
1.7735905163818512e-11
1.8203020227440303e-11
1.860849413500531e-11
1.9083101435867172e-11
1.948644707799439e-11
1.979923765424882e-11
2.005593050476613e-11
2.0461782758377042e-11
2.0868132375687413e-11
2.153191560899315e-11
1.2800029526732467e-11
1.4314120534823763e-11
1.604684356393357e-11
1.785378708296816e-11
1.9343546398427882e-11
2.0380949508747038e-11
2.1145424245305307e-11
2.191611792336806e-11
2.255142753256375e-11
2.3102000789543214e-11
2.3746615995454068e-11
2.42942836364477e-11
2.4718813219774528e-11
2.506734125513694e-11
2.561847130851011e-11
2.6170248002966172e-11
2.7071816875717976e-11
1.6207466258622412e-11
1.842317445629134e-11
2.0759106375142508e-11
2.26940722205111e-11
2.4048507039949487e-11
2.504864930944324e-11
2.605506994876963e-11
2.6887619716005883e-11
2.760876722048943e-11
2.8452828037582444e-11
2.917005232549782e-11
2.972545654826247e-11
3.0181925934502365e-11
3.0903371156522475e-11
3.1625799740234886e-11
3.280647286987185e-11
2.1323213539504693e-11
2.4461134766048505e-11
2.7090710859374617e-11
2.8948033846711396e-11
3.032248964398927e-11
3.1705084466605635e-11
3.28514108270368e-11
3.3844427072990184e-11
3.500580014690857e-11
3.5993539451085684e-11
3.675696828361951e-11
3.738547154180292e-11
3.837811232519169e-11
3.937284021564335e-11
4.099796807136764e-11
2.8646000842287064e-11
3.225753313901414e-11
3.484391925181953e-11
3.6760544572628576e-11
3.868787718170468e-11
4.028661186125115e-11
4.167225844141955e-11
4.329143974085506e-11
4.466941850047543e-11
4.573364930560289e-11
4.66104709351407e-11
4.7995292185290485e-11
4.938240541361432e-11
5.1649905276944425e-11
3.694110044387031e-11
4.040342306254485e-11
4.295998965492515e-11
4.55190762587384e-11
4.7637517118151084e-11
4.9475454006851724e-11
5.1622411115154664e-11
5.345030650935886e-11
5.486206628524874e-11
5.602547176575583e-11
5.786288782864741e-11
5.970308131827515e-11
6.271167388720311e-11
4.47234639767184e-11
4.796104856746273e-11
5.1164783339112556e-11
5.3797780307702815e-11
5.6082107428856e-11
5.875122439828204e-11
6.102458464015408e-11
6.278087601345607e-11
6.422854746712161e-11
6.651395334632328e-11
6.880441650119066e-11
7.254682666514626e-11
5.189931926791135e-11
5.5831470866401425e-11
5.90134402556068e-11
6.17578358652825e-11
6.496309981636623e-11
6.769377165850639e-11
6.980479381669402e-11
7.154501077188906e-11
7.4291662494222e-11
7.70459319943252e-11
8.154393006007718e-11
6.075483040106346e-11
6.475416267919701e-11
6.815030183169025e-11
7.208569074930397e-11
7.543569583200933e-11
7.802781343697359e-11
8.01654707724603e-11
8.353970298313059e-11
8.692404032808697e-11
9.24501527220054e-11
6.958000831619912e-11
7.369049714681924e-11
7.838774675216111e-11
8.235819853866788e-11
8.543127922338455e-11
8.796802849553403e-11
9.19725129667502e-11
9.598970250086841e-11
1.0254980097668456e-10
7.860411338487872e-11
8.423688366446166e-11
8.890177254516949e-11
9.24925558714448e-11
9.546222244916776e-11
1.0015408389593284e-10
1.0486255679487112e-10
1.1255343216397556e-10
9.121426194409999e-11
9.69671391759744e-11
1.0128911883120023e-10
1.0485127557075134e-10
1.1049483362457066e-10
1.1616683110729309e-10
1.2543512406681733e-10
1.039520070965777e-10
1.0918032348385435e-10
1.1338035894394009e-10
1.199857382181173e-10
1.2664494122063799e-10
1.3754106970059648e-10
1.1536111294736906e-10
1.2030209511053308e-10
1.278092169794985e-10
1.3534991083389403e-10
1.4773640091927995e-10
1.2607666016888976e-10
1.3463639095426193e-10
1.4292709262545894e-10
1.5670133030095363e-10
1.458559191719639e-10
1.558421131744251e-10
1.718178270803348e-10
1.698409183921661e-10
1.8857844063846221e-10
2.1929931776067733e-10
5.75757742927473e-13
1.0105671057115147e-12
1.25709529515065e-12
1.4183783413381026e-12
1.5199015130257869e-12
1.5956830029607644e-12
1.680644638689937e-12
1.7682501331723342e-12
1.839399338028032e-12
1.8893814534185608e-12
1.925712704459971e-12
1.9625406231017612e-12
1.9927864731866452e-12
2.0191281370139864e-12
2.049972702469819e-12
2.076333802153517e-12
2.0968278994808622e-12
2.1136710671584995e-12
2.1402918962492326e-12
2.1671879961437472e-12
2.2111393864610735e-12
2.0501232461164848e-12
2.786197475172716e-12
3.298370092925322e-12
3.6315602604409617e-12
3.8861827329924984e-12
4.172708438958585e-12
4.469099063329224e-12
4.711555057777567e-12
4.8804134309294194e-12
5.003622045492399e-12
5.128384590607877e-12
5.2305934291106775e-12
5.319512458523445e-12
5.423499654004341e-12
5.512090723859895e-12
5.580772513013234e-12
5.6371549116662945e-12
5.726305730432216e-12
5.815775321659847e-12
5.9617855688046414e-12
4.070972536790783e-12
5.037772293418542e-12
5.690188405716185e-12
6.20025543613049e-12
6.776197080346596e-12
7.373153075738344e-12
7.863533033035034e-12
8.20361741938329e-12
8.453103259483256e-12
8.705748377471519e-12
8.912383940716587e-12
9.09213729620589e-12
9.302312056670536e-12
9.481224162835168e-12
9.619826651757749e-12
9.733596954102226e-12
9.913534144284585e-12
1.0093716548754294e-11
1.0387967171223899e-11
6.440315402395288e-12
7.42770123255988e-12
8.218711952371669e-12
9.116377860345528e-12
1.0049133965763655e-11
1.0816777761271372e-11
1.1349749840553705e-11
1.174188229937684e-11
1.2138052304429873e-11
1.2463381316591506e-11
1.2745729951698013e-11
1.307623813567059e-11
1.3357107473359666e-11
1.3574908506322042e-11
1.3753666046076021e-11
1.403628965721046e-11
1.4319259602736694e-11
1.4781542450212488e-11
8.703663970572342e-12
9.758336047013385e-12
1.0968049450247032e-11
1.2231191887926107e-11
1.3273268875919076e-11
1.399928302510082e-11
1.453448433413147e-11
1.5073893745045285e-11
1.5518795166884475e-11
1.590429044320333e-11
1.635564990186487e-11
1.673910953855113e-11
1.703633443164869e-11
1.7280372411818374e-11
1.7666265593125795e-11
1.805261298420921e-11
1.8683931142099036e-11
1.1083318100421873e-11
1.2638815491885293e-11
1.4281493931331092e-11
1.5643279458997087e-11
1.659712795784828e-11
1.73017117709459e-11
1.801052517027977e-11
1.859721227191459e-11
1.910532656934289e-11
1.9700047045765656e-11
2.020539590050431e-11
2.0596683781317163e-11
2.0918316941528788e-11
2.1426632582528325e-11
2.1935650317011674e-11
2.2767597017937058e-11
1.468790697794883e-11
1.6911449553798838e-11
1.8777138202625366e-11
2.0096145118517803e-11
2.1072547742196146e-11
2.205451493366328e-11
2.2869080634802397e-11
2.3574644331768025e-11
2.4399788969002258e-11
2.5101602528600045e-11
2.5643945734922588e-11
2.609051806840196e-11
2.6795776240759262e-11
2.750255266153136e-11
2.8657273892426704e-11
1.9898941056428213e-11
2.2484206283237593e-11
2.433823218006246e-11
2.5712420451793968e-11
2.709399631432294e-11
2.8240347012067894e-11
2.923388066300462e-11
3.039477225028493e-11
3.1382798402672794e-11
3.214575261713136e-11
3.2774450206131486e-11
3.3767355897734707e-11
3.4761905573678686e-11
3.638777829931206e-11
2.5862229165795244e-11
2.8366778363274007e-11
3.0215660336996576e-11
3.2065250175085886e-11
3.359639911718311e-11
3.4924847330682485e-11
3.6476536864429625e-11
3.7797737948842796e-11
3.881805610660913e-11
3.965898505313885e-11
4.098706491513576e-11
4.231714250294602e-11
4.4491833419177625e-11
3.151437202556682e-11
3.387469671057111e-11
3.620703242555448e-11
3.8122821027876904e-11
3.978491354314321e-11
4.172691257652216e-11
4.3381126502289834e-11
4.46590320115355e-11
4.5712490043082693e-11
4.737548935092155e-11
4.904222649530604e-11
5.1765522426492527e-11
3.6766146278123e-11
3.965102486766959e-11
4.1981901562092935e-11
4.399128910544104e-11
4.6337974047638177e-11
4.833744425996189e-11
4.9883184486785305e-11
5.115753630733933e-11
5.316879592408436e-11
5.518576033161553e-11
5.847955874796052e-11
4.329378436419244e-11
4.6249738237205465e-11
4.875620652353339e-11
5.165890273043538e-11
5.412998137754698e-11
5.604213893404531e-11
5.761921791054815e-11
6.010850665264315e-11
6.260540887504646e-11
6.668232343051216e-11
4.984111161691873e-11
5.289676952986334e-11
5.638367089372419e-11
5.932980140664904e-11
6.161031384233054e-11
6.349307631432924e-11
6.646513435445312e-11
6.944681158996793e-11
7.43157868310969e-11
5.657376522073626e-11
6.078447433258882e-11
6.426603808210277e-11
6.694528207516298e-11
6.9161621952278e-11
7.266342367525145e-11
7.617789545619383e-11
8.191843361006705e-11
6.604034069018309e-11
7.036691556318085e-11
7.361206286679333e-11
7.628678411526078e-11
8.052520604812473e-11
8.478563208274528e-11
9.174746866203796e-11
7.5655740028062e-11
7.960837838983208e-11
8.277936197755746e-11
8.776538295341197e-11
9.279355698725448e-11
1.010216150959345e-10
8.430807703843231e-11
8.805982508355991e-11
9.37497379817256e-11
9.946572119096818e-11
1.0885736559359323e-10
9.24673395901526e-11
9.898340377602013e-11
1.0528542177085633e-10
1.1576335033816717e-10
1.0759523372119986e-10
1.1522899163558933e-10
1.2743370045214678e-10
1.260256563735494e-10
1.404070011635091e-10
1.6420849531907537e-10
3.7640550829858926e-13
6.629236331739185e-13
8.264874420373113e-13
9.338640692659052e-13
1.0016520896585824e-12
1.0523953258116118e-12
1.1093749430809072e-12
1.1681991716390668e-12
1.2160175739500914e-12
1.2496175699670687e-12
1.2740589854338653e-12
1.2988420128705409e-12
1.3192074122326007e-12
1.3369506757761025e-12
1.3577352363993862e-12
1.3755053573163437e-12
1.389325563377743e-12
1.4006888494545078e-12
1.4186580616342178e-12
1.4368206181045338e-12
1.4665434166749458e-12
1.3512833343244142e-12
1.842643419349518e-12
2.1860203852945683e-12
2.410160588404574e-12
2.5820018065156774e-12
2.7757166593353163e-12
2.9763412524264367e-12
3.140583645360568e-12
3.2549863149536345e-12
3.3385035913950675e-12
3.4230726339878046e-12
3.492377001111137e-12
3.552672689845637e-12
3.6231930486781005e-12
3.683277031114665e-12
3.729859055041728e-12
3.768106109811012e-12
3.828588818218272e-12
3.889291005404332e-12
3.988397113793564e-12
2.704388776574168e-12
3.3562704992622568e-12
3.7978490055542826e-12
4.144238077930706e-12
4.536068145079785e-12
4.94265651222432e-12
5.276858186782448e-12
5.5086864467580675e-12
5.678818490463541e-12
5.8510821665842166e-12
5.9920261518689775e-12
6.114622423286061e-12
6.257974096461231e-12
6.380002781526257e-12
6.4745330065554225e-12
6.552135859613095e-12
6.674872857870239e-12
6.7977768325294934e-12
6.998517873486555e-12
4.305767859454148e-12
4.977201325877132e-12
5.517026807608558e-12
6.130740125219934e-12
6.769133472744592e-12
7.294806225402256e-12
7.659901087989913e-12
7.928602070012492e-12
8.200015846792781e-12
8.422995267421122e-12
8.616488525573323e-12
8.842995961317719e-12
9.035477756703568e-12
9.184732151219e-12
9.307242000909303e-12
9.5009314412762e-12
9.694860376860094e-12
1.0011703914876385e-11
5.847921539073935e-12
6.570683777028697e-12
7.401389102739993e-12
8.2697896974423e-12
8.986611992146626e-12
9.486243141906251e-12
9.854666247627758e-12
1.022590104345208e-11
1.0532238648475223e-11
1.0797635826049982e-11
1.110838719673171e-11
1.137238301790942e-11
1.1576998900957164e-11
1.1745014630960542e-11
1.2010691229316676e-11
1.227668361816043e-11
1.2711363533142367e-11
7.482293149003131e-12
8.555550520158709e-12
9.690707058751964e-12
1.0632420051531392e-11
1.1292418378839204e-11
1.1780075495490842e-11
1.2270547326588802e-11
1.2676704621790137e-11
1.3028429928829715e-11
1.3440104237055512e-11
1.3789915557220718e-11
1.4060744212359278e-11
1.4283390076991366e-11
1.4635250218687983e-11
1.4987604264730325e-11
1.556352805454242e-11
9.977401864366248e-12
1.1524373523703796e-11
1.282387847467112e-11
1.3743364201282784e-11
1.4424185908421928e-11
1.5108760556022027e-11
1.567686238200209e-11
1.616891185497155e-11
1.674432587617395e-11
1.7233760063399718e-11
1.7611925329371915e-11
1.7923361099769943e-11
1.8415174103458376e-11
1.8908069789802288e-11
1.97133731958098e-11
1.3616809276840588e-11
1.5432209210748686e-11
1.6735770672281956e-11
1.7702069007476882e-11
1.8673367840410733e-11
1.9479452989407543e-11
2.017806979215785e-11
2.09943045937534e-11
2.1689044280280446e-11
2.22254560386853e-11
2.2667534952599232e-11
2.3365692566906508e-11
2.4065004003240996e-11
2.5208286984661373e-11
1.7821115819345067e-11
1.959728897924424e-11
2.0907980709841824e-11
2.2218312480718624e-11
2.3302973307144472e-11
2.4244070095782276e-11
2.5343237803953275e-11
2.6279213780182847e-11
2.7001980300454403e-11
2.7597732870058505e-11
2.8538587633900806e-11
2.94808482199047e-11
3.1021520846541794e-11
2.1845197689970232e-11
2.3531734432401626e-11
2.5195661572683624e-11
2.6561480357675683e-11
2.7746410879241192e-11
2.913085372223886e-11
3.031025548012887e-11
3.122133644095155e-11
3.1972461624472675e-11
3.315815152675188e-11
3.4346547353081256e-11
3.628826370685607e-11
2.5612521235006863e-11
2.7686887709828948e-11
2.935990885644998e-11
3.0801367136284624e-11
3.248468774111929e-11
3.391913787014451e-11
3.502809959986607e-11
3.5942431875467845e-11
3.738542279916659e-11
3.883259938085544e-11
4.119581346619057e-11
3.032926430478453e-11
3.247087549605647e-11
3.4283775140029236e-11
3.638180377037556e-11
3.816797319354543e-11
3.9550274114955634e-11
4.069045349700569e-11
4.249008183918403e-11
4.4295330396505457e-11
4.7242796333134295e-11
3.509179087690688e-11
3.731893321111112e-11
3.9856220158698647e-11
4.199892142300454e-11
4.36577553895025e-11
4.5027456977959266e-11
4.7189596342441096e-11
4.9358872288901404e-11
5.290112525823026e-11
4.0018302090100884e-11
4.3105738644936525e-11
4.565362355497288e-11
4.761376285536044e-11
4.923567570016047e-11
5.17984445479254e-11
5.437069323384371e-11
5.857218105189547e-11
4.6992239054278575e-11
5.018549944395638e-11
5.2575822570280176e-11
5.454596644052833e-11
5.766869985785464e-11
6.080819440922357e-11
6.593847650628037e-11
5.411922996298081e-11
5.705353475380234e-11
5.940344522509523e-11
6.309740864839652e-11
6.682398801387882e-11
7.292284760610593e-11
6.056621102071823e-11
6.336533305864145e-11
6.760012495745732e-11
7.185476350347256e-11
7.884791091009517e-11
6.667471444669757e-11
7.15497703869434e-11
7.625464911724062e-11
8.408539483745948e-11
7.806201254314575e-11
8.379960753244212e-11
9.296272401151845e-11
9.201774091904213e-11
1.0287143101656094e-10
1.2110771955984346e-10