4.267340376147682e-12
9.168251417513828e-12
1.1536963897361113e-11
1.24264891264126e-11
1.2980502506528513e-11
2.995554501328603e-11
4.648310723194955e-11
5.314163776545331e-11
5.729012713063942e-11
9.103493604133648e-11
1.1463277220894257e-10
1.292048177152044e-10
1.5822019096752345e-10
1.8615172771821393e-10
2.3553021347397366e-10
2.8582001584824025e-12
6.219630692084297e-12
7.861287603985674e-12
8.478313618355876e-12
8.862672192749995e-12
2.0878502441407787e-11
3.281414249948897e-11
3.763788056258743e-11
4.0643458819906536e-11
6.590605526609745e-11
8.36781420673279e-11
9.464768283967577e-11
1.1707004759014017e-10
1.3850027636179305e-10
1.7678107234032954e-10
1.897172156583349e-12
4.171782543123757e-12
5.292535796012136e-12
5.7141181890559324e-12
5.9767858260350445e-12
1.4333075266627746e-11
2.2787151945013964e-11
2.6213715004097392e-11
2.8348903283331294e-11
4.689390694932033e-11
6.003271928592665e-11
6.813723389308213e-11
8.520791553268053e-11
1.0138816384015348e-10
1.307455147735852e-10