2.4311601449367087e-13
5.491330448708386e-13
7.119685062587343e-13
8.651755511047449e-13
9.571052180799355e-13
1.019387838347225e-12
1.0738054200936311e-12
1.1141260300334986e-12
1.17021246276696e-12
1.5927294031273333e-12
2.3131005124519906e-12
3.0208428258217327e-12
3.4470280123782843e-12
3.735551409584577e-12
3.986864288948671e-12
4.171957742872252e-12
4.427439530011701e-12
3.7043000477888056e-12
5.27549007107111e-12
6.255388120126584e-12
6.923432784328568e-12
7.506301411376004e-12
7.935055425558147e-12
8.527186632001492e-12
8.531673210920671e-12
1.088613655044364e-11
1.2496657040844887e-11
1.3898688097584205e-11
1.493086770053631e-11
1.635605237419054e-11
1.5016337971628803e-11
1.8094420422028202e-11
2.0694060494957788e-11
2.2610351768359698e-11
2.525723204504507e-11
2.3321635595534256e-11
2.788606965881086e-11
3.1156389147283006e-11
3.5684374016512604e-11
3.5595019028154035e-11
4.118515707959803e-11
4.8676802575487636e-11
4.9885660136543315e-11
6.111131866366785e-11
8.274740200205426e-11
1.6229068364807046e-13
3.700586181661318e-13
4.822670972293256e-13
5.886399088169277e-13
6.525992366331065e-13
6.959750168216963e-13
7.339064973034269e-13
7.620313247905181e-13
8.012036970279978e-13
1.0866975768440962e-12
1.589065705478577e-12
2.0859382690127852e-12
2.385610506235922e-12
2.5885594611284753e-12
2.7653707924313196e-12
2.8955899275902536e-12
3.07535422384523e-12
2.5694194579377236e-12
3.687856287331892e-12
4.3870960356435214e-12
4.863980165036722e-12
5.28011249359646e-12
5.586205877472503e-12
6.0089717580639445e-12
6.0424084522889455e-12
7.758132211909e-12
8.931234702495986e-12
9.952262425868477e-12
1.0703986317824957e-11
1.1741952588942798e-11
1.081160546235242e-11
1.309454700212854e-11
1.5018738416166026e-11
1.6437282146328443e-11
1.839672340592002e-11
1.703038538587977e-11
2.0467145917950784e-11
2.2926083885504797e-11
2.63311876423868e-11
2.6354314636260827e-11
3.0621229061430586e-11
3.633248220188781e-11
3.733374374713796e-11
4.597758046747678e-11
6.283775226348862e-11
1.0742084426690167e-13
2.4680808946889917e-13
3.2302874529755705e-13
3.957728442912784e-13
4.3959403158572305e-13
4.693411201618701e-13
4.953792863743677e-13
5.147020577076997e-13
5.416575299093109e-13
7.320140215487148e-13
1.076564488670417e-12
1.4193688907660291e-12
1.626408432163765e-12
1.7666661263700736e-12
1.888883359300686e-12
1.9788942761093004e-12
2.1031707930061224e-12
1.7549543051345275e-12
2.5359028672809942e-12
3.0252257205794987e-12
3.3590436081412556e-12
3.650364405552223e-12
3.864646415842448e-12
4.160630451392744e-12
4.203719839930374e-12
5.428050902468766e-12
6.264602244233406e-12
6.992509380837084e-12
7.528461127375787e-12
8.268507857799391e-12
7.638295577697875e-12
9.296037061826093e-12
1.0689972971026215e-11
1.171772472477002e-11
1.3137426165877493e-11
1.2200157391036786e-11
1.473584812931992e-11
1.654698937016964e-11
1.905550740031233e-11
1.9149316388135732e-11
2.2345978619920177e-11
2.6617475637323188e-11
2.744081841888331e-11
3.398207016165979e-11
4.695264870310976e-11