2.2430923663770394e-13
4.652656425907884e-13
6.74090322029526e-13
8.152260333465733e-13
8.948065932729655e-13
9.65272280008731e-13
1.0129520675541085e-12
1.0425073145425753e-12
1.0652831286876857e-12
1.0856893940302923e-12
1.0998972233253712e-12
1.1105928556940785e-12
1.123000659865502e-12
1.1311331471451217e-12
1.1388633757871803e-12
1.146481139355262e-12
1.1525725920526297e-12
1.156824056344906e-12
1.1604110129657627e-12
1.2066726431932966e-12
2.024039941563899e-12
2.630230821441677e-12
2.9791003341288758e-12
3.2918365896532484e-12
3.503981901470216e-12
3.635756577605833e-12
3.737168497415485e-12
3.8281649137509e-12
3.891513017258497e-12
3.9392904444560915e-12
3.994663869867483e-12
4.030996971244108e-12
4.0656047741186345e-12
4.099581946302709e-12
4.126835172428769e-12
4.145834331185033e-12
4.1616966665731375e-12
4.072062895431073e-12
5.992967553890935e-12
7.19874177406247e-12
8.3106969360748e-12
9.064968522547683e-12
9.534456711722342e-12
9.894930751475227e-12
1.0217901063117247e-11
1.0441879252700584e-11
1.0610686569463983e-11
1.0805657365232279e-11
1.0933102297650268e-11
1.1054682892631522e-11
1.1173516953653551e-11
1.1268642716047454e-11
1.1334307510156887e-11
1.1388674961033481e-11
9.878335807619561e-12
1.2655495769163567e-11
1.531195541408751e-11
1.7123120132251907e-11
1.825616562374022e-11
1.9127065971465014e-11
1.990778907135067e-11
2.0448155560674337e-11
2.0855712767226564e-11
2.1325937301021745e-11
2.1633544168506847e-11
2.1926755496737422e-11
2.221331648940271e-11
2.244253805342046e-11
2.2600191146528905e-11
2.2730583587374083e-11
1.714284286908723e-11
2.182606113900641e-11
2.509667191354618e-11
2.7159957212123364e-11
2.8751667407844487e-11
3.017841971769802e-11
3.116506693347785e-11
3.190899495453618e-11
3.2767714014682616e-11
3.332985119444642e-11
3.386531008554888e-11
3.4389119111990205e-11
3.480762749958199e-11
3.5095193964801156e-11
3.5333403321074545e-11
2.9699341522732445e-11
3.568486193912034e-11
3.9523401151750434e-11
4.248629383840923e-11
4.514261461110897e-11
4.697910785069844e-11
4.836409207794822e-11
4.996228156024982e-11
5.1009748125043126e-11
5.200669564069017e-11
5.2983215995482136e-11
5.376215117380504e-11
5.429722836133798e-11
5.47414713711015e-11
4.484584687037301e-11
5.1050560714311354e-11
5.576352008132682e-11
5.998566459991326e-11
6.290520393629324e-11
6.511162437449239e-11
6.765230324072818e-11
6.932070897556249e-11
7.090553382942401e-11
7.246062658152506e-11
7.369969133374062e-11
7.455060192386215e-11
7.525831957162847e-11
5.99613129581105e-11
6.690119047373026e-11
7.29886491892644e-11
7.719319914533453e-11
8.03780769800319e-11
8.404389092687191e-11
8.644706445218769e-11
8.873250596798558e-11
9.097727168124211e-11
9.276423208758557e-11
9.399113141388744e-11
9.501307732065344e-11
7.643330751785259e-11
8.49061110035693e-11
9.062586314621297e-11
9.496434936794843e-11
9.996515082950592e-11
1.0323706629104697e-10
1.0635514998261975e-10
1.0941858739131678e-10
1.1185510336662141e-10
1.1352735949809429e-10
1.1492219575896061e-10
9.651484269434695e-11
1.0432556967540929e-10
1.1010294875661888e-10
1.1677620213761114e-10
1.2114925024105962e-10
1.2532076783686216e-10
1.2942135769079482e-10
1.32680640658089e-10
1.3491609902808e-10
1.3678253008618112e-10
1.1432783460984093e-10
1.21646783792926e-10
1.2981822016224791e-10
1.3518955066499245e-10
1.403268195200114e-10
1.453796560175348e-10
1.493947756667227e-10
1.521462638817354e-10
1.5444529094340515e-10
1.307883472173594e-10
1.4063523774347255e-10
1.4679966146276889e-10
1.5281363144500735e-10
1.587494745942055e-10
1.6346623428554312e-10
1.666977758503977e-10
1.693997053956611e-10
1.540683087364987e-10
1.6160429274691042e-10
1.6836822706724746e-10
1.754183292851369e-10
1.8107394036645042e-10
1.8495112176686398e-10
1.8819570663232604e-10
1.7212893464183068e-10
1.8003809173647183e-10
1.8737517626050684e-10
1.9368081242502468e-10
1.9804758827799918e-10
2.017103154200954e-10
1.9229697594035395e-10
2.0081065203679456e-10
2.069355977429491e-10
2.116465031951439e-10
2.157092381806521e-10
2.144733093765352e-10
2.2212739305766716e-10
2.2695838403970905e-10
2.311503326686094e-10
2.3385884988261067e-10
2.4019160241296135e-10
2.4487961315652536e-10
2.485031090470374e-10
2.5455268345565667e-10
2.6217778094889626e-10
1.462684683865222e-13
3.045935857840865e-13
4.430199473746763e-13
5.373667215946788e-13
5.908806760411368e-13
6.384661712752384e-13
6.707108977831464e-13
6.907193043978394e-13
7.061466611357116e-13
7.199775213743892e-13
7.296103586013604e-13
7.368655412651124e-13
7.452840006305964e-13
7.508038238910269e-13
7.560535213436974e-13
7.61227584952172e-13
7.653669061403029e-13
7.682558282514181e-13
7.706922069268525e-13
7.940218020858514e-13
1.3386780571659567e-12
1.7461160020452848e-12
1.9821435620544743e-12
2.194651368472307e-12
2.3390078680015937e-12
2.4287688783887773e-12
2.4978990645328084e-12
2.5599683413302003e-12
2.60319621870356e-12
2.6358166783243557e-12
2.6736353933842124e-12
2.69846030409815e-12
2.7221197716593814e-12
2.745357256138093e-12
2.764002125636611e-12
2.7769985344664705e-12
2.787850226162566e-12
2.714756888972202e-12
4.019737244358907e-12
4.845531668949486e-12
5.610627288450839e-12
6.130273315443956e-12
6.453919617285746e-12
6.7024805084588215e-12
6.9252128135064956e-12
7.0796743128025546e-12
7.196100934422012e-12
7.330576710353053e-12
7.418486901545281e-12
7.50235818484585e-12
7.584341933301893e-12
7.649969581202818e-12
7.695261786840138e-12
7.732761818021104e-12
6.682783516199732e-12
8.605790303931184e-12
1.0454227325468514e-11
1.1716087520998583e-11
1.250590080238242e-11
1.3113123285749619e-11
1.3657498707701182e-11
1.4034249274722142e-11
1.4318411790624798e-11
1.464627283502298e-11
1.4860765176977153e-11
1.506521155293488e-11
1.5265034954073313e-11
1.542486508675637e-11
1.553477549584977e-11
1.562568486946355e-11
1.174116949843312e-11
1.503879454176184e-11
1.73466944447401e-11
1.8803604182923243e-11
1.9927838031320116e-11
2.093557699280945e-11
2.1632417168388265e-11
2.2157827316749406e-11
2.276433512062199e-11
2.316139394728345e-11
2.3539589455225892e-11
2.39095885486841e-11
2.420518013965678e-11
2.4408268786313526e-11
2.457651818905797e-11
2.0653755603634154e-11
2.494794118851865e-11
2.7704461918407747e-11
2.983217943937475e-11
3.1739760219031787e-11
3.305856167039754e-11
3.4053145306175276e-11
3.520082090144732e-11
3.595309075907217e-11
3.6669036130132655e-11
3.737038262350396e-11
3.792975423517315e-11
3.831398662545845e-11
3.863304285422732e-11
3.1603860543053e-11
3.6127463577883186e-11
3.955899665480798e-11
4.2632890349292756e-11
4.475847601310731e-11
4.636507368573291e-11
4.8214835444013415e-11
4.9429733145722236e-11
5.0583596528057184e-11
5.171598625173909e-11
5.261813991235541e-11
5.3237655549362626e-11
5.375301089196382e-11
4.270607654080524e-11
4.783140140523865e-11
5.232044178185717e-11
5.542083101683747e-11
5.7769860640055854e-11
6.047332274306178e-11
6.224564348150194e-11
6.393107936120468e-11
6.558677280755348e-11
6.690462895729179e-11
6.78094159812658e-11
6.856320502002576e-11
5.49500918911698e-11
6.12747777243661e-11
6.553827144813025e-11
6.877298490416913e-11
7.250156346897178e-11
7.494086275984587e-11
7.726568662960744e-11
7.955004291261799e-11
8.136666700944395e-11
8.261341728069453e-11
8.365355632002982e-11
7.003486123236395e-11
7.59212029920457e-11
8.026998216290531e-11
8.529381521154194e-11
8.858604901225294e-11
9.172693815766638e-11
9.481478050183043e-11
9.726876981673879e-11
9.895178849932107e-11
1.0035725929892048e-10
8.352240192531577e-11
8.907609727249323e-11
9.526735558542666e-11
9.933779887665249e-11
1.0323173861649353e-10
1.0706213658618929e-10
1.1010550808030379e-10
1.121908773000355e-10
1.1393367219272508e-10
9.60629625181988e-11
1.035685464194591e-10
1.0825870961596644e-10
1.1283904665635773e-10
1.1736095574124943e-10
1.209537984948309e-10
1.2341509324852644e-10
1.254734206394958e-10
1.1390059697106978e-10
1.1966852286707375e-10
1.2483652374662873e-10
1.3023395420331618e-10
1.345646043978471e-10
1.375332656242499e-10
1.400180582948945e-10
1.2779217899960975e-10
1.3386237484946773e-10
1.3948868905974037e-10
1.4433266649668425e-10
1.476876685549508e-10
1.505023899306282e-10
1.433497359115539e-10
1.4990481038210046e-10
1.5461668674861845e-10
1.5824680793583737e-10
1.6137919493805813e-10
1.6048838079197454e-10
1.6640043063817824e-10
1.7013409169936865e-10
1.7337714046904856e-10
1.7548704896490746e-10
1.8039120602884453e-10
1.8402699455498695e-10
1.8682647887600132e-10
1.9151561046697312e-10
1.9741706781259803e-10
9.50854499577008e-14
1.9859854887769996e-13
2.8972457574880703e-13
3.522553641454292e-13
3.879033170476385e-13
4.197216597772717e-13
4.413112849634342e-13
4.547212128473818e-13
4.65067201863952e-13
4.743486501212378e-13
4.808156548843467e-13
4.856890544507278e-13
4.91345585734439e-13
4.950562083147007e-13
4.985873668175355e-13
5.020687065023649e-13
5.048553956878079e-13
5.068005716394642e-13
5.084407825671584e-13
5.19716559834277e-13
8.79692295935772e-13
1.1508605133677964e-12
1.3088304491014127e-12
1.4516135989692806e-12
1.548733038047101e-12
1.6091819872557755e-12
1.6557732670963878e-12
1.6976347810657328e-12
1.7268041901568121e-12
1.7488293637123303e-12
1.7743749156250161e-12
1.791152350295088e-12
1.8071524595294907e-12
1.8228756945847744e-12
1.835497072076655e-12
1.844295395127444e-12
1.8516440082273034e-12
1.7951270862189616e-12
2.6710232742236865e-12
3.229105967748213e-12
3.748308862045254e-12
4.101357592191396e-12
4.321359750634598e-12
4.490363712093702e-12
4.641827527353447e-12
4.746866960830534e-12
4.8260498741847904e-12
4.917512971827674e-12
4.977311310466751e-12
5.034366812267619e-12
5.090144456610362e-12
5.134795576273043e-12
5.1656064038131946e-12
5.1911178042911e-12
4.471314465723532e-12
5.782570297910967e-12
7.0484057021125084e-12
7.913538967764215e-12
8.455270497687346e-12
8.871849973013182e-12
9.245330022407346e-12
9.503791155880621e-12
9.698738877095203e-12
9.923670201982725e-12
1.0070833634981472e-11
1.0211100004115398e-11
1.034820408735018e-11
1.0457862286570368e-11
1.053326225384157e-11
1.0595630466220633e-11
7.936929149357985e-12
1.021832466544031e-11
1.1818101775598043e-11
1.2828553270847112e-11
1.3608455671043201e-11
1.4307551309100142e-11
1.4790944795778242e-11
1.515541461638471e-11
1.5576157880436614e-11
1.5851618108943647e-11
1.611398075462898e-11
1.6370677492934712e-11
1.6575735864358215e-11
1.6716613366021784e-11
1.6833335564111746e-11
1.4147384802348473e-11
1.7169098267298546e-11
1.9110322227338365e-11
2.060862018859661e-11
2.1951904937959564e-11
2.2880567234313498e-11
2.3580936618635958e-11
2.4389096656699823e-11
2.4918871870343376e-11
2.5423040230449283e-11
2.5916972323628453e-11
2.6310875371329386e-11
2.6581437964837576e-11
2.6806138060193322e-11
2.19093381376794e-11
2.5141612279772542e-11
2.758982190555608e-11
2.978261540165206e-11
3.129897951292124e-11
3.244525310225829e-11
3.3764853916576275e-11
3.463168935060361e-11
3.5454855077533e-11
3.6262817880294445e-11
3.690643800107208e-11
3.7348402647074733e-11
3.7716118556167876e-11
2.990247876540106e-11
3.3612701911776564e-11
3.6856670055593904e-11
3.909703984032067e-11
4.079487991579617e-11
4.274869526985771e-11
4.402956779748589e-11
4.5247621257035236e-11
4.64443526268024e-11
4.7396786503259313e-11
4.805067121602571e-11
4.8595527545797597e-11
3.882697046214647e-11
4.345718305081522e-11
4.657310511581391e-11
4.893778884187844e-11
5.1663606411989266e-11
5.3446674570981515e-11
5.514625847833576e-11
5.681644294813704e-11
5.8144481276156e-11
5.90558803445586e-11
5.98163937379881e-11
4.994734615722442e-11
5.4301621269223845e-11
5.75135496843312e-11
6.122472566787349e-11
6.365683793522592e-11
6.597748390720147e-11
6.825918721439322e-11
7.007228660400436e-11
7.13156841010358e-11
7.235423074554947e-11
5.99789833286468e-11
6.411906070672571e-11
6.872503444111476e-11
7.175400896938184e-11
7.465248625932882e-11
7.750400858426965e-11
7.976937848004842e-11
8.132148952086752e-11
8.26188775687718e-11
6.937363199459985e-11
7.499727773026199e-11
7.850208350835189e-11
8.192983549966974e-11
8.531490341998262e-11
8.800423277536908e-11
8.984638712710821e-11
9.138724329485626e-11
8.283175426594083e-11
8.717280582230165e-11
9.105026432558462e-11
9.511289840416599e-11
9.837389855073619e-11
1.0060919289554654e-10
1.0248053442951e-10
9.336543379189328e-11
9.794666582025059e-11
1.021827435436147e-10
1.0584292477153364e-10
1.0837898122571403e-10
1.1050723097211958e-10
1.0521401669312868e-10
1.1017629700343624e-10
1.1373054576704139e-10
1.1648141864232593e-10
1.1885810282819974e-10
1.1829887426438523e-10
1.227924029353814e-10
1.256252365102854e-10
1.2809031277604076e-10
1.2976924041976499e-10
1.3351653679416529e-10
1.3628998778924358e-10
1.3845600229781173e-10
1.420490311263206e-10
1.4658203263478503e-10