3.728549516147587e-13
7.793386865036723e-13
1.0953008321666166e-12
1.2625514875466052e-12
1.3882751737647605e-12
1.4615830881162206e-12
1.509945720262842e-12
1.5475020464389117e-12
1.5724635091168339e-12
1.5938805375440643e-12
1.6117915241227283e-12
1.6259093132843097e-12
1.6398418331230952e-12
1.6494228727779062e-12
1.6563956789099624e-12
2.1463309846984136e-12
3.649591229496637e-12
4.556113019080144e-12
5.26864124058292e-12
5.685384751063706e-12
5.96042707663672e-12
6.1737711834921946e-12
6.314893338340459e-12
6.436279845164378e-12
6.536910176820301e-12
6.616905180551744e-12
6.695117735985981e-12
6.748714065821026e-12
6.787073283700926e-12
7.722820862250009e-12
1.0799895162616123e-11
1.3395328644452019e-11
1.4918761919617972e-11
1.592761485101567e-11
1.67098693569523e-11
1.7225755519559465e-11
1.7669542891571414e-11
1.8035833184698485e-11
1.8328041266763805e-11
1.8612594921264283e-11
1.880682355190543e-11
1.8944640584837254e-11
1.6552793212644826e-11
2.2112371239642244e-11
2.5472311543217622e-11
2.7714088723052918e-11
2.945666470869779e-11
3.0604124237056547e-11
3.1591819170502165e-11
3.240697225867895e-11
3.305740916259348e-11
3.369105781235576e-11
3.412284688139466e-11
3.442903233741594e-11
3.2572991057954e-11
3.9696630119687505e-11
4.4505541382774935e-11
4.824404653499675e-11
5.070533753697751e-11
5.2825278230581786e-11
5.4574139252184056e-11
5.597025938130142e-11
5.733145481992499e-11
5.825754398099924e-11
5.891469989806439e-11
5.110037014322865e-11
5.932102399701794e-11
6.560187756890113e-11
6.973921626655975e-11
7.330540330870855e-11
7.624822723199061e-11
7.85949666394803e-11
8.08860930300382e-11
8.244347182699564e-11
8.354905058892425e-11
7.193872866210757e-11
8.181694334911632e-11
8.819962302246028e-11
9.371151546610534e-11
9.826183054154785e-11
1.0188981386170682e-10
1.0543491885782012e-10
1.0784233465714918e-10
1.0955197579055956e-10
9.626413294739975e-11
1.0563717592511368e-10
1.1354635768365062e-10
1.2009459618198934e-10
1.2532332537504166e-10
1.3043483471678363e-10
1.3390267566624469e-10
1.363654050234214e-10
1.1812347531978743e-10
1.284926960342362e-10
1.3682773033467738e-10
1.4353641605690902e-10
1.5010090989273559e-10
1.5455152560649947e-10
1.5771197550045117e-10
1.4252122896878447e-10
1.531421080767669e-10
1.6123364057432254e-10
1.6939217746489192e-10
1.7493488185474775e-10
1.7887260679802474e-10
1.6800743102003335e-10
1.7770895880785605e-10
1.869755897235805e-10
1.9357447569128677e-10
1.9828372307823293e-10
1.9278698142466274e-10
2.0347791513339063e-10
2.1035796899592468e-10
2.156816702035299e-10
2.2081488286528027e-10
2.297162391760647e-10
2.353458406025999e-10
2.4260345432078277e-10
2.500888166176386e-10
2.6009752201873897e-10
2.436473161352084e-13
5.117701722901826e-13
7.222134981291027e-13
8.344476090119106e-13
9.192643677556485e-13
9.687986332313715e-13
1.001517140721698e-12
1.0269485471288534e-12
1.0438605618521745e-12
1.0583838138240746e-12
1.0705317933065122e-12
1.0801185551290598e-12
1.0895819419635282e-12
1.0960929288683736e-12
1.1008294969258454e-12
1.4200084837871783e-12
2.431313582956135e-12
3.04707982590377e-12
3.5342459124325653e-12
3.8196119418799525e-12
4.008095215562208e-12
4.154368599149173e-12
4.2511432706514266e-12
4.334416244127299e-12
4.403452585128677e-12
4.458364295685409e-12
4.512059022041367e-12
4.548855873462498e-12
4.5751857544430585e-12
5.2023323585367506e-12
7.322140516441619e-12
9.122679974558969e-12
1.018101901777224e-11
1.0882176222797207e-11
1.1425950809670635e-11
1.1784538654794536e-11
1.2093035313985934e-11
1.2347651727207174e-11
1.2550796707987945e-11
1.2748620398184411e-11
1.288363555639386e-11
1.2979423722264683e-11
1.1327638796498414e-11
1.5240295218826634e-11
1.7610586372417288e-11
1.919288824013424e-11
2.0423053328235872e-11
2.1233035978414805e-11
2.1930277606351504e-11
2.2505719004090517e-11
2.2964898866017154e-11
2.3412243402888746e-11
2.3717046366235348e-11
2.3933177038700017e-11
2.2717284245410587e-11
2.7848003307527835e-11
3.131297590933057e-11
3.400662175532061e-11
3.5779988063081444e-11
3.730749020922021e-11
3.8567579225334184e-11
3.957355497344266e-11
4.055441708218049e-11
4.1221673891250866e-11
4.1695173284271404e-11
3.617918966036442e-11
4.220673346012195e-11
4.680590587419796e-11
4.983560072999045e-11
5.2447245973678354e-11
5.460238941229094e-11
5.632093011301782e-11
5.7998913146811795e-11
5.913939867807511e-11
5.994905393194827e-11
5.1596310467679696e-11
5.894978148660594e-11
6.369553385206587e-11
6.77945031138851e-11
7.117848980738305e-11
7.387646887312323e-11
7.651309151232575e-11
7.830337939951029e-11
7.957481480958952e-11
6.984482770376942e-11
7.690845292522935e-11
8.286208475994865e-11
8.779220060426799e-11
9.172910014825097e-11
9.557809739053744e-11
9.818908952511494e-11
1.0004336680318507e-10
8.640755857635004e-11
9.428306536612836e-11
1.0060600686113613e-10
1.0569735563106666e-10
1.1067983662915981e-10
1.140574524429944e-10
1.1645599107479046e-10
1.0503745016296755e-10
1.1315433907340564e-10
1.193286423678514e-10
1.2556125505841685e-10
1.2979537636662617e-10
1.3280352794130956e-10
1.246166471928657e-10
1.3205778097006442e-10
1.391643711902284e-10
1.442306194050166e-10
1.47846536010963e-10
1.4372543292936663e-10
1.5195914176022972e-10
1.5725694276803057e-10
1.6136126052233093e-10
1.653912770376144e-10
1.722757730969465e-10
1.7663400300669996e-10
1.8225834410204981e-10
1.8805934665721572e-10
1.9580625312879786e-10
1.586379882662655e-13
3.34455714542284e-13
4.735115522029154e-13
5.481390075051427e-13
6.04801924335808e-13
6.379432797618234e-13
6.598605676179238e-13
6.769137483019373e-13
6.882620400268578e-13
6.980166965749125e-13
7.061789523749336e-13
7.12628410706922e-13
7.189980579896656e-13
7.233835438755455e-13
7.265735100666247e-13
9.333524132308448e-13
1.6068342338246459e-12
2.0202196067930255e-12
2.3491563132072903e-12
2.542107112538934e-12
2.6696442166340014e-12
2.768670497581503e-12
2.8342033760798097e-12
2.8906166693974546e-12
2.937391475777495e-12
2.9746180574950365e-12
3.011028189795312e-12
3.035983719549691e-12
3.053839626503058e-12
3.4687663736280696e-12
4.9080753170503165e-12
6.138063557059913e-12
6.861952969188424e-12
7.341710044037402e-12
7.713844196918173e-12
7.959233414944953e-12
8.170358935522618e-12
8.344608264217357e-12
8.483646323900309e-12
8.619044841065989e-12
8.711447523755025e-12
8.776997706759174e-12
7.652066891653743e-12
1.0357766833574095e-11
1.200042545746167e-11
1.3097472935282305e-11
1.3950498469313045e-11
1.4512126246367535e-11
1.4995602392179907e-11
1.5394624951516155e-11
1.571303766694767e-11
1.602325571955518e-11
1.623460796618926e-11
1.6384471811445067e-11
1.560071512976779e-11
1.9224373613092864e-11
2.1672092934726565e-11
2.3574792323193466e-11
2.482743579560746e-11
2.590646036559427e-11
2.679656095084793e-11
2.7507189329337886e-11
2.8200111417099413e-11
2.867144596063682e-11
2.9005924879942762e-11
2.518983354453787e-11
2.952113535863549e-11
3.2820971290266816e-11
3.499484292681527e-11
3.686889364517252e-11
3.8415382502777836e-11
3.964851681978151e-11
4.085266790532853e-11
4.1671032165981665e-11
4.225202690163797e-11
3.637249533753683e-11
4.1739978116091e-11
4.519919387905077e-11
4.8187511493071094e-11
5.065467092389848e-11
5.262161747279505e-11
5.454403054217897e-11
5.584923609859033e-11
5.677621104619438e-11
4.9805805287359077e-11
5.503085908479439e-11
5.94283449737783e-11
6.30706858552301e-11
6.597948293944881e-11
6.882359766097931e-11
7.075269991658493e-11
7.21227447994166e-11
6.213446053903837e-11
6.801116596257902e-11
7.272145086794524e-11
7.651650482761784e-11
8.023088440316133e-11
8.27485461430024e-11
8.453643111054848e-11
7.612947903400834e-11
8.222944200966372e-11
8.68578736144089e-11
9.153836198754902e-11
9.471809521588241e-11
9.697722566118456e-11
9.095119327291354e-11
9.656315427019933e-11
1.0191839814719648e-10
1.0574456528057977e-10
1.0847600839154467e-10
1.0549579016466422e-10
1.1173077413589901e-10
1.157360018293142e-10
1.18849176448923e-10
1.220408320761871e-10
1.272879158829826e-10
1.306023753864338e-10
1.3495445116007708e-10
1.3939416617975013e-10
1.453450490971873e-10