1.3974162627194234e-12
2.562784937380496e-12
3.1410356671981395e-12
3.4660598529221934e-12
3.807885597743956e-12
4.0831166019646635e-12
4.245024094870263e-12
4.382712421803464e-12
4.491788726554585e-12
4.60315536639014e-12
4.681351993451152e-12
4.773508083564776e-12
4.904493330240164e-12
5.763188815225316e-12
7.79544448507693e-12
9.03245186704546e-12
1.035263367663045e-11
1.1424517965408397e-11
1.2053345911638603e-11
1.2589525449402749e-11
1.3013630677424412e-11
1.3445989847224195e-11
1.3748647852188656e-11
1.4105386162778967e-11
1.461011803817056e-11
1.1257695654404646e-11
1.3564209042185734e-11
1.6080033443982512e-11
1.8133900865758806e-11
1.9345015503697402e-11
2.038052283800445e-11
2.1197164445542635e-11
2.2031645795084906e-11
2.2615276286834667e-11
2.3303443850319575e-11
2.427698580304218e-11
1.6903363600437877e-11
2.0754079815165722e-11
2.395083551926092e-11
2.5856084437250738e-11
2.7488361435597386e-11
2.8774524189671453e-11
3.00906745797662e-11
3.101057443806126e-11
3.209574004995533e-11
3.363144094146719e-11
2.6746349992636455e-11
3.2028607567275826e-11
3.524884843492834e-11
3.801267192966163e-11
4.018943489884427e-11
4.241867702800645e-11
4.397638123947203e-11
4.581458318780393e-11
4.8416628021561e-11
3.990032275696024e-11
4.498381024193137e-11
4.929709628482286e-11
5.268854743960914e-11
5.616224015189097e-11
5.859021197477791e-11
6.145588499985966e-11
6.55129492702868e-11
5.191528427082809e-11
5.794002979493677e-11
6.259557160610336e-11
6.735216924420463e-11
7.067956379177714e-11
7.460709139942181e-11
8.017003155354292e-11
6.628465743034072e-11
7.278620457606738e-11
7.929251751483008e-11
8.383749137169407e-11
8.920841945925177e-11
9.681738098422766e-11
8.140807834183931e-11
9.007359018037322e-11
9.598330959221291e-11
1.0298146710009417e-10
1.1290791593355272e-10
1.0178599488789075e-10
1.097629680682837e-10
1.1896026632254867e-10
1.3204683843010977e-10
1.199431363938708e-10
1.3137225911629498e-10
1.4729807774701525e-10
1.472207000597093e-10
1.6760049003674583e-10
1.999781302858766e-10
9.218420605377479e-13
1.7012272061149123e-12
2.0917669792808636e-12
2.31264542404764e-12
2.5456817310411196e-12
2.733613423371493e-12
2.844235098463852e-12
2.93836735891247e-12
3.0129597231514334e-12
3.0891508083129104e-12
3.1426606209894207e-12
3.205753966038701e-12
3.295478875807602e-12
3.862322735000924e-12
5.251139864224419e-12
6.102616033234443e-12
7.01442084356169e-12
7.755678186609514e-12
8.190791495911861e-12
8.56191846456653e-12
8.855440739568423e-12
9.154734584106036e-12
9.364236266898479e-12
9.61119922149746e-12
9.960635026559942e-12
7.634401601894321e-12
9.236198928957309e-12
1.0989754483308493e-11
1.2423049473497956e-11
1.3268815885243539e-11
1.3992137194916705e-11
1.4562488495755443e-11
1.5145412745620826e-11
1.5553081947037366e-11
1.603380126030933e-11
1.6713892914878547e-11
1.1572194499672794e-11
1.428140782461036e-11
1.6534614253087025e-11
1.7878813380634824e-11
1.9030688442546007e-11
1.9938216290166515e-11
2.0867060069632142e-11
2.1516220048626697e-11
2.2282049149965677e-11
2.336587823830267e-11
1.8543362613534323e-11
2.2317612639622877e-11
2.4622302984899362e-11
2.6600520975994512e-11
2.815838464079587e-11
2.975399164571449e-11
3.086890088064533e-11
3.2184635883112355e-11
3.4047163222072e-11
2.8006129440389718e-11
3.1695326451371355e-11
3.4822401635622416e-11
3.728050416888155e-11
3.979842499910451e-11
4.155836957720192e-11
4.363566133855982e-11
4.6576658645067875e-11
3.67776629151137e-11
4.119717734053376e-11
4.4607237060741885e-11
4.809090599710209e-11
5.052804271690975e-11
5.340483332051416e-11
5.747968949994315e-11
4.739081766810558e-11
5.221284852333231e-11
5.703148072444766e-11
6.03974800621133e-11
6.43755644838978e-11
7.001153620498808e-11
5.867257206679071e-11
6.515892097010836e-11
6.957609085885045e-11
7.480789837122841e-11
8.22296884168813e-11
7.401609702988603e-11
8.004105580157731e-11
8.697911900757535e-11
9.68536444394115e-11
8.779266883605567e-11
9.64759555673858e-11
1.0856685001079037e-10
1.0863640904484812e-10
1.242235925067065e-10
1.4925639024793328e-10
6.045551777034816e-13
1.121167814746001e-12
1.382103570738609e-12
1.5304677819418566e-12
1.6874502734805526e-12
1.8142278052043779e-12
1.8888969624481817e-12
1.952473623316289e-12
2.0028693544028784e-12
2.054368960733917e-12
2.090548633221621e-12
2.133230858114421e-12
2.1939715943529784e-12
2.5646006954496336e-12
3.501262777131604e-12
4.079070178253921e-12
4.6996980256450005e-12
5.20481735287009e-12
5.501470671997549e-12
5.7545691276520005e-12
5.9547277484265756e-12
6.158858732488118e-12
6.3017447183232324e-12
6.47019715989949e-12
6.708564206238406e-12
5.118145687945279e-12
6.213053745406038e-12
7.41559970337146e-12
8.399583404323201e-12
8.980570843284939e-12
9.477551876475859e-12
9.869382165656005e-12
1.0269916165625688e-11
1.0550017752765548e-11
1.0880328745758544e-11
1.1347650491730752e-11
7.819813855832941e-12
9.692747884236733e-12
1.1253001725647647e-11
1.2184587286357084e-11
1.298302985684037e-11
1.3612046290384522e-11
1.4255926498682478e-11
1.4705907447126327e-11
1.5236786164355957e-11
1.5988136532202052e-11
1.2667685230776117e-11
1.5313518794326416e-11
1.6931508518918456e-11
1.8320327122885434e-11
1.941392457637375e-11
2.0534119568524627e-11
2.1316824850394253e-11
2.224055504038259e-11
2.3548202038460426e-11
1.9343819837882464e-11
2.1968210827722206e-11
2.4190040816398746e-11
2.5936024555757023e-11
2.7724615821091585e-11
2.897481257961614e-11
3.045048465974499e-11
3.2539770587102705e-11
2.562063770403751e-11
2.8797868916638167e-11
3.124526155674917e-11
3.374509133999934e-11
3.5494122115796956e-11
3.755873045767078e-11
4.048328653725279e-11
3.3305137890406554e-11
3.6811212542462114e-11
4.0308928759238416e-11
4.275218664840552e-11
4.564004275060692e-11
4.97316005570887e-11
4.155949591630505e-11
4.632215299922142e-11
4.9559831799674415e-11
5.339554749175245e-11
5.883751957078996e-11
5.290001145881637e-11
5.736788081528194e-11
6.250454430557511e-11
6.981753624151218e-11
6.317104078588104e-11
6.965254598552731e-11
7.866828168388025e-11
7.884247573551084e-11
9.0564776741487e-11
1.0967199462027479e-10