2.8040008906900037e-12
5.3437893221196014e-12
6.691129673469048e-12
7.57661949565933e-12
8.087949583680892e-12
8.491969054083321e-12
8.904374003236158e-12
1.2623872379451643e-11
1.7707488517447547e-11
2.1160665950012304e-11
2.3171744844587518e-11
2.476052653897901e-11
2.638019276872853e-11
2.8298101818401633e-11
3.670971763985526e-11
4.175100306516316e-11
4.573709010625884e-11
4.979988114502944e-11
5.19771728540136e-11
6.217735894869739e-11
7.012595555071684e-11
7.823643762096052e-11
7.907616936075879e-11
9.283545263323401e-11
1.0665231739602846e-10
1.1457705059679648e-10
1.365966146196761e-10
1.7415323747891045e-10
1.8658187717544914e-12
3.5873300901589114e-12
4.5131139662939655e-12
5.123226694767692e-12
5.4758265101263205e-12
5.754500192672575e-12
6.039033553938149e-12
8.584990676763994e-12
1.2134822586565761e-11
1.4554004555414602e-11
1.5963917739381276e-11
1.7077873189544696e-11
1.821350296027781e-11
1.9655957598827367e-11
2.5687209892541425e-11
2.9306746524030236e-11
3.2168697864961765e-11
3.508575509956176e-11
3.6823029468738114e-11
4.430977158496147e-11
5.013748386697293e-11
5.608438190187753e-11
5.6925355683674604e-11
6.72132276840051e-11
7.753478880475418e-11
8.370944235852747e-11
1.0041274104253446e-10
1.293219290328944e-10
1.231987763213507e-12
2.385486501116033e-12
3.0129833167965157e-12
3.427540877408923e-12
3.667300987649419e-12
3.856846074064019e-12
4.050438515674994e-12
5.76896491288637e-12
8.207120353903525e-12
9.873525669076548e-12
1.0845318772598407e-11
1.1613185828064973e-11
1.2396009632379978e-11
1.3450212265172833e-11
1.769218911139454e-11
2.0240774935824414e-11
2.2255891112880284e-11
2.4309841271349614e-11
2.565321601235423e-11
3.103879632528052e-11
3.5225588375269933e-11
3.949840873207346e-11
4.0275071115026224e-11
4.782015670522708e-11
5.538155602908242e-11
6.011646222541138e-11
7.2562158543172e-11
9.448909356977038e-11