1.0711747809658718e-12
1.907933441215261e-12
2.3643252331354392e-12
2.631045269826808e-12
2.8070359781235392e-12
3.0008451436445816e-12
3.1862978273682207e-12
3.315985193594158e-12
3.4007464207365e-12
3.48213937455358e-12
3.5443609834052458e-12
3.6106801119392024e-12
3.67186033994352e-12
3.716951070268462e-12
3.760682790871808e-12
3.8228248094158405e-12
3.907471243004141e-12
4.031698353601589e-12
5.499440363763689e-12
6.415418528181212e-12
7.044355747792774e-12
7.740540075399174e-12
8.413386534114189e-12
8.881466238742706e-12
9.18804562377979e-12
9.482722258351721e-12
9.707265324471624e-12
9.946541568089865e-12
1.0166782046305292e-11
1.0328596801989532e-11
1.0485630142336595e-11
1.0707448489828551e-11
1.1009722273014737e-11
8.055459255299596e-12
9.782451919677471e-12
1.1017023345123703e-11
1.2393817933141376e-11
1.3729945586617694e-11
1.4659306738786177e-11
1.526983159581947e-11
1.585713681050939e-11
1.6305328110634083e-11
1.678199817507268e-11
1.722103110159142e-11
1.7543331878573078e-11
1.7856188661392324e-11
1.8297593650894107e-11
1.8899580709770206e-11
1.2218541366410185e-11
1.4047121361531814e-11
1.6116176426462246e-11
1.813261119219703e-11
1.954041889330604e-11
2.046902668592709e-11
2.1360593003419973e-11
2.204349697853862e-11
2.27689435704229e-11
2.3437072002875766e-11
2.3927228372662002e-11
2.440315768497687e-11
2.5074732075639332e-11
2.5990782364313966e-11
1.646287271029774e-11
1.929053480334025e-11
2.207918321520113e-11
2.4041892367056264e-11
2.534323291242917e-11
2.6590492555775918e-11
2.754902746567345e-11
2.8566973467684628e-11
2.9503832405274844e-11
3.0190881211438834e-11
3.085830262136186e-11
3.180023391615925e-11
3.308517089554434e-11
2.3254228572337315e-11
2.7305860244957e-11
3.0213482004236953e-11
3.215452635286467e-11
3.4013974549163445e-11
3.5446063831475625e-11
3.6966969035786927e-11
3.836561779313421e-11
3.9391256102628894e-11
4.038781288741481e-11
4.1795159734377867e-11
4.371419464542167e-11
3.299231651167476e-11
3.726634288396402e-11
4.013614565264717e-11
4.287804144670049e-11
4.498883362178216e-11
4.723174774493556e-11
4.929341305662739e-11
5.080577908504686e-11
5.227606282867694e-11
5.4350787555655604e-11
5.718159001003583e-11
4.2975365900091623e-11
4.6912021696247343e-11
5.06219295140453e-11
5.346199647974728e-11
5.6482913810528727e-11
5.926002141334465e-11
6.129811627209933e-11
6.328068979487601e-11
6.607611018778108e-11
6.98913246017177e-11
5.1904276442637907e-11
5.66749156427478e-11
6.026254222172372e-11
6.4062166469392e-11
6.755730670223088e-11
7.012350697374009e-11
7.262124188344494e-11
7.614172215238885e-11
8.094598477995519e-11
6.290873895623348e-11
6.762089975214166e-11
7.251387467530506e-11
7.69926026987354e-11
8.028328419106271e-11
8.349005538640504e-11
8.800759585992262e-11
9.417274803763524e-11
7.344404613216077e-11
7.952291873161317e-11
8.498833367747821e-11
8.898861197007022e-11
9.289396179210165e-11
9.839601879486624e-11
1.0590666414672612e-10
8.731562252408625e-11
9.428973951981916e-11
9.926445550597058e-11
1.0412313025348078e-10
1.1098363662143574e-10
1.203551446106739e-10
1.0311299456880612e-10
1.093883348395018e-10
1.1534420617003683e-10
1.2374379617630915e-10
1.3525233526576435e-10
1.1703371472073487e-10
1.2417939694367757e-10
1.3393909271410973e-10
1.4737190047627996e-10
1.330975211324503e-10
1.446859685784456e-10
1.6021146189215642e-10
1.6104860428244953e-10
1.8009030371293952e-10
2.1073958930775813e-10
7.048853423724733e-13
1.2620038130446528e-12
1.5686470267173892e-12
1.7486824790568053e-12
1.8680006853966943e-12
1.9996913076097037e-12
2.1259077814440343e-12
2.2142191187563007e-12
2.2719815723348425e-12
2.327469169141639e-12
2.369910138838496e-12
2.4151615630593604e-12
2.456920781950246e-12
2.487706037180462e-12
2.517578635079745e-12
2.5600343755229333e-12
2.61793076563709e-12
2.687027172754017e-12
3.682693469359478e-12
4.307644458704258e-12
4.738878066081673e-12
5.217422751088111e-12
5.680569029268231e-12
6.002922208375595e-12
6.214164305461854e-12
6.417221823924139e-12
6.5719979001658774e-12
6.736928175718314e-12
6.888747105401835e-12
7.0002890299648476e-12
7.108549826006224e-12
7.26147212620199e-12
7.469917223903735e-12
5.428101782167177e-12
6.615740081669771e-12
7.469286794765583e-12
8.423577715399249e-12
9.35078190768067e-12
9.996061243032962e-12
1.0420169959028669e-11
1.0828124408923593e-11
1.1139558130836272e-11
1.1470750242080027e-11
1.1775796646140032e-11
1.199972523433963e-11
1.2217105504507608e-11
1.2523803498340769e-11
1.2942121953165906e-11
8.299890132024048e-12
9.572179630080943e-12
1.1015885661212746e-11
1.2424539715043988e-11
1.3408670946270015e-11
1.4058160826447757e-11
1.4681651296888972e-11
1.5159413297837882e-11
1.5666893024575916e-11
1.613426871644414e-11
1.6477128868753932e-11
1.681005483058358e-11
1.727984630215468e-11
1.7920698218007415e-11
1.1262583572143491e-11
1.3249434054371046e-11
1.5212066109777283e-11
1.6594722079395687e-11
1.7512018884608765e-11
1.8391039760881553e-11
1.9066859871287845e-11
1.9784524158970545e-11
2.044498951524361e-11
2.092931824661709e-11
2.1399839264623872e-11
2.2063900462174836e-11
2.2969817880174427e-11
1.6057417749256395e-11
1.893715941224492e-11
2.1007322058135913e-11
2.2390227199076374e-11
2.371479173899614e-11
2.4735264258371147e-11
2.5818991101133697e-11
2.681553042216892e-11
2.754628182003903e-11
2.8256344330783043e-11
2.925914697209363e-11
3.0626561291774804e-11
2.3015397542447827e-11
2.6092651404589866e-11
2.8160086813741445e-11
3.013457107713116e-11
3.165476660997924e-11
3.327012649383784e-11
3.475485483412619e-11
3.584401284660909e-11
3.690292487682611e-11
3.839713458989317e-11
4.043595247412936e-11
3.02403729535758e-11
3.310579315135769e-11
3.580229161343882e-11
3.7865799671592546e-11
4.0060822596509955e-11
4.207863968722269e-11
4.3559565055759906e-11
4.5000250933404034e-11
4.703150017562355e-11
4.980388716380355e-11
3.676974641002492e-11
4.026946592606892e-11
4.2897203705982965e-11
4.567939193825129e-11
4.823871241225351e-11
5.0117962739166996e-11
5.194723837071548e-11
5.4525380049097654e-11
5.8043762177916644e-11
4.4888117842981156e-11
4.837594814426256e-11
5.199188786828128e-11
5.5300733070012356e-11
5.7732137253325126e-11
6.010189178214896e-11
6.344002262138574e-11
6.799571776317336e-11
5.2719161183900306e-11
5.7248330448145603e-11
6.131480196711064e-11
6.429075785305574e-11
6.719678475927104e-11
7.129071434938119e-11
7.687936132487217e-11
6.310685084517239e-11
6.834266428044771e-11
7.207140131605296e-11
7.57139803698204e-11
8.085781401720449e-11
8.788480754567646e-11
7.502052263120866e-11
7.976290215876665e-11
8.425791175686488e-11
9.059742681817014e-11
9.928529061062509e-11
8.55795765024352e-11
9.100605073744127e-11
9.840675643473077e-11
1.085969540062343e-10
9.782722049574467e-11
1.0666257320553567e-10
1.1849142832146104e-10
1.1925973499795874e-10
1.3385338488338322e-10
1.575813441329378e-10
4.613910479106092e-13
8.2937012806582e-13
1.0333879121871203e-12
1.1536369790042713e-12
1.2336364601905707e-12
1.3221114588192552e-12
1.4070320045549434e-12
1.4664806427642604e-12
1.5053920382396338e-12
1.542785608100863e-12
1.5714025962194724e-12
1.601926795426213e-12
1.6301065112245136e-12
1.6508880991010176e-12
1.6710646246890639e-12
1.6997486190624884e-12
1.7389157173368829e-12
1.7763505684694997e-12
2.443822877643473e-12
2.8647976734068598e-12
3.1565217394173988e-12
3.4809934261388416e-12
3.7954172306932556e-12
4.014357899478929e-12
4.157896391483478e-12
4.2958832800377415e-12
4.401090466030345e-12
4.513200916559982e-12
4.61640608637832e-12
4.692231761211679e-12
4.765836590364163e-12
4.869808442563162e-12
5.011569068452588e-12
3.6201384388758876e-12
4.4252632825281234e-12
5.006556996524537e-12
5.657947294481068e-12
6.291525859266162e-12
6.732678204827719e-12
7.022743567119376e-12
7.301743503469767e-12
7.514799755987665e-12
7.741357028891434e-12
7.950031236613672e-12
8.103209851108902e-12
8.251916904668157e-12
8.461727471131015e-12
8.747923835970144e-12
5.571973584613406e-12
6.443029697878626e-12
7.433960022021839e-12
8.401862370953422e-12
9.07847750929191e-12
9.525217604484935e-12
9.954017577400824e-12
1.028270843753946e-11
1.0631820725394507e-11
1.0953338438666103e-11
1.1189189335663405e-11
1.1418216973452434e-11
1.174140371625335e-11
1.2182292547142726e-11
7.605960495616492e-12
8.977913906713458e-12
1.0335150426355715e-11
1.1292126760867819e-11
1.1927333410285747e-11
1.2535940128626753e-11
1.3004021605089887e-11
1.350106287244849e-11
1.3958468801095734e-11
1.4293877545159981e-11
1.461974112039155e-11
1.5079654603578718e-11
1.5707093074297807e-11
1.093092465621475e-11
1.2939957944424167e-11
1.4386443744625322e-11
1.535325435937642e-11
1.6279142145202635e-11
1.699265142151675e-11
1.7750370590192673e-11
1.8447084547739516e-11
1.8957970366658527e-11
1.945441016204166e-11
2.015554953993908e-11
2.111162181483777e-11
1.5808638226331796e-11
1.7981255751438265e-11
1.9441550369924688e-11
2.0835563696759356e-11
2.1908892755592675e-11
2.3049419461634806e-11
2.4097658146997176e-11
2.486663457789228e-11
2.561429413679135e-11
2.6669279926767605e-11
2.81088436419567e-11
2.0935136837804285e-11
2.2979388409487697e-11
2.4900056290536814e-11
2.6369150943180744e-11
2.793194812158141e-11
2.9368565208287674e-11
3.042299186681411e-11
3.144883459304454e-11
3.289510726700443e-11
3.486916065599641e-11
2.5615076459525315e-11
2.813125826228039e-11
3.001710177763303e-11
3.201306742194801e-11
3.384924438122532e-11
3.5197631290137246e-11
3.651027150442422e-11
3.836015856984645e-11
4.088475215447088e-11
3.1486214723885e-11
3.401692241472429e-11
3.6635762092352665e-11
3.903139240805163e-11
4.079198972030991e-11
4.250820547205874e-11
4.4925544030042644e-11
4.8224657860130334e-11
3.719398188926276e-11
4.050301657824148e-11
4.3469181454584814e-11
4.563954898941599e-11
4.7759471817503326e-11
5.0745804403080925e-11
5.4822598599781636e-11
4.482566774376321e-11
4.868256421896773e-11
5.142386855594056e-11
5.4102472336057787e-11
5.788552767429816e-11
6.30539639693503e-11
5.364681000227139e-11
5.716582583509986e-11
6.049549536629566e-11
6.519162784948097e-11
7.162914441058644e-11
6.151624911512705e-11
6.556505462564387e-11
7.107581502274633e-11
7.866791038027137e-11
7.069985186374086e-11
7.732118143075845e-11
8.617644352333506e-11
8.688436932812419e-11
9.788197555465378e-11
1.1603466983651881e-10