4.240138921291868e-12
8.246781524324361e-12
1.0423292906246854e-11
1.1505620903000063e-11
1.2361855449007994e-11
2.0513652594164487e-11
2.989655693124299e-11
3.48027970367477e-11
3.8686109112131376e-11
5.16605140196667e-11
6.557592998070169e-11
7.650788736141363e-11
9.233059761242e-11
1.1522271072638467e-10
1.5782823823169038e-10
2.8396804476932664e-12
5.581566182025783e-12
7.0889558427817786e-12
7.83950024726765e-12
8.433391997090735e-12
1.4124539180150693e-11
2.0788207075071448e-11
2.4282334811182037e-11
2.7048112600745075e-11
3.6593440714626265e-11
4.681230180394507e-11
5.483512375795628e-11
6.687766615109003e-11
8.411193528873797e-11
1.1676291394575805e-10
1.8847185879034853e-12
3.736525796887363e-12
4.7649740830106315e-12
5.277633813780822e-12
5.683389803743617e-12
9.592024398294985e-12
1.4238193774063009e-11
1.6680523841376727e-11
1.861383077865078e-11
2.549015396832747e-11
3.284529386694482e-11
3.861533880835994e-11
4.760840611106938e-11
6.034302177854782e-11
8.496863695489475e-11