1.4345784753885416e-13
3.114220740864089e-13
4.0976393499956833e-13
4.699632054952549e-13
5.358723967272536e-13
5.900046137882442e-13
6.220851723773224e-13
6.495844961125001e-13
6.714655763289699e-13
6.939445507147433e-13
7.097932747961397e-13
7.286249784362572e-13
7.557191421495842e-13
8.571124122680901e-13
1.2662126590801811e-12
1.5368580434245263e-12
1.836320128275396e-12
2.0827857027898417e-12
2.2281998507310342e-12
2.3526223240970866e-12
2.4509507093054824e-12
2.551403393965275e-12
2.6217004744119258e-12
2.704676322103776e-12
2.8222013383731265e-12
2.0261153283830915e-12
2.581541711738189e-12
3.209311616891164e-12
3.727837835898185e-12
4.0355627443057345e-12
4.299331539127039e-12
4.507058728227053e-12
4.719716031161373e-12
4.868367348286069e-12
5.043769608273219e-12
5.292019645349479e-12
3.444846149557428e-12
4.492813634875434e-12
5.3769672608899134e-12
5.9082763141485825e-12
6.364362809463468e-12
6.7233984905809325e-12
7.091345772718326e-12
7.348387114906167e-12
7.651781475932224e-12
8.081322385973672e-12
6.281996858123301e-12
7.919617149033695e-12
8.930758835850013e-12
9.798806876987508e-12
1.0481763956473578e-11
1.1181809107220414e-11
1.1670863963575575e-11
1.2248232962611823e-11
1.3065724127450178e-11
1.0587581574298702e-11
1.2366716088619476e-11
1.3861168402608673e-11
1.5032897497032145e-11
1.6233759950919326e-11
1.707326341805128e-11
1.8064399829806255e-11
1.9467912296314298e-11
1.499135062946009e-11
1.727792958866766e-11
1.9019977759496736e-11
2.079739003496734e-11
2.2041780521070057e-11
2.3510999008085105e-11
2.5592690172850915e-11
2.075086851477074e-11
2.3436952923151988e-11
2.608723129381898e-11
2.79382117679473e-11
3.0127609048330774e-11
3.3230327293169766e-11
2.7306296507117516e-11
3.1160305344606946e-11
3.374784695427441e-11
3.6818264820285075e-11
4.117803157402613e-11
3.685133194302767e-11
4.0677625016298697e-11
4.5017385616083984e-11
5.1209567275998426e-11
4.596477431761367e-11
5.172408772446689e-11
5.965183655580063e-11
6.069247280230913e-11
7.152996535319248e-11
9.179325721235515e-11
9.520595476257013e-14
2.082816782270366e-13
2.7527601529624744e-13
3.1665895522410827e-13
3.622100425312598e-13
3.997113484362716e-13
4.219625626770995e-13
4.410583067770682e-13
4.562651952094159e-13
4.719053305618579e-13
4.829434117026863e-13
4.960759441120235e-13
5.150131763439706e-13
5.792324044861753e-13
8.608148958308382e-13
1.0487564231501905e-12
1.257704747118037e-12
1.42996464073634e-12
1.531676873005756e-12
1.6187351739877869e-12
1.687530665933095e-12
1.7578322646165246e-12
1.8070314047366703e-12
1.8651129356597315e-12
1.947397795216967e-12
1.387535033460404e-12
1.7763224320953067e-12
2.21775243769173e-12
2.582903349584096e-12
2.799779192910692e-12
2.985713943545284e-12
3.1321278070844023e-12
3.2820455687481475e-12
3.386837447389427e-12
3.5104951329385663e-12
3.685525592981833e-12
2.3851290769907065e-12
3.1290220786657623e-12
3.757947904917061e-12
4.136251003598768e-12
4.4610401193914935e-12
4.716703031495977e-12
4.9787462678783225e-12
5.161799206685518e-12
5.3778731082400035e-12
5.6838082815116954e-12
4.413368050484698e-12
5.595020441023157e-12
6.3257382401177115e-12
6.952956740599904e-12
7.446378178487222e-12
7.952175600793675e-12
8.305528869361604e-12
8.722706839440532e-12
9.313402523745952e-12
7.542977654926381e-12
8.847636961611847e-12
9.9415922431177e-12
1.0798939406083627e-11
1.1677636758071772e-11
1.2291954076680727e-11
1.3017246287787146e-11
1.4044333683050854e-11
1.079322113694396e-11
1.2488526951734534e-11
1.3777359932566365e-11
1.509203569934747e-11
1.6012592579188464e-11
1.709949250813559e-11
1.863955333967697e-11
1.509578641211791e-11
1.711034410674072e-11
1.909412282222492e-11
2.0479601963428196e-11
2.211857987886707e-11
2.4441357189440865e-11
2.0043358998206918e-11
2.2961458438371512e-11
2.4916902137830893e-11
2.7237856342515414e-11
3.0533852975417257e-11
2.731575483217636e-11
3.023923651940192e-11
3.354956636424546e-11
3.8274371585792576e-11
3.431239521475245e-11
3.873767936541079e-11
4.48233356690502e-11
4.569642749663045e-11
5.407630399008352e-11
6.989395550421813e-11
6.272686908393742e-14
1.380701762918085e-13
1.831435034462227e-13
2.1120327961916705e-13
2.4223891365565983e-13
2.678455324574616e-13
2.830560996793912e-13
2.9612474077342123e-13
3.0654182856306804e-13
3.1726918236709485e-13
3.24849236855738e-13
3.338812440184313e-13
3.469427589666776e-13
3.87154576946862e-13
5.78160980254893e-13
7.066198713447114e-13
8.500527948971816e-13
9.684820507492747e-13
1.0384563117121106e-12
1.098366481348448e-12
1.1457075924698683e-12
1.1940980640401176e-12
1.227965456220494e-12
1.2679540075418598e-12
1.3246230314338368e-12
9.375127613318686e-13
1.204995905645868e-12
1.5099349114801255e-12
1.762519883698302e-12
1.9126414834316845e-12
2.041366894035085e-12
2.1427236029344758e-12
2.2465231875096845e-12
2.3190773366693414e-12
2.4046989333768963e-12
2.5259035773100913e-12
1.6265272863163199e-12
2.1446284084022274e-12
2.583498530246726e-12
2.8477001229465433e-12
3.0745515058525554e-12
3.2531145827311736e-12
3.4361538818866097e-12
3.5640153875546547e-12
3.714949042657721e-12
3.92866900642095e-12
3.0481799182259243e-12
3.883557266878961e-12
4.400832055085426e-12
4.844738753194183e-12
5.193906074441507e-12
5.5518464663333605e-12
5.801908970210099e-12
6.097150238784441e-12
6.515203784667103e-12
5.2762258888082714e-12
6.212906177772129e-12
6.9966987344018915e-12
7.610647838281154e-12
8.239904076457089e-12
8.67986184242047e-12
9.199307401261454e-12
9.934915250512994e-12
7.625061231285405e-12
8.855639081506223e-12
9.788855703115323e-12
1.0740501423610974e-11
1.1406974076479742e-11
1.2193895011114847e-11
1.3308955465141719e-11
1.0773439186935849e-11
1.2253540022388543e-11
1.3707605865340096e-11
1.4723116472191685e-11
1.5924598644595517e-11
1.7627420938456508e-11
1.443391373921392e-11
1.6600283895970883e-11
1.8048528853817206e-11
1.9768009683069188e-11
2.2210221174286928e-11
1.987196439484477e-11
2.206473275583503e-11
2.4542073479241665e-11
2.807935137719149e-11
2.5150945601962045e-11
2.8491637932047564e-11
3.30790864395611e-11
3.381439653580417e-11
4.018594178083676e-11
5.2393827953731335e-11