1.209615507368771e-12
2.1831712910194623e-12
2.6971697958976836e-12
2.9792988107997466e-12
3.211295751316928e-12
3.4629774525938405e-12
3.646774785449252e-12
3.760313790224921e-12
3.863823936715214e-12
3.943237303568984e-12
4.029723607402989e-12
4.1001747145109296e-12
4.152001855889917e-12
4.228303561771837e-12
4.3307900172753964e-12
4.752310474012327e-12
6.483179632588794e-12
7.500012295863963e-12
8.364564973020928e-12
9.306925141477998e-12
9.99944140902016e-12
1.0425559382528657e-11
1.0814811060233749e-11
1.1112688283708649e-11
1.1436751349128434e-11
1.1699992506191792e-11
1.1893562311929279e-11
1.217746021136142e-11
1.2557643865820663e-11
9.489165762771542e-12
1.1407869551131206e-11
1.3094868036240304e-11
1.4944225089746662e-11
1.6307292106282777e-11
1.714865288362798e-11
1.7917151426313822e-11
1.8506789949582506e-11
1.9147529416975803e-11
1.9667397243119092e-11
2.0049924879111767e-11
2.0610473853372513e-11
2.136164442252609e-11
1.4101327581959019e-11
1.6591001541949722e-11
1.93589136268321e-11
2.1410713166086197e-11
2.2684722576134604e-11
2.3846897450315296e-11
2.4741757871340024e-11
2.571349501388783e-11
2.6501512084645117e-11
2.7081124788317142e-11
2.7930673530501343e-11
2.906986780130296e-11
2.0097373230353495e-11
2.4165939178156054e-11
2.7235010136779358e-11
2.9158820652986815e-11
3.0913733043872234e-11
3.2268704701447425e-11
3.373926632711207e-11
3.49318378502398e-11
3.580828356740221e-11
3.709366075026877e-11
3.881807129600639e-11
3.01901102691841e-11
3.497623391211165e-11
3.801978531180323e-11
4.079325890273515e-11
4.293609052950425e-11
4.5261121006927226e-11
4.7146868591160537e-11
4.853315044446604e-11
5.056512189211574e-11
5.3293414824841576e-11
4.167828140646005e-11
4.611178075560702e-11
5.00991842679801e-11
5.3167005050272256e-11
5.6498454693861126e-11
5.920067509982784e-11
6.119006368690385e-11
6.410200302824212e-11
6.801522178182765e-11
5.190841199767835e-11
5.721746479083721e-11
6.122488363574101e-11
6.556481896038202e-11
6.908667133921249e-11
7.168318277629421e-11
7.548169071782814e-11
8.058551709835854e-11
6.433998840562178e-11
6.974487940424299e-11
7.548151785228324e-11
8.012117361067423e-11
8.354781036566005e-11
8.85614445954329e-11
9.52940627710534e-11
7.660424862497513e-11
8.39323590840461e-11
8.973069032073382e-11
9.401096536939902e-11
1.0028350525763065e-10
1.0870500835970949e-10
9.362320989721745e-11
1.0124060766211301e-10
1.0672486569084728e-10
1.1478074639610748e-10
1.2561693261096262e-10
1.1098211725313589e-10
1.1793888543802797e-10
1.2783677086697607e-10
1.4119147948153044e-10
1.2653606834921884e-10
1.3834431268727965e-10
1.5390648113183516e-10
1.5492391564162713e-10
1.7449739963427134e-10
2.0569896977039522e-10
7.968405747032202e-13
1.4463186852106842e-12
1.7924788568322386e-12
1.9834471716268435e-12
2.1411559516291026e-12
2.312564891478916e-12
2.4378869894963436e-12
2.5153454507454436e-12
2.5859943231766294e-12
2.640226233678412e-12
2.699308022495483e-12
2.7474498811283274e-12
2.7828804390231543e-12
2.835056808529226e-12
2.905198159343389e-12
3.175116748619873e-12
4.353236080497658e-12
5.0496835888029355e-12
5.644588533202717e-12
6.294267479445587e-12
6.772114980451361e-12
7.066276140930475e-12
7.335016657406179e-12
7.540733497074437e-12
7.764530821023664e-12
7.946324339327772e-12
8.080009709806286e-12
8.276082242897943e-12
8.538701273049913e-12
6.413592199762042e-12
7.738874614407824e-12
8.909859925486105e-12
1.0195893030663642e-11
1.1144494883719728e-11
1.1730334073065557e-11
1.2265428386629571e-11
1.2676126080655045e-11
1.3122387000728385e-11
1.3484445464640075e-11
1.3750856647441153e-11
1.4141254781599658e-11
1.4664467008553656e-11
9.61021931096098e-12
1.1350855268643807e-11
1.329032361791102e-11
1.472933505128444e-11
1.5623435190478006e-11
1.6438992961225457e-11
1.7067196044651457e-11
1.7749323063664208e-11
1.8302461440054786e-11
1.87093027376132e-11
1.9305634702657666e-11
2.0105355236786414e-11
1.3821537544031728e-11
1.6700056554309572e-11
1.8874920029557185e-11
2.023938785326381e-11
2.1483994547386588e-11
2.244528651776847e-11
2.348851333203835e-11
2.4334518756820244e-11
2.4956229980119847e-11
2.5868064502834064e-11
2.7091439876858418e-11
2.1005042309815918e-11
2.443931735996028e-11
2.662573257861244e-11
2.861767827401906e-11
3.015694500649059e-11
3.182700501508182e-11
3.318153224037838e-11
3.417729271752738e-11
3.5636831754720184e-11
3.759671220346921e-11
2.929706201572324e-11
3.252008330943389e-11
3.541506701976905e-11
3.7641843221960905e-11
4.0059999562278136e-11
4.202147480490566e-11
4.346564104625374e-11
4.55793366049676e-11
4.84201486699947e-11
3.6772737131435926e-11
4.0667355963728756e-11
4.3602508349516744e-11
4.6780537293231254e-11
4.9359689059885265e-11
5.1261472876930986e-11
5.404337300739464e-11
5.778152179685437e-11
4.594890264891097e-11
4.995288223339474e-11
5.4196191624064496e-11
5.762755589590405e-11
6.016238656664401e-11
6.387096070755937e-11
6.885116613650922e-11
5.507811569337727e-11
6.054861538584422e-11
6.487073381879113e-11
6.806179534814934e-11
7.273839056652936e-11
7.901722156002951e-11
6.785437261743363e-11
7.358808841088488e-11
7.771089216036348e-11
8.37680648718529e-11
9.191665352330236e-11
8.098228450358403e-11
8.625510621062192e-11
9.374655192734381e-11
1.0385698767895978e-10
9.281679027844608e-11
1.018052103188497e-10
1.1364202278234591e-10
1.1455092802121607e-10
1.2953914984341294e-10
1.5368091679078895e-10
5.220127765602912e-13
9.516642184217137e-13
1.1824123407777276e-12
1.3102604721020117e-12
1.4162404752561916e-12
1.5316250304038952e-12
1.6160741402532993e-12
1.6682976369757492e-12
1.7159520528575547e-12
1.752553332419375e-12
1.792443181278948e-12
1.8249589672822827e-12
1.8489007019726104e-12
1.8841712977585134e-12
1.931634962038419e-12
2.1031350903570134e-12
2.8950847347206208e-12
3.3657284094344132e-12
3.769390315653886e-12
4.210986830583146e-12
4.53603636310859e-12
4.736216451412505e-12
4.919114004496031e-12
5.059157923363043e-12
5.21150982130629e-12
5.3352690776237915e-12
5.426282488888525e-12
5.559774375272291e-12
5.738606650241233e-12
4.287933589538307e-12
5.189684677300817e-12
5.989866562671506e-12
6.8701264412377815e-12
7.519867714698056e-12
7.921320280600857e-12
8.287990608223946e-12
8.56950294039639e-12
8.875375890455978e-12
9.123526281277539e-12
9.306122178538837e-12
9.573702428547086e-12
9.932347760897578e-12
6.469236867485479e-12
7.665925125771354e-12
9.001989490834068e-12
9.994111709654385e-12
1.0610894021354009e-11
1.117345878352403e-11
1.1606925149122563e-11
1.2077575404146173e-11
1.2459215554700708e-11
1.2739910503375365e-11
1.3151355204405641e-11
1.3703175537567625e-11
9.376096473953656e-12
1.137597926708534e-11
1.2889195171126231e-11
1.3839261763020255e-11
1.4705820971939802e-11
1.5375310225220388e-11
1.6101821945820064e-11
1.6690983059116264e-11
1.71239226057653e-11
1.7758925124157388e-11
1.8610942167380606e-11
1.4394037732955925e-11
1.6811005269560577e-11
1.8351274161207684e-11
1.9754166561699532e-11
2.083835423699521e-11
2.2014613546761917e-11
2.2968645110349415e-11
2.3669991157905634e-11
2.4697974778948525e-11
2.6078475638753997e-11
2.0262654665314505e-11
2.255923095075633e-11
2.4619054002782498e-11
2.6202878230901963e-11
2.7922850379061942e-11
2.9318046048921935e-11
3.0345372277348865e-11
3.1848841824640355e-11
3.386971809762577e-11
2.561718910555644e-11
2.8417213905385723e-11
3.052360869763476e-11
3.2803733812861685e-11
3.46543506054387e-11
3.6019156673605995e-11
3.801537565335788e-11
4.069794806566131e-11
3.225702672382723e-11
3.5164766133671575e-11
3.8240891539881676e-11
4.0727972934157965e-11
4.256570437624866e-11
4.52542370433542e-11
4.886467186305012e-11
3.89210371741422e-11
4.292613427852079e-11
4.608491973695055e-11
4.8417470833678316e-11
5.183616472048237e-11
5.642611566126069e-11
4.833311950844514e-11
5.2568824190345916e-11
5.560953833931851e-11
6.007797613584884e-11
6.609009772522242e-11
5.808387692103554e-11
6.200946871525969e-11
6.757631114349837e-11
7.509180824029688e-11
6.693584116111734e-11
7.365962945332968e-11
8.250427198100376e-11
8.331614577221337e-11
9.460165817528524e-11
1.1305217392364331e-10