2.1604599843109003e-12
4.295776413636004e-12
5.315126812929379e-12
6.054903341837232e-12
6.754105333021231e-12
7.152187320917047e-12
7.45837411435917e-12
7.717235456627003e-12
7.943773634131562e-12
8.131305323386678e-12
8.42104021642398e-12
1.062964254173e-11
1.45044988545932e-11
1.7526714024946054e-11
2.040717716567708e-11
2.2046245551252765e-11
2.3308938822454444e-11
2.437393850021538e-11
2.5301483629058302e-11
2.6066129167192846e-11
2.7235776143245796e-11
2.1136492897993113e-11
2.6860413813124847e-11
3.242311598803699e-11
3.561932366636693e-11
3.808489003363112e-11
4.0170422850715336e-11
4.1984168833939824e-11
4.347885971523609e-11
4.576511371206242e-11
3.634806701233194e-11
4.6369151820574915e-11
5.231267470014891e-11
5.690891971169724e-11
6.080478180799456e-11
6.419165917282947e-11
6.698074303678468e-11
7.125012064521598e-11
6.342460550349623e-11
7.45838256091618e-11
8.311396259400068e-11
9.032201077298891e-11
9.659110908031673e-11
1.0175876351071356e-10
1.096651746560746e-10
9.157538910884273e-11
1.0522002558160106e-10
1.1639950873132966e-10
1.2611322183961904e-10
1.3413649439788943e-10
1.4640887988147876e-10
1.263942120623518e-10
1.4401951315856952e-10
1.5887209841150173e-10
1.7115074688957043e-10
1.899447642830619e-10
1.7124164978298167e-10
1.942812414797336e-10
2.1255294384916995e-10
2.406807274468771e-10
2.2934119543812635e-10
2.5675416695934764e-10
2.971055996254953e-10
2.996521977401274e-10
3.5680003358421333e-10
4.729269386097594e-10
1.5979108882406927e-12
3.2376013308209344e-12
4.033246825673395e-12
4.614006130326328e-12
5.163651052002188e-12
5.476700779543458e-12
5.7175545282522514e-12
5.921198069883601e-12
6.099370616199443e-12
6.246836786846812e-12
6.474506640912786e-12
8.19416566037348e-12
1.1273873356352255e-11
1.3687356059064648e-11
1.5989612442287486e-11
1.730002883534426e-11
1.8309762433994455e-11
1.9161489295611986e-11
1.9903227617775232e-11
2.051470126264997e-11
2.144996327315725e-11
1.6582611168937637e-11
2.118731910512869e-11
2.5665749523622487e-11
2.8239761924532922e-11
3.0225672859506066e-11
3.1905673512553574e-11
3.336664106906565e-11
3.457061701621623e-11
3.641214212146861e-11
2.885235130653078e-11
3.69543012852455e-11
4.176109699677341e-11
4.547899320204275e-11
4.863075697405361e-11
5.1370634596292903e-11
5.362689915369509e-11
5.708063846612223e-11
5.075641559014737e-11
5.978147484125743e-11
6.668602432854368e-11
7.252221683293484e-11
7.759793583925013e-11
8.178175190606134e-11
8.818292848584854e-11
7.348572947603097e-11
8.448844520788006e-11
9.351722861181752e-11
1.0136243595088254e-10
1.0784176642389819e-10
1.1775259737168627e-10
1.0145432467142642e-10
1.1558854699118956e-10
1.2751641052439738e-10
1.3737620910776002e-10
1.5246734315020312e-10
1.3721876529624308e-10
1.5554794247379105e-10
1.7011692755294873e-10
1.925366644853445e-10
1.8314612667737547e-10
2.0478368789827e-10
2.3670775893331726e-10
2.3815304856490273e-10
2.8293488412327935e-10
3.719415427661142e-10
1.158629535225987e-12
2.3920885541239353e-12
3.001732737268105e-12
3.450123905792042e-12
3.875356538530419e-12
4.11770146556156e-12
4.304244299766484e-12
4.462007649181448e-12
4.600021542231554e-12
4.7142480360317674e-12
4.890515774706686e-12
6.196582466055276e-12
8.603885405252865e-12
1.0503106159958921e-11
1.2317443952609598e-11
1.3350668206301702e-11
1.4147032404856996e-11
1.4818888306291906e-11
1.5403932208676137e-11
1.5886236484723507e-11
1.6623894723870015e-11
1.27906923873e-11
1.6449394392241606e-11
2.0012933362498317e-11
2.206231873055278e-11
2.364376547521616e-11
2.4981846366707522e-11
2.6145381465165215e-11
2.7104245719361798e-11
2.8570858348845153e-11
2.258268459651172e-11
2.9080306633163545e-11
3.2938547906637624e-11
3.592339107365945e-11
3.845415813327446e-11
4.065408494986832e-11
4.246567576544099e-11
4.52387787220946e-11
4.019781993740325e-11
4.7474177632991523e-11
5.304405140584718e-11
5.775325559780703e-11
6.184868520201253e-11
6.522440128225832e-11
7.038924023899726e-11
5.852796052784463e-11
6.74043264011862e-11
7.469552616132878e-11
8.103108173424303e-11
8.626330179978401e-11
9.426659073290397e-11
8.105168520641867e-11
9.242865767735837e-11
1.0204005936655444e-10
1.0998448291310682e-10
1.2214368887207438e-10
1.0973615668269016e-10
1.2441547070246166e-10
1.361047861735129e-10
1.5408815974202287e-10
1.4633857339971746e-10
1.6356836008444627e-10
1.8904343462364014e-10
1.898050306882136e-10
2.252809175081325e-10
2.942550251454553e-10
8.243651273287459e-13
1.732840089771906e-12
2.1906995345645796e-12
2.5305420809367486e-12
2.853685904026831e-12
3.038014445261638e-12
3.1799886002388703e-12
3.3001089889523017e-12
3.4051925337054986e-12
3.4921764607180714e-12
3.6263841850373356e-12
4.592206455652756e-12
6.437628677138064e-12
7.905672897739545e-12
9.31089143258986e-12
1.0111708201610886e-11
1.0729130627293996e-11
1.1250137253346351e-11
1.1703782560481278e-11
1.2077770282173683e-11
1.2649762050614241e-11
9.679888881423691e-12
1.2540114149008864e-11
1.5331668041233988e-11
1.6938433965293262e-11
1.817857748230198e-11
1.9228123941963506e-11
2.0140683473464548e-11
2.089271662285234e-11
2.2043001826982392e-11
1.737977142841072e-11
2.2525582564324942e-11
2.5585159392613267e-11
2.795262823465125e-11
2.996034291250421e-11
3.170550257472891e-11
3.3142568546798875e-11
3.5342443991407564e-11
3.139557118415999e-11
3.721468074209636e-11
4.167021812171183e-11
4.543794473102662e-11
4.871451633964658e-11
5.141525622274568e-11
5.554743563175557e-11
4.608573518382607e-11
5.321305241043413e-11
5.907003506546381e-11
6.4159426349895e-11
6.836243371141928e-11
7.479145822005943e-11
6.41797596500583e-11
7.332544233542253e-11
8.105660790813443e-11
8.744674152855874e-11
9.722691125661294e-11
8.72070097196732e-11
9.89878009893921e-11
1.0838098157621728e-10
1.2282930431840218e-10
1.1649483328574765e-10
1.3027967833476136e-10
1.50697366996991e-10
1.510745718128589e-10
1.7937143691500832e-10
2.3336879226656657e-10
5.764229740927569e-13
1.2318444816765296e-12
1.5687025506694793e-12
1.821306706795575e-12
2.062257479841134e-12
2.199857387293826e-12
2.305919475895078e-12
2.395706652459814e-12
2.4742650526255574e-12
2.539312239221051e-12
2.639690834205635e-12
3.334822702632741e-12
4.7197972627109656e-12
5.8320052287681066e-12
6.8991981826396665e-12
7.5079262035487e-12
7.977394426458656e-12
8.373659438506067e-12
8.718660682699336e-12
9.003088717121642e-12
9.438121342750368e-12
7.1793432605745164e-12
9.372954519494269e-12
1.1519356615598044e-11
1.2756070637627e-11
1.37107906320027e-11
1.4519003912591315e-11
1.5221666393775523e-11
1.5800719672991634e-11
1.66864624867902e-11
1.3125875905143388e-11
1.713534719376274e-11
1.9523344691012727e-11
2.137150838478767e-11
2.2939168818580004e-11
2.430175088501132e-11
2.5423746720073992e-11
2.7141399947286765e-11
2.4115529152066164e-11
2.871145851860066e-11
3.223021880428206e-11
3.520606408818759e-11
3.779394607485521e-11
3.9927038282306934e-11
4.319075483888667e-11
3.5761674110744897e-11
4.14306659826581e-11
4.608847946067291e-11
5.013588393643281e-11
5.34784598466304e-11
5.859136652733904e-11
5.01907880697383e-11
5.7496993940582885e-11
6.367396373884472e-11
6.877958855859237e-11
7.659377010738399e-11
6.86025090158609e-11
7.802985349595166e-11
8.555175494011536e-11
9.712075491545007e-11
9.20202841662101e-11
1.0304901001734623e-10
1.1940435185384872e-10
1.195947867344066e-10
1.4221932856561778e-10
1.8480725868392835e-10
3.968613413786995e-13
8.606375616104892e-13
1.103511187732542e-12
1.2876262822848689e-12
1.4638693989646847e-12
1.564650264886907e-12
1.6423974964286822e-12
1.708261796601661e-12
1.765905595479396e-12
1.8136578151817776e-12
1.8873855772704536e-12
2.374919838605678e-12
3.3918867534635314e-12
4.216844363351611e-12
5.0105927800735514e-12
5.463814102960284e-12
5.813453474676386e-12
6.108666364813975e-12
6.365668017036213e-12
6.577553325612405e-12
6.901657635280598e-12
5.217316455195596e-12
6.864696774689564e-12
8.481322622323104e-12
9.41388824294195e-12
1.0133945992138335e-11
1.0743691042113165e-11
1.1273759941878472e-11
1.1710575460886532e-11
1.2378790638071608e-11
9.717480094386222e-12
1.2782649040976753e-11
1.461185204269708e-11
1.6027773756502174e-11
1.722905332778668e-11
1.8273135853132408e-11
1.913283931036101e-11
2.0449036973508747e-11
1.8182492159181276e-11
2.1754465229758322e-11
2.4488204345556366e-11
2.6800157647786454e-11
2.8810701797440836e-11
3.046794536153991e-11
3.300363049011904e-11
2.7280939416516123e-11
3.172935351144778e-11
3.5381616796092426e-11
3.85552467478855e-11
4.117637233692347e-11
4.5185729052967985e-11
3.86543026594818e-11
4.442888368376645e-11
4.9309228071432645e-11
5.334336237164521e-11
5.951765463888561e-11
5.324945414096609e-11
6.07365126960816e-11
6.671077820403723e-11
7.589956499345531e-11
7.1871475019974e-11
8.065304853336455e-11
9.368388368469597e-11
9.380957297737103e-11
1.1185309748163632e-10
1.4556413962993164e-10
2.6959151665902644e-13
5.920551163303096e-13
7.638520374620665e-13
8.955163273473385e-13
1.0220253184766812e-12
1.0944715757450651e-12
1.150410736789703e-12
1.1978405144059647e-12
1.2393690513407187e-12
1.273793873606366e-12
1.3269916187189186e-12
1.6610845236681362e-12
2.3920607761822893e-12
2.9910838003189714e-12
3.569142363599628e-12
3.899567790112975e-12
4.154544035420637e-12
4.369900784140817e-12
4.557370972054017e-12
4.711936909504961e-12
4.948391550804647e-12
3.717435349638135e-12
4.927924738662835e-12
6.119530480381348e-12
6.8077728651268706e-12
7.339271142226318e-12
7.78948101169051e-12
8.180833054816856e-12
8.50333065266721e-12
8.996709091813102e-12
7.050521618950302e-12
9.345505753255218e-12
1.0718020994915172e-11
1.1780567667104993e-11
1.2682216526428154e-11
1.3465849476877537e-11
1.4111075207957155e-11
1.5098980233814046e-11
1.3441942433210908e-11
1.6166454094494472e-11
1.8250138143106363e-11
2.001215923274594e-11
2.1544492960885417e-11
2.280759836919535e-11
2.474024881809528e-11
2.0425654160913577e-11
2.3858168036572286e-11
2.6672759448019537e-11
2.9118479362813895e-11
3.1138616014635905e-11
3.422866865785819e-11
2.925544381982495e-11
3.3754136835278365e-11
3.7553115920636077e-11
4.0693695468521947e-11
4.550045424041607e-11
4.068075961121901e-11
4.655778034339258e-11
5.1244934915519884e-11
5.84548206904955e-11
5.534557710521067e-11
6.227409537666847e-11
7.255523445232001e-11
7.268209753474804e-11
8.697040475339383e-11
1.136345664862557e-10
1.8106050224824734e-13
4.018421469634214e-13
5.212607425897541e-13
6.137441268325326e-13
7.029438370953624e-13
7.541005282154681e-13
7.936385029641747e-13
8.27194591817253e-13
8.565935874435072e-13
8.80984392564121e-13
9.187242572843362e-13
1.1432291162281116e-12
1.6582734683569e-12
2.0844620477380897e-12
2.4969602346941376e-12
2.7330042881875206e-12
2.9151935501363986e-12
3.0691242854296746e-12
3.2031174517022657e-12
3.3135979010244074e-12
3.482635653243376e-12
2.600609228344474e-12
3.471169022509393e-12
4.3308592584493846e-12
4.828003221272828e-12
5.211980112765672e-12
5.537324486950877e-12
5.8201196653643866e-12
6.0531564832949195e-12
6.409704480055052e-12
5.0164151939210765e-12
6.698084179018855e-12
7.705989416187398e-12
8.486327077098436e-12
9.148606555858195e-12
9.72418748164364e-12
1.0198093367853709e-11
1.0923743910203207e-11
9.741124699066557e-12
1.1777003593148907e-11
1.3332448410066692e-11
1.4647506201046452e-11
1.5791179274586424e-11
1.673395360216144e-11
1.817648105642199e-11
1.4996917682929064e-11
1.75952741719935e-11
1.972209752169871e-11
2.157016217586935e-11
2.3096841930551818e-11
2.5432069264577785e-11
2.1730718811857728e-11
2.5175301359795018e-11
2.8080578114448638e-11
3.048266084062499e-11
3.4159201154095437e-11
3.053510609464271e-11
3.5079495297792235e-11
3.8699970682817254e-11
4.427012573100271e-11
4.1930810219770515e-11
4.7327361156786574e-11
5.53305581880572e-11
5.5485822946811724e-11
6.667553811114683e-11
8.766017919194976e-11
1.2045441742944622e-13
2.69639279540719e-13
3.5137831213507784e-13
4.152876003869428e-13
4.771523179226688e-13
5.126830999944745e-13
5.401707568296248e-13
5.63524656998288e-13
5.840013123736021e-13
6.010075983615877e-13
6.273657080097475e-13
7.759022684542261e-13
1.1323768041306672e-12
1.4299669947475211e-12
1.71881970295882e-12
1.884275899062887e-12
2.0120086652242604e-12
2.1199635765809754e-12
2.2139348149130732e-12
2.2914211649751245e-12
2.4099982295510304e-12
1.7896812867731215e-12
2.4032654068535826e-12
3.0110208435363294e-12
3.3628740112751043e-12
3.6346653810580948e-12
3.8650144095761145e-12
4.0652305644230725e-12
4.2302168671420244e-12
4.482671796561194e-12
3.5047023737364618e-12
4.711042878423878e-12
5.435554106451957e-12
5.996491841183917e-12
6.472619994552693e-12
6.886413416770458e-12
7.227103564700165e-12
7.748809738463726e-12
6.923580927940463e-12
8.412796065575061e-12
9.549093057073259e-12
1.050948338237729e-11
1.1344750679767542e-11
1.2033334729657794e-11
1.3086929670508916e-11
1.07972713077169e-11
1.2724021873614857e-11
1.4297624325547268e-11
1.5664948151404927e-11
1.6794669664251592e-11
1.852268198543887e-11
1.583260210923146e-11
1.841953970100294e-11
2.0597973700828607e-11
2.23993917592659e-11
2.515665272519407e-11
2.2495798220639123e-11
2.5948531872815498e-11
2.8694964053901217e-11
3.292152551362589e-11
3.1209461563356404e-11
3.5346760756286474e-11
4.1475497315120374e-11
4.1661949551282043e-11
5.0299829996294485e-11
6.666893399581295e-11
7.951437573745804e-14
1.792139583427788e-13
2.344242001805371e-13
2.779531673658339e-13
3.202296987306288e-13
3.445422796556971e-13
3.63369343952875e-13
3.793833927219897e-13
3.93437635415464e-13
4.051245999894747e-13
4.2327647161502575e-13
5.204072003748301e-13
7.633360199212274e-13
9.677014959599377e-13
1.1665818402026742e-12
1.2806015437615566e-12
1.3686404038419685e-12
1.443069367632183e-12
1.5078583724647428e-12
1.5612860238651722e-12
1.6430631022322235e-12
1.2141804825551396e-12
1.6388560422893964e-12
2.0606513803963455e-12
2.3050880435352833e-12
2.4939219747256433e-12
2.653998771261285e-12
2.793132522890054e-12
2.9077844003304777e-12
3.083237846521127e-12
2.4087738705383815e-12
3.2569975872801777e-12
3.767372894737536e-12
4.1625020397308775e-12
4.497914692161805e-12
4.789414030272305e-12
5.029412358853167e-12
5.396951992477555e-12
4.832422294255229e-12
5.89900911428079e-12
6.711562160981341e-12
7.398049910510928e-12
7.99513367294924e-12
8.487396462027385e-12
9.240600969279462e-12
7.627936727481672e-12
9.026740876472403e-12
1.0166213972341752e-11
1.1156284402038074e-11
1.1974456622107923e-11
1.3225907149918604e-11
1.1316378324985954e-11
1.3219743810799284e-11
1.4819472152211042e-11
1.6142578493128547e-11
1.8167805577643803e-11
1.626127700892638e-11
1.8834449787641593e-11
2.0877075130914148e-11
2.4021596084966744e-11
2.280428825962226e-11
2.59195731085856e-11
3.0526763393358137e-11
3.073392596435498e-11
3.7289985461473316e-11
4.990524025228091e-11