2.2430917732778725e-13
4.652655203971347e-13
6.740901456065615e-13
8.152258201290947e-13
8.948063592600907e-13
9.652720275699808e-13
1.0129518026520508e-12
1.0425070419142425e-12
1.0652828501036915e-12
1.0856891101097975e-12
1.0998969356894198e-12
1.1105925652612134e-12
1.1230003661878775e-12
1.131132851340733e-12
1.138863077961131e-12
1.1464808395365601e-12
1.1525722906394397e-12
1.1568237538171462e-12
1.1604107094960196e-12
1.2066723265971057e-12
2.0240394117195555e-12
2.6302301334901074e-12
2.9790995550087893e-12
3.2918357287575453e-12
3.503980985122946e-12
3.6357556268106044e-12
3.737167520102257e-12
3.828163912641267e-12
3.891511999582867e-12
3.939289414286156e-12
3.994662825216721e-12
4.0309959170916704e-12
4.065603710914696e-12
4.0995808742094055e-12
4.1268340932024875e-12
4.145833246980302e-12
4.161695578202533e-12
4.072061829895592e-12
5.992965986339871e-12
7.198739891312187e-12
8.31069476255948e-12
9.064966151891214e-12
9.534454218340117e-12
9.894928163835159e-12
1.0217898391018127e-11
1.0441876522029215e-11
1.0610683794647582e-11
1.0805654539428538e-11
1.0933099438518142e-11
1.1054680001704503e-11
1.1173514031648143e-11
1.1268639769160721e-11
1.133430454609203e-11
1.1388671982740699e-11
9.8783332236183e-12
1.2655492458944295e-11
1.531195140939534e-11
1.7123115654191294e-11
1.825616084950307e-11
1.912706096951013e-11
1.9907783865233818e-11
2.04481502132469e-11
2.0855707313218802e-11
2.1325931724044835e-11
2.1633538511087372e-11
2.192674976263978e-11
2.2213310680364246e-11
2.2442532184434972e-11
2.2600185236312856e-11
2.2730577643056417e-11
1.7142838384601166e-11
2.1826055429631663e-11
2.5096665349760717e-11
2.715995010928049e-11
2.8751659888911963e-11
3.017841182568788e-11
3.116505878345397e-11
3.190898660996784e-11
3.2767705445548985e-11
3.3329842478308176e-11
3.38653012293819e-11
3.4389110118838267e-11
3.480761839698263e-11
3.5095184786997806e-11
3.533339408097436e-11
2.9699333748757436e-11
3.568485259972434e-11
3.9523390813409757e-11
4.2486282727302863e-11
4.5142602805750717e-11
4.6979095565117e-11
4.83640794301813e-11
4.996226849453741e-11
5.1009734785408556e-11
5.2006682040341463e-11
5.298320213975841e-11
5.376213711437901e-11
5.4297214161982356e-11
5.4741457055569e-11
4.4845835114642624e-11
5.10505473466773e-11
5.576350549525092e-11
5.998564891271297e-11
6.290518748583773e-11
6.511160734704917e-11
6.76522855488693e-11
6.932069084739862e-11
7.09055152868112e-11
7.246060763223297e-11
7.369967206041522e-11
7.455058242801197e-11
7.52582998906998e-11
5.996129724365657e-11
6.690117296033737e-11
7.298863009975882e-11
7.719317895825978e-11
8.037805596020287e-11
8.404386894841485e-11
8.644704184528042e-11
8.873248276341168e-11
9.097724788962934e-11
9.2764207828659e-11
9.399110683410708e-11
9.501305247361562e-11
7.643328749767631e-11
8.490608878393194e-11
9.06258394438169e-11
9.496432453315183e-11
9.996512468737412e-11
1.0323703929333637e-10
1.0635512216951098e-10
1.0941855877707189e-10
1.1185507411518979e-10
1.1352732980933968e-10
1.1492216570543406e-10
9.65148174072974e-11
1.0432554236461027e-10
1.1010291995495082e-10
1.1677617159836155e-10
1.2114921855893317e-10
1.253207350639653e-10
1.2942132384552856e-10
1.3268060596046446e-10
1.349160637458428e-10
1.3678249431583865e-10
1.1432780464753092e-10
1.2164675193428994e-10
1.2981818620674717e-10
1.3518951531051981e-10
1.4032678282264543e-10
1.45379617998838e-10
1.4939473659801336e-10
1.5214622409347004e-10
1.5444525055391656e-10
1.3078831290528702e-10
1.4063520090484293e-10
1.4679962306473978e-10
1.5281359148107002e-10
1.587494330785718e-10
1.6346619153657088e-10
1.666977322564026e-10
1.693996610950994e-10
1.5406826816569596e-10
1.6160425031515033e-10
1.6836818300936798e-10
1.7541828340650878e-10
1.8107389301120436e-10
1.8495107339830627e-10
1.8819565741545366e-10
1.721288891926222e-10
1.800380444085186e-10
1.8737512722325218e-10
1.936807617654732e-10
1.980475364810191e-10
2.0171026266648023e-10
1.9229692493556488e-10
2.008105990991654e-10
2.069355435133642e-10
2.1164644779859422e-10
2.1570918174184004e-10
2.1447325235342494e-10
2.2212733433206774e-10
2.2695832430309834e-10
2.311502719857411e-10
2.338587877397464e-10
2.4019153874506037e-10
2.448795484839499e-10
2.4850304304618434e-10
2.545526159280137e-10
2.621777112510304e-10
1.4626844215369636e-13
3.045935315273334e-13
4.4301986873930884e-13
5.373666262790173e-13
5.90880571241918e-13
6.384660580372316e-13
6.707107788292255e-13
6.907191818968141e-13
7.061465358988556e-13
7.199773936845839e-13
7.296102292031759e-13
7.36865410580268e-13
7.452838684527313e-13
7.508036907341954e-13
7.560533872557613e-13
7.6122744994634e-13
7.653667703995837e-13
7.682556919969288e-13
7.706920702382572e-13
7.940216607891376e-13
1.33867781950061e-12
1.746115692312816e-12
1.982143210491799e-12
2.1946509792240954e-12
2.3390074531649658e-12
2.4287684476393843e-12
2.49789862152426e-12
2.5599678873136328e-12
2.603195757020559e-12
2.6358162108560644e-12
2.6736349192086636e-12
2.6984598255197684e-12
2.7221192888843406e-12
2.745356769239801e-12
2.7640016354285803e-12
2.7769980419484385e-12
2.787849731711024e-12
2.714756407200881e-12
4.0197365312938864e-12
4.8455308094852566e-12
5.610626293304327e-12
6.130272228192889e-12
6.453918472661726e-12
6.702479319757333e-12
6.925211585303656e-12
7.079673057205934e-12
7.196099658176871e-12
7.330575410258195e-12
7.418485585859312e-12
7.502356854285033e-12
7.584340588200092e-12
7.64996822445931e-12
7.695260422060885e-12
7.732760446585968e-12
6.68278233064544e-12
8.605788777341722e-12
1.0454225471160359e-11
1.1716085443035454e-11
1.2505898584410797e-11
1.3113120960102899e-11
1.3657496285511454e-11
1.4034246785715599e-11
1.4318409251221676e-11
1.4646270237472924e-11
1.4860762541386475e-11
1.5065208881085155e-11
1.5265032246783488e-11
1.5424862351118782e-11
1.553477274071806e-11
1.5625682098207597e-11
1.1741167415379557e-11
1.5038791873764653e-11
1.734669136788766e-11
1.8803600847953712e-11
1.9927834497049947e-11
2.0935573279832795e-11
2.1632413331828515e-11
2.2157823387007627e-11
2.2764331083314436e-11
2.3161389839556984e-11
2.3539585280425527e-11
2.3909584308262042e-11
2.4205175846809505e-11
2.4408264457446966e-11
2.4576513830350815e-11
2.065375193686136e-11
2.4947936760054456e-11
2.7704457003624185e-11
2.9832174148327556e-11
3.173975458988727e-11
3.3058555807382374e-11
3.405313926677044e-11
3.5200814658499244e-11
3.595308438270857e-11
3.666902962679402e-11
3.7370375995777954e-11
3.7929747508240384e-11
3.831397983038082e-11
3.8633036002563234e-11
3.160385492321963e-11
3.612745716139242e-11
3.9558989637181305e-11
4.263288278811189e-11
4.475846807507617e-11
4.636506546277683e-11
4.821482689299836e-11
4.9429724379243505e-11
5.058358755693863e-11
5.1715977079786185e-11
5.2618130580401605e-11
5.323764610753537e-11
5.375300135873602e-11
4.27060689487107e-11
4.7831392912612763e-11
5.232043250155923e-11
5.5420821187735286e-11
5.7769850394416604e-11
6.047331201797042e-11
6.224563244208934e-11
6.393106802287753e-11
6.558676117558171e-11
6.690461709159366e-11
6.780940395509883e-11
6.856319286016915e-11
5.495008212846991e-11
6.127476684868379e-11
6.553825982331545e-11
6.877297270683636e-11
7.250155061059985e-11
7.494084946889337e-11
7.726567292635099e-11
7.955002880421944e-11
8.136665257885796e-11
8.26134026289901e-11
8.365354148385132e-11
7.003484878602095e-11
7.592118951189676e-11
8.026996792226577e-11
8.529380008398552e-11
8.858603330120186e-11
9.172692188964095e-11
9.481476368615999e-11
9.72687525658386e-11
9.895177094992648e-11
1.0035724150025671e-10
8.3522387077774e-11
8.907608144952975e-11
9.526733868602015e-11
9.933778125840733e-11
1.0323172030795093e-10
1.0706211759834158e-10
1.101054885527018e-10
1.1219085740258409e-10
1.1393365198618531e-10
9.606294542231846e-11
1.035685280186168e-10
1.0825869041162153e-10
1.1283902664333547e-10
1.1736093492657777e-10
1.2095377704304207e-10
1.234150713602565e-10
1.2547339838618875e-10
1.1390057662030671e-10
1.1966850155239046e-10
1.24836501591819e-10
1.302339311035186e-10
1.3456458053127865e-10
1.375332412315144e-10
1.4001803346157567e-10
1.2779215610283717e-10
1.3386235097773828e-10
1.3948866430174078e-10
1.4433264089378936e-10
1.4768764235945173e-10
1.505023632365797e-10
1.4334971010772422e-10
1.499047835722054e-10
1.546166592671493e-10
1.5824677984492987e-10
1.6137916630228208e-10
1.604883518356322e-10
1.6640040079252243e-10
1.7013406132472704e-10
1.7337710959811184e-10
1.7548701732637224e-10
1.8039117359069144e-10
1.8402696158849602e-10
1.8682644521561372e-10
1.9151557600541807e-10
1.9741703221539488e-10
9.508543839203426e-14
1.9859852488659756e-13
2.8972454087496106e-13
3.5225532177488583e-13
3.87903270393099e-13
4.197216092962135e-13
4.4131123188720985e-13
4.547211581591101e-13
4.650671459315217e-13
4.743485930725453e-13
4.808155970578983e-13
4.85688996038203e-13
4.913455266416248e-13
4.950561487756134e-13
4.985873068537354e-13
5.020686461197381e-13
5.048553349696351e-13
5.068005106866184e-13
5.084407214160142e-13
5.197164971142587e-13
8.796921900243642e-13
1.1508603749314771e-12
1.3088302916799789e-12
1.451613424376799e-12
1.548732851781015e-12
1.6091817937229933e-12
1.6557730679608342e-12
1.6976345768956677e-12
1.726803982478686e-12
1.748829153385309e-12
1.7743747022256891e-12
1.7911521348779446e-12
1.8071522421877461e-12
1.8228754753509845e-12
1.8354968513233628e-12
1.844295173313394e-12
1.851643785524878e-12
1.7951268701837529e-12
2.6710229529133044e-12
3.2291055793445974e-12
3.748308411201615e-12
4.101357098915401e-12
4.321359230913038e-12
4.4903631720492594e-12
4.641826969093244e-12
4.746866389937689e-12
4.826049293768834e-12
4.917512380411632e-12
4.977310711858904e-12
5.034366206797824e-12
5.090143844431837e-12
5.134794958723152e-12
5.165605782556183e-12
5.191117179963253e-12
4.471313927803034e-12
5.782569602293559e-12
7.048404854305577e-12
7.913538015979264e-12
8.455269480783877e-12
8.871848906017708e-12
9.245328910496124e-12
9.503790012885382e-12
9.69873771065429e-12
9.923669008489918e-12
1.0070832423789764e-11
1.0211098776054227e-11
1.0348202842799373e-11
1.0457861028830469e-11
1.0533260987032871e-11
1.0595629191910443e-11
7.936928194442562e-12
1.0218323436089336e-11
1.1818100354073879e-11
1.2828551727936308e-11
1.360845403437953e-11
1.4307549588367725e-11
1.4790943016911045e-11
1.515541279368407e-11
1.5576156007134204e-11
1.5851616202512588e-11
1.6113978816644253e-11
1.6370675524076972e-11
1.657573387083795e-11
1.671661135555803e-11
1.683333353960953e-11
1.4147383098952785e-11
1.7169096200413004e-11
1.9110319928298462e-11
2.06086177099272e-11
2.1951902297850382e-11
2.2880564482528116e-11
2.3580933782620112e-11
2.4389093723488588e-11
2.4918868873418185e-11
2.542303717288888e-11
2.5916969206663148e-11
2.6310872206989957e-11
2.6581434767958152e-11
2.6806134836289274e-11
2.1909335495018433e-11
2.514160925125798e-11
2.7589818586485682e-11
2.97826118197041e-11
3.129897574867139e-11
3.2445249200153907e-11
3.3764849855767357e-11
3.463168518554339e-11
3.5454850813473143e-11
3.626281351906182e-11
3.690643356243204e-11
3.734839815528034e-11
3.771611402014874e-11
2.9902475159625885e-11
3.361269786419525e-11
3.685666562233421e-11
3.90970351381778e-11
4.079487500949523e-11
4.2748690128583715e-11
4.402956250216692e-11
4.5247615815225034e-11
4.644434704106268e-11
4.7396780802972185e-11
4.805066543709623e-11
4.8595521701337986e-11
3.882696578343146e-11
4.34571778198338e-11
4.657309951381783e-11
4.8937782956110625e-11
5.166360019851932e-11
5.3446668143085434e-11
5.5146251846040136e-11
5.681643611496959e-11
5.814447428326643e-11
5.905587324205528e-11
5.981638654401844e-11
4.994734013657718e-11
5.4301614730303194e-11
5.7513542764882693e-11
6.122471830427284e-11
6.365683027933117e-11
6.597747597224629e-11
6.825917900501913e-11
7.007227817656914e-11
7.131567552405695e-11
7.23542220436647e-11
5.997897609656989e-11
6.411905298183183e-11
6.87250261738519e-11
7.175400033947657e-11
7.465247728099354e-11
7.750399926300324e-11
7.976936888632979e-11
8.132147974047881e-11
8.261886763235034e-11
6.937362361961735e-11
7.49972686929839e-11
7.850207406475275e-11
8.192982564578561e-11
8.531489315915901e-11
8.800422219115188e-11
8.984637632135974e-11
9.138723230380039e-11
8.28317442234165e-11
8.717279528938675e-11
9.105025336731332e-11
9.511288696385972e-11
9.837388671892524e-11
1.0060918079508185e-10
1.024805221040394e-10
9.336542243859727e-11
9.794665397048845e-11
1.0218273124404988e-10
1.0584291203935097e-10
1.0837896818981716e-10
1.1050721768061217e-10
1.0521400383639014e-10
1.1017628363362484e-10
1.1373053205720505e-10
1.1648140461994706e-10
1.1885808852565927e-10
1.1829885977489813e-10
1.2279238799060543e-10
1.256252212956174e-10
1.2809029730671798e-10
1.2976922454072086e-10
1.3351652050214876e-10
1.3628997122548333e-10
1.3845598537005228e-10
1.4204901378319938e-10
1.4658201470085686e-10