1.8096316773991398e-13
3.761225838508227e-13
5.522843148743337e-13
6.797837968919722e-13
7.575496730949962e-13
8.136968263910058e-13
8.640915429370577e-13
8.948246129723981e-13
9.17491109922009e-13
9.345834679225656e-13
9.505330989199258e-13
9.61925123192026e-13
9.700946305948443e-13
9.801101043551338e-13
9.874334272630512e-13
9.9328889093128e-13
9.995157702931056e-13
1.0050916936670688e-12
1.0093426715114703e-12
1.0124399510591717e-12
1.015193863542467e-12
9.513428354295347e-13
1.5907301844019947e-12
2.086252270124407e-12
2.3919834618427412e-12
2.6142394760570763e-12
2.8138884870967048e-12
2.9364091722345724e-12
3.027065677392857e-12
3.0954016924822365e-12
3.1594442266964183e-12
3.205252517221063e-12
3.238299855265198e-12
3.2787343085811694e-12
3.308322661701251e-12
3.3321117971548406e-12
3.3576014407971667e-12
3.3803463559866185e-12
3.3977659061858917e-12
3.4104061919628442e-12
3.4217444793245637e-12
3.11798148947109e-12
4.604786567520447e-12
5.5996351168464385e-12
6.354138738123507e-12
7.037273790108525e-12
7.455454856130306e-12
7.76479362034104e-12
7.997576947796637e-12
8.215270723840153e-12
8.370353074072606e-12
8.48228824545729e-12
8.618495357388316e-12
8.717483585976592e-12
8.798002797582374e-12
8.883410447828801e-12
8.959477746982992e-12
9.017407468335172e-12
9.059002101252183e-12
9.096351585490782e-12
7.671283938120325e-12
1.0001358253077097e-11
1.1866998209135416e-11
1.3568060274750442e-11
1.461009134075993e-11
1.5383775086670716e-11
1.59657173326137e-11
1.6510064550796035e-11
1.68972102837301e-11
1.7176767933136995e-11
1.7516409358512507e-11
1.77627776898254e-11
1.796416908546599e-11
1.8177003804736618e-11
1.8366355393374713e-11
1.8510251076180112e-11
1.8613241996849216e-11
1.8705595586712597e-11
1.3773213774848236e-11
1.7065848892998595e-11
2.0122815235758262e-11
2.2011208312232282e-11
2.341743430240185e-11
2.447865665098007e-11
2.5470702726019556e-11
2.6175484571726092e-11
2.668444554715365e-11
2.730283897837457e-11
2.77515262462439e-11
2.8118161515793893e-11
2.850612322459709e-11
2.8851129683253882e-11
2.911278423131389e-11
2.930018716736533e-11
2.9468101907383326e-11
2.2255399719416633e-11
2.7405844792000405e-11
3.067158242721603e-11
3.311547821512945e-11
3.4965226843002626e-11
3.6692944999159725e-11
3.792017926337731e-11
3.880598992693637e-11
3.9882767166154526e-11
4.066453149317604e-11
4.13024760434522e-11
4.197885622852405e-11
4.2580203479085676e-11
4.303527290442718e-11
4.336183375295753e-11
4.3654318474049174e-11
3.546430678203964e-11
4.095630606273833e-11
4.506468395232193e-11
4.816798423150995e-11
5.10677773219001e-11
5.31272587325877e-11
5.461570697158195e-11
5.6422155554005166e-11
5.773501282807937e-11
5.880617905109319e-11
5.994279656369628e-11
6.095342555358503e-11
6.17167103814576e-11
6.226538325063894e-11
6.275669161798483e-11
4.8775410359172005e-11
5.482752850392127e-11
5.931572256827055e-11
6.350514575728575e-11
6.648124822123142e-11
6.863670075183625e-11
7.124877575084038e-11
7.314889937643725e-11
7.469611971922712e-11
7.634130651547973e-11
7.780382657700757e-11
7.89071217116469e-11
7.970114750630401e-11
8.041197965720597e-11
6.335582984026086e-11
6.976450308733254e-11
7.562354113847875e-11
7.977778588972577e-11
8.279299095411785e-11
8.644552011604445e-11
8.910164004217422e-11
9.126342158588049e-11
9.356454116884416e-11
9.5610706376446e-11
9.715263160829264e-11
9.826341171056763e-11
9.925749978913414e-11
7.826735266360035e-11
8.612167769282825e-11
9.15567805493839e-11
9.550340004711421e-11
1.0029238895605317e-10
1.0377314871389898e-10
1.0660774344651784e-10
1.0962706842571972e-10
1.1231123170352906e-10
1.143318021580526e-10
1.1578859674327985e-10
1.1709244036971243e-10
9.659192554319328e-11
1.0380551456087285e-10
1.0891076524575616e-10
1.1511155355237864e-10
1.1962866367341036e-10
1.2331012288722006e-10
1.2723442661420525e-10
1.3072236358493655e-10
1.333453963432552e-10
1.3523750649477996e-10
1.369308881239569e-10
1.1289687469328026e-10
1.192789396141109e-10
1.2676758155186046e-10
1.322195768793607e-10
1.3668098976337475e-10
1.4143897917789917e-10
1.4566921085028035e-10
1.4884760906326124e-10
1.5114087634724535e-10
1.531931094830052e-10
1.2704187844852653e-10
1.359179650536867e-10
1.4208365569669363e-10
1.4720664707718806e-10
1.5269070111554713e-10
1.5756861559256987e-10
1.6123209881754518e-10
1.6387645387042486e-10
1.6624236178066514e-10
1.4765016058929013e-10
1.5520857710938709e-10
1.609065303905122e-10
1.673225091604452e-10
1.7310038865424446e-10
1.7744216153657108e-10
1.8057825568585424e-10
1.833836566830115e-10
1.6548056071256486e-10
1.7215342488740076e-10
1.7886198118364817e-10
1.8529980994523915e-10
1.9020029324498234e-10
1.9374816390682328e-10
1.9692318546313775e-10
1.8203425362772708e-10
1.8977110561319808e-10
1.9618907017157004e-10
2.0146301209521979e-10
2.0537116838722792e-10
2.0888541117001592e-10
2.0271039258330363e-10
2.0982166861594067e-10
2.148166946793934e-10
2.1887879206773963e-10
2.2266612374539203e-10
2.2157884453609105e-10
2.2841669928204208e-10
2.3271645782563372e-10
2.3656165890511185e-10
2.3778683977345255e-10
2.433678727913393e-10
2.4781116636428466e-10
2.504756086242864e-10
2.5605822900104093e-10
2.629514414428632e-10
1.1793341400213915e-13
2.459934300573672e-13
3.625502890702485e-13
4.4764620590848583e-13
4.998454440621238e-13
5.377330518409972e-13
5.718076269185645e-13
5.926057212376119e-13
6.079535954308908e-13
6.195290371122462e-13
6.303330218526253e-13
6.380493611070635e-13
6.435845946051984e-13
6.503689631616239e-13
6.553287240443509e-13
6.592975714503008e-13
6.635185933790465e-13
6.67297363195974e-13
6.701784556245e-13
6.722766592988527e-13
6.74142417350462e-13
6.248949587230967e-13
1.0495705550172725e-12
1.3814385208029673e-12
1.5873694677811278e-12
1.7378773417812867e-12
1.8733658983312857e-12
1.9565938634813965e-12
2.0182347580665182e-12
2.064736204225975e-12
2.1083428804350632e-12
2.1395487890313757e-12
2.162076094107238e-12
2.1896453749589037e-12
2.209823933996146e-12
2.2260675037667683e-12
2.243475358131785e-12
2.2590153157753722e-12
2.2709175896194936e-12
2.2795541239697198e-12
2.287304723900311e-12
2.070910015171558e-12
3.0757064557073927e-12
3.752899222132183e-12
4.269665376796229e-12
4.738575720729579e-12
5.025828695831972e-12
5.238423499230917e-12
5.398454564124011e-12
5.548133523614172e-12
5.65476688571064e-12
5.7317458014628734e-12
5.82541790737713e-12
5.893493091085868e-12
5.948894124713705e-12
6.007654962029451e-12
6.059994109804589e-12
6.099848280215389e-12
6.1284621095416575e-12
6.154157281478214e-12
5.165532306467927e-12
6.768083783617287e-12
8.059705024418073e-12
9.239765509345088e-12
9.963157582127344e-12
1.0500432688753903e-11
1.0904652594719098e-11
1.1282762883469575e-11
1.1551661018096283e-11
1.1745841042768732e-11
1.1981753835551461e-11
1.2152877885320569e-11
1.2292781093919654e-11
1.2440635879354118e-11
1.25721755029707e-11
1.267212103231372e-11
1.2743655321829228e-11
1.280779813697163e-11
9.382137961647505e-12
1.1683888236744629e-11
1.3826153810723553e-11
1.515076462712415e-11
1.613745676359453e-11
1.6882288534179875e-11
1.7578542476805805e-11
1.8073153404071564e-11
1.8430340265994195e-11
1.8864335284350323e-11
1.917923233885161e-11
1.9436549648010013e-11
1.9708860142995953e-11
1.9951015232696748e-11
2.0134634438817747e-11
2.0266155293132784e-11
2.038399269633465e-11
1.534943331108775e-11
1.9006712078749154e-11
2.133012180508018e-11
2.3069402232127383e-11
2.438615883229399e-11
2.5615977710726583e-11
2.6489518962130616e-11
2.7120022995174574e-11
2.7886476241807093e-11
2.8442961487286616e-11
2.8897049348298573e-11
2.937855711230338e-11
2.980664391147389e-11
3.0130537410479206e-11
3.036299623200796e-11
3.057118950575888e-11
2.4797043069442158e-11
2.8763956178931838e-11
3.1730843074282834e-11
3.3971637125733975e-11
3.6065475592412625e-11
3.755253529214317e-11
3.862735050860106e-11
3.993169501566864e-11
4.087972009434843e-11
4.1653187820402776e-11
4.247400712849427e-11
4.320384275319216e-11
4.3754947862916415e-11
4.415116149584585e-11
4.450593872956365e-11
3.447520793959926e-11
3.890277620167292e-11
4.218138587344192e-11
4.5241417992463016e-11
4.741529607169485e-11
4.898998991107411e-11
5.089802463395048e-11
5.228615234934478e-11
5.341630994386544e-11
5.461824810349349e-11
5.5686721715721784e-11
5.649260862031151e-11
5.707268814486399e-11
5.759197285667095e-11
4.5218933000911635e-11
4.996320920394572e-11
5.429423119090369e-11
5.7364801864408156e-11
5.959402110365001e-11
6.2294131222767e-11
6.425776049260954e-11
6.585573726790567e-11
6.755702458735055e-11
6.906983020184676e-11
7.020962508955895e-11
7.10308500898953e-11
7.176577213920925e-11
5.632130617351987e-11
6.219082087397347e-11
6.624617958472636e-11
6.919158046724559e-11
7.276573044798065e-11
7.536356331154421e-11
7.74790081634621e-11
7.973270788584155e-11
8.173621877408029e-11
8.324412732822516e-11
8.433148051182901e-11
8.53046459561205e-11
7.009332493768026e-11
7.552980390207627e-11
7.937256381598868e-11
8.404036266019655e-11
8.744120372081927e-11
9.021290334121477e-11
9.31679348605009e-11
9.579433621728045e-11
9.776908645758363e-11
9.919377342178764e-11
1.0046879769887876e-10
8.243573755070403e-11
8.727673738919597e-11
9.294804474009057e-11
9.707741739353083e-11
1.0045717808435472e-10
1.0406219826527692e-10
1.072673452339739e-10
1.0967505876877787e-10
1.1141249546694283e-10
1.1296728652815723e-10
9.320324555765739e-11
9.996297742772493e-11
1.04649669152781e-10
1.0854704241342934e-10
1.1272033902981748e-10
1.1643242661162156e-10
1.1921979427008434e-10
1.2123202313873953e-10
1.230323171597621e-10
1.0897331898305134e-10
1.1475445509462818e-10
1.19101266632646e-10
1.2400593666127897e-10
1.2842466155742267e-10
1.317445882715057e-10
1.3414293066792057e-10
1.362883001804775e-10
1.2267599134648308e-10
1.2779000928988873e-10
1.3292558355995954e-10
1.3786457751954284e-10
1.4162475213013598e-10
1.4434755045347441e-10
1.4678414048444918e-10
1.3542903138622785e-10
1.413752502166163e-10
1.4630434442269413e-10
1.503613627993733e-10
1.5336935032733942e-10
1.5607425894600467e-10
1.5139906788778054e-10
1.5687823424607324e-10
1.60726324628982e-10
1.6386121848720549e-10
1.667852570032161e-10
1.659830024522537e-10
1.7127125738932175e-10
1.7459898297455273e-10
1.7757718969483414e-10
1.785280317418626e-10
1.8285124460967548e-10
1.8629784674838613e-10
1.8835428190096074e-10
1.9268111324959859e-10
1.980156279560419e-10
7.663227904569929e-14
1.6027215618862336e-13
2.3688898549156416e-13
2.9321481199509037e-13
3.2793140682330483e-13
3.5324636045278807e-13
3.760558749826587e-13
3.8998882306818195e-13
4.002759460472807e-13
4.0803615599687304e-13
4.152807582741502e-13
4.204549082528694e-13
4.24167471140696e-13
4.2871714362912125e-13
4.3204281539423413e-13
4.3470587599444857e-13
4.375384294678049e-13
4.4007386252105965e-13
4.420072267087283e-13
4.4341481643383903e-13
4.4466643446963016e-13
4.08460586321786e-13
6.8842250245386e-13
9.086606859844015e-13
1.0459804335695707e-12
1.146814059816296e-12
1.2377641138330457e-12
1.2936846204152657e-12
1.335139935842555e-12
1.36643986895089e-12
1.3958116800508757e-12
1.4168434027680713e-12
1.43203673635937e-12
1.4506372044299056e-12
1.464256394911361e-12
1.4752330792690167e-12
1.4870006764468696e-12
1.4975117104815344e-12
1.5055640646179548e-12
1.5114082061412878e-12
1.5166557536208124e-12
1.3653286069218157e-12
2.036888684662668e-12
2.492233403415923e-12
2.841581735850246e-12
3.15921114988403e-12
3.353920043258086e-12
3.498087982225563e-12
3.606643662619094e-12
3.708192855416739e-12
3.7805433131120905e-12
3.832782338111664e-12
3.896352960507602e-12
3.942554106871109e-12
3.980169478585768e-12
4.02006634252921e-12
4.05560766227768e-12
4.082669108382278e-12
4.102098281369919e-12
4.119547201433108e-12
3.4430554172015717e-12
4.529602709057584e-12
5.410355744224405e-12
6.216507980372518e-12
6.7110043108939776e-12
7.078372843235582e-12
7.354823272264093e-12
7.61341968449918e-12
7.79731509356985e-12
7.930116892843697e-12
8.091461242010295e-12
8.208495965058322e-12
8.304187773646961e-12
8.40532173092532e-12
8.495295900414993e-12
8.563650225891615e-12
8.612574649622856e-12
8.656442104434202e-12
6.313228136727291e-12
7.895558480152964e-12
9.37151932402697e-12
1.0284911327983916e-11
1.0965457941133258e-11
1.147931546629982e-11
1.1959643687463261e-11
1.2300848024268302e-11
1.2547251365039143e-11
1.2846647614634746e-11
1.3063886304046266e-11
1.3241403693513203e-11
1.3429281730934868e-11
1.3596352228469419e-11
1.3723018312171261e-11
1.38137514990999e-11
1.3895041067817642e-11
1.043826323846057e-11
1.2987596664962704e-11
1.4609949428491682e-11
1.5824731747714868e-11
1.6744583858399586e-11
1.7603660101288068e-11
1.8213852357942123e-11
1.865426807680444e-11
1.9189660834007093e-11
1.9578399791305575e-11
1.989559308640826e-11
2.0231977393865847e-11
2.053103971007036e-11
2.0757276368693973e-11
2.091966654179992e-11
2.1065100495796905e-11
1.706777977686433e-11
1.9877062122655418e-11
2.1977350781696762e-11
2.3563306868188462e-11
2.5045250793296462e-11
2.6097736186967547e-11
2.6858504092117612e-11
2.778166284784737e-11
2.845268740428851e-11
2.9000138408654027e-11
2.958115952381387e-11
3.0097779897870565e-11
3.04878180101773e-11
3.0768273104855055e-11
3.1019391372028756e-11
2.3965813143263358e-11
2.7140226144437436e-11
2.948687232918875e-11
3.1676791180329487e-11
3.3232614788421476e-11
3.435979635759674e-11
3.572540623941315e-11
3.671901579201353e-11
3.7527858657302107e-11
3.8388223009203455e-11
3.9153045299393953e-11
3.9729814865184854e-11
4.0145035715038633e-11
4.0516729327811856e-11
3.1726177109219784e-11
3.516900191163382e-11
3.830658305480715e-11
4.053083546083608e-11
4.2146062807820753e-11
4.4102275097833304e-11
4.5524980605593984e-11
4.6682622058272724e-11
4.791531978025526e-11
4.901146430505416e-11
4.983720157255398e-11
5.0432235469987194e-11
5.0964716930993995e-11
3.983260777550863e-11
4.4134757804921563e-11
4.710171496665367e-11
4.9257112695936524e-11
5.187275838501582e-11
5.377393198680267e-11
5.532200280972052e-11
5.6971518912389944e-11
5.843790912013533e-11
5.954137308321297e-11
6.033720275671424e-11
6.104944403297372e-11
4.9990926968288285e-11
5.4012559478033453e-11
5.6850667626602245e-11
6.029852425040956e-11
6.281097401672918e-11
6.485867841383317e-11
6.704218708560805e-11
6.898283688628262e-11
7.044171491693866e-11
7.149436990162566e-11
7.243642787728989e-11
5.916803976993955e-11
6.27754018061157e-11
6.699247837088937e-11
7.006338003351962e-11
7.257754632536502e-11
7.525972289618842e-11
7.764440050560096e-11
7.943542408450583e-11
8.072800611685294e-11
8.188468784505718e-11
6.722637989707079e-11
7.228635771221286e-11
7.57849544926618e-11
7.869787489601532e-11
8.181818535755256e-11
8.459373942422813e-11
8.667747820286154e-11
8.818193729264686e-11
8.952790640636937e-11
7.910500843136876e-11
8.345359177099503e-11
8.670935936498086e-11
9.039468445677611e-11
9.371717263763199e-11
9.62131323314932e-11
9.801648495853198e-11
9.962957106864454e-11
8.948353648135857e-11
9.333693884005498e-11
9.719637344878307e-11
1.0092240799019848e-10
1.0376048323643129e-10
1.0581604181126473e-10
1.0765550501489404e-10
9.917692844972566e-11
1.0366990355635105e-10
1.0738462623472022e-10
1.1045379369301549e-10
1.127319137853847e-10
1.1478083653090877e-10
1.1136625581927573e-10
1.1551075804872785e-10
1.184152686872357e-10
1.207929047887124e-10
1.2301377891852893e-10
1.2249605357320947e-10
1.2652787980883695e-10
1.2905758064855938e-10
1.313229857209182e-10
1.3209764659182424e-10
1.3540391439714755e-10
1.3803572891986825e-10
1.3962805302240933e-10
1.4294418459478221e-10
1.4704115000778924e-10