2.8040001568736223e-12
5.3437879244466414e-12
6.691127923529397e-12
7.576617514259878e-12
8.087947468587534e-12
8.491966833335748e-12
8.904371674637447e-12
1.2623869077277528e-11
1.7707483885988133e-11
2.116066041608026e-11
2.317173878489542e-11
2.4760520063816613e-11
2.6380185870004238e-11
2.8298094412299152e-11
3.6709708034395295e-11
4.175099214632474e-11
4.573707814547653e-11
4.979986812178663e-11
5.1977159233261074e-11
6.217734268002659e-11
7.012593721184781e-11
7.823641716122523e-11
7.907614865424643e-11
9.283542834797265e-11
1.0665228950504683e-10
1.1457702058005852e-10
1.365965788881908e-10
1.7415319177841865e-10
1.8658184405966554e-12
3.587329453834642e-12
4.5131131658150064e-12
5.123225786137764e-12
5.475825538974961e-12
5.754499172098592e-12
6.039032482900238e-12
8.58498915375228e-12
1.213482043404235e-11
1.4554001974136347e-11
1.5963914908135713e-11
1.707787016074419e-11
1.821349973007045e-11
1.9655954109759126e-11
2.5687205333980576e-11
2.9306741326159796e-11
3.216869215976451e-11
3.5085748877020926e-11
3.682302292315265e-11
4.430976372193569e-11
5.0137474974906394e-11
5.6084371955178306e-11
5.6925345573225035e-11
6.721321575942053e-11
7.753477505368578e-11
8.370942748361516e-11
1.0041272322877725e-10
1.2932190601376517e-10
1.2319876149306199e-12
2.3854862141707077e-12
3.0129829543992317e-12
3.4275404651807744e-12
3.667300546592612e-12
3.856845610211548e-12
4.050438028539023e-12
5.768964218851598e-12
8.207119366662073e-12
9.873524481567018e-12
1.0845317468257167e-11
1.1613184431378423e-11
1.2396008141545182e-11
1.3450210646000569e-11
1.769218698211477e-11
2.0240772501389634e-11
2.2255888436222224e-11
2.430983834767025e-11
2.5653212919318658e-11
3.1038792589914424e-11
3.5225584138747755e-11
3.949840398170441e-11
4.027506626350197e-11
4.7820150951802434e-11
5.538154936844214e-11
6.011645497990721e-11
7.256214981346052e-11
9.448908216125458e-11