5.065567631547467e-13
1.0660078938288776e-12
1.4658500011652934e-12
1.6784252511328986e-12
1.827346882534213e-12
1.9072060719487578e-12
1.9649282369732204e-12
2.0023067957893865e-12
2.035788638345579e-12
2.059485173614872e-12
2.0816475520416998e-12
2.0989075571505533e-12
2.1099809805908407e-12
3.0758392744644566e-12
5.209298534900654e-12
6.518935049360884e-12
7.463793430137361e-12
7.969858465201038e-12
8.334743229056215e-12
8.57009659295624e-12
8.779912693540559e-12
8.927770559958071e-12
9.065898229491494e-12
9.172749077553631e-12
9.240160726171343e-12
1.08593763733717e-11
1.520221973514449e-11
1.8473617880853425e-11
2.023943371755532e-11
2.1514963796223188e-11
2.233584546857765e-11
2.3066942760780007e-11
2.3582111570955244e-11
2.4063489470141094e-11
2.4434237312228308e-11
2.4667039728786904e-11
2.3891626842962827e-11
3.1500821997210983e-11
3.575682611135579e-11
3.884133277489084e-11
4.0824155843285705e-11
4.259011583005603e-11
4.383511951679315e-11
4.5000001445162866e-11
4.589571455680614e-11
4.645830278840465e-11
4.558628202796747e-11
5.44195129475563e-11
6.074148222131393e-11
6.480911530615903e-11
6.84306920845002e-11
7.09844482678887e-11
7.337752556907218e-11
7.521560329874752e-11
7.637061905019146e-11
6.882863512678302e-11
7.96023238106621e-11
8.641662240917045e-11
9.24952755415874e-11
9.67756847810969e-11
1.0079417047945633e-10
1.0387889078891065e-10
1.0581791934709201e-10
9.604485771915127e-11
1.0658490446388057e-10
1.1578732007893323e-10
1.2228283756817937e-10
1.283916868233858e-10
1.330763682960692e-10
1.3602151307836425e-10
1.2102181525768158e-10
1.3343783224559827e-10
1.4196589606262417e-10
1.5005453735591707e-10
1.5625951346985214e-10
1.601589195618302e-10
1.5102650710174885e-10
1.621572942730894e-10
1.7226999408619788e-10
1.8025794827187515e-10
1.8528648517725213e-10
1.7820462537056258e-10
1.903067922404372e-10
1.9936957295479562e-10
2.0535472203217205e-10
2.0993683925407656e-10
2.2065058251243058e-10
2.2714153879327696e-10
2.380008095998403e-10
2.4656298631183487e-10
2.584960260039985e-10
3.315706441575787e-13
7.016875723419248e-13
9.689156327081417e-13
1.1121338330935956e-12
1.212832663464314e-12
1.2669183685827678e-12
1.3060598625169902e-12
1.331428665952798e-12
1.35417026124378e-12
1.3702764629487732e-12
1.3853561050684254e-12
1.3971042212816713e-12
1.404640593657607e-12
2.0440198856411284e-12
3.4890182308466505e-12
4.3856450973472564e-12
5.035111170648546e-12
5.383297274011906e-12
5.634453859765455e-12
5.796472099414009e-12
5.94093395498622e-12
6.04275481675047e-12
6.137899425492702e-12
6.211497275843667e-12
6.257923664319873e-12
7.362491404703064e-12
1.038219870510983e-11
1.2666726271480572e-11
1.3900947566255754e-11
1.4792705123585603e-11
1.5366561606745092e-11
1.5877667532250107e-11
1.623783058503996e-11
1.6574403879995212e-11
1.6833592644899866e-11
1.6996332205047283e-11
1.651383380227291e-11
2.1936545935397508e-11
2.497566474850308e-11
2.717854716890944e-11
2.859456298572582e-11
2.9855711995333035e-11
3.074486431967623e-11
3.1576857193612696e-11
3.221654550835726e-11
3.26183274985567e-11
3.21451046809566e-11
3.859130204236358e-11
4.3200044777835763e-11
4.616549937874807e-11
4.880574251202588e-11
5.0667560667487493e-11
5.2412417823120664e-11
5.375249884120378e-11
5.45946019473135e-11
4.928103960772306e-11
5.7286140492355425e-11
6.234394282020881e-11
6.685624993535137e-11
7.003351535523091e-11
7.301680704888124e-11
7.530671116057398e-11
7.67461687123259e-11
6.967881388550821e-11
7.762195057790882e-11
8.454948994757069e-11
8.943981049490569e-11
9.403986805220316e-11
9.756717477971558e-11
9.978475993781145e-11
8.861296013612332e-11
9.805109226089399e-11
1.0452652734336866e-10
1.106714969046677e-10
1.1538516367412279e-10
1.1834738515878993e-10
1.1155947246987186e-10
1.200781621039151e-10
1.2781095673702755e-10
1.339243688354622e-10
1.377730410456681e-10
1.3246958733544013e-10
1.4177122856620738e-10
1.4873654156937138e-10
1.5334059681423818e-10
1.5697877551912163e-10
1.652503945962156e-10
1.7026647828097016e-10
1.7869405700176147e-10
1.8532858438225464e-10
1.9456661998804933e-10
2.161559664539179e-13
4.594114514056273e-13
6.364768826134306e-13
7.320288143570694e-13
7.994338067309771e-13
8.35694075121573e-13
8.619705238756732e-13
8.790186481595304e-13
8.943155356809344e-13
9.051586186577684e-13
9.153232762625921e-13
9.232468579372127e-13
9.283307859364166e-13
1.3481993313594547e-12
2.3157603292111006e-12
2.921659954142572e-12
3.362098670966936e-12
3.598428709145803e-12
3.768972104397392e-12
3.879005878075968e-12
3.977135919114739e-12
4.0463155685812375e-12
4.110977682415753e-12
4.160998722706505e-12
4.192552088246264e-12
4.935001917783065e-12
7.001512415224265e-12
8.570864267805992e-12
9.419365176623939e-12
1.0032562556307423e-11
1.0427138494116249e-11
1.0778578765659192e-11
1.10262372648155e-11
1.1257695606625496e-11
1.143592005838404e-11
1.1547818464420499e-11
1.1251569246602011e-11
1.5044103751681257e-11
1.717336504315326e-11
1.8716870155799252e-11
1.9709003371357778e-11
2.059263046629083e-11
2.1215645471680734e-11
2.1798644947561985e-11
2.2246862097049817e-11
2.252838532559226e-11
2.229710401081629e-11
2.6907559831702586e-11
3.019971705718311e-11
3.2318146941274456e-11
3.4204246438653566e-11
3.553429658676268e-11
3.6780910437918434e-11
3.773826675144547e-11
3.8339881555389506e-11
3.468231193170374e-11
4.0513907881228695e-11
4.4193820995845776e-11
4.747730012467401e-11
4.978916875686209e-11
5.196021542106953e-11
5.3626555604817896e-11
5.467406694084931e-11
4.9682327797045094e-11
5.555802116196432e-11
6.067530031111902e-11
6.428823670665879e-11
6.768739670549667e-11
7.029362916968176e-11
7.193218101129872e-11
6.378406710995859e-11
7.083356386709726e-11
7.566260141138946e-11
8.024834757212861e-11
8.376581918325469e-11
8.597629967554732e-11
8.105456767489533e-11
8.746617550724736e-11
9.327672557961902e-11
9.787738406550627e-11
1.0077393714938637e-10
9.691554194547283e-11
1.0394678680300867e-10
1.0920810324732319e-10
1.1269293251415215e-10
1.1561299611619076e-10
1.218950071329838e-10
1.2570356000715062e-10
1.3222307830233962e-10
1.372963289162477e-10
1.4439360296135895e-10