8.76142463963665e-13
1.8830109838131965e-12
2.4825124731138484e-12
2.8445555247591426e-12
3.0173996375873316e-12
3.1321230910430686e-12
3.2061075277724446e-12
3.2614860801850333e-12
3.310744629723325e-12
3.340008157921105e-12
6.077527322290039e-12
9.920555204880172e-12
1.2545744858467803e-11
1.3802626817052239e-11
1.463317262828435e-11
1.5166165909059735e-11
1.556275808378177e-11
1.5913795163487656e-11
1.6119395832803746e-11
1.946411576224569e-11
2.7802730877947814e-11
3.1985944735660356e-11
3.4756769877737853e-11
3.653362742306088e-11
3.785653622994347e-11
3.902752433155339e-11
3.9711823961699745e-11
4.6174909892773596e-11
5.718013062348461e-11
6.441177392754979e-11
6.905278776753952e-11
7.251048741819603e-11
7.557132030347233e-11
7.735910720939103e-11
7.679905079220228e-11
9.065452893858748e-11
9.940088416143137e-11
1.0592981987724489e-10
1.1171340746270969e-10
1.150888426326764e-10
1.1278048046994473e-10
1.2699876204334809e-10
1.3739822967926923e-10
1.4665477227166503e-10
1.5205175005903999e-10
1.4784808669778762e-10
1.6235261403406858e-10
1.7483905617929324e-10
1.8224205720454964e-10
1.8385909805997078e-10
1.9964684649288958e-10
2.0862212878163534e-10
2.2537421196779426e-10
2.37209959680869e-10
2.5492180316072856e-10
5.756184162544762e-13
1.2463061037616036e-12
1.6503906311957465e-12
1.8962680594222423e-12
2.013901956484734e-12
2.0920795139011945e-12
2.1425487781296452e-12
2.180356289883161e-12
2.2140167832186146e-12
2.2340204525268426e-12
4.081186908814246e-12
6.721856732068617e-12
8.54142456654366e-12
9.413711549618666e-12
9.99022815898052e-12
1.036022179213333e-11
1.0635545277821632e-11
1.0879259326699436e-11
1.1021983469056798e-11
1.3380915973307155e-11
1.9289129605596288e-11
2.2261355444185002e-11
2.4230296054285298e-11
2.5492905888264602e-11
2.6432996582178873e-11
2.7265151194935893e-11
2.7751407343457102e-11
3.257666034291273e-11
4.0616706532136626e-11
4.589583709892145e-11
4.928400462162961e-11
5.1808408317019586e-11
5.4043084880273606e-11
5.534828088149653e-11
5.5222530734258184e-11
6.557087913909029e-11
7.20970166385261e-11
7.69692932922078e-11
8.128551964839428e-11
8.380443420087065e-11
8.234530525651277e-11
9.312639393586169e-11
1.0100497495469464e-10
1.0801945544284465e-10
1.1210889066153572e-10
1.0911639410320476e-10
1.2021520603724017e-10
1.297619890540003e-10
1.3542469934749192e-10
1.368265319940561e-10
1.489779683195648e-10
1.5588589962987046e-10
1.6891826128123236e-10
1.7807982038091457e-10
1.9179934434608778e-10
3.76313868812878e-13
8.194916691319176e-13
1.0891108975898997e-12
1.2542604610356926e-12
1.3334350410830453e-12
1.3861271563227893e-12
1.420185759757955e-12
1.4457252080313716e-12
1.4684901406964468e-12
1.4820276917212109e-12
2.7144401479568845e-12
4.503732471185047e-12
5.745920758674399e-12
6.342096141848086e-12
6.7361955975371434e-12
6.989134965669058e-12
7.177368640674898e-12
7.344004697915541e-12
7.441583151470611e-12
9.074659984945335e-12
1.3185307721669457e-11
1.5258402103932164e-11
1.6631836252281914e-11
1.751256025821835e-11
1.8168345556781207e-11
1.8748853783314055e-11
1.908804555187968e-11
2.2607214121758457e-11
2.8364074173397538e-11
3.214049792036043e-11
3.456439720152681e-11
3.637043214771299e-11
3.796919757988733e-11
3.89029582648397e-11
3.902595908201375e-11
4.6606509417899784e-11
5.138152593938459e-11
5.4947015195237104e-11
5.810573286763927e-11
5.99490448641891e-11
5.909863149333118e-11
6.712841373630411e-11
7.2989291799369e-11
7.820914606396646e-11
8.125207478951375e-11
7.92037202896276e-11
8.75564864167819e-11
9.473085711378677e-11
9.898985855393585e-11
1.0022577856113706e-10
1.094279609561269e-10
1.1465549180208797e-10
1.2473379831377618e-10
1.3172521316761863e-10
1.4226941847688105e-10