2.838788124890002e-13
5.91393367118461e-13
8.482820277868421e-13
1.0025388700622403e-12
1.098042154054551e-12
1.177167356865121e-12
1.2205109156856294e-12
1.2527678860307105e-12
1.2798742900025107e-12
1.2982557683714317e-12
1.3129436511923751e-12
1.3279546431785697e-12
1.3379550653489206e-12
1.3483285481023826e-12
1.3573298800325456e-12
1.363415202253444e-12
1.3682490671473794e-12
1.5711689137561931e-12
2.6586759040266952e-12
3.386163574263759e-12
3.854618382917092e-12
4.2457099647724934e-12
4.46101223406155e-12
4.6210468250715464e-12
4.7557219584272335e-12
4.846996271850991e-12
4.919987950059352e-12
4.994228658449707e-12
5.044148502282959e-12
5.095898408111717e-12
5.1406267854195025e-12
5.1708350529149705e-12
5.194501420961234e-12
5.5346721309899645e-12
7.960623259176157e-12
9.668532519545183e-12
1.1112757603970662e-11
1.1907367615453086e-11
1.2498429242433617e-11
1.2995051033296818e-11
1.3330431052440122e-11
1.3598361059740502e-11
1.3869228761550548e-11
1.4052850902581402e-11
1.424174704622995e-11
1.4404417408969086e-11
1.451356550396913e-11
1.4598289105507858e-11
1.2634254528138938e-11
1.6386491826753485e-11
1.9638143261268402e-11
2.144424029583628e-11
2.2788915814071713e-11
2.3921423732862614e-11
2.4684962410798262e-11
2.5295149682269827e-11
2.5911728496451702e-11
2.6330054667953e-11
2.6760657855590843e-11
2.7130940375970168e-11
2.7378787236542036e-11
2.7571159380992635e-11
2.2881437840260912e-11
2.907709656381036e-11
3.2627350744413033e-11
3.527816451625201e-11
3.7514286534274905e-11
3.902103955981743e-11
4.022477260695181e-11
4.144222872177695e-11
4.226718994206244e-11
4.311828058814145e-11
4.384956165179817e-11
4.4338131862034e-11
4.471819434830818e-11
3.955118427383728e-11
4.612357026136024e-11
5.099043688536058e-11
5.5092701015336803e-11
5.7857370603306346e-11
6.00690915352237e-11
6.230246822778718e-11
6.381632140232398e-11
6.538057424530379e-11
6.672389727520685e-11
6.761991256714947e-11
6.831851915184326e-11
5.5894072629347895e-11
6.344296589180149e-11
6.967797094221368e-11
7.387792874623325e-11
7.72454934321823e-11
8.064273266550693e-11
8.294277236828198e-11
8.532382238750485e-11
8.736801112695883e-11
8.873020375019337e-11
8.979397531379295e-11
7.433877953811195e-11
8.348532318236773e-11
8.951778467307722e-11
9.43640355736377e-11
9.925477620686514e-11
1.0256464051720858e-10
1.0599498258464887e-10
1.0893904100410467e-10
1.10898728236339e-10
1.1243154843023486e-10
9.6409708008492e-11
1.0492731843325357e-10
1.1160602759513659e-10
1.1836308142523391e-10
1.2294356551015752e-10
1.276958094108465e-10
1.3177227988282824e-10
1.3448255061668488e-10
1.3660506667034002e-10
1.160370691314945e-10
1.2462900613731198e-10
1.330460423568375e-10
1.387870943159658e-10
1.4475242829416995e-10
1.498710842671325e-10
1.532698641801935e-10
1.559340109764462e-10
1.3574681579158548e-10
1.4612054828380762e-10
1.528498345617209e-10
1.600138589664714e-10
1.6617906498664877e-10
1.7027097446456475e-10
1.7348130139234645e-10
1.605852537284957e-10
1.6866143063784463e-10
1.767906226061161e-10
1.841578223959207e-10
1.8907253639525062e-10
1.9293421384608843e-10
1.8059048309711025e-10
1.899676229624561e-10
1.9768696690892486e-10
2.0318593441613977e-10
2.0756457680122158e-10
2.054653414792818e-10
2.140635891537835e-10
2.1962696866688302e-10
2.2435207636577553e-10
2.2849413173650638e-10
2.358953834475892e-10
2.409761877386783e-10
2.4592525068873233e-10
2.5262126199064967e-10
2.612850542871068e-10
1.8528598007158356e-13
3.8769271485715863e-13
5.583727225933576e-13
6.616674551409542e-13
7.260235343358527e-13
7.794721341858876e-13
8.08784058462697e-13
8.30611543532172e-13
8.489648466990235e-13
8.614146028676502e-13
8.713667314274889e-13
8.815376679157408e-13
8.883205718804667e-13
8.953583138469094e-13
9.014657174790426e-13
9.055954200042649e-13
9.088738052088612e-13
1.0362122336665453e-12
1.7638790418363536e-12
2.2549900221276843e-12
2.573562888115659e-12
2.8402623904230107e-12
2.9872410408671537e-12
3.096565597386526e-12
3.1886244632801904e-12
3.2510369731694595e-12
3.3009699573674233e-12
3.3517626002365415e-12
3.3859466009161132e-12
3.4213900985770477e-12
3.4520319728307113e-12
3.472725893477818e-12
3.488937681916676e-12
3.707336135185634e-12
5.3657247802240275e-12
6.5431841480890645e-12
7.541523082847635e-12
8.091262467821779e-12
8.500261261263946e-12
8.843981847764741e-12
9.076094366109076e-12
9.261537321902944e-12
9.449007677513238e-12
9.576121306418937e-12
9.706889210946949e-12
9.819495244305313e-12
9.895038417851063e-12
9.953674625544583e-12
8.590388026068916e-12
1.1207986661361412e-11
1.3483353671245626e-11
1.4748441529748306e-11
1.569045892456721e-11
1.6483988905145438e-11
1.701894652858026e-11
1.7446471251964727e-11
1.7878478193852472e-11
1.8171589323681157e-11
1.847333286724013e-11
1.873278862827472e-11
1.8906426747975963e-11
1.9041207552710526e-11
1.5794338711255044e-11
2.019995860833787e-11
2.2729612526764596e-11
2.46186247440642e-11
2.6212322168380755e-11
2.7286147806324936e-11
2.814401347304079e-11
2.9011698407708228e-11
2.959963011571703e-11
3.020626426766773e-11
3.0727473358158764e-11
3.107564422494257e-11
3.1346525358235235e-11
2.7753917657231238e-11
3.252248917008881e-11
3.605060222071287e-11
3.9024277003348283e-11
4.1028368306915195e-11
4.263175455718504e-11
4.425073153820258e-11
4.534812687755048e-11
4.6482217285539016e-11
4.745608425778145e-11
4.8105573410943496e-11
4.861205650188362e-11
3.970378359671245e-11
4.526118107494305e-11
4.984459527431277e-11
5.2931998092758846e-11
5.5407955839767324e-11
5.790549942877454e-11
5.959630910839645e-11
6.134699270236377e-11
6.284993529618868e-11
6.385132078925078e-11
6.463347474364035e-11
5.338601187276736e-11
6.02048660132301e-11
6.469624656694147e-11
6.830533636138071e-11
7.194743541291734e-11
7.441211236217184e-11
7.69669685348921e-11
7.915955020684821e-11
8.061881355938938e-11
8.176044982800799e-11
6.995513142586755e-11
7.637409169152234e-11
8.140146433904752e-11
8.648845458983269e-11
8.99370045294283e-11
9.351551757568174e-11
9.658498685204817e-11
9.862541971639578e-11
1.0022368725259774e-10
8.482117236354693e-11
9.134355442487848e-11
9.772420461782509e-11
1.0207778787944692e-10
1.066024206445338e-10
1.1048472834065449e-10
1.1306209088650453e-10
1.1508278261942936e-10
9.98527063545775e-11
1.0776841744917086e-10
1.1289497438708206e-10
1.1835883310725956e-10
1.2306126831430035e-10
1.2618176977824888e-10
1.2863048656762243e-10
1.1890909850200285e-10
1.2509400594054883e-10
1.313164628253151e-10
1.3696450967670857e-10
1.407322606182742e-10
1.436933816723594e-10
1.3431292563827722e-10
1.4151993486964123e-10
1.4745136353458975e-10
1.5168163125522276e-10
1.550514386225026e-10
1.535258673574316e-10
1.601556530331876e-10
1.6444765089927784e-10
1.6809747668914465e-10
1.7133405986698368e-10
1.7706319166635537e-10
1.8100126267335817e-10
1.8483015500547494e-10
1.9002014012992395e-10
1.9672582553471378e-10
1.2053331506163567e-13
2.5304077569051127e-13
3.656033861063894e-13
4.341627755888822e-13
4.771119223212271e-13
5.12860793426289e-13
5.324867246731406e-13
5.471106734689004e-13
5.594149643574759e-13
5.677648139685595e-13
5.744426565684387e-13
5.8126808937336e-13
5.858244503151576e-13
5.905536778343919e-13
5.946588698041525e-13
5.974356362128918e-13
5.996391718537802e-13
6.794221331378403e-13
1.161928826348161e-12
1.4899542195286578e-12
1.704095134896403e-12
1.883819524750764e-12
1.9829649432881688e-12
2.056761906303758e-12
2.1189459844760564e-12
2.1611224729884605e-12
2.1948826393508626e-12
2.2292315862479247e-12
2.2523693827109345e-12
2.2763673779761502e-12
2.2971222043673883e-12
2.3111405098997954e-12
2.3221243748133568e-12
2.4607268967303885e-12
3.5795287700622947e-12
4.379686293916007e-12
5.059756982352396e-12
5.434515527212881e-12
5.713380087552814e-12
5.9477815494908275e-12
6.1060682334905395e-12
6.232537028256434e-12
6.360388124502063e-12
6.4470917422683605e-12
6.536292449633229e-12
6.613102326926286e-12
6.664624645019981e-12
6.704616079865956e-12
5.771600787804571e-12
7.567878801541982e-12
9.133602519107131e-12
1.000489229269525e-11
1.0653756390982903e-11
1.1200428417199606e-11
1.1568944883653963e-11
1.1863459516065376e-11
1.2161067187691451e-11
1.2362993775810282e-11
1.257088730382544e-11
1.2749636404802914e-11
1.2869247132859582e-11
1.296209669058182e-11
1.0748628854223613e-11
1.3823542888339533e-11
1.5592329833878654e-11
1.6913266664243995e-11
1.802780419194168e-11
1.877875257408514e-11
1.937867217485116e-11
1.9985484710239108e-11
2.0396638747766792e-11
2.0820920832271428e-11
2.118544228014292e-11
2.1428916050138782e-11
2.161836507733789e-11
1.9165195976951898e-11
2.255661670700734e-11
2.5063200259724393e-11
2.7175665184842748e-11
2.859938436566676e-11
2.97385307254484e-11
3.0888672150773854e-11
3.166827959665991e-11
3.247405680237113e-11
3.3165966995549457e-11
3.362735708773886e-11
3.398721407117314e-11
2.772992978451968e-11
3.17398283118132e-11
3.5041343998581117e-11
3.726525192382984e-11
3.904906690909788e-11
4.0848264540400435e-11
4.206622357718546e-11
4.332752790745781e-11
4.4410310164605655e-11
4.513166572277217e-11
4.5695192043349813e-11
3.7681370961381357e-11
4.2666468384599903e-11
4.594490925689486e-11
4.858002962655855e-11
5.123919148428351e-11
5.303858551285173e-11
5.4904139486064696e-11
5.6505098340818085e-11
5.7570471187339356e-11
5.840411417062209e-11
4.9887929585762976e-11
5.463610767787009e-11
5.834936941950341e-11
6.210729501603087e-11
6.465505896710311e-11
6.72993127863984e-11
6.956729856892254e-11
7.107471397219311e-11
7.22557007976707e-11
6.094889654061211e-11
6.581326758268588e-11
7.056283120274243e-11
7.380508565310279e-11
7.717552308602612e-11
8.006741874787339e-11
8.198690615527088e-11
8.34921155446329e-11
7.222370817218698e-11
7.816183918750295e-11
8.199819711035126e-11
8.609361084729931e-11
8.961882125827396e-11
9.195770749957932e-11
9.379346176321198e-11
8.662535572521946e-11
9.128177079723923e-11
9.596034082240953e-11
1.002187411203732e-10
1.0305974009999719e-10
1.0529305999261966e-10
9.83235289349555e-11
1.0376985413828358e-10
1.0824589470085647e-10
1.1144732843534918e-10
1.139994486971127e-10
1.1298484379479391e-10
1.1800601874723542e-10
1.2125551885751543e-10
1.2402760388323653e-10
1.2658893460541589e-10
1.309627802085844e-10
1.3396266637217564e-10
1.3692527130138866e-10
1.4090021052375058e-10
1.460512292769924e-10