2.0776014063413836e-13
4.656379770019263e-13
6.013976889078449e-13
7.215748307402034e-13
8.144048670472432e-13
8.691993310245137e-13
9.128182331502929e-13
9.530636612637875e-13
9.831694001639573e-13
1.028752349642382e-12
1.3416151601933254e-12
1.9361407786550012e-12
2.493194920192166e-12
2.9243025230244756e-12
3.178675332277639e-12
3.38058774825631e-12
3.56589255998554e-12
3.703610631821037e-12
3.910136311779421e-12
3.0348674782812495e-12
4.197089705098356e-12
5.118424318722226e-12
5.667822337018747e-12
6.105196637469998e-12
6.506388385726126e-12
6.804246307219361e-12
7.2511165569744266e-12
6.451918555896484e-12
8.465482744999045e-12
9.70222933083312e-12
1.0685303591909048e-11
1.1587397204854814e-11
1.2257225043573736e-11
1.3262251093041996e-11
1.2072132800724547e-11
1.4507012642653661e-11
1.639129500632648e-11
1.8119175392942195e-11
1.9404038043154552e-11
2.13312379318319e-11
1.851856101002573e-11
2.176903528285463e-11
2.4655347187462257e-11
2.680300719413553e-11
3.002639486239035e-11
2.6925668628860947e-11
3.162877756868469e-11
3.5009166033035235e-11
4.010311088076809e-11
3.912193261030202e-11
4.4529140544024024e-11
5.238904009454504e-11
5.2724708851447685e-11
6.398532932733977e-11
8.534924362240624e-11
1.3842980708805486e-13
3.130664479973698e-13
4.062690133583437e-13
4.895193693186129e-13
5.539991779173107e-13
5.92107387631571e-13
6.224718223950144e-13
6.505111614329989e-13
6.715046748120586e-13
7.033383674829838e-13
9.1281912703651e-13
1.325729306080741e-12
1.71576139800699e-12
2.018212108964976e-12
2.1967957371775305e-12
2.3385907389444024e-12
2.468728897187942e-12
2.565448015158042e-12
2.7105117523344266e-12
2.095461389115416e-12
2.918171272010869e-12
3.5719987085854855e-12
3.962194691127292e-12
4.272895462320958e-12
4.5578981571113314e-12
4.769488185015754e-12
5.086961952467296e-12
4.536283636296476e-12
5.991155837057542e-12
6.885895931751892e-12
7.5969692135872e-12
8.24947504316498e-12
8.733987475885593e-12
9.460986025854539e-12
8.634199376690475e-12
1.0426750260500164e-11
1.1811145105347714e-11
1.3080519534952637e-11
1.4024533695694482e-11
1.5440493572805653e-11
1.342251575656645e-11
1.5851165898881387e-11
1.8003671841064528e-11
1.9605503608636886e-11
2.2009760445344523e-11
1.97546189903095e-11
2.3313874389921734e-11
2.5868045687387628e-11
2.9717846058463154e-11
2.9054041401959128e-11
3.319211828874714e-11
3.919987882704257e-11
3.952639747911825e-11
4.820905497356478e-11
6.486645217657649e-11
9.149140551536276e-14
2.0840863069373937e-13
2.7152002825438097e-13
3.283419510762943e-13
3.724604064188821e-13
3.985653937620494e-13
4.193861155197755e-13
4.386308351333538e-13
4.530551259363401e-13
4.749681140244559e-13
6.134844466124264e-13
8.956942639393602e-13
1.1641699487121764e-12
1.3727368855700756e-12
1.4959593431143632e-12
1.5938231070631256e-12
1.6836467559834212e-12
1.7504058513569953e-12
1.8505505646901573e-12
1.425628671656116e-12
1.997225511853207e-12
2.4525234882740025e-12
2.72442565278796e-12
2.9409708677786775e-12
3.1396103263244127e-12
3.2870814412841592e-12
3.508371010291378e-12
3.135284347330866e-12
4.16512590478902e-12
4.799152289582689e-12
5.302885519365862e-12
5.765130614478747e-12
6.108377494944856e-12
6.623426748943476e-12
6.061575347562459e-12
7.353476599734505e-12
8.348878848468722e-12
9.261468462686219e-12
9.940229963582993e-12
1.0958333115527756e-11
9.544637298724643e-12
1.1321828196375839e-11
1.289343301781139e-11
1.4063128321160987e-11
1.58188545634527e-11
1.4219068158875847e-11
1.6859959275763365e-11
1.8751317105517202e-11
2.1602901086084272e-11
2.117899091479122e-11
2.4288473135223766e-11
2.8795116218971308e-11
2.910750222667412e-11
3.5688800405952024e-11
4.851559731713306e-11