1.097968615748365e-12
2.3720479286003846e-12
3.1099178303614795e-12
3.5147602361273257e-12
3.717156040490399e-12
3.835472196096841e-12
3.9274177485506796e-12
3.998390429428527e-12
4.043232200519047e-12
7.890896196754568e-12
1.2849888058125296e-11
1.584171611439173e-11
1.7345463988224656e-11
1.82200680956899e-11
1.8895599038653203e-11
1.9416406694295597e-11
1.9741127905794354e-11
2.575173283694796e-11
3.590493184559113e-11
4.1230378672940206e-11
4.4327791989068035e-11
4.6721108084156264e-11
4.856772640291374e-11
4.971690179551613e-11
5.746602986254258e-11
7.086337443831507e-11
7.856450778702856e-11
8.45211367790408e-11
8.911822251921581e-11
9.197803279556765e-11
9.477030943157568e-11
1.0936905513842742e-10
1.204567555726839e-10
1.2903907452057567e-10
1.3437305701734913e-10
1.3133368017844895e-10
1.480583371574532e-10
1.6063133697543024e-10
1.685087449369912e-10
1.7330025061499435e-10
1.9036163317798462e-10
2.0077941738058753e-10
2.181389419902144e-10
2.3181650024409958e-10
2.5313309777232086e-10
7.226684851055343e-13
1.5741259650590874e-12
2.0736145672503515e-12
2.3493271500267473e-12
2.4874178013692923e-12
2.5682193666090086e-12
2.6310560496943362e-12
2.6796093379785884e-12
2.7102946534623325e-12
5.322994501070246e-12
8.752240065457212e-12
1.0835235764548785e-11
1.1883096405412153e-11
1.2492581784649204e-11
1.296336047496356e-11
1.332634651101091e-11
1.3552638963099802e-11
1.7843596809129365e-11
2.510855453284137e-11
2.8926779731535614e-11
3.114755831677257e-11
3.28635613407819e-11
3.4187658066368163e-11
3.5011602520460986e-11
4.0863965684533454e-11
5.074678091704756e-11
5.6422886021075156e-11
6.081353579777664e-11
6.420215559329175e-11
6.631012173982365e-11
6.871623493265876e-11
7.971623057663442e-11
8.806282395682246e-11
9.452452757721932e-11
9.854029441683608e-11
9.647410143792032e-11
1.0922766245002228e-10
1.1880591936866287e-10
1.248085570551098e-10
1.2868437247089209e-10
1.417948160786871e-10
1.4979955322288103e-10
1.633190967789232e-10
1.7389714475252838e-10
1.9041438116047943e-10
4.73107463476728e-13
1.0371966307851162e-12
1.371664544846817e-12
1.5572828670946022e-12
1.6504183992070586e-12
1.7049749443252346e-12
1.7474392699792524e-12
1.7802908917637608e-12
1.801064872676766e-12
3.5534237391085207e-12
5.889501807365419e-12
7.316868878642265e-12
8.03545756250374e-12
8.453447330587238e-12
8.776328297954246e-12
9.025303201792515e-12
9.180506541769796e-12
1.2184306355945645e-11
1.7284526660420555e-11
1.9969734563354938e-11
2.153151075687696e-11
2.27383308946068e-11
2.3669582137484774e-11
2.4249039655502234e-11
2.856934607105507e-11
3.571527885593056e-11
3.981540815266274e-11
4.2987248507238925e-11
4.543527198377202e-11
4.695808733962223e-11
4.896847957010801e-11
5.7104156735703804e-11
6.326982568354922e-11
6.804412360017807e-11
7.10110517766892e-11
6.967718779814538e-11
7.923808298245973e-11
8.640765891845564e-11
9.09027654164606e-11
9.402988833409076e-11
1.0394156586154974e-10
1.0998985771478882e-10
1.2044885856750875e-10
1.285097980886263e-10
1.412064189606441e-10