1.6680325222954158e-12
3.111216797435034e-12
3.7727037153072975e-12
4.243636534293419e-12
4.685711079111768e-12
4.936649539763957e-12
5.129257151770403e-12
5.291662036929227e-12
5.433473043635898e-12
5.550429168072211e-12
5.729827040496809e-12
7.198535416467732e-12
9.603991575776542e-12
1.1445051000248433e-11
1.3189315755390763e-11
1.4179835415417656e-11
1.494244460731054e-11
1.558516554452982e-11
1.6144929473307516e-11
1.6606214387324446e-11
1.7311391271596797e-11
1.3637403811324309e-11
1.7036359789405376e-11
2.031621416228902e-11
2.2195766070225288e-11
2.364509636617746e-11
2.4870201741922073e-11
2.593576346080734e-11
2.6813791680289902e-11
2.8156403351433623e-11
2.2507225032418403e-11
2.8185711818395787e-11
3.153393869185673e-11
3.412340956840087e-11
3.631767491682858e-11
3.8225401808281476e-11
3.97963689018834e-11
4.220054261439017e-11
3.7440877104469924e-11
4.336705320208215e-11
4.7926444584621025e-11
5.178584013737313e-11
5.5141949947447236e-11
5.790756403622719e-11
6.213874584267785e-11
5.193163213875971e-11
5.877256265924127e-11
6.445207785131799e-11
6.938874133515224e-11
7.346262236625318e-11
7.969416522304388e-11
6.861354197477572e-11
7.68635841266321e-11
8.390520526986887e-11
8.972055586726167e-11
9.861897286796909e-11
8.848333900617721e-11
9.841976631308463e-11
1.0644585476109948e-10
1.1876614335589314e-10
1.1205689189249302e-10
1.2297897522096476e-10
1.3938997836573018e-10
1.3786709177715616e-10
1.591759752933269e-10
1.9339045605183126e-10
1.1024766473590927e-12
2.070798877073619e-12
2.519375468630379e-12
2.840823274156002e-12
3.143251942817538e-12
3.3150716154333634e-12
3.4470244223878308e-12
3.5583397849828973e-12
3.6555585742176675e-12
3.7357666987415025e-12
3.85884764274208e-12
4.842378394215568e-12
6.4947566754732654e-12
7.768590347087017e-12
8.977971911715517e-12
9.665278073325828e-12
1.0194567307176426e-11
1.0640755739223751e-11
1.1029330563588111e-11
1.1349555107076175e-11
1.1839118660855723e-11
9.287420567335525e-12
1.1662942063632455e-11
1.3960937814220024e-11
1.5279151861344244e-11
1.6295810851231447e-11
1.715540670763644e-11
1.7903004538504304e-11
1.851902643379767e-11
1.946105059716953e-11
1.5528375742821027e-11
1.956306953508617e-11
2.1946845552381235e-11
2.3790726407815124e-11
2.5353519891276558e-11
2.6712172691239486e-11
2.7830960652909937e-11
2.954323821338434e-11
2.622528706226834e-11
3.051555282585117e-11
3.3814229223897897e-11
3.6606289581299004e-11
3.903426314117786e-11
4.1035111423957325e-11
4.409630059446725e-11
3.678952181886596e-11
4.1808230314642814e-11
4.596878959111376e-11
4.958508839164325e-11
5.2569712614244704e-11
5.713508191120935e-11
4.912174426360531e-11
5.524903736304013e-11
6.047266842000686e-11
6.478720460550385e-11
7.138928435030291e-11
6.398375283772357e-11
7.144688016284082e-11
7.746813909123379e-11
8.671285718930732e-11
8.179724106785944e-11
9.007588713154459e-11
1.0250421022814313e-10
1.0147007057568154e-10
1.1773840803080078e-10
1.4416498139761944e-10
7.241006849682673e-13
1.367614180459894e-12
1.6683308204293314e-12
1.8850529996278536e-12
2.0893709450694023e-12
2.2055440477864463e-12
2.2948086738920284e-12
2.370149785728341e-12
2.4359666866605287e-12
2.490289538263003e-12
2.5736934591792868e-12
3.2250813874752527e-12
4.344283525063791e-12
5.212486349232073e-12
6.038317477717863e-12
6.507970885168245e-12
6.8697189542781165e-12
7.174737195220759e-12
7.440359244980614e-12
7.659266317088402e-12
7.993957582463553e-12
6.2482497375462026e-12
7.88096931651796e-12
9.463947077307585e-12
1.037280796016072e-11
1.1073856621010184e-11
1.166673314864684e-11
1.2182334484497788e-11
1.2607189344724785e-11
1.3256915604545263e-11
1.0563082080827012e-11
1.3377071694070662e-11
1.5042636344449452e-11
1.6331112483030567e-11
1.742334757719931e-11
1.8372876991849066e-11
1.915475370585644e-11
2.03514659455056e-11
1.8079647830298518e-11
2.1124492929103577e-11
2.34636965142553e-11
2.544337724137757e-11
2.7164936012714922e-11
2.858369855052824e-11
3.075434526244558e-11
2.5629051064757587e-11
2.923745512926091e-11
3.222376438632343e-11
3.481936650091803e-11
3.696186136767626e-11
4.0239062952146526e-11
3.456669603911822e-11
3.9028159178182436e-11
4.2826390414503397e-11
4.596406274298902e-11
5.0765431178446473e-11
4.547186863436792e-11
5.097210445082395e-11
5.540321628417113e-11
6.220821281938113e-11
5.869094404880133e-11
6.485422696692686e-11
7.409591147393328e-11
7.343667087240221e-11
8.564708459433096e-11
1.0578678230704084e-10