1.000000000000000021e-03 5.682469802321180532e-09 3.642689161453865301e-25 0.000000000000000000e+00 0.000000000000000000e+00 0.000000000000000000e+00 0.000000000000000000e+00 0.000000000000000000e+00 0.000000000000000000e+00 0.000000000000000000e+00 0.000000000000000000e+00
1.437458193979933296e-02 1.460825252803704850e-06 2.117339752770048617e-21 0.000000000000000000e+00 0.000000000000000000e+00 0.000000000000000000e+00 0.000000000000000000e+00 0.000000000000000000e+00 0.000000000000000000e+00 0.000000000000000000e+00 0.000000000000000000e+00
2.774916387959866504e-02 6.223083403285839539e-06 1.267805921856560212e-19 0.000000000000000000e+00 0.000000000000000000e+00 0.000000000000000000e+00 0.000000000000000000e+00 0.000000000000000000e+00 0.000000000000000000e+00 0.000000000000000000e+00 0.000000000000000000e+00
4.112374581939799711e-02 1.522855043885598288e-05 3.730621897451944250e-18 0.000000000000000000e+00 0.000000000000000000e+00 0.000000000000000000e+00 0.000000000000000000e+00 0.000000000000000000e+00 0.000000000000000000e+00 0.000000000000000000e+00 0.000000000000000000e+00
5.449832775919732919e-02 2.917009814750394880e-05 8.620358074802120325e-17 0.000000000000000000e+00 0.000000000000000000e+00 0.000000000000000000e+00 0.000000000000000000e+00 0.000000000000000000e+00 0.000000000000000000e+00 0.000000000000000000e+00 0.000000000000000000e+00
6.787290969899666127e-02 4.812746417424157999e-05 1.325590548558494756e-15 0.000000000000000000e+00 0.000000000000000000e+00 0.000000000000000000e+00 0.000000000000000000e+00 0.000000000000000000e+00 0.000000000000000000e+00 0.000000000000000000e+00 0.000000000000000000e+00
8.124749163879599334e-02 7.208053405759515904e-05 1.580803634367676497e-14 0.000000000000000000e+00 0.000000000000000000e+00 0.000000000000000000e+00 0.000000000000000000e+00 0.000000000000000000e+00 0.000000000000000000e+00 0.000000000000000000e+00 0.000000000000000000e+00
9.462207357859532542e-02 1.009370824175566384e-04 1.652617244090048027e-13 0.000000000000000000e+00 0.000000000000000000e+00 0.000000000000000000e+00 0.000000000000000000e+00 0.000000000000000000e+00 0.000000000000000000e+00 0.000000000000000000e+00 0.000000000000000000e+00
1.079966555183946575e-01 1.343203527504450122e-04 1.354460436017682564e-12 2.634540598016970645e-20 0.000000000000000000e+00 0.000000000000000000e+00 0.000000000000000000e+00 0.000000000000000000e+00 0.000000000000000000e+00 0.000000000000000000e+00 0.000000000000000000e+00
1.213712374581939896e-01 1.719758051422053406e-04 9.372014403004559378e-12 4.845627691701743304e-19 0.000000000000000000e+00 0.000000000000000000e+00 0.000000000000000000e+00 0.000000000000000000e+00 0.000000000000000000e+00 0.000000000000000000e+00 0.000000000000000000e+00
1.347458193979933216e-01 2.136718268738373530e-04 5.791543072478068420e-11 7.983844087732110867e-18 0.000000000000000000e+00 0.000000000000000000e+00 0.000000000000000000e+00 0.000000000000000000e+00 0.000000000000000000e+00 0.000000000000000000e+00 0.000000000000000000e+00
1.481204013377926398e-01 2.590392941280798811e-04 3.009003373016316140e-10 1.013512963479460038e-16 0.000000000000000000e+00 0.000000000000000000e+00 0.000000000000000000e+00 0.000000000000000000e+00 0.000000000000000000e+00 0.000000000000000000e+00 0.000000000000000000e+00
1.614949832775919858e-01 3.078298379938045797e-04 1.376254210195016946e-09 1.098960879972862843e-15 0.000000000000000000e+00 0.000000000000000000e+00 0.000000000000000000e+00 0.000000000000000000e+00 0.000000000000000000e+00 0.000000000000000000e+00 0.000000000000000000e+00
1.748695652173913317e-01 3.598121408073848390e-04 5.693023160193954691e-09 1.066216759878310307e-14 0.000000000000000000e+00 0.000000000000000000e+00 0.000000000000000000e+00 0.000000000000000000e+00 0.000000000000000000e+00 0.000000000000000000e+00 0.000000000000000000e+00
1.882441471571906499e-01 4.146887185303504237e-04 2.065870585585124696e-08 8.490358136656819035e-14 2.905774765661976043e-20 0.000000000000000000e+00 0.000000000000000000e+00 0.000000000000000000e+00 0.000000000000000000e+00 0.000000000000000000e+00 0.000000000000000000e+00
2.016187290969899681e-01 4.722478016113862312e-04 6.778523155209909126e-08 5.964340601206844752e-13 4.355830884109212520e-19 0.000000000000000000e+00 0.000000000000000000e+00 0.000000000000000000e+00 0.000000000000000000e+00 0.000000000000000000e+00 0.000000000000000000e+00
2.149933110367893141e-01 5.322552169885720001e-04 2.036971319364846553e-07 3.769032243527004576e-12 5.795365161349106861e-18 0.000000000000000000e+00 0.000000000000000000e+00 0.000000000000000000e+00 0.000000000000000000e+00 0.000000000000000000e+00 0.000000000000000000e+00
2.283678929765886600e-01 5.943866868442374343e-04 5.529373563650452774e-07 2.042330575483021063e-11 6.229170640978818750e-17 0.000000000000000000e+00 0.000000000000000000e+00 0.000000000000000000e+00 0.000000000000000000e+00 0.000000000000000000e+00 0.000000000000000000e+00
2.417424749163879782e-01 6.582482339861007352e-04 1.383489091502010058e-06 9.987624243954463329e-11 5.974339336781931558e-16 0.000000000000000000e+00 0.000000000000000000e+00 0.000000000000000000e+00 0.000000000000000000e+00 0.000000000000000000e+00 0.000000000000000000e+00
2.551170568561872964e-01 7.232151547537638741e-04 3.210149296942641020e-06 4.433662666329650082e-10 5.108420235161205546e-15 0.000000000000000000e+00 0.000000000000000000e+00 0.000000000000000000e+00 0.000000000000000000e+00 0.000000000000000000e+00 0.000000000000000000e+00
2.684916387959866424e-01 7.883534931522890709e-04 6.875273462907476087e-06 1.742371156991018283e-09 3.689454836286644546e-14 8.730791494205417163e-20 0.000000000000000000e+00 0.000000000000000000e+00 0.000000000000000000e+00 0.000000000000000000e+00 0.000000000000000000e+00
2.818662207357859883e-01 8.522624949732595431e-04 1.377484493354690976e-05 6.285194608084100341e-09 2.421762131480757835e-13 1.066361969507981309e-18 0.000000000000000000e+00 0.000000000000000000e+00 0.000000000000000000e+00 0.000000000000000000e+00 0.000000000000000000e+00
2.952408026755852788e-01 9.129931190426919009e-04 2.590208307863935271e-05 2.080176914919792758e-08 1.429651025150158179e-12 1.146662765279241334e-17 0.000000000000000000e+00 0.000000000000000000e+00 0.000000000000000000e+00 0.000000000000000000e+00 0.000000000000000000e+00
3.086153846153846247e-01 9.681777976591390139e-04 4.570918622794591845e-05 6.242922798737927784e-08 7.370368839420189490e-12 1.031232183541200151e-16 0.000000000000000000e+00 0.000000000000000000e+00 0.000000000000000000e+00 0.000000000000000000e+00 0.000000000000000000e+00
3.219899665551839707e-01 1.014793782056421087e-03 7.636695741996993129e-05 1.742609962776001856e-07 3.501842364987921086e-11 8.534573459945977549e-16 0.000000000000000000e+00 0.000000000000000000e+00 0.000000000000000000e+00 0.000000000000000000e+00 0.000000000000000000e+00
3.353645484949833167e-01 1.049743368604290437e-03 1.210730400899114907e-04 4.512327887384901749e-07 1.512375749505406629e-10 6.282257243065471029e-15 1.252685890140732374e-20 0.000000000000000000e+00 0.000000000000000000e+00 0.000000000000000000e+00 0.000000000000000000e+00
3.487391304347826626e-01 1.070313011541827643e-03 1.825074359721367482e-04 1.079340545932313277e-06 5.851551158669048527e-10 4.000656164265772791e-14 1.964472043396195843e-19 0.000000000000000000e+00 0.000000000000000000e+00 0.000000000000000000e+00 0.000000000000000000e+00
3.621137123745819530e-01 1.073870567730804198e-03 2.630545214568717478e-04 2.426974408764728591e-06 2.109530019284162385e-09 2.369096351367848647e-13 2.026710977221176628e-18 0.000000000000000000e+00 0.000000000000000000e+00 0.000000000000000000e+00 0.000000000000000000e+00
3.754882943143812990e-01 1.059172533573389833e-03 3.632838755519643696e-04 5.116402502208314855e-06 6.990520296438891987e-09 1.262542092715441398e-12 1.833063035703177209e-17 0.000000000000000000e+00 0.000000000000000000e+00 0.000000000000000000e+00 0.000000000000000000e+00
3.888628762541806450e-01 1.026314775879987821e-03 4.819137957007849841e-04 1.011016416472569401e-05 2.117019147071201950e-08 5.975834645187339858e-12 1.422418558343729594e-16 0.000000000000000000e+00 0.000000000000000000e+00 0.000000000000000000e+00 0.000000000000000000e+00
4.022374581939799354e-01 9.761594116716190922e-04 6.161627768579133529e-04 1.894746992215748821e-05 6.027076625773889992e-08 2.652021577148275235e-11 1.039470686182149859e-15 0.000000000000000000e+00 0.000000000000000000e+00 0.000000000000000000e+00 0.000000000000000000e+00
4.156120401337792813e-01 9.113421758619903246e-04 7.608101509354229077e-04 3.361814382756371218e-05 1.594506226170441475e-07 1.072031374229101085e-10 6.750942471946177788e-15 0.000000000000000000e+00 0.000000000000000000e+00 0.000000000000000000e+00 0.000000000000000000e+00
4.289866220735786273e-01 9.267016192757871612e-04 1.008798266141233821e-03 6.275524570533212948e-05 4.344979666567113804e-07 4.359383579833476568e-10 4.286640136540877973e-14 1.381313982315555737e-19 0.000000000000000000e+00 0.000000000000000000e+00 0.000000000000000000e+00
4.423612040133779733e-01 8.339242078843207536e-04 1.169125776354398762e-03 1.008968271420888213e-04 1.010746214627723040e-06 1.508354277117212190e-09 2.322531920873953130e-13 1.293028190637916874e-18 0.000000000000000000e+00 0.000000000000000000e+00 0.000000000000000000e+00
4.557357859531773192e-01 7.372782736399986379e-04 1.316257140143054427e-03 1.549138252848027760e-04 2.207195154791548281e-06 4.809485695787957835e-09 1.133605511448198338e-12 1.056442868713828913e-17 0.000000000000000000e+00 0.000000000000000000e+00 0.000000000000000000e+00
4.691103678929766096e-01 6.407597242806895368e-04 1.442106902088633250e-03 2.276558148932773969e-04 4.531564494340251551e-06 1.413642613721382525e-08 4.980861689086353497e-12 7.533102253915264254e-17 0.000000000000000000e+00 0.000000000000000000e+00 0.000000000000000000e+00
4.824849498327759556e-01 5.479119019833726418e-04 1.538892023743650096e-03 3.217324413013404973e-04 8.868262864979665008e-06 3.945058953339572998e-08 2.080825401764604751e-11 5.156315882673816714e-16 0.000000000000000000e+00 0.000000000000000000e+00 0.000000000000000000e+00
4.958595317725753016e-01 4.612651554884634499e-04 1.602114860356666521e-03 4.374270757309746036e-04 1.644192313532087115e-05 1.025653733906758502e-07 7.932723728305770326e-11 3.129689456018132558e-15 0.000000000000000000e+00 0.000000000000000000e+00 0.000000000000000000e+00
5.092341137123745920e-01 3.825120101280786054e-04 1.629316713085562180e-03 5.734395222231963504e-04 2.895323917354328751e-05 2.491011153299419863e-07 2.769460562789906582e-10 1.695008196399914372e-14 0.000000000000000000e+00 0.000000000000000000e+00 0.000000000000000000e+00
5.226086956521739380e-01 3.129036935098346382e-04 1.619333956372127252e-03 7.268008748798280823e-04 4.887056888478625444e-05 5.773145323660107200e-07 9.227756740122766160e-10 8.824283438174780868e-14 2.269518272167169669e-19 0.000000000000000000e+00 0.000000000000000000e+00
5.359832775919732839e-01 2.524968365381622033e-04 1.575275389503699589e-03 8.916373456013130042e-04 7.878125078990540708e-05 1.258815093084836206e-06 2.839421696599622037e-09 4.134318616071784368e-13 1.762474134229317236e-18 0.000000000000000000e+00 0.000000000000000000e+00
5.493578595317726299e-01 2.010462640871245636e-04 1.501363629780561601e-03 1.060803304338398586e-03 1.216213203803563929e-04 2.592050344720754738e-06 8.113302436071697150e-09 1.759710568266959143e-12 1.208784334983063008e-17 0.000000000000000000e+00 0.000000000000000000e+00
5.627324414715719758e-01 1.649981858669327607e-04 1.462499414884420573e-03 1.277973650408446675e-03 1.885777603732618254e-04 5.334702228880648264e-06 2.314951253175209274e-08 7.517120299917804131e-12 8.443942846288128095e-17 0.000000000000000000e+00 0.000000000000000000e+00
5.761070234113713218e-01 1.282567066116224990e-04 1.341027469764596207e-03 1.436250887547353998e-03 2.696761307569626011e-04 9.993773822979004116e-06 5.913525269085773446e-08 2.809270139179621215e-11 4.994285560758910772e-16 0.000000000000000000e+00 0.000000000000000000e+00
5.894816053511705567e-01 9.846815331788821759e-05 1.207858610028412355e-03 1.572404747961722192e-03 3.718132220602051569e-04 1.784160868340692801e-05 1.419716910366990125e-07 9.691311824135529691e-11 2.665064182186326813e-15 0.000000000000000000e+00 0.000000000000000000e+00
6.028561872909699026e-01 7.482525584662874337e-05 1.069493338929037966e-03 1.678126817553739387e-03 4.958595075260940378e-04 3.064302520667284030e-05 3.270669082967620531e-07 3.214179328776621353e-10 1.380074136195135399e-14 0.000000000000000000e+00 0.000000000000000000e+00
6.162307692307692486e-01 5.617857359680001819e-05 9.317805899142169758e-04 1.749013234517756777e-03 6.397149181764078376e-04 5.034662652653877472e-05 7.106295247509900768e-07 9.856165968275078957e-10 6.425624765753383705e-14 0.000000000000000000e+00 0.000000000000000000e+00
6.296053511705685946e-01 4.168036474251133445e-05 7.993245808841220731e-04 1.782120380448562512e-03 7.999833375283680898e-04 7.942287578261885610e-05 1.465893763192813231e-06 2.828767705375758742e-09 2.751189690770138225e-13 2.256730425694412544e-21 0.000000000000000000e+00
6.429799331103679405e-01 3.062832263520950889e-05 6.759144955801365054e-04 1.776206167015554824e-03 9.713673052179110567e-04 1.209354656350546364e-04 2.906345308852387521e-06 7.790025889406017241e-09 1.133798206739248706e-12 2.854394955999482881e-19 0.000000000000000000e+00
6.563545150501672865e-01 2.224166380926455075e-05 5.635814943266827335e-04 1.734459390066115519e-03 1.146525842575706272e-03 1.773558748927262169e-04 5.484796527814872999e-06 2.008641877145415571e-08 4.276095816800721962e-12 1.883090339166004838e-18 0.000000000000000000e+00
6.697290969899666324e-01 1.596765031323860759e-05 4.636590628968871889e-04 1.660788426507416038e-03 1.317389255216941954e-03 2.512120476229556072e-04 9.905354119908952928e-06 4.899181233629878726e-08 1.504488768325813058e-11 1.136303771606655651e-17 0.000000000000000000e+00
6.831036789297659784e-01 1.175693416136236723e-05 3.899973302252546931e-04 1.614789866433869467e-03 1.526488115136628854e-03 3.566955043072164559e-04 1.784187729232414809e-05 1.187170352457078052e-07 5.253880576850073848e-11 6.840687256375754519e-17 0.000000000000000000e+00
6.964782608695653243e-01 8.268203639587337787e-06 3.130677318897808121e-04 1.490508432009350149e-03 1.667966031022662630e-03 4.739475407249245332e-04 2.978108494274013654e-05 2.629341845485101308e-07 1.645437578194676949e-10 3.573909100282117951e-16 0.000000000000000000e+00
7.098528428093645593e-01 5.752338454266960977e-06 2.483714858464439114e-04 1.352628502493304595e-03 1.780492880404395926e-03 6.111108905913594435e-04 4.787133942758120542e-05 5.554403027568524063e-07 4.860510624242849731e-10 1.734663543613920924e-15 0.000000000000000000e+00
7.232274247491639052e-01 3.968874987100410066e-06 1.949855900415555497e-04 1.207796894179548677e-03 1.858104746787273259e-03 7.659266187961162337e-04 7.440194696333113583e-05 1.128670814039862955e-06 1.376144206884685719e-09 8.065216169394989866e-15 0.000000000000000000e+00
7.366020066889632512e-01 2.707892622790881087e-06 1.513518651289891259e-04 1.062043566533158855e-03 1.898557708804806884e-03 9.338192545945921651e-04 1.115780489722493596e-04 2.187464465124701010e-06 3.657440936167992948e-09 3.425385643798724889e-14 0.000000000000000000e+00
7.499765886287625971e-01 1.829481336536786878e-06 1.162466738030600304e-04 9.203059741098615180e-04 1.900806937987313365e-03 1.109092856667254819e-03 1.619634542526633377e-04 4.070390197805125927e-06 9.246967200043084018e-09 1.367580756610017889e-13 0.000000000000000000e+00
7.633511705685619431e-01 1.226771934374597244e-06 8.844756850197559982e-05 7.865832855054138940e-04 1.866038024840749885e-03 1.284587833610654692e-03 2.280810199559472006e-04 7.306126317518515332e-06 2.243504159567222619e-08 5.217037554679485279e-13 0.000000000000000000e+00
7.767257525083612890e-01 8.139550688966434753e-07 6.658463093473690855e-05 6.633514043929884547e-04 1.798568105940226165e-03 1.452654382469991713e-03 3.114831439461990758e-04 1.259383635957404936e-05 5.157252343446140799e-08 1.842979000229282629e-12 0.000000000000000000e+00
7.901003344481606350e-01 5.521341381775531773e-07 5.119386676626746624e-05 5.696506891908124882e-04 1.756247435116851463e-03 1.655511269951076168e-03 4.263574009123721861e-04 2.160826558935160493e-05 1.170865516086124763e-07 6.368658806838207774e-12 0.000000000000000000e+00
8.034749163879598699e-01 3.607795854111249196e-07 3.783970802615378698e-05 4.688196871721503301e-04 1.635031021474695834e-03 1.789533191179666334e-03 5.508223899721347364e-04 3.479105166496513865e-05 2.479471224824635967e-07 2.039060700415328514e-11 0.000000000000000000e+00
8.168494983277592159e-01 2.334239905432504865e-07 2.768610983761247421e-05 3.812952707382609397e-04 1.498022965887314904e-03 1.894424647572020767e-03 6.929803868211462364e-04 5.410106228802058275e-05 5.013188517203736286e-07 6.113354160157456632e-11 9.470528452741178907e-20
8.302240802675585618e-01 1.499372409908558577e-07 2.007926970114411362e-05 3.067328436550509742e-04 1.351561707261404862e-03 1.965317394919288956e-03 8.502806345303833392e-04 8.156346362611707616e-05 9.761062826841328244e-07 1.750964195925906421e-10 5.450827430182349349e-19
8.435986622073579078e-01 9.574469551959019978e-08 1.444493409534924617e-05 2.442265610006475233e-04 1.201725693455850310e-03 1.999621068139196146e-03 1.018499976134990730e-03 1.193798853886614042e-04 1.833445226308757316e-06 4.798849539563138049e-10 2.967015375108164165e-18
8.569732441471572537e-01 6.058270334039748972e-08 1.029065355895622300e-05 1.923891065296644883e-04 1.053663979697428473e-03 1.997633530269596423e-03 1.192102132147236518e-03 1.695565702787137519e-04 3.309300124843008105e-06 1.242968659452714483e-09 1.473204759277079337e-17
8.703478260869565997e-01 3.811418762507854778e-08 7.273321093478061647e-06 1.501064306175896302e-04 9.116584117832354176e-04 1.960450207507542265e-03 1.364719336088732714e-03 2.343355442237810427e-04 5.778308731082475413e-06 3.092881501500181621e-09 6.990076170739112802e-17
8.837224080267559456e-01 2.385382373430891545e-08 5.101812062519980752e-06 1.160434311890500686e-04 7.789003906858730977e-04 1.891509841849331117e-03 1.529381924938795489e-03 3.154048712255837867e-04 9.764617308068220211e-06 7.382508353544374904e-09 3.136389254940468223e-16
8.970969899665552916e-01 1.480393983735157093e-08 3.545382435913820535e-06 8.882807623546501376e-05 6.573330532904022184e-04 1.795879013215737974e-03 1.679469059389106320e-03 4.135802602960652274e-04 1.594289393068816437e-05 1.678183412423262601e-08 1.300316785948951531e-15
9.104715719063546375e-01 9.429572855235121269e-09 2.521955554877917970e-06 6.949117713614323981e-05 5.652573298034486559e-04 1.730200981176164936e-03 1.863807776390492355e-03 5.455755212435266059e-04 2.605360130881952891e-05 3.794487144082938556e-08 5.340567053587501617e-15
9.238461538461538725e-01 5.800187237165544154e-09 1.728192724874955071e-06 5.230100997883468651e-05 4.664444597334735615e-04 1.593424569939580959e-03 1.969253139359746635e-03 6.820048750370864615e-04 4.011057688158549081e-05 8.009116625777215581e-08 2.015715403137027569e-14
9.372207357859532184e-01 3.540329625476892163e-09 1.173824022750832017e-06 3.899927820358332968e-05 3.807053322174804759e-04 1.446805983837357945e-03 2.043701309929779955e-03 8.333099243089016209e-04 5.993953784566128805e-05 1.620374398302816677e-07 7.105220105022148428e-14
9.505953177257525644e-01 2.155130422395761544e-09 7.927145899698717095e-07 2.886429910351382433e-05 3.076715153834598971e-04 1.295902216191019982e-03 2.084069944894029365e-03 9.963909851157754047e-04 8.726794333151476632e-05 3.175590941494593227e-07 2.417968700847933437e-13
9.639698996655519103e-01 1.306279076549979796e-09 5.317825402639334715e-07 2.119494356554114446e-05 2.462352504499761637e-04 1.145744185289016524e-03 2.090005459077130291e-03 1.166693099473372795e-03 1.237675735160800817e-04 6.007640521643650184e-07 7.814997000213891424e-13
9.773444816053512563e-01 7.861982151074657997e-10 3.537803129535092792e-07 1.542682441378046525e-05 1.951183064707713794e-04 1.000354503218153302e-03 2.062889795543723821e-03 1.338925720498489354e-03 1.710531298323849725e-04 1.095380702976957436e-06 2.380092359895960670e-12
9.907190635451506022e-01 4.726167645954072787e-10 2.343017421798544163e-07 1.115598157636200291e-05 1.532989327856960232e-04 8.631447912284343762e-04 2.004593299946550496e-03 1.507061290097395185e-03 2.309835023429462463e-04 1.940837435874741162e-06 7.022603345811563598e-12
1.004093645484949837e+00 2.829589060725488576e-10 1.542016583350101831e-07 8.007294484388151448e-06 1.193834201688745113e-04 7.362858240388703854e-04 1.919311408642182743e-03 1.665004824618969122e-03 3.047496031387042286e-04 3.330710014492679515e-06 1.974484249233328127e-11
1.017468227424749072e+00 1.683174495309803547e-10 1.006975215164723862e-07 5.699341039936467884e-06 9.212459101836901153e-05 6.210877795513502142e-04 1.811815232827639370e-03 1.807029863816276248e-03 3.931228846468650751e-04 5.534891138923916412e-06 5.270719539185516730e-11
1.030842809364548529e+00 1.032944190992356539e-10 6.760550825839064841e-08 4.161220929965282211e-06 7.278419040519243995e-05 5.348698958822164931e-04 1.739812162602533303e-03 1.987757484088021991e-03 5.123194523873855939e-04 9.244355896053035331e-06 1.409807267513792091e-10
1.044217391304347764e+00 6.121860049514134744e-11 4.374484146318440751e-08 2.924713000600480998e-06 5.529968731529221870e-05 4.420812477553050257e-04 1.598671514929665390e-03 2.085114951060250844e-03 6.341897827353771199e-04 1.454702441069337105e-05 3.496738102470175940e-10
1.057591973244147221e+00 3.606742239367569650e-11 2.810089513473673112e-08 2.039349365843414773e-06 4.165807140390960652e-05 3.617311516445106522e-04 1.450506443806738165e-03 2.152777330714661635e-03 7.697370644738885147e-04 2.225687050399483737e-05 8.287226099161798787e-10
1.070966555183946456e+00 2.128523311899693255e-11 1.801779599345197285e-08 1.415805661233377648e-06 3.118527234875004544e-05 2.933983436466173459e-04 1.300145376720575254e-03 2.188017700075847987e-03 9.170617273685807789e-04 3.326632535838632682e-05 1.912466678551567260e-09
1.084341137123745691e+00 1.251182306178495007e-11 1.148644231056580937e-08 9.761673374669835180e-07 2.316598182335344273e-05 2.357988910844926870e-04 1.151810679028886578e-03 2.191128643072139896e-03 1.072954749575125589e-03 4.847036388458053689e-05 4.236952901999473414e-09
1.097715719063545148e+00 7.314733385778150258e-12 7.273476889274763601e-09 6.680028063603027362e-07 1.707095802609803189e-05 1.877788171059793310e-04 1.008878522012639006e-03 2.163228341190551619e-03 1.233746075670155880e-03 6.891024499727518252e-05 9.018539084850377213e-09
1.111090301003344383e+00 4.289419998775018328e-12 4.603294513815511365e-09 4.556511896020255494e-07 1.251385991037871965e-05 1.484218989511535954e-04 8.743274527565003066e-04 2.105789083722966765e-03 1.395089738932043339e-03 9.592486778545555284e-05 1.872802281406285921e-08
1.124464882943143840e+00 2.505116623419980222e-12 2.897029670561542159e-09 3.087353144401657985e-07 9.105799402796593272e-06 1.163274191005641618e-04 7.498091085979944649e-04 2.022854499037296874e-03 1.552359995058550214e-03 1.305595194880691335e-04 3.747540837615444846e-08
1.137839464882943075e+00 1.455734744944700240e-12 1.811846788385921513e-09 2.077124175187687742e-07 6.575651463627231500e-06 9.040632610333682680e-05 6.364722002824283516e-04 1.918445537267490005e-03 1.700910244942767380e-03 1.739323027129151061e-04 7.238908029645235935e-08
1.151214046822742532e+00 8.796487433605509829e-13 1.174145693802731209e-09 1.443910300226431117e-07 4.895813102189940448e-06 7.228633368728256358e-05 5.542274033757695452e-04 1.860145886475078570e-03 1.900522434030923590e-03 2.353953824368542442e-04 1.414768037530662259e-07
1.164588628762541767e+00 5.112020453147629348e-13 7.308183293215478785e-10 9.631521662476589219e-08 3.495575690789454771e-06 5.538485242645814548e-05 4.617218103785108844e-04 1.721383072028274128e-03 2.021804088916091379e-03 3.016950258438848569e-04 2.582737193633516574e-07
1.177963210702341001e+00 2.958756281456393761e-13 4.524406237418203762e-10 6.384009376480467066e-08 2.478415215772559786e-06 4.210832541374260761e-05 3.811177508274496287e-04 1.574636815741221451e-03 2.121193340441336964e-03 3.795376078826796264e-04 4.572353820412128782e-07
1.191337792642140458e+00 1.720179815144128004e-13 2.804514524423025043e-10 4.225383172163759891e-08 1.750999153546762144e-06 3.183899891668098261e-05 3.120692562501623619e-04 1.424374462471801259e-03 2.195084276730796188e-03 4.693749860844082422e-04 7.914441677537643229e-07
1.204712374581939693e+00 9.960944733003628875e-14 1.729368853663136298e-10 2.779517511714461817e-08 1.228716876876694986e-06 2.389633766918085463e-05 2.533235471198234186e-04 1.274628671987117082e-03 2.242306469310343525e-03 5.706242803023255572e-04 1.330074503329228075e-06
1.218086956521739150e+00 5.750413150027230097e-14 1.061680858743831118e-10 1.818343354115786591e-08 8.567952379212864789e-07 1.780914288343113903e-05 2.039282026282288691e-04 1.128753553369477762e-03 2.261874339526348532e-03 6.825785108376892975e-04 2.176033140422985747e-06
1.231461538461538385e+00 3.334145529212536295e-14 6.527285221018123277e-11 1.188316901564850575e-08 5.956260912548855035e-07 1.320840683467380671e-05 1.630129345895664397e-04 9.897133476903215502e-04 2.253310918073217397e-03 8.041540099735246770e-04 3.483714777868524630e-06
1.244836120401337842e+00 1.926080235283137688e-14 3.993735960280960372e-11 7.721478120345526573e-09 4.114277162536312034e-07 9.728178491206580637e-06 1.292719908980642608e-04 8.593453324176872007e-04 2.218476637059775634e-03 9.334198930471258350e-04 5.433894537176554444e-06
1.258210702341137077e+00 1.110360750831022863e-14 2.435078018071772510e-11 4.993929526182907354e-09 2.826101413993990594e-07 7.119403101061533659e-06 1.017460945693958099e-04 7.391335928978688208e-04 2.159176558292120497e-03 1.068293696398030929e-03 8.277521211112310554e-06
1.271585284280936534e+00 6.427507336778283265e-15 1.487032140140573286e-11 3.227518207770715291e-09 1.936132966565080163e-07 5.187805389207045849e-06 7.958453868747384838e-05 6.301765346466236097e-04 2.077752157082127672e-03 1.206283289717497657e-03 1.235387689701831280e-05
1.284959866220735769e+00 3.708111398238964234e-15 9.040549978408585395e-12 2.074808471382584626e-09 1.318469901017069181e-07 3.755519088286409026e-06 6.179189156651112137e-05 5.325061321615444853e-04 1.977936099546771884e-03 1.344618649578175652e-03 1.801852836499676330e-05
1.298334448160535004e+00 2.136875492342687082e-15 5.482295086123834566e-12 1.328734923152961465e-09 8.935312651130218735e-08 2.703219439423649999e-06 4.765320709300033367e-05 4.461583566272746336e-04 1.863133651517287926e-03 1.480415774842283334e-03 2.573526206416585957e-05
1.311709030100334461e+00 1.236133234825286283e-15 3.329691113190769682e-12 8.505048421747498146e-10 6.041587810197541881e-08 1.938264184457125712e-06 3.654598606045770214e-05 3.709038821660164066e-04 1.736976689395526878e-03 1.610610549403813409e-03 3.606425963043264401e-05
1.325083612040133696e+00 7.463482291500794977e-16 2.108633526575300942e-12 5.671562329534071127e-10 4.252880207590863065e-08 1.446087081214284777e-06 2.914324074680771465e-05 3.202024488350076344e-04 1.678714172450185629e-03 1.813944188298761626e-03 5.184961479561679107e-05
1.338458193979933153e+00 4.303217926625378691e-16 1.273348059117698778e-12 3.601764261498961732e-10 2.847851491166131996e-08 1.025317934417566063e-06 2.206274245599560937e-05 2.620114941876681459e-04 1.534640046161324205e-03 1.930027006159134575e-03 6.988347931195433864e-05
1.351832775919732388e+00 2.489719114304010326e-16 7.700706384479575989e-13 2.286446995848931588e-10 1.903130479768269788e-08 7.244372686123194656e-07 1.661890002057006408e-05 2.129042090561462887e-04 1.389821829087529818e-03 2.031854331019307923e-03 9.256009371029463222e-05
1.365207357859531845e+00 1.436334828158262497e-16 4.639340053223191782e-13 1.444770359441464869e-10 1.265080739730155328e-08 5.088605401442757756e-07 1.243758555681290160e-05 1.717008850681364012e-04 1.247191253327764289e-03 2.117615889275728785e-03 1.204153316583444019e-04
1.378581939799331080e+00 8.292224996238085155e-17 2.792975883226315757e-13 9.110597752022639207e-11 8.382323995463136949e-09 3.559058225287876874e-07 9.258466063631018992e-06 1.375267061915527017e-04 1.109312136253432684e-03 2.185395938518527349e-03 1.540760804938188112e-04
1.391956521739130537e+00 4.801941113122231969e-17 1.683632477165190824e-13 5.743116375243110680e-11 5.543831417630286769e-09 2.481280733467888248e-07 6.860431209455853248e-06 1.094637773129510040e-04 9.782799330898890762e-04 2.233838589281297079e-03 1.940509072795620806e-04
1.405331103678929772e+00 2.773339042359535148e-17 1.011319000005979368e-13 3.604767868522910870e-11 3.648364084734008393e-09 1.720344787016074262e-07 5.052634071847886066e-06 8.651996625195395359e-05 8.554449204355095123e-04 2.262589815865925346e-03 2.405645477566741074e-04
1.418705685618729007e+00 1.604261925500507429e-17 6.075714604149504992e-14 2.259923741879484634e-11 2.395177843182121515e-09 1.188540433790521645e-07 3.703843835247990382e-06 6.797016591557091577e-05 7.420072339622172612e-04 2.271147744491067155e-03 2.938621831174736444e-04
1.432080267558528464e+00 9.304372480028272785e-18 3.654099137133678271e-14 1.416282604249804122e-11 1.569738401817131041e-09 8.186790819172410706e-08 2.703625348422078512e-06 5.309281704225481536e-05 6.386168448476398172e-04 2.259769834753121241e-03 3.539111555303710733e-04
1.445454849498327698e+00 5.382972226977949443e-18 2.190440344634485489e-14 8.840177048281930433e-12 1.023988157033933572e-09 5.609815934283420794e-08 1.962193457239827125e-06 4.120223064258413592e-05 5.453311691464089294e-04 2.229513375800874168e-03 4.203588015827335283e-04
1.458829431438127155e+00 3.121800000145355539e-18 1.314388071468222866e-14 5.516075869280204089e-12 6.669154165742094453e-10 3.833279241446037760e-08 1.418426236293528396e-06 3.180368585972657698e-05 4.622709391473515516e-04 2.181253233571736356e-03 4.928061134377883894e-04
1.472204013377926390e+00 1.814363722509730231e-18 7.893531760736590959e-15 3.440306638616358175e-12 4.336276821772599189e-10 2.611933192426573907e-08 1.021285100590786867e-06 2.442014777966316409e-05 3.890789103631018013e-04 2.116591237047126418e-03 5.705220934736459889e-04
1.485578595317725847e+00 1.052062567199128134e-18 4.725900190791369190e-15 2.137639107282765546e-12 2.807165405026901505e-10 1.771000203795156770e-08 7.313488911828194568e-07 1.863651713151717946e-05 3.250928769047784156e-04 2.037552146366506355e-03 6.525482239858211835e-04
1.498953177257525082e+00 6.120032564382726304e-19 2.834656966610659465e-15 1.328907299281331403e-12 1.815863496581746587e-10 1.198382601772013846e-08 5.220080534609580085e-07 1.415661977750382724e-05 2.698443718096322228e-04 1.945970021145232258e-03 7.378478904567140322e-04
1.512327759197324317e+00 3.566071361006929548e-19 1.701119876737600194e-15 8.256294857970603860e-13 1.172631181951121520e-10 8.086928677242367425e-09 3.711862704801895946e-07 1.070102404739543585e-05 2.225224462986436392e-04 1.844153828417887742e-03 8.251716061517406489e-04
1.525702341137123774e+00 2.073441193025760472e-19 1.017941838978618985e-15 5.111537592729042304e-13 7.541576100321718845e-11 5.431997308620080003e-09 2.625856058980331346e-07 8.042546300973505449e-06 1.822546934730655591e-04 1.734454589699893374e-03 9.132179197358485925e-04
1.539076923076923009e+00 1.210377048161877152e-19 6.107505271348996109e-16 3.168823051092483411e-13 4.850429436920566000e-11 3.644116907736609381e-09 1.852827628001270311e-07 6.020628821416109010e-06 1.483991889074476680e-04 1.619056236369995419e-03 1.000608361266346969e-03
1.552451505016722466e+00 7.073841183132075226e-20 3.664971448900446333e-16 1.962841047584713992e-13 3.114071208259520478e-11 2.438103653161184875e-09 1.302630628995773323e-07 4.486231101008879005e-06 1.201020048243852723e-04 1.500238716217382152e-03 1.086009418230978038e-03
1.565826086956521701e+00 4.125877735651899113e-20 2.193365570159721152e-16 1.211838012975873743e-13 1.991628154090662391e-11 1.624110707661739232e-09 9.113628211465226895e-08 3.324788970219655050e-06 9.658419861435562975e-05 1.380073940922113334e-03 1.168190390600110356e-03
1.579200668896321158e+00 2.417810415583773969e-20 1.317171301959468096e-16 7.497772156345500841e-14 1.274835167911883000e-11 1.081367479026550180e-09 6.364449142000346240e-08 2.455989813900256336e-06 7.727067227616528930e-05 1.260521793741586688e-03 1.245851490154797252e-03
1.592575250836120393e+00 1.579302116382930003e-20 8.809031724515945551e-17 5.161857892600185779e-14 9.072527449589885688e-12 7.998411896358820505e-10 4.933347145280947727e-08 2.011977827258456539e-06 6.847270898418919202e-05 1.273504878363953142e-03 1.468171694393342625e-03
1.605949832775919628e+00 9.243494151149186953e-21 5.275537813641006545e-17 3.180434711310632827e-14 5.775381974973156922e-12 5.289232657386394439e-10 3.417159550008986983e-08 1.472095279407690279e-06 5.414713823058864587e-05 1.147017523018168230e-03 1.541542928203121264e-03
1.619324414715719085e+00 0.000000000000000000e+00 3.172646633569311095e-17 1.965321990784129111e-14 3.682493041088902953e-12 3.498743685510767622e-10 2.364318330408142417e-08 1.074308435015944366e-06 4.262708248816871086e-05 1.026189753454391593e-03 1.606899928404269002e-03
1.632698996655518320e+00 0.000000000000000000e+00 1.906790821274969943e-17 1.212799906562855729e-14 2.343161384500924895e-12 2.307918391662731457e-10 1.630109592987581222e-08 7.806628106494679976e-07 3.337921523773890729e-05 9.119561011946498898e-04 1.663843145342178533e-03
1.646073578595317777e+00 0.000000000000000000e+00 1.143291451362280978e-17 7.462518976833368564e-15 1.485891204698336936e-12 1.516499952684177482e-10 1.119001093097193817e-08 5.645269825439510037e-07 2.599136263565868666e-05 8.050466452863126818e-04 1.712077698987126643e-03
1.659448160535117012e+00 0.000000000000000000e+00 6.888747638685371066e-18 4.608683702932232965e-15 9.445312127071050514e-13 9.975358358828136335e-11 7.678577797596429749e-09 4.074627764503765586e-07 2.016179872044561328e-05 7.062430839467011062e-04 1.751201498701947549e-03
1.672822742474916469e+00 0.000000000000000000e+00 4.146371761572141187e-18 2.841445108318295028e-15 5.990339408640457822e-13 6.542642446043456956e-11 5.250402234253214843e-09 2.928659166287803068e-07 1.556030076089715794e-05 6.156147708397093424e-04 1.781475979623969213e-03
1.686197324414715704e+00 0.000000000000000000e+00 2.490170112371658282e-18 1.747093025579119755e-15 3.787008806075702032e-13 4.275490471929942120e-11 3.575258581883097137e-09 2.095293275620208574e-07 1.194556695576335976e-05 5.332041932385542943e-04 1.803134495210550591e-03
1.699571906354515161e+00 0.000000000000000000e+00 1.503902163472488146e-18 1.078960886973737205e-15 2.401670634927200783e-13 2.799060445243944938e-11 2.435447233339579355e-09 1.497290830057973717e-07 9.141875962236004055e-06 4.591756620961479074e-04 1.816280746243957231e-03
1.712946488294314396e+00 0.000000000000000000e+00 9.069178508600486641e-19 6.649949233731204061e-16 1.519245934380611984e-13 1.826875015953608320e-11 1.653039555681348354e-09 1.065513694147613302e-07 6.961958670394799309e-06 3.930159240870318067e-04 1.821614884869645051e-03
1.726321070234113630e+00 0.000000000000000000e+00 5.458490770343727008e-19 4.088607880280010790e-16 9.582686439878356709e-14 1.188366240560034358e-11 1.117701308530030797e-09 7.549872357393113617e-08 5.275601549148195560e-06 3.343538930726364209e-04 1.819682796065678204e-03
1.739695652173913087e+00 0.000000000000000000e+00 3.304895938429819904e-19 2.525960868949617476e-16 6.066315407839036139e-14 7.748384253428718749e-12 7.564183730661369882e-10 5.346226597114267074e-08 3.987520831879548224e-06 2.829574073850646691e-04 1.810910702839287198e-03
1.753070234113712322e+00 0.000000000000000000e+00 1.997464827521254780e-19 1.557066594418774876e-16 3.829971547843986573e-14 5.036246717325479871e-12 5.100656431850051750e-10 3.770263175770245218e-08 2.999677379907365462e-06 2.380677706949989043e-04 1.796148994138170238e-03
1.766444816053511779e+00 0.000000000000000000e+00 1.205715037189740507e-19 9.581075165463697972e-17 2.412586156240688803e-14 3.264417147671696914e-12 3.428192413967934021e-10 2.648721176910682796e-08 2.246376330418297166e-06 1.991596901022924719e-04 1.776037716496356444e-03
1.779819397993311014e+00 0.000000000000000000e+00 7.317969411372504874e-20 5.922024351785763355e-17 1.524959570942763716e-14 2.120743657119459719e-12 2.306305963477457126e-10 1.859935215097327286e-08 1.678468237066361198e-06 1.658079596169273636e-04 1.751140049872605166e-03
1.793193979933110471e+00 0.000000000000000000e+00 4.434232806958933998e-20 3.652692289179102102e-17 9.614685882063259384e-15 1.373674927399266405e-12 1.546260158078759686e-10 1.300974686519885140e-08 1.248512082631652145e-06 1.372781206913423191e-04 1.722226297430713834e-03
1.806568561872909706e+00 0.000000000000000000e+00 2.685162180734525670e-20 2.250396692011939521e-17 6.051986678161840260e-15 8.878518474842531090e-13 1.033864607552798794e-10 9.069806813162052356e-09 9.249192154158621125e-07 1.130532500879820649e-04 1.689889764446519732e-03
1.819943143812709163e+00 0.000000000000000000e+00 1.634171893748012538e-20 1.392188545633860733e-17 3.821581663704829000e-15 5.750771405341430899e-13 6.919182430312129371e-11 6.320792929606284021e-09 6.838241051494312296e-07 9.269120307536794746e-05 1.654668523303164454e-03
1.833317725752508398e+00 0.000000000000000000e+00 9.929987496074196960e-21 8.595607182761211800e-18 2.407422734854955577e-15 3.714473486724540610e-13 4.615728887718412363e-11 4.388759446258948171e-09 5.034239379531968061e-07 7.559765520581442349e-05 1.617158594064548689e-03
1.846692307692307633e+00 0.000000000000000000e+00 6.033863227457450577e-21 5.304309018221156759e-18 1.515002856479590121e-15 2.395444420017009130e-13 3.072441506916435876e-11 3.038732769260759486e-09 3.692780177481641268e-07 6.135288296860126134e-05 1.577831496413587128e-03
1.860066889632107090e+00 0.000000000000000000e+00 0.000000000000000000e+00 3.285560575859000593e-18 9.561755814548564244e-16 1.547861509959907260e-13 2.046985339741837659e-11 2.103361643155365573e-09 2.703872257377397236e-07 4.958945299587623864e-05 1.537117778327833128e-03
1.873441471571906325e+00 0.000000000000000000e+00 0.000000000000000000e+00 2.031317176468933597e-18 6.021205707137778206e-16 9.975401308388028160e-14 1.359612751243729454e-11 1.450821406283105106e-09 1.971788115409252433e-07 3.988175342026574379e-05 1.495423971157073878e-03
1.886816053511705782e+00 0.000000000000000000e+00 0.000000000000000000e+00 1.255983731497871572e-18 3.790030406130588550e-16 6.422459681172084067e-14 9.016060878814291318e-12 9.984363187017642887e-10 1.433398764893085256e-07 3.192952353849273545e-05 1.453085924094738675e-03
1.900190635451505017e+00 0.000000000000000000e+00 0.000000000000000000e+00 7.791970145542408254e-19 2.391853495685339050e-16 4.142310469517101132e-14 5.983649656694552082e-12 6.869171945970718006e-10 1.040276849687431135e-07 2.546677410529924005e-05 1.410406301074031490e-03
1.913565217391304474e+00 0.000000000000000000e+00 0.000000000000000000e+00 4.825498108803344982e-19 1.506263463936507438e-16 2.665003168818214674e-14 3.959630207163820188e-12 4.710247735024429214e-10 7.520700945409115946e-08 2.021601261536508623e-05 1.367631001997423506e-03
1.926939799331103709e+00 0.000000000000000000e+00 0.000000000000000000e+00 2.990422283046077918e-19 9.487186322916527250e-17 1.713870266953582647e-14 2.617504538024291042e-12 3.224170495092873539e-10 5.422589782247949589e-08 1.598200367805838391e-05 1.324979570596664102e-03
1.940314381270902944e+00 0.000000000000000000e+00 0.000000000000000000e+00 1.858674201712767746e-19 5.989171785711052474e-17 1.103896714588395031e-14 1.731457597029286856e-12 2.206270441536166854e-10 3.903663329760595864e-08 1.259060953680633308e-05 1.282640717827041553e-03
1.953688963210702401e+00 0.000000000000000000e+00 0.000000000000000000e+00 1.153309707990728215e-19 3.773281111375831472e-17 7.093319755667042541e-15 1.142194975167274506e-12 1.504966241294465669e-10 2.799921665971494366e-08 9.874266577158018066e-06 1.240742643928360043e-03
1.967063545150501636e+00 0.000000000000000000e+00 0.000000000000000000e+00 7.165302995345814354e-20 2.378992542430077109e-17 4.558740084513693662e-15 7.531045621321164716e-13 1.025320859295381536e-10 2.003864002209865552e-08 7.715460759287106612e-06 1.199418238208951534e-03
1.980438127090301093e+00 0.000000000000000000e+00 0.000000000000000000e+00 4.462961896200983314e-20 1.502838832300466799e-17 2.933588606430237029e-15 4.968113100739758259e-13 6.982833679711580445e-11 1.431961474055136299e-08 6.008913899521011548e-06 1.158767877654375174e-03
1.993812709030100327e+00 0.000000000000000000e+00 0.000000000000000000e+00 2.775368872672574819e-20 9.475441081372237734e-18 1.883547468663644058e-15 3.268826070161504016e-13 4.741307856762574153e-11 1.019712318850197258e-08 4.659810752527829305e-06 1.118841403066057937e-03
2.007187290969899784e+00 0.000000000000000000e+00 0.000000000000000000e+00 1.729049188269036003e-20 5.982100474236883355e-18 1.210244973399753263e-15 2.150895964487841225e-13 3.217070302963737965e-11 7.249125168540329752e-09 3.601867510224926495e-06 1.079711930485054150e-03
2.020561872909699019e+00 0.000000000000000000e+00 0.000000000000000000e+00 1.079471344116227711e-20 3.782681892853159594e-18 7.784098864358918005e-16 1.415745026469810340e-13 2.181821053811484086e-11 5.145655424856183879e-09 2.775509729798848180e-06 1.041416121633368828e-03
2.033936454849498254e+00 0.000000000000000000e+00 0.000000000000000000e+00 6.729112252853732577e-21 2.387562332337404600e-18 4.995911296268158320e-16 9.295455152193480312e-14 1.475486168465998337e-11 3.640404672239684444e-09 2.130026582390502529e-06 1.003954751370574527e-03
2.047311036789297489e+00 0.000000000000000000e+00 0.000000000000000000e+00 4.204644419729506867e-21 1.509790051246318892e-18 3.210563189009033787e-16 6.106913337748561649e-14 9.976494826216502368e-12 2.572381555362831363e-09 1.630068483414818915e-06 9.673609328596189869e-04
2.060685618729097168e+00 0.000000000000000000e+00 0.000000000000000000e+00 0.000000000000000000e+00 9.558988531508921833e-19 2.064701645332955167e-16 4.012515087488342042e-14 6.741564235613828906e-12 1.814925959319707279e-09 1.243777197180226622e-06 9.316271268032265320e-04
2.074060200668896403e+00 0.000000000000000000e+00 0.000000000000000000e+00 0.000000000000000000e+00 6.041627384476485908e-19 1.325102080291026118e-16 2.630167226444503642e-14 4.543175632509001746e-12 1.276446316571679866e-09 9.453432362359702559e-07 8.967249462302124587e-04
2.087434782608695638e+00 0.000000000000000000e+00 0.000000000000000000e+00 0.000000000000000000e+00 3.827686113828190274e-19 8.519958184237720980e-17 1.726039748461475884e-14 3.062776570380040822e-12 8.970979914583881527e-10 7.168187105243031918e-07 8.626612861083583859e-04
2.100809364548494873e+00 0.000000000000000000e+00 0.000000000000000000e+00 0.000000000000000000e+00 2.427115205148769583e-19 5.480242748484953047e-17 1.132552080634657150e-14 2.063205052422694905e-12 6.294932710046557831e-10 5.419861247901630691e-07 8.293998305740134074e-04
2.114183946488294552e+00 0.000000000000000000e+00 0.000000000000000000e+00 0.000000000000000000e+00 1.536476627529038874e-19 3.518190154299668569e-17 7.414559660165026141e-15 1.386246314933937722e-12 4.403769617740814905e-10 4.082765986481903693e-07 7.968972215216534212e-04
2.127558528428093787e+00 0.000000000000000000e+00 0.000000000000000000e+00 0.000000000000000000e+00 9.755036485462227586e-20 2.263944337883653573e-17 4.862337359636771879e-15 9.322320683920009764e-13 3.080135493422387969e-10 3.069662862037772037e-07 7.651452222272546715e-04
2.140933110367893022e+00 0.000000000000000000e+00 0.000000000000000000e+00 0.000000000000000000e+00 6.196396842277224054e-20 1.456953407019680743e-17 3.187371087059504965e-15 6.263246106496400230e-13 2.150758552709481411e-10 2.301509444189531260e-07 7.340926130963362772e-04
2.154307692307692257e+00 0.000000000000000000e+00 0.000000000000000000e+00 0.000000000000000000e+00 3.929734664519763809e-20 9.358815314288934864e-18 2.084896558669927507e-15 4.197560195176469785e-13 1.497456188601072771e-10 1.719469355077725616e-07 7.036930736545089510e-04
2.167682274247491492e+00 0.000000000000000000e+00 0.000000000000000000e+00 0.000000000000000000e+00 2.500777211716512690e-20 6.029043609259053829e-18 1.366774376218886065e-15 2.817128546657845401e-13 1.042910026638828740e-10 1.282759888075413723e-07 6.739343548766033119e-04
2.181056856187291171e+00 0.000000000000000000e+00 0.000000000000000000e+00 0.000000000000000000e+00 1.591579515194062984e-20 3.882974352601511066e-18 8.954014737004668775e-16 1.888509082920436390e-13 7.250479337369072214e-11 9.543195996752779188e-08 6.447639287352605920e-04
2.194431438127090406e+00 0.000000000000000000e+00 0.000000000000000000e+00 0.000000000000000000e+00 1.011404979222871828e-20 2.496382772906895980e-18 5.853888660151003356e-16 1.262993518507063622e-13 5.026688193678378264e-11 7.075697971842951594e-08 6.161437756892032850e-04
2.207806020066889641e+00 0.000000000000000000e+00 0.000000000000000000e+00 0.000000000000000000e+00 6.452430320850707799e-21 1.610385833880117138e-18 3.837559841678123699e-16 8.462906563589149802e-14 3.487753686290685921e-11 5.241015339461800234e-08 5.880692541002480959e-04
2.221180602006688876e+00 0.000000000000000000e+00 0.000000000000000000e+00 0.000000000000000000e+00 4.115253694730447694e-21 1.038219378004968566e-18 2.513329979455637127e-16 5.662954703145785469e-14 2.415329182846948772e-11 3.871297923902235520e-08 5.604986085259257072e-04
2.234555183946488555e+00 0.000000000000000000e+00 0.000000000000000000e+00 0.000000000000000000e+00 2.620841792533731338e-21 6.682077817627966056e-19 1.642812139177184179e-16 3.780773251164444512e-14 1.668220728807519820e-11 2.850281543623999486e-08 5.334115501742372426e-04
2.247929765886287790e+00 0.000000000000000000e+00 0.000000000000000000e+00 0.000000000000000000e+00 0.000000000000000000e+00 4.317377330782179504e-19 1.077281948429198169e-16 2.530321196372398441e-14 1.153710894978311682e-11 2.097455653938811412e-08 5.068211671812855980e-04
2.261304347826087024e+00 0.000000000000000000e+00 0.000000000000000000e+00 0.000000000000000000e+00 0.000000000000000000e+00 2.786881515890458312e-19 7.055449656808243492e-17 1.690716976105461455e-14 7.962265971462417776e-12 1.539136595822428824e-08 4.807039887227333198e-04
2.274678929765886259e+00 0.000000000000000000e+00 0.000000000000000000e+00 0.000000000000000000e+00 0.000000000000000000e+00 1.796017121385227802e-19 4.612110238347340197e-17 1.127253322559566216e-14 5.481142903097638586e-12 1.125927910891787859e-08 4.550625582516357290e-04
2.288053511705685494e+00 0.000000000000000000e+00 0.000000000000000000e+00 0.000000000000000000e+00 0.000000000000000000e+00 1.162509629713646995e-19 3.026160468839826448e-17 7.537846823536321231e-15 3.779969347095304919e-12 8.236113983377135615e-09 4.299331986976778503e-04
2.301428093645485173e+00 0.000000000000000000e+00 0.000000000000000000e+00 0.000000000000000000e+00 0.000000000000000000e+00 7.514858217279917357e-20 1.982459900064923305e-17 5.031091115966964466e-15 2.600891658982802174e-12 6.007387476036646210e-09 4.053109069193369727e-04
2.314802675585284408e+00 0.000000000000000000e+00 0.000000000000000000e+00 0.000000000000000000e+00 0.000000000000000000e+00 4.851701213960372168e-20 1.296730171212749269e-17 3.351820529815911424e-15 1.785624784129869240e-12 4.369388412018862182e-09 3.812211775430266142e-04
2.328177257525083643e+00 0.000000000000000000e+00 0.000000000000000000e+00 0.000000000000000000e+00 0.000000000000000000e+00 3.145636073525636146e-20 8.512974413537715736e-18 2.239591611962863305e-15 1.228194818183201137e-12 3.178372424408828082e-09 3.577184026072518781e-04
2.341551839464882878e+00 0.000000000000000000e+00 0.000000000000000000e+00 0.000000000000000000e+00 0.000000000000000000e+00 2.036741473506218840e-20 5.579773575138933424e-18 1.493617411414752095e-15 8.428843314299576409e-13 2.305519276738089990e-09 3.348124217434174030e-04
2.354926421404682113e+00 0.000000000000000000e+00 0.000000000000000000e+00 0.000000000000000000e+00 0.000000000000000000e+00 1.317696246782936211e-20 3.653282066335258795e-18 9.947290028461916833e-16 5.774045241756809258e-13 1.668232295200137099e-09 3.125439280645463612e-04
2.368301003344481792e+00 0.000000000000000000e+00 0.000000000000000000e+00 0.000000000000000000e+00 0.000000000000000000e+00 8.558114134709699951e-21 2.399963305895925205e-18 6.642615371824528083e-16 3.962263787616400818e-13 1.207255085269910637e-09 2.909750807806236843e-04
2.381675585284281027e+00 0.000000000000000000e+00 0.000000000000000000e+00 0.000000000000000000e+00 0.000000000000000000e+00 5.551086195275280320e-21 1.574195164935742380e-18 4.427823506011820600e-16 2.713134156459151232e-13 8.713091753257288450e-10 2.701205845965042301e-04
2.395050167224080262e+00 0.000000000000000000e+00 0.000000000000000000e+00 0.000000000000000000e+00 0.000000000000000000e+00 3.599388603858042241e-21 1.031905262157277749e-18 2.948671086678281805e-16 1.855192327449555962e-13 6.275155784910532777e-10 2.500249679167197594e-04
2.408424749163879497e+00 0.000000000000000000e+00 0.000000000000000000e+00 0.000000000000000000e+00 0.000000000000000000e+00 2.342088998162919876e-21 6.784845777055176614e-19 1.968448272934379585e-16 1.270544900300663146e-13 4.519856431054564872e-10 2.307454108372872053e-04
2.421799331103679176e+00 0.000000000000000000e+00 0.000000000000000000e+00 0.000000000000000000e+00 0.000000000000000000e+00 1.522080180375050976e-21 4.454507175351317614e-19 1.311808926383778934e-16 8.683486821223087340e-14 3.247157072129220034e-10 2.122898583614194585e-04
2.435173913043478411e+00 0.000000000000000000e+00 0.000000000000000000e+00 0.000000000000000000e+00 0.000000000000000000e+00 0.000000000000000000e+00 2.924014351121379266e-19 8.737563226600092860e-17 5.928798080625700775e-14 2.328728098209242891e-10 1.946955829545629233e-04
2.448548494983277646e+00 0.000000000000000000e+00 0.000000000000000000e+00 0.000000000000000000e+00 0.000000000000000000e+00 0.000000000000000000e+00 1.924593763275463339e-19 5.832553467255233668e-17 4.053652211245114846e-14 1.670181815741899672e-10 1.780028628840938970e-04
2.461923076923076881e+00 0.000000000000000000e+00 0.000000000000000000e+00 0.000000000000000000e+00 0.000000000000000000e+00 0.000000000000000000e+00 1.264978691154383087e-19 3.886922210023204226e-17 2.766083342281253884e-14 1.194901677697042442e-10 1.622046871218214576e-04
2.475297658862876116e+00 0.000000000000000000e+00 0.000000000000000000e+00 0.000000000000000000e+00 0.000000000000000000e+00 0.000000000000000000e+00 8.316433180425798955e-20 2.590076063601230514e-17 1.886387182229912077e-14 8.536846761738392989e-11 1.473231015430314283e-04
2.488672240802675795e+00 0.000000000000000000e+00 0.000000000000000000e+00 0.000000000000000000e+00 0.000000000000000000e+00 0.000000000000000000e+00 5.480611572143718041e-20 1.729218910964565260e-17 1.288012471383457780e-14 6.099063617370462600e-11 1.333742047399019942e-04
2.502046822742475030e+00 0.000000000000000000e+00 0.000000000000000000e+00 0.000000000000000000e+00 0.000000000000000000e+00 0.000000000000000000e+00 3.606855711093307887e-20 1.152640667683848658e-17 8.777722127981525613e-15 4.347048823041790324e-11 1.203331675924469881e-04
2.515421404682274265e+00 0.000000000000000000e+00 0.000000000000000000e+00 0.000000000000000000e+00 0.000000000000000000e+00 0.000000000000000000e+00 2.375332413158256937e-20 7.685666775445433722e-18 5.980923196179563579e-15 3.095170739273075344e-11 1.082036948913292593e-04
2.528795986622073499e+00 0.000000000000000000e+00 0.000000000000000000e+00 0.000000000000000000e+00 0.000000000000000000e+00 0.000000000000000000e+00 1.567524970714452918e-20 5.133079966443946918e-18 4.079321426529944381e-15 2.203616936800014748e-11 9.697662519823499418e-05
2.542170568561873178e+00 0.000000000000000000e+00 0.000000000000000000e+00 0.000000000000000000e+00 0.000000000000000000e+00 0.000000000000000000e+00 1.033080110601267334e-20 3.423000029202261958e-18 2.777228205766803857e-15 1.565283334225262110e-11 8.661156680751134161e-05
2.555545150501672413e+00 0.000000000000000000e+00 0.000000000000000000e+00 0.000000000000000000e+00 0.000000000000000000e+00 0.000000000000000000e+00 6.816036139366868393e-21 2.284341283174702329e-18 1.891196798827416471e-15 1.111147610539220139e-11 7.709544454737298630e-05
2.568919732441471648e+00 0.000000000000000000e+00 0.000000000000000000e+00 0.000000000000000000e+00 0.000000000000000000e+00 0.000000000000000000e+00 4.504839949792655111e-21 1.526506587197707582e-18 1.288839860422458365e-15 7.886130444364507646e-12 6.839815076441999606e-05
2.582294314381270883e+00 0.000000000000000000e+00 0.000000000000000000e+00 0.000000000000000000e+00 0.000000000000000000e+00 0.000000000000000000e+00 2.973558188023622674e-21 1.018574760899633269e-18 8.767878468157303041e-16 5.584687017762360689e-12 6.046933855399880698e-05
2.595668896321070118e+00 0.000000000000000000e+00 0.000000000000000000e+00 0.000000000000000000e+00 0.000000000000000000e+00 0.000000000000000000e+00 1.965760244977522898e-21 6.804420485243295373e-19 5.968527291989273573e-16 3.953846468402613164e-12 5.328384115807206734e-05
2.609043478260869797e+00 0.000000000000000000e+00 0.000000000000000000e+00 0.000000000000000000e+00 0.000000000000000000e+00 0.000000000000000000e+00 1.301333688544309535e-21 4.550352630175086128e-19 4.065140762942369811e-16 2.798323587058549082e-12 4.679804730971503921e-05
2.622418060200669032e+00 0.000000000000000000e+00 0.000000000000000000e+00 0.000000000000000000e+00 0.000000000000000000e+00 0.000000000000000000e+00 8.604292082303412192e-22 3.038631381123682275e-19 2.764043156407613194e-16 1.976304354235331199e-12 4.095833120061938287e-05
2.635792642140468267e+00 0.000000000000000000e+00 0.000000000000000000e+00 0.000000000000000000e+00 0.000000000000000000e+00 0.000000000000000000e+00 4.648377276731159008e-22 2.032314017356510091e-19 1.881330691000514572e-16 1.395919925621091603e-12 3.573325190357688730e-05
2.649167224080267502e+00 0.000000000000000000e+00 0.000000000000000000e+00 0.000000000000000000e+00 0.000000000000000000e+00 0.000000000000000000e+00 0.000000000000000000e+00 1.360283032411360984e-19 1.280900700520023656e-16 9.855090822389487292e-13 3.107372835383388884e-05
2.662541806020067181e+00 0.000000000000000000e+00 0.000000000000000000e+00 0.000000000000000000e+00 0.000000000000000000e+00 0.000000000000000000e+00 0.000000000000000000e+00 9.092175853153004691e-20 8.706675393248869255e-17 6.943389028287695993e-13 2.692870604954821032e-05
2.675916387959866416e+00 0.000000000000000000e+00 0.000000000000000000e+00 0.000000000000000000e+00 0.000000000000000000e+00 0.000000000000000000e+00 0.000000000000000000e+00 6.089181109521919973e-20 5.926693380928254899e-17 4.894384170107244023e-13 2.326575070713534919e-05
2.689290969899665651e+00 0.000000000000000000e+00 0.000000000000000000e+00 0.000000000000000000e+00 0.000000000000000000e+00 0.000000000000000000e+00 0.000000000000000000e+00 4.079849079337495671e-20 4.034531214222279053e-17 3.447843619760480431e-13 2.003702178088604939e-05
2.702665551839464886e+00 0.000000000000000000e+00 0.000000000000000000e+00 0.000000000000000000e+00 0.000000000000000000e+00 0.000000000000000000e+00 0.000000000000000000e+00 2.729914337576466485e-20 2.742106820892668289e-17 2.424034616909514112e-13 1.719800910700839116e-05
2.716040133779264121e+00 0.000000000000000000e+00 0.000000000000000000e+00 0.000000000000000000e+00 0.000000000000000000e+00 0.000000000000000000e+00 0.000000000000000000e+00 1.830947430440929511e-20 1.867105693630591622e-17 1.705730944240355921e-13 1.471908199068520595e-05
2.729414715719063800e+00 0.000000000000000000e+00 0.000000000000000000e+00 0.000000000000000000e+00 0.000000000000000000e+00 0.000000000000000000e+00 0.000000000000000000e+00 1.228186449951349362e-20 1.271046148170572377e-17 1.199302111365829919e-13 1.255809255184395300e-05
2.742789297658863035e+00 0.000000000000000000e+00 0.000000000000000000e+00 0.000000000000000000e+00 0.000000000000000000e+00 0.000000000000000000e+00 0.000000000000000000e+00 8.227933957786788891e-21 8.639467576859663066e-18 8.416229705488840010e-14 1.067896414822151491e-05
2.756163879598662270e+00 0.000000000000000000e+00 0.000000000000000000e+00 0.000000000000000000e+00 0.000000000000000000e+00 0.000000000000000000e+00 0.000000000000000000e+00 5.527200962058942516e-21 5.885367801104005116e-18 5.913591592985222056e-14 9.056952482939792436e-06
2.769538461538461505e+00 0.000000000000000000e+00 0.000000000000000000e+00 0.000000000000000000e+00 0.000000000000000000e+00 0.000000000000000000e+00 0.000000000000000000e+00 3.712343153207672950e-21 4.007309599467105837e-18 4.150968109714281075e-14 7.657739063913827744e-06
2.782913043478261184e+00 0.000000000000000000e+00 0.000000000000000000e+00 0.000000000000000000e+00 0.000000000000000000e+00 0.000000000000000000e+00 0.000000000000000000e+00 2.490268687868414612e-21 2.724498574684388527e-18 2.908344173948652373e-14 6.453852357855339823e-06
2.796287625418060419e+00 0.000000000000000000e+00 0.000000000000000000e+00 0.000000000000000000e+00 0.000000000000000000e+00 0.000000000000000000e+00 0.000000000000000000e+00 1.675694386722697732e-21 1.857147868211742760e-18 2.041035420343090839e-14 5.426062645506109323e-06
2.809662207357859653e+00 0.000000000000000000e+00 0.000000000000000000e+00 0.000000000000000000e+00 0.000000000000000000e+00 0.000000000000000000e+00 0.000000000000000000e+00 1.127037707746501355e-21 1.264974395845436991e-18 1.430647779219512469e-14 4.548187703810666326e-06
2.823036789297658888e+00 0.000000000000000000e+00 0.000000000000000000e+00 0.000000000000000000e+00 0.000000000000000000e+00 0.000000000000000000e+00 0.000000000000000000e+00 7.571002354518084445e-22 8.603818117352414167e-19 1.001011425482059616e-14 3.800421309388796352e-06
2.836411371237458123e+00 0.000000000000000000e+00 0.000000000000000000e+00 0.000000000000000000e+00 0.000000000000000000e+00 0.000000000000000000e+00 0.000000000000000000e+00 5.103614123384527810e-22 5.869343424958196598e-19 7.018046711120879365e-15 3.168694753621560999e-06
2.849785953177257802e+00 0.000000000000000000e+00 0.000000000000000000e+00 0.000000000000000000e+00 0.000000000000000000e+00 0.000000000000000000e+00 0.000000000000000000e+00 3.437669144246008036e-22 3.999855004466346044e-19 4.913373328094290924e-15 2.634115574428947507e-06
2.863160535117057037e+00 0.000000000000000000e+00 0.000000000000000000e+00 0.000000000000000000e+00 0.000000000000000000e+00 0.000000000000000000e+00 0.000000000000000000e+00 2.312903634447355173e-22 2.722146465697687650e-19 3.434066548897282143e-15 2.183104328869423771e-06
2.876535117056856272e+00 0.000000000000000000e+00 0.000000000000000000e+00 0.000000000000000000e+00 0.000000000000000000e+00 0.000000000000000000e+00 0.000000000000000000e+00 0.000000000000000000e+00 1.858608985070488638e-19 2.405668628522766596e-15 1.805822942603793816e-06
2.889909698996655507e+00 0.000000000000000000e+00 0.000000000000000000e+00 0.000000000000000000e+00 0.000000000000000000e+00 0.000000000000000000e+00 0.000000000000000000e+00 0.000000000000000000e+00 1.267419989518756060e-19 1.682563039467974767e-15 1.489356738821758824e-06
2.903284280936454742e+00 0.000000000000000000e+00 0.000000000000000000e+00 0.000000000000000000e+00 0.000000000000000000e+00 0.000000000000000000e+00 0.000000000000000000e+00 0.000000000000000000e+00 8.634168945444745727e-20 1.175209883942048228e-15 1.224852622892256455e-06
2.916658862876254421e+00 0.000000000000000000e+00 0.000000000000000000e+00 0.000000000000000000e+00 0.000000000000000000e+00 0.000000000000000000e+00 0.000000000000000000e+00 0.000000000000000000e+00 5.899453788291557823e-20 8.225778013973546304e-16 1.005495591021744545e-06
2.930033444816053656e+00 0.000000000000000000e+00 0.000000000000000000e+00 0.000000000000000000e+00 0.000000000000000000e+00 0.000000000000000000e+00 0.000000000000000000e+00 0.000000000000000000e+00 4.026016940820181416e-20 5.748693194455849422e-16 8.230781315084961977e-07
2.943408026755852891e+00 0.000000000000000000e+00 0.000000000000000000e+00 0.000000000000000000e+00 0.000000000000000000e+00 0.000000000000000000e+00 0.000000000000000000e+00 0.000000000000000000e+00 2.745744857384065311e-20 4.013405639523413201e-16 6.719626114284563549e-07
2.956782608695652126e+00 0.000000000000000000e+00 0.000000000000000000e+00 0.000000000000000000e+00 0.000000000000000000e+00 0.000000000000000000e+00 0.000000000000000000e+00 0.000000000000000000e+00 1.877656658450755760e-20 2.807302354895529623e-16 5.476510798758687614e-07
2.970157190635451805e+00 0.000000000000000000e+00 0.000000000000000000e+00 0.000000000000000000e+00 0.000000000000000000e+00 0.000000000000000000e+00 0.000000000000000000e+00 0.000000000000000000e+00 1.282508436253049253e-20 1.960725285863881650e-16 4.451109237255369829e-07
2.983531772575251040e+00 0.000000000000000000e+00 0.000000000000000000e+00 0.000000000000000000e+00 0.000000000000000000e+00 0.000000000000000000e+00 0.000000000000000000e+00 0.000000000000000000e+00 8.757428039348779835e-21 1.368482245259363506e-16 3.608793838988276071e-07
2.996906354515050275e+00 0.000000000000000000e+00 0.000000000000000000e+00 0.000000000000000000e+00 0.000000000000000000e+00 0.000000000000000000e+00 0.000000000000000000e+00 0.000000000000000000e+00 5.994363645957577674e-21 9.567632977490236546e-17 2.921104677507704981e-07
3.010280936454849510e+00 0.000000000000000000e+00 0.000000000000000000e+00 0.000000000000000000e+00 0.000000000000000000e+00 0.000000000000000000e+00 0.000000000000000000e+00 0.000000000000000000e+00 4.098379608757170956e-21 6.679452456688408759e-17 2.358182587081787938e-07
3.023655518394648745e+00 0.000000000000000000e+00 0.000000000000000000e+00 0.000000000000000000e+00 0.000000000000000000e+00 0.000000000000000000e+00 0.000000000000000000e+00 0.000000000000000000e+00 2.802225866842945508e-21 4.661382760367560886e-17 1.899449997326695705e-07
3.037030100334448424e+00 0.000000000000000000e+00 0.000000000000000000e+00 0.000000000000000000e+00 0.000000000000000000e+00 0.000000000000000000e+00 0.000000000000000000e+00 0.000000000000000000e+00 1.920091628389757999e-21 3.257907556031201063e-17 1.527561069855379307e-07
3.050404682274247659e+00 0.000000000000000000e+00 0.000000000000000000e+00 0.000000000000000000e+00 0.000000000000000000e+00 0.000000000000000000e+00 0.000000000000000000e+00 0.000000000000000000e+00 1.314186485202748395e-21 2.273799634283190427e-17 1.225329833816908278e-07
3.063779264214046893e+00 0.000000000000000000e+00 0.000000000000000000e+00 0.000000000000000000e+00 0.000000000000000000e+00 0.000000000000000000e+00 0.000000000000000000e+00 0.000000000000000000e+00 8.998318976165769896e-22 1.586884270166175319e-17 9.808938512291041587e-08
3.077153846153846128e+00 0.000000000000000000e+00 0.000000000000000000e+00 0.000000000000000000e+00 0.000000000000000000e+00 0.000000000000000000e+00 0.000000000000000000e+00 0.000000000000000000e+00 6.172635438374258523e-22 1.108900242892682295e-17 7.840303398749080065e-08
3.090528428093645807e+00 0.000000000000000000e+00 0.000000000000000000e+00 0.000000000000000000e+00 0.000000000000000000e+00 0.000000000000000000e+00 0.000000000000000000e+00 0.000000000000000000e+00 4.229693469705784152e-22 7.738316455337424500e-18 6.251214349792970782e-08
3.103903010033445042e+00 0.000000000000000000e+00 0.000000000000000000e+00 0.000000000000000000e+00 0.000000000000000000e+00 0.000000000000000000e+00 0.000000000000000000e+00 0.000000000000000000e+00 2.900426127700541786e-22 5.401587251930730402e-18 4.975175629679102344e-08
3.117277591973244277e+00 0.000000000000000000e+00 0.000000000000000000e+00 0.000000000000000000e+00 0.000000000000000000e+00 0.000000000000000000e+00 0.000000000000000000e+00 0.000000000000000000e+00 1.992031378217128076e-22 3.774434246304043713e-18 3.953742816012802119e-08
3.130652173913043512e+00 0.000000000000000000e+00 0.000000000000000000e+00 0.000000000000000000e+00 0.000000000000000000e+00 0.000000000000000000e+00 0.000000000000000000e+00 0.000000000000000000e+00 1.366694914337286128e-22 2.633937332076817004e-18 3.134472472282968564e-08
3.144026755852842747e+00 0.000000000000000000e+00 0.000000000000000000e+00 0.000000000000000000e+00 0.000000000000000000e+00 0.000000000000000000e+00 0.000000000000000000e+00 0.000000000000000000e+00 9.386521002506066302e-23 1.839162921921261008e-18 2.481041851277586201e-08
3.157401337792642426e+00 0.000000000000000000e+00 0.000000000000000000e+00 0.000000000000000000e+00 0.000000000000000000e+00 0.000000000000000000e+00 0.000000000000000000e+00 0.000000000000000000e+00 3.356798655471404604e-23 1.285256006454198112e-18 1.960949832716020289e-08
3.170775919732441661e+00 0.000000000000000000e+00 0.000000000000000000e+00 0.000000000000000000e+00 0.000000000000000000e+00 0.000000000000000000e+00 0.000000000000000000e+00 0.000000000000000000e+00 0.000000000000000000e+00 8.970105573601853122e-19 1.546281968094654772e-08
3.184150501672240896e+00 0.000000000000000000e+00 0.000000000000000000e+00 0.000000000000000000e+00 0.000000000000000000e+00 0.000000000000000000e+00 0.000000000000000000e+00 0.000000000000000000e+00 0.000000000000000000e+00 6.266222337896174496e-19 1.217666717988438222e-08
3.197525083612040131e+00 0.000000000000000000e+00 0.000000000000000000e+00 0.000000000000000000e+00 0.000000000000000000e+00 0.000000000000000000e+00 0.000000000000000000e+00 0.000000000000000000e+00 0.000000000000000000e+00 4.379917342017619901e-19 9.574819354073799198e-09
3.210899665551839366e+00 0.000000000000000000e+00 0.000000000000000000e+00 0.000000000000000000e+00 0.000000000000000000e+00 0.000000000000000000e+00 0.000000000000000000e+00 0.000000000000000000e+00 0.000000000000000000e+00 3.057588079006985663e-19 7.511985095863911564e-09
3.224274247491639045e+00 0.000000000000000000e+00 0.000000000000000000e+00 0.000000000000000000e+00 0.000000000000000000e+00 0.000000000000000000e+00 0.000000000000000000e+00 0.000000000000000000e+00 0.000000000000000000e+00 2.137126468800984524e-19 5.887120655957688575e-09
3.237648829431438280e+00 0.000000000000000000e+00 0.000000000000000000e+00 0.000000000000000000e+00 0.000000000000000000e+00 0.000000000000000000e+00 0.000000000000000000e+00 0.000000000000000000e+00 0.000000000000000000e+00 1.494269540548902176e-19 4.606873703818745241e-09
3.251023411371237515e+00 0.000000000000000000e+00 0.000000000000000000e+00 0.000000000000000000e+00 0.000000000000000000e+00 0.000000000000000000e+00 0.000000000000000000e+00 0.000000000000000000e+00 0.000000000000000000e+00 1.043504319592563815e-19 3.597180458433115774e-09
3.264397993311036750e+00 0.000000000000000000e+00 0.000000000000000000e+00 0.000000000000000000e+00 0.000000000000000000e+00 0.000000000000000000e+00 0.000000000000000000e+00 0.000000000000000000e+00 0.000000000000000000e+00 7.298509451095792248e-20 2.806410181464793769e-09
3.277772575250836429e+00 0.000000000000000000e+00 0.000000000000000000e+00 0.000000000000000000e+00 0.000000000000000000e+00 0.000000000000000000e+00 0.000000000000000000e+00 0.000000000000000000e+00 0.000000000000000000e+00 5.105236868866537036e-20 2.186156920181771448e-09
3.291147157190635664e+00 0.000000000000000000e+00 0.000000000000000000e+00 0.000000000000000000e+00 0.000000000000000000e+00 0.000000000000000000e+00 0.000000000000000000e+00 0.000000000000000000e+00 0.000000000000000000e+00 3.566786073879208206e-20 1.699390142168128754e-09
3.304521739130434899e+00 0.000000000000000000e+00 0.000000000000000000e+00 0.000000000000000000e+00 0.000000000000000000e+00 0.000000000000000000e+00 0.000000000000000000e+00 0.000000000000000000e+00 0.000000000000000000e+00 2.496592960946395172e-20 1.320227877082041772e-09
3.317896321070234134e+00 0.000000000000000000e+00 0.000000000000000000e+00 0.000000000000000000e+00 0.000000000000000000e+00 0.000000000000000000e+00 0.000000000000000000e+00 0.000000000000000000e+00 0.000000000000000000e+00 1.747243951333526713e-20 1.024060813873823053e-09
3.331270903010033368e+00 0.000000000000000000e+00 0.000000000000000000e+00 0.000000000000000000e+00 0.000000000000000000e+00 0.000000000000000000e+00 0.000000000000000000e+00 0.000000000000000000e+00 0.000000000000000000e+00 1.221380316134215487e-20 7.927052053425973102e-10
3.344645484949833047e+00 0.000000000000000000e+00 0.000000000000000000e+00 0.000000000000000000e+00 0.000000000000000000e+00 0.000000000000000000e+00 0.000000000000000000e+00 0.000000000000000000e+00 0.000000000000000000e+00 8.556399735004607718e-21 6.134153783347033779e-10
3.358020066889632282e+00 0.000000000000000000e+00 0.000000000000000000e+00 0.000000000000000000e+00 0.000000000000000000e+00 0.000000000000000000e+00 0.000000000000000000e+00 0.000000000000000000e+00 0.000000000000000000e+00 5.991822304677026130e-21 4.739062330955260854e-10
3.371394648829431517e+00 0.000000000000000000e+00 0.000000000000000000e+00 0.000000000000000000e+00 0.000000000000000000e+00 0.000000000000000000e+00 0.000000000000000000e+00 0.000000000000000000e+00 0.000000000000000000e+00 4.191117045737910979e-21 3.653973512190055559e-10
3.384769230769230752e+00 0.000000000000000000e+00 0.000000000000000000e+00 0.000000000000000000e+00 0.000000000000000000e+00 0.000000000000000000e+00 0.000000000000000000e+00 0.000000000000000000e+00 0.000000000000000000e+00 2.938833454544429358e-21 2.817150190687381252e-10
3.398143812709030431e+00 0.000000000000000000e+00 0.000000000000000000e+00 0.000000000000000000e+00 0.000000000000000000e+00 0.000000000000000000e+00 0.000000000000000000e+00 0.000000000000000000e+00 0.000000000000000000e+00 2.059396424118160826e-21 2.168290632270604557e-10
3.411518394648829666e+00 0.000000000000000000e+00 0.000000000000000000e+00 0.000000000000000000e+00 0.000000000000000000e+00 0.000000000000000000e+00 0.000000000000000000e+00 0.000000000000000000e+00 0.000000000000000000e+00 1.441513563806538977e-21 1.665654514750935281e-10
3.424892976588628901e+00 0.000000000000000000e+00 0.000000000000000000e+00 0.000000000000000000e+00 0.000000000000000000e+00 0.000000000000000000e+00 0.000000000000000000e+00 0.000000000000000000e+00 0.000000000000000000e+00 1.011816086599173487e-21 1.279794194848057888e-10
3.438267558528428136e+00 0.000000000000000000e+00 0.000000000000000000e+00 0.000000000000000000e+00 0.000000000000000000e+00 0.000000000000000000e+00 0.000000000000000000e+00 0.000000000000000000e+00 0.000000000000000000e+00 7.095712598539834246e-22 9.815692389934019258e-11
3.451642140468227371e+00 0.000000000000000000e+00 0.000000000000000000e+00 0.000000000000000000e+00 0.000000000000000000e+00 0.000000000000000000e+00 0.000000000000000000e+00 0.000000000000000000e+00 0.000000000000000000e+00 4.971435190445066655e-22 7.514895298890037689e-11
3.465016722408027050e+00 0.000000000000000000e+00 0.000000000000000000e+00 0.000000000000000000e+00 0.000000000000000000e+00 0.000000000000000000e+00 0.000000000000000000e+00 0.000000000000000000e+00 0.000000000000000000e+00 3.492728510203281155e-22 5.755121529916464262e-11
3.478391304347826285e+00 0.000000000000000000e+00 0.000000000000000000e+00 0.000000000000000000e+00 0.000000000000000000e+00 0.000000000000000000e+00 0.000000000000000000e+00 0.000000000000000000e+00 0.000000000000000000e+00 2.451424425608851198e-22 4.399538835658182308e-11
3.491765886287625520e+00 0.000000000000000000e+00 0.000000000000000000e+00 0.000000000000000000e+00 0.000000000000000000e+00 0.000000000000000000e+00 0.000000000000000000e+00 0.000000000000000000e+00 0.000000000000000000e+00 1.719453609404881107e-22 3.357933620991619595e-11
3.505140468227424755e+00 0.000000000000000000e+00 0.000000000000000000e+00 0.000000000000000000e+00 0.000000000000000000e+00 0.000000000000000000e+00 0.000000000000000000e+00 0.000000000000000000e+00 0.000000000000000000e+00 1.209068859528644697e-22 2.563582840288950073e-11
3.518515050167224434e+00 0.000000000000000000e+00 0.000000000000000000e+00 0.000000000000000000e+00 0.000000000000000000e+00 0.000000000000000000e+00 0.000000000000000000e+00 0.000000000000000000e+00 0.000000000000000000e+00 8.493591184988308165e-23 1.953734616987775672e-11
3.531889632107023669e+00 0.000000000000000000e+00 0.000000000000000000e+00 0.000000000000000000e+00 0.000000000000000000e+00 0.000000000000000000e+00 0.000000000000000000e+00 0.000000000000000000e+00 0.000000000000000000e+00 5.964521272012601865e-23 1.486925667541880309e-11
3.545264214046822904e+00 0.000000000000000000e+00 0.000000000000000000e+00 0.000000000000000000e+00 0.000000000000000000e+00 0.000000000000000000e+00 0.000000000000000000e+00 0.000000000000000000e+00 0.000000000000000000e+00 4.197970352301100534e-23 1.131874877040260135e-11
3.558638795986622139e+00 0.000000000000000000e+00 0.000000000000000000e+00 0.000000000000000000e+00 0.000000000000000000e+00 0.000000000000000000e+00 0.000000000000000000e+00 0.000000000000000000e+00 0.000000000000000000e+00 2.951830940297255220e-23 8.601442110247330070e-12
3.572013377926421374e+00 0.000000000000000000e+00 0.000000000000000000e+00 0.000000000000000000e+00 0.000000000000000000e+00 0.000000000000000000e+00 0.000000000000000000e+00 0.000000000000000000e+00 0.000000000000000000e+00 2.075447631807778858e-23 6.528969777955536997e-12
3.585387959866221053e+00 0.000000000000000000e+00 0.000000000000000000e+00 0.000000000000000000e+00 0.000000000000000000e+00 0.000000000000000000e+00 0.000000000000000000e+00 0.000000000000000000e+00 0.000000000000000000e+00 0.000000000000000000e+00 4.956481316734026404e-12
3.598762541806020288e+00 0.000000000000000000e+00 0.000000000000000000e+00 0.000000000000000000e+00 0.000000000000000000e+00 0.000000000000000000e+00 0.000000000000000000e+00 0.000000000000000000e+00 0.000000000000000000e+00 0.000000000000000000e+00 3.756519142186824070e-12
3.612137123745819522e+00 0.000000000000000000e+00 0.000000000000000000e+00 0.000000000000000000e+00 0.000000000000000000e+00 0.000000000000000000e+00 0.000000000000000000e+00 0.000000000000000000e+00 0.000000000000000000e+00 0.000000000000000000e+00 2.844428709701891832e-12
3.625511705685618757e+00 0.000000000000000000e+00 0.000000000000000000e+00 0.000000000000000000e+00 0.000000000000000000e+00 0.000000000000000000e+00 0.000000000000000000e+00 0.000000000000000000e+00 0.000000000000000000e+00 0.000000000000000000e+00 2.153897211378510653e-12
3.638886287625418436e+00 0.000000000000000000e+00 0.000000000000000000e+00 0.000000000000000000e+00 0.000000000000000000e+00 0.000000000000000000e+00 0.000000000000000000e+00 0.000000000000000000e+00 0.000000000000000000e+00 0.000000000000000000e+00 1.628383930287856290e-12
3.652260869565217671e+00 0.000000000000000000e+00 0.000000000000000000e+00 0.000000000000000000e+00 0.000000000000000000e+00 0.000000000000000000e+00 0.000000000000000000e+00 0.000000000000000000e+00 0.000000000000000000e+00 0.000000000000000000e+00 1.230224217698503792e-12
3.665635451505016906e+00 0.000000000000000000e+00 0.000000000000000000e+00 0.000000000000000000e+00 0.000000000000000000e+00 0.000000000000000000e+00 0.000000000000000000e+00 0.000000000000000000e+00 0.000000000000000000e+00 0.000000000000000000e+00 9.293785795313123687e-13
3.679010033444816141e+00 0.000000000000000000e+00 0.000000000000000000e+00 0.000000000000000000e+00 0.000000000000000000e+00 0.000000000000000000e+00 0.000000000000000000e+00 0.000000000000000000e+00 0.000000000000000000e+00 0.000000000000000000e+00 7.010041300228998803e-13
3.692384615384615376e+00 0.000000000000000000e+00 0.000000000000000000e+00 0.000000000000000000e+00 0.000000000000000000e+00 0.000000000000000000e+00 0.000000000000000000e+00 0.000000000000000000e+00 0.000000000000000000e+00 0.000000000000000000e+00 5.284985654836472327e-13
3.705759197324415055e+00 0.000000000000000000e+00 0.000000000000000000e+00 0.000000000000000000e+00 0.000000000000000000e+00 0.000000000000000000e+00 0.000000000000000000e+00 0.000000000000000000e+00 0.000000000000000000e+00 0.000000000000000000e+00 3.983860512871671216e-13
3.719133779264214290e+00 0.000000000000000000e+00 0.000000000000000000e+00 0.000000000000000000e+00 0.000000000000000000e+00 0.000000000000000000e+00 0.000000000000000000e+00 0.000000000000000000e+00 0.000000000000000000e+00 0.000000000000000000e+00 2.998476580426572909e-13
3.732508361204013525e+00 0.000000000000000000e+00 0.000000000000000000e+00 0.000000000000000000e+00 0.000000000000000000e+00 0.000000000000000000e+00 0.000000000000000000e+00 0.000000000000000000e+00 0.000000000000000000e+00 0.000000000000000000e+00 2.256282191040418603e-13
3.745882943143812760e+00 0.000000000000000000e+00 0.000000000000000000e+00 0.000000000000000000e+00 0.000000000000000000e+00 0.000000000000000000e+00 0.000000000000000000e+00 0.000000000000000000e+00 0.000000000000000000e+00 0.000000000000000000e+00 1.697365583587217794e-13
3.759257525083611995e+00 0.000000000000000000e+00 0.000000000000000000e+00 0.000000000000000000e+00 0.000000000000000000e+00 0.000000000000000000e+00 0.000000000000000000e+00 0.000000000000000000e+00 0.000000000000000000e+00 0.000000000000000000e+00 1.274997741565437944e-13
3.772632107023411674e+00 0.000000000000000000e+00 0.000000000000000000e+00 0.000000000000000000e+00 0.000000000000000000e+00 0.000000000000000000e+00 0.000000000000000000e+00 0.000000000000000000e+00 0.000000000000000000e+00 0.000000000000000000e+00 9.577267390728053610e-14
3.786006688963210909e+00 0.000000000000000000e+00 0.000000000000000000e+00 0.000000000000000000e+00 0.000000000000000000e+00 0.000000000000000000e+00 0.000000000000000000e+00 0.000000000000000000e+00 0.000000000000000000e+00 0.000000000000000000e+00 7.191367007539047914e-14
3.799381270903010144e+00 0.000000000000000000e+00 0.000000000000000000e+00 0.000000000000000000e+00 0.000000000000000000e+00 0.000000000000000000e+00 0.000000000000000000e+00 0.000000000000000000e+00 0.000000000000000000e+00 0.000000000000000000e+00 5.391980798312898720e-14
3.812755852842809379e+00 0.000000000000000000e+00 0.000000000000000000e+00 0.000000000000000000e+00 0.000000000000000000e+00 0.000000000000000000e+00 0.000000000000000000e+00 0.000000000000000000e+00 0.000000000000000000e+00 0.000000000000000000e+00 4.043768275906378293e-14
3.826130434782609058e+00 0.000000000000000000e+00 0.000000000000000000e+00 0.000000000000000000e+00 0.000000000000000000e+00 0.000000000000000000e+00 0.000000000000000000e+00 0.000000000000000000e+00 0.000000000000000000e+00 0.000000000000000000e+00 3.031145554295346260e-14
3.839505016722408293e+00 0.000000000000000000e+00 0.000000000000000000e+00 0.000000000000000000e+00 0.000000000000000000e+00 0.000000000000000000e+00 0.000000000000000000e+00 0.000000000000000000e+00 0.000000000000000000e+00 0.000000000000000000e+00 2.268864616268495425e-14
3.852879598662207528e+00 0.000000000000000000e+00 0.000000000000000000e+00 0.000000000000000000e+00 0.000000000000000000e+00 0.000000000000000000e+00 0.000000000000000000e+00 0.000000000000000000e+00 0.000000000000000000e+00 0.000000000000000000e+00 1.699084776370270245e-14
3.866254180602006763e+00 0.000000000000000000e+00 0.000000000000000000e+00 0.000000000000000000e+00 0.000000000000000000e+00 0.000000000000000000e+00 0.000000000000000000e+00 0.000000000000000000e+00 0.000000000000000000e+00 0.000000000000000000e+00 1.271586432078428543e-14
3.879628762541805997e+00 0.000000000000000000e+00 0.000000000000000000e+00 0.000000000000000000e+00 0.000000000000000000e+00 0.000000000000000000e+00 0.000000000000000000e+00 0.000000000000000000e+00 0.000000000000000000e+00 0.000000000000000000e+00 9.503234867459339659e-15
3.893003344481605676e+00 0.000000000000000000e+00 0.000000000000000000e+00 0.000000000000000000e+00 0.000000000000000000e+00 0.000000000000000000e+00 0.000000000000000000e+00 0.000000000000000000e+00 0.000000000000000000e+00 0.000000000000000000e+00 7.107321915379159031e-15
3.906377926421404911e+00 0.000000000000000000e+00 0.000000000000000000e+00 0.000000000000000000e+00 0.000000000000000000e+00 0.000000000000000000e+00 0.000000000000000000e+00 0.000000000000000000e+00 0.000000000000000000e+00 0.000000000000000000e+00 5.311334942200935498e-15
3.919752508361204146e+00 0.000000000000000000e+00 0.000000000000000000e+00 0.000000000000000000e+00 0.000000000000000000e+00 0.000000000000000000e+00 0.000000000000000000e+00 0.000000000000000000e+00 0.000000000000000000e+00 0.000000000000000000e+00 3.963774313548589147e-15
3.933127090301003381e+00 0.000000000000000000e+00 0.000000000000000000e+00 0.000000000000000000e+00 0.000000000000000000e+00 0.000000000000000000e+00 0.000000000000000000e+00 0.000000000000000000e+00 0.000000000000000000e+00 0.000000000000000000e+00 2.960928178761047511e-15
3.946501672240803060e+00 0.000000000000000000e+00 0.000000000000000000e+00 0.000000000000000000e+00 0.000000000000000000e+00 0.000000000000000000e+00 0.000000000000000000e+00 0.000000000000000000e+00 0.000000000000000000e+00 0.000000000000000000e+00 2.209765026471301832e-15
3.959876254180602295e+00 0.000000000000000000e+00 0.000000000000000000e+00 0.000000000000000000e+00 0.000000000000000000e+00 0.000000000000000000e+00 0.000000000000000000e+00 0.000000000000000000e+00 0.000000000000000000e+00 0.000000000000000000e+00 1.646963495693231445e-15
3.973250836120401530e+00 0.000000000000000000e+00 0.000000000000000000e+00 0.000000000000000000e+00 0.000000000000000000e+00 0.000000000000000000e+00 0.000000000000000000e+00 0.000000000000000000e+00 0.000000000000000000e+00 0.000000000000000000e+00 1.228968471280784320e-15
3.986625418060200765e+00 0.000000000000000000e+00 0.000000000000000000e+00 0.000000000000000000e+00 0.000000000000000000e+00 0.000000000000000000e+00 0.000000000000000000e+00 0.000000000000000000e+00 0.000000000000000000e+00 0.000000000000000000e+00 9.160736069121211862e-16
4.000000000000000000e+00 0.000000000000000000e+00 0.000000000000000000e+00 0.000000000000000000e+00 0.000000000000000000e+00 0.000000000000000000e+00 0.000000000000000000e+00 0.000000000000000000e+00 0.000000000000000000e+00 0.000000000000000000e+00 6.819478478461567610e-16
