6.815493338870588690e+06 -3.934420448229675181e+06 -1.787727051864585665e+05 -2.082100638637325574e+01 9.981138438735776581e+05 1.199610755092610372e+06 4.340301989047880284e+06 2.097953390974549620e+04 3.359993158532519010e+04 3.564452726595787681e+03 -3.200432588799700025e+05 -6.801519128269625362e+05 -2.949611079243632266e+05 -1.164967854208570934e+05 -1.894694462578659295e+04 5.687898565812932793e+04 1.176888669431032031e+05 1.861351573636889516e+05 2.715878240290592657e+05 3.015188398501700140e+05
-3.934420448228920810e+06 6.993891155432826839e+06 -1.250705300104433438e+06 -2.976030802989233634e+05 -1.695384047601277707e+06 -1.959230163750212872e+06 -6.685453189340102486e+06 -8.723095206651186118e+02 -1.423651133967308169e+03 -2.353401988518070596e+02 -8.285712090726174938e+04 -1.150375543917958421e+05 -1.285905367416139779e+05 -1.458926022727031959e+05 -1.679759532783841714e+05 -1.989888354240535409e+05 -2.393358139567511971e+05 -3.054777533887167810e+05 -4.114679074852400809e+05 -4.248671676816177787e+05
-1.787727051865263202e+05 -1.250705300104340073e+06 7.258471385389160132e+05 1.652520018673952436e+05 3.048621787372907856e+05 2.524022733784316806e+05 2.421951366963806562e+06 2.654401248940699134e+03 4.216461112656899786e+03 3.367135712618951970e+02 9.831095563502870209e+04 2.127782336204209714e+05 1.503581151695293956e+05 1.210385265575625090e+05 1.097772296433287411e+05 1.071606587696956703e+05 1.131614321450642601e+05 1.341940188744161569e+05 1.715142102793679514e+05 1.838741436036230589e+05
-2.082100640328144436e+01 -2.976030802989057265e+05 1.652520018673956511e+05 3.843151973893209652e+04 7.229612222796748392e+04 5.736244774740144931e+04 5.732493401554537704e+05 7.585062178931958670e+02 1.209143650379165592e+03 1.078717996726389003e+02 1.689838469151873142e+04 3.915565704789578012e+04 3.139135292081665102e+04 2.711648451771668988e+04 2.538867449045515968e+04 2.538557493331622027e+04 2.721935434477869421e+04 3.275125305601184300e+04 4.305870624149556534e+04 4.806776476401741820e+04
9.981138438734017545e+05 -1.695384047601258615e+06 3.048621787373128464e+05 7.229612222797174763e+04 4.346741131402088795e+05 5.571612509195859311e+05 1.639968437573988689e+06 1.902031904491648788e+02 3.120795749498204827e+02 5.778296615501250955e+01 2.120762672285132066e+04 2.957621126667919816e+04 3.117496844052381130e+04 3.423832815149313683e+04 3.984236816162083414e+04 4.701615024844452273e+04 5.628197549298957892e+04 7.202465619743774005e+04 9.592150028869841481e+04 9.862854980949267338e+04
1.199610755092413165e+06 -1.959230163750181440e+06 2.524022733784558659e+05 5.736244774740612047e+04 5.571612509195834864e+05 9.606343982391994214e+05 1.426039493858363014e+06 -6.271556212573585753e+00 -2.303516374868355854e+01 -1.998190980957319596e+01 2.537865568344577696e+04 3.642558848226349801e+04 3.052968684128107998e+04 2.818873428938533834e+04 3.103973206731824757e+04 3.408335624122698937e+04 3.741322441928331682e+04 4.242162074961150211e+04 4.756589983524329728e+04 3.353647885988604685e+04
4.340301989047906362e+06 -6.685453189340251498e+06 2.421951366963796783e+06 5.732493401554537704e+05 1.639968437574022682e+06 1.426039493858401431e+06 1.266474481092884578e+07 2.056536501835748822e+03 3.381400585843206045e+03 5.975899993053146773e+02 2.057398181970897713e+05 2.586295123494369909e+05 2.891459709490470123e+05 3.274147031628116965e+05 3.737976324978258344e+05 4.324355071154437028e+05 5.077051022719149478e+05 6.397771040783111239e+05 8.364724336105142720e+05 8.894129983188866172e+05
2.097953390974376453e+04 -8.723095206623755757e+02 2.654401248941353970e+03 7.585062178933371797e+02 1.902031904485345990e+02 -6.271556213234518395e+00 2.056536501837788819e+03 3.258504659949383040e+03 5.203685212572459022e+03 5.042909553640255922e+02 -1.705538787277943698e+02 -3.737619436732941836e+00 4.153181380883712848e+01 -3.852010148536635370e+00 2.588085372167323328e+01 6.240171837392605170e+01 7.109094185390871701e+01 1.196207854389610077e+02 -1.600931243158983648e+02 -2.408971974143959471e+02
3.359993158532225789e+04 -1.423651133963496477e+03 4.216461112657892954e+03 1.209143650379386372e+03 3.120795749489743116e+02 -2.303516374951053436e+01 3.381400585845502064e+03 5.203685212572453565e+03 8.488100703130558031e+03 1.277843859696021582e+03 -9.195312188667472242e+01 -2.366172837755358316e+01 4.429605196430262026e+01 1.145948728534099814e+01 4.829377462879159566e+01 8.634792264333484013e+01 1.064908376773444445e+02 1.960862973222155574e+02 -2.662902135323535617e+02 -4.147556818248222044e+02
3.564452726594710839e+03 -2.353401988518349981e+02 3.367135712619005403e+02 1.078717996726529265e+02 5.778296615503287370e+01 -1.998190980944842465e+01 5.975899993035970965e+02 5.042909553640161562e+02 1.277843859696006803e+03 1.350797945419305279e+03 4.619851211484992177e+02 -6.181477686335755095e+01 -2.490236218344546160e+01 3.267904797327234689e+01 5.319865175386496503e+00 -3.462296654188473610e+01 -2.615662812781356195e+01 3.038882448556119797e+01 -2.198998023104237376e+01 -1.245122989688745463e+02
-3.200432588799503865e+05 -8.285712090717317187e+04 9.831095563501372817e+04 1.689838469151540994e+04 2.120762672282829590e+04 2.537865568341492326e+04 2.057398181970833975e+05 -1.705538787267728082e+02 -9.195312188464401970e+01 4.619851211496030032e+02 1.224815004021257337e+05 7.844769249216496246e+04 6.592339777638136184e+03 6.357640081834085322e+03 6.352727012364703114e+03 4.950959855913914907e+03 4.671630859180144398e+03 4.777630834682684508e+03 4.827409086019682945e+03 3.579413316892573675e+03
-6.801519128269461216e+05 -1.150375543917569739e+05 2.127782336204148305e+05 3.915565704789461597e+04 2.957621126666938653e+04 3.642558848225038673e+04 2.586295123494380387e+05 -3.737619436369371329e+00 -2.366172837677940066e+01 -6.181477686284424067e+01 7.844769249216144090e+04 2.698240771815170301e+05 5.428833765301347739e+04 3.543838942573717304e+03 7.811833297023829800e+03 7.040121222933302306e+03 6.339094414384803713e+03 6.472051476417107551e+03 6.469836882330671870e+03 4.736191883495620459e+03
-2.949611079243599088e+05 -1.285905367415793880e+05 1.503581151695259614e+05 3.139135292081654552e+04 3.117496844051533117e+04 3.052968684127170127e+04 2.891459709490525420e+05 4.153181380862139349e+01 4.429605196392762423e+01 -2.490236218356426434e+01 6.592339777636694635e+03 5.428833765301493986e+04 1.385643764344257070e+05 4.724860912839554658e+04 1.025435331169707752e+04 9.863205664541768783e+03 8.968307737996801734e+03 8.185110478434620745e+03 7.773131496759864604e+03 5.542619016949041907e+03
-1.164967854208689823e+05 -1.458926022727088130e+05 1.210385265575601370e+05 2.711648451771666078e+04 3.423832815149583621e+04 2.818873428939063888e+04 3.274147031627979013e+05 -3.852010149413317208e+00 1.145948728387818960e+01 3.267904797296361608e+01 6.357640081836389982e+03 3.543838942574746852e+03 4.724860912839440425e+04 9.221509100655824295e+04 3.832099813678446662e+04 1.309766869821448381e+04 1.120839851691223703e+04 1.052352393484707136e+04 9.673474094776469428e+03 6.763276192310065198e+03
-1.894694462583501445e+04 -1.679759532783655741e+05 1.097772296433300071e+05 2.538867449045495960e+04 3.984236816161818570e+04 3.103973206731793471e+04 3.737976324978102930e+05 2.588085372104102078e+01 4.829377462774723995e+01 5.319865175219618436e+00 6.352727012372285571e+03 7.811833297024305466e+03 1.025435331169915480e+04 3.832099813678754435e+04 7.250669210004612978e+04 3.326135606141171593e+04 1.541504096492101598e+04 1.356447174397692834e+04 1.243861106809476951e+04 8.456293461408735311e+03
5.687898565810047148e+04 -1.989888354240502813e+05 1.071606587696996867e+05 2.538557493331655860e+04 4.701615024844397703e+04 3.408335624122791342e+04 4.324355071154546458e+05 6.240171837374035135e+01 8.634792264308036636e+01 -3.462296654182881639e+01 4.950959855920548762e+03 7.040121222934505568e+03 9.863205664543687817e+03 1.309766869821849104e+04 3.326135606141620519e+04 6.695318990611247136e+04 3.201117504591840043e+04 1.952393798068507749e+04 1.667288900015224863e+04 1.104346863655499510e+04
1.176888669430903974e+05 -2.393358139567488688e+05 1.131614321450634307e+05 2.721935434477817034e+04 5.628197549298966624e+04 3.741322441928600165e+04 5.077051022719084867e+05 7.109094185394936005e+01 1.064908376774752838e+02 -2.615662812767045509e+01 4.671630859183781467e+03 6.339094414386373501e+03 8.968307737997265576e+03 1.120839851691209151e+04 1.541504096491989003e+04 3.201117504591674879e+04 7.134123994794095051e+04 3.646362393359793350e+04 2.439362229041366663e+04 1.514414042927732407e+04
1.861351573636905814e+05 -3.054777533887234749e+05 1.341940188744176703e+05 3.275125305601201399e+04 7.202465619743941352e+04 4.242162074961389590e+04 6.397771040783156641e+05 1.196207854388836296e+02 1.960862973220752394e+02 3.038882448550804938e+01 4.777630834684421643e+03 6.472051476418120728e+03 8.185110478433822209e+03 1.052352393484707318e+04 1.356447174397782510e+04 1.952393798068568867e+04 3.646362393359848647e+04 9.206651380628158222e+04 4.979235617125004501e+04 2.457002224668092822e+04
2.715878240290604299e+05 -4.114679074852457270e+05 1.715142102793677768e+05 4.305870624149558716e+04 9.592150028870008828e+04 4.756589983524486161e+04 8.364724336105124094e+05 -1.600931243158629798e+02 -2.662902135322992763e+02 -2.198998023104502764e+01 4.827409086019888491e+03 6.469836882330616390e+03 7.773131496760131085e+03 9.673474094776222046e+03 1.243861106809451849e+04 1.667288900015199761e+04 2.439362229041347382e+04 4.979235617124994315e+04 1.427837025508547376e+05 5.962009240219804633e+04
3.015188398501702468e+05 -4.248671676816169638e+05 1.838741436036229716e+05 4.806776476401740365e+04 9.862854980949241144e+04 3.353647885988559574e+04 8.894129983188865008e+05 -2.408971974143789225e+02 -4.147556818247906563e+02 -1.245122989688665029e+02 3.579413316892944295e+03 4.736191883495743241e+03 5.542619016948929129e+03 6.763276192309756880e+03 8.456293461408697112e+03 1.104346863655510788e+04 1.514414042927741320e+04 2.457002224668087729e+04 5.962009240219800267e+04 2.089234327420437767e+05
