6.882847483103111386e+06 -4.026471468149114400e+06 -1.421212269351382274e+05 8.645885536500494709e+03 1.020192457908515818e+06 1.216201854262448847e+06 4.536061721149712801e+06 2.098088560526250149e+04 3.360133153490665427e+04 3.562870035469025424e+03 -3.185427151071601547e+05 -6.756688359507796122e+05 -2.899529648148237029e+05 -1.106457470478518808e+05 -1.215486045019501034e+04 6.484922374268135172e+04 1.270725812236875208e+05 1.976029370011836290e+05 2.851493825866809930e+05 3.111287730097858584e+05
-4.026471468148619868e+06 7.135296486742796376e+06 -1.308810548628596123e+06 -3.111084874423868605e+05 -1.729282691173627973e+06 -1.984952751848283224e+06 -6.988013621609917842e+06 -8.746810679462341795e+02 -1.425599562125098601e+03 -2.309304568388305370e+02 -8.901357671497658885e+04 -1.228255991988016467e+05 -1.370700570434751571e+05 -1.555744703089699033e+05 -1.789131197192731197e+05 -2.116144976066450472e+05 -2.540221549455666682e+05 -3.229511037071290775e+05 -4.316902608658898971e+05 -4.382295409242678434e+05
-1.421212269351837167e+05 -1.308810548628510209e+06 7.501040866516598035e+05 1.708826887393877842e+05 3.187558336358634988e+05 2.627236131452095578e+05 2.546985311080646701e+06 2.656772872984480273e+03 4.219672177624933283e+03 3.355044961014762066e+02 1.010292783962962712e+05 2.159761612324921880e+05 1.539119509888566681e+05 1.250848583397840412e+05 1.143866597927513649e+05 1.124566714495612832e+05 1.192432184862056747e+05 1.414266175577642280e+05 1.797632851771519636e+05 1.895640884394268796e+05
8.645885536490948652e+03 -3.111084874423709116e+05 1.708826887393878424e+05 3.975429810465925402e+04 7.551195725494250655e+04 5.962754548577007517e+04 6.021169214073960902e+05 7.591207347836899544e+02 1.210006925521526227e+03 1.076465910106623909e+02 1.739884714760173665e+04 3.978820054311963031e+04 3.212146883291665290e+04 2.797803871924729174e+04 2.639696080572549545e+04 2.657756460868524664e+04 2.862720748316328172e+04 3.447348668864420324e+04 4.511258735489669198e+04 4.957455979314620345e+04
1.020192457908412442e+06 -1.729282691173637286e+06 3.187558336358840461e+05 7.551195725494637736e+04 4.428229331597129931e+05 5.634985864690864692e+05 1.712618252550643869e+06 1.906297914969266571e+02 3.122982717506193353e+02 5.664370629360621479e+01 2.285127876640234899e+04 3.157785315058132255e+04 3.328227556499699858e+04 3.658567917480482720e+04 4.248960297039185389e+04 5.003901812752812111e+04 5.975299652683925524e+04 7.616300462617931771e+04 1.006311665941584652e+05 1.017336156478350167e+05
1.216201854262313107e+06 -1.984952751848323504e+06 2.627236131452404079e+05 5.962754548577570677e+04 5.634985864690940361e+05 9.668089629479728173e+05 1.482418014261962846e+06 -7.005008579047249384e+00 -2.470808192340993514e+01 -2.141512414762030403e+01 2.769831124739670850e+04 3.895402877289227763e+04 3.288360692671241850e+04 3.056285778278149155e+04 3.346616513857185782e+04 3.655848407304297143e+04 3.993611034419116186e+04 4.502355454140152142e+04 4.996129677431531309e+04 3.453296580266012461e+04
4.536061721149695106e+06 -6.988013621609880589e+06 2.546985311080634594e+06 6.021169214073946932e+05 1.712618252550626639e+06 1.482418014261927688e+06 1.331785422543966398e+07 2.066412190038531662e+03 3.394029381561802438e+03 5.908027666374042610e+02 2.201833526827596652e+05 2.769162677144441404e+05 3.089928750620976789e+05 3.495358339684536913e+05 3.984668839831285295e+05 4.602675949109551730e+05 5.390473542290203040e+05 6.763535708597205812e+05 8.772845326247254852e+05 9.167422689151936211e+05
2.098088560526133733e+04 -8.746810679505759936e+02 2.656772872984782680e+03 7.591207347837712405e+02 1.906297914978227652e+02 -7.005008578035450739e+00 2.066412190036080574e+03 3.258563743945318947e+03 5.203787892675106377e+03 5.043217251363117271e+02 -1.701702931795051938e+02 -3.584178265854852441e+00 4.157382859924636875e+01 -3.824363147378804229e+00 2.588130294752023985e+01 6.236912129496086976e+01 7.097144236180817245e+01 1.192275853575162330e+02 -1.573135137033934257e+02 -2.389824222331308476e+02
3.360133153490453697e+04 -1.425599562134051439e+03 4.219672177625499899e+03 1.210006925521686526e+03 3.122982717524314467e+02 -2.470808192132609804e+01 3.394029381556649241e+03 5.203787892675107287e+03 8.488281408395441758e+03 1.277903452433646635e+03 -9.170289938363106330e+01 -2.357093959729139243e+01 4.433983388043390050e+01 1.145443435624665085e+01 4.822725479176697405e+01 8.622637799840769901e+01 1.061759456532115848e+02 1.952386809413794140e+02 -2.621682238737004127e+02 -4.116333467662718135e+02
3.562870035468108199e+03 -2.309304568444617303e+02 3.355044961017168248e+02 1.076465910107453396e+02 5.664370629467653373e+01 -2.141512414633583461e+01 5.908027666339332882e+02 5.043217251363133755e+02 1.277903452433648908e+03 1.350830799975813306e+03 4.609936954896186307e+02 -6.233115533304248856e+01 -2.493676634637563438e+01 3.256745557712611117e+01 5.167708180725341549e+00 -3.479421511893065144e+01 -2.649699559809414495e+01 2.969450244337359734e+01 -2.242809721216996621e+01 -1.239768351438556522e+02
-3.185427151071517146e+05 -8.901357671494816896e+04 1.010292783962959220e+05 1.739884714760154384e+04 2.285127876639421447e+04 2.769831124737765640e+04 2.201833526827859750e+05 -1.701702931784201951e+02 -9.170289938134582997e+01 4.609936954910637610e+02 1.256942001662467374e+05 7.964842401857623190e+04 7.268277135007660036e+03 6.882199071980161534e+03 6.781076713412820027e+03 5.320326718575228369e+03 4.993873159052848678e+03 5.063295303124817110e+03 5.053117192144497494e+03 3.660158122437346265e+03
-6.756688359507659916e+05 -1.228255991987967718e+05 2.159761612324919552e+05 3.978820054311998683e+04 3.157785315058189008e+04 3.895402877289605385e+04 2.769162677144622430e+05 -3.584178265714541567e+00 -2.357093959693553842e+01 -6.233115533270103015e+01 7.964842401856801007e+04 2.722405104848730844e+05 5.544847828744493017e+04 4.330032057615821032e+03 8.425934084520695251e+03 7.554764627027915594e+03 6.783387156275906818e+03 6.860965680636338220e+03 6.772836156175668293e+03 4.842307110897579150e+03
-2.899529648148249253e+05 -1.370700570434420661e+05 1.539119509888490429e+05 3.212146883291554695e+04 3.328227556498823105e+04 3.288360692669209675e+04 3.089928750620799838e+05 4.157382859922756779e+01 4.433983388043934326e+01 -2.493676634630043054e+01 7.268277134999855662e+03 5.544847828744191793e+04 1.409055840330545325e+05 4.845355160766701738e+04 1.107931703859820118e+04 1.051269511722059178e+04 9.509632056296411974e+03 8.649621104129853848e+03 8.127982055826965734e+03 5.661896489288827979e+03
-1.106457470478920732e+05 -1.555744703088854440e+05 1.250848583397840848e+05 2.797803871924734995e+04 3.658567917478489107e+04 3.056285778275447956e+04 3.495358339684542734e+05 -3.824363147661188123e+00 1.145443435566224366e+01 3.256745557673869484e+01 6.882199071976886444e+03 4.330032057613344477e+03 4.845355160766904010e+04 9.473995659986844112e+04 3.960509400939262559e+04 1.401066953496655333e+04 1.191077174959457989e+04 1.111309286519771376e+04 1.011373733635368080e+04 6.905748117805665061e+03
-1.215486045020163874e+04 -1.789131197192693653e+05 1.143866597927512048e+05 2.639696080572523715e+04 4.248960297039093712e+04 3.346616513857259997e+04 3.984668839831293444e+05 2.588130294716863489e+01 4.822725479102187762e+01 5.167708180254379613e+00 6.781076713413936886e+03 8.425934084518097734e+03 1.107931703859887966e+04 3.960509400938908948e+04 7.534761866805457976e+04 3.474015132300046389e+04 1.642858021437819116e+04 1.434049959519429649e+04 1.300245368314281041e+04 8.630150274254148826e+03
6.484922374265502731e+04 -2.116144976066167001e+05 1.124566714495650958e+05 2.657756460868584691e+04 5.003901812752235855e+04 3.655848407303547719e+04 4.602675949109734502e+05 6.236912129487468093e+01 8.622637799821897886e+01 -3.479421511903716890e+01 5.320326718581789464e+03 7.554764627029554504e+03 1.051269511722098468e+04 1.401066953496588940e+04 3.474015132300328696e+04 7.032734152134871692e+04 3.372713063580610469e+04 2.067843970424727377e+04 1.743845250004228728e+04 1.126761448387700148e+04
1.270725812236669008e+05 -2.540221549455744389e+05 1.192432184862058639e+05 2.862720748316330355e+04 5.975299652683927707e+04 3.993611034419173666e+04 5.390473542290035402e+05 7.097144236169057763e+01 1.061759456529725014e+02 -2.649699559821043238e+01 4.993873159056809527e+03 6.783387156274891822e+03 9.509632056297024974e+03 1.191077174959500917e+04 1.642858021437857678e+04 3.372713063580464950e+04 7.550321984346790123e+04 3.856116838247772102e+04 2.555449822561742985e+04 1.545014385007398232e+04
1.976029370011775754e+05 -3.229511037071374012e+05 1.414266175577648391e+05 3.447348668864429055e+04 7.616300462618021993e+04 4.502355454140292568e+04 6.763535708597096382e+05 1.192275853574716393e+02 1.952386809413030164e+02 2.969450244335297384e+01 5.063295303125008104e+03 6.860965680635575154e+03 8.649621104129708328e+03 1.111309286519735542e+04 1.434049959519412550e+04 2.067843970424808140e+04 3.856116838247876149e+04 9.771249411814352788e+04 5.236340424119574891e+04 2.506574897315998896e+04
2.851493825866832049e+05 -4.316902608658919926e+05 1.797632851771523710e+05 4.511258735489669925e+04 1.006311665941589599e+05 4.996129677431606979e+04 8.772845326247251360e+05 -1.573135137034181525e+02 -2.621682238737398620e+02 -2.242809721217114216e+01 5.053117192143357897e+03 6.772836156175483666e+03 8.127982055826731084e+03 1.011373733635344979e+04 1.300245368314311236e+04 1.743845250004267291e+04 2.555449822561780093e+04 5.236340424119577801e+04 1.507609286605941597e+05 6.133615027807243314e+04
3.111287730097868480e+05 -4.382295409242658061e+05 1.895640884394268796e+05 4.957455979314615251e+04 1.017336156478345220e+05 3.453296580265933153e+04 9.167422689151960658e+05 -2.389824222331469059e+02 -4.116333467662997805e+02 -1.239768351438641218e+02 3.660158122438134342e+03 4.842307110897743769e+03 5.661896489288954399e+03 6.905748117805546826e+03 8.630150274253906900e+03 1.126761448387697965e+04 1.545014385007395686e+04 2.506574897315998533e+04 6.133615027807238948e+04 2.161740011237514263e+05
