6.489459278142507188e+06 -3.496020376692638732e+06 -3.523603999572915491e+05 -4.142928097064289614e+04 8.930630509014489362e+05 1.122608940199293196e+06 3.413246614151424263e+06 2.097330772158885884e+04 3.359471336798628181e+04 3.574343155254552130e+03 -3.263417881464952952e+05 -6.993602580357606057e+05 -3.167712913673561416e+05 -1.422228277449111047e+05 -4.916646664921988850e+04 2.095393687021692676e+04 7.482615172917839664e+04 1.325271441024205415e+05 2.051654617927947547e+05 2.477806815817082243e+05
-3.496020376692626625e+06 6.325008357641165145e+06 -9.762859731674339855e+05 -2.332819792606288393e+05 -1.535347940596872242e+06 -1.841629394126195693e+06 -5.262526670105142519e+06 -8.619572927259280277e+02 -1.417104646506994186e+03 -2.593257373101616849e+02 -5.600496626864418067e+04 -8.098416153704724275e+04 -9.128508354778333160e+04 -1.030789491791672772e+05 -1.192140490831172647e+05 -1.421316605907094199e+05 -1.723739334118447150e+05 -2.239364374609211518e+05 -3.125997737828024547e+05 -3.498090351441319799e+05
-3.523603999573939946e+05 -9.762859731673750794e+05 6.111098553518666886e+05 1.383965013511648576e+05 2.394013236775973346e+05 2.055524189397162118e+05 1.834036118327476317e+06 2.641442618127817241e+03 4.198533567582049727e+03 3.422709098050914918e+02 8.635775177318893839e+04 1.986648154009041027e+05 1.346923687131064362e+05 1.031117842103384028e+05 8.921685070124568301e+04 8.332958032073621871e+04 8.544562462882934778e+04 1.004288080855008739e+05 1.311057154091426346e+05 1.519245379627822549e+05
-4.142928097066786722e+04 -2.332819792606218543e+05 1.383965013511662546e+05 3.207330233878108265e+04 5.701135667279443442e+04 4.698109374066197051e+04 4.363057225405838108e+05 7.551616459594509934e+02 1.204356998806291813e+03 1.088548455381246356e+02 1.467032139573088716e+04 3.633784303802430804e+04 2.814716767136870476e+04 2.327463981313528711e+04 2.086636316388952037e+04 1.999729041751041950e+04 2.078107662112592880e+04 2.469083046904392540e+04 3.299331926242954796e+04 3.965032703538603528e+04
8.930630509014721029e+05 -1.535347940596872941e+06 2.394013236776068225e+05 5.701135667279551126e+04 3.962833975029620924e+05 5.282498443702091463e+05 1.299092135503555182e+06 1.885288877459445018e+02 3.119530652359136411e+02 6.407534069334393223e+01 1.408737848300926089e+04 2.085773305056421668e+04 2.193350355425584348e+04 2.387851771472044857e+04 2.805775700958351081e+04 3.341332900221411546e+04 4.045908055326704198e+04 5.272042930325462657e+04 7.288134644230686536e+04 8.117436394368312904e+04
1.122608940199424513e+06 -1.841629394126222469e+06 2.055524189397092559e+05 4.698109374065979500e+04 5.282498443702149671e+05 9.331087210121456301e+05 1.170598216421728255e+06 -1.516170456649948761e+00 -1.244034076663885457e+01 -1.144345315502181393e+01 1.559838891835462164e+04 2.565942581251040247e+04 2.045327380241444916e+04 1.794680369689188592e+04 2.044600089962531638e+04 2.311522823500829327e+04 2.605366220235362562e+04 3.038772764539907439e+04 3.584371304614432302e+04 2.765213460382519770e+04
3.413246614151108079e+06 -5.262526670105085708e+06 1.834036118327473523e+06 4.363057225405829959e+05 1.299092135503536789e+06 1.170598216421718709e+06 9.608501425590397790e+06 2.003066671890314410e+03 3.312137783360430149e+03 6.313568783752336913e+02 1.430286415213076689e+05 1.790033300922643975e+05 2.023215638628334273e+05 2.299975855675623170e+05 2.642415543954930035e+05 3.075526603749273345e+05 3.651182034880674910e+05 4.691650536276998464e+05 6.364938501095466781e+05 7.355178588781987783e+05
2.097330772158850959e+04 -8.619572927245774281e+02 2.641442618128506183e+03 7.551616459595926472e+02 1.885288877457373928e+02 -1.516170457428671625e+00 2.003066671894046976e+03 3.258114206736707729e+03 5.203004965028342667e+03 5.040832828908154966e+02 -1.724811970888553390e+02 -4.810659756966664702e+00 4.124346309985676839e+01 -4.109736238325268687e+00 2.566274975912358514e+01 6.238270221928732440e+01 7.157946358786946917e+01 1.209456727906526083e+02 -1.732638282560389769e+02 -2.519074835827505865e+02
3.359471336798591801e+04 -1.417104646505503752e+03 4.198533567583170225e+03 1.204356998806524643e+03 3.119530652356774567e+02 -1.244034076778918596e+01 3.312137783366457370e+03 5.203004965028335391e+03 8.486901945981608151e+03 1.277444993808795061e+03 -9.331008737904127770e+01 -2.430114012185468297e+01 4.388714401457279735e+01 1.124770369935845338e+01 4.826929606869808254e+01 8.663121199122235794e+01 1.078474004318629937e+02 1.992706823615491203e+02 -2.856547846907608914e+02 -4.328911546106912169e+02
3.574343155254886369e+03 -2.593257373118065061e+02 3.422709098052175136e+02 1.088548455381546347e+02 6.407534069360633566e+01 -1.144345315482654257e+01 6.313568783757059464e+02 5.040832828908016836e+02 1.277444993808774598e+03 1.350585012702130598e+03 4.667135449196773607e+02 -5.832476658531842872e+01 -2.497748655695195907e+01 3.307105853821138908e+01 6.009152795948935477e+00 -3.389636649155826831e+01 -2.458737637861496950e+01 3.363633351383926140e+01 -1.952460785755974371e+01 -1.280178108060016200e+02
-3.263417881463459926e+05 -5.600496626860524702e+04 8.635775177314606844e+04 1.467032139572227788e+04 1.408737848300435871e+04 1.559838891835977847e+04 1.430286415212803695e+05 -1.724811970905751082e+02 -9.331008738207563624e+01 4.667135449186532128e+02 1.090421756550584396e+05 7.331610310937830945e+04 3.685697357152069344e+03 4.071870475759975761e+03 4.461496674944179176e+03 3.302053087985002549e+03 3.205859162552437738e+03 3.432022909561270353e+03 3.688233121573150584e+03 3.060030801809455170e+03
-6.993602580357405823e+05 -8.098416153704447788e+04 1.986648154008989222e+05 3.633784303802275826e+04 2.085773305056311074e+04 2.565942581250923104e+04 1.790033300922853523e+05 -4.810659756875409698e+00 -2.430114012172334270e+01 -5.832476658536310765e+01 7.331610310938688053e+04 2.595694361737419385e+05 4.940590497275970120e+04 1.752852213151376191e+02 5.127770194651839120e+03 4.759810081803648245e+03 4.327301048249800260e+03 4.641486894331977055e+03 4.938684282547305884e+03 4.048787511677501243e+03
-3.167712913673596922e+05 -9.128508354778481589e+04 1.346923687131032057e+05 2.814716767136761337e+04 2.193350355425687303e+04 2.045327380242091022e+04 2.023215638628428569e+05 4.124346310052887077e+01 4.388714401595400716e+01 -2.497748655616186397e+01 3.685697357156826911e+03 4.940590497275857342e+04 1.287157414513158146e+05 4.210337086032708612e+04 6.663321798119955929e+03 6.980627746744380602e+03 6.514720202528095797e+03 5.999572077757326042e+03 5.978768986667171703e+03 4.762692144502049814e+03
-1.422228277449688467e+05 -1.030789491791483160e+05 1.031117842103367730e+05 2.327463981313456316e+04 2.387851771471599204e+04 1.794680369689306826e+04 2.299975855675471539e+05 -4.109736238942687692e+00 1.124770369837717965e+01 3.307105853815002661e+01 4.071870475779398475e+03 1.752852213175141287e+02 4.210337086031883518e+04 8.153351404912603903e+04 3.281534456417518959e+04 9.070184965258535158e+03 8.023177722814924891e+03 7.754219434995136908e+03 7.443792425214938703e+03 5.821206713070951992e+03
-4.916646664936090383e+04 -1.192140490831176285e+05 8.921685070125880884e+04 2.086636316389192143e+04 2.805775700958578454e+04 2.044600089963691426e+04 2.642415543954646564e+05 2.566274975762867427e+01 4.826929606609309076e+01 6.009152795327892704e+00 4.461496674967253966e+03 5.127770194651916427e+03 6.663321798123191002e+03 3.281534456418069749e+04 6.039706932436296484e+04 2.686547333937465737e+04 1.084875720051091412e+04 9.916724513167982877e+03 9.582060613520190600e+03 7.292615990498621613e+03
2.095393687015413889e+04 -1.421316605907136982e+05 8.332958032074144285e+04 1.999729041751118712e+04 3.341332900221528689e+04 2.311522823501485982e+04 3.075526603749086498e+05 6.238270221887790967e+01 8.663121199051154520e+01 -3.389636649167681526e+01 3.302053087998676801e+03 4.759810081806568633e+03 6.980627746746137746e+03 9.070184965258591546e+03 2.686547333937221629e+04 5.242884272822020284e+04 2.449370847891817539e+04 1.412982019365360611e+04 1.279775787903168930e+04 9.531535945408830230e+03
7.482615172916508163e+04 -1.723739334118450934e+05 8.544562462883566332e+04 2.078107662112715479e+04 4.045908055326727481e+04 2.605366220235578658e+04 3.651182034880848369e+05 7.157946358813020993e+01 1.078474004322920763e+02 -2.458737637856776104e+01 3.205859162553712849e+03 4.327301048253272711e+03 6.514720202530397728e+03 8.023177722816422829e+03 1.084875720051364260e+04 2.449370847891978701e+04 5.317843890535504033e+04 2.700957245210128531e+04 1.858391063359309555e+04 1.307273120184342042e+04
1.325271441024003434e+05 -2.239364374609208899e+05 1.004288080855014850e+05 2.469083046904385264e+04 5.272042930325492489e+04 3.038772764540176286e+04 4.691650536276901257e+05 1.209456727907617335e+02 1.992706823617472480e+02 3.363633351390489423e+01 3.432022909563365829e+03 4.641486894332667362e+03 5.999572077759631611e+03 7.754219434996346536e+03 9.916724513166405814e+03 1.412982019365133965e+04 2.700957245209977555e+04 6.686113997396336345e+04 3.748977126700048393e+04 2.121412471492928307e+04
2.051654617927955987e+05 -3.125997737828029785e+05 1.311057154091432749e+05 3.299331926242970803e+04 7.288134644230680715e+04 3.584371304614398832e+04 6.364938501095491229e+05 -1.732638282559868514e+02 -2.856547846906693735e+02 -1.952460785752723993e+01 3.688233121573381595e+03 4.938684282547472321e+03 5.978768986666868841e+03 7.443792425214971445e+03 9.582060613520961851e+03 1.279775787903219680e+04 1.858391063359325199e+04 3.748977126700048393e+04 1.054777975501688343e+05 4.968763112074849778e+04
2.477806815817090101e+05 -3.498090351441315142e+05 1.519245379627819057e+05 3.965032703538596252e+04 8.117436394368304173e+04 2.765213460382503399e+04 7.355178588781983126e+05 -2.519074835827349261e+02 -4.328911546106672290e+02 -1.280178108060039222e+02 3.060030801808658907e+03 4.048787511677094699e+03 4.762692144502557312e+03 5.821206713070812839e+03 7.292615990498114115e+03 9.531535945408641055e+03 1.307273120184346226e+04 2.121412471492934856e+04 4.968763112074846140e+04 1.700226316313843708e+05
