1.875704352896279097e+07 -1.216569141290224530e+07 2.019775206144531723e+06 5.062924357541501522e+05 3.168167083607985638e+06 4.081290205418359023e+06 2.262489505993515998e+07 1.785018324910960291e+04 3.087989843942146035e+04 9.037714131803430064e+03 -7.751934379052306758e+05 3.743836931607305887e+05 6.034139610688876128e+05 6.669527329435767606e+05 6.870994983775117435e+05 7.055540000315479701e+05 7.209624454171529505e+05 7.185727990463238675e+05 6.771369264962130692e+05 4.136117162568824133e+05
-1.216569141290239245e+07 1.908769047895798832e+07 -5.948010073136389256e+06 -1.259474036140859127e+06 -4.800774273243647069e+06 -5.766378518499372527e+06 -3.432985946543599665e+07 1.526848799368933669e+02 -3.698107553819917257e+02 -1.590177778573292926e+03 -2.330414351223569829e+06 -1.985842955639709951e+06 -1.607145692311313702e+06 -1.449467394624562934e+06 -1.300498436217355775e+06 -1.225497758235469926e+06 -1.181486609817708842e+06 -1.102365603251270950e+06 -1.005281776811872376e+06 -5.629659341505963821e+05
2.019775206144541968e+06 -5.948010073136394843e+06 2.745143375618814956e+06 5.751563651857662480e+05 1.486182317625416908e+06 1.591834949820164125e+06 1.328075697603100166e+07 2.832706301465761499e+03 4.339815096472866571e+03 -6.339238511361995165e+01 1.088402462797763292e+06 9.560858023960947758e+05 7.744226465955282329e+05 6.720853671941055218e+05 6.007157316349789035e+05 5.476258576837179717e+05 5.051785179947330034e+05 4.633312220210261876e+05 4.074404523804874625e+05 2.446439233450415195e+05
5.062924357541510835e+05 -1.259474036140859593e+06 5.751563651857662480e+05 1.246014632324055128e+05 3.100801217270971974e+05 3.028892085209558136e+05 2.765639331150517799e+06 7.885932810389174392e+02 1.232212781809446597e+03 4.668801492655792629e+01 1.523957837619555357e+05 1.632622860033679754e+05 1.486387536072889052e+05 1.391691279442755622e+05 1.310079661365950597e+05 1.245625072772247950e+05 1.195976599304601841e+05 1.133818111638004484e+05 1.049367862345475733e+05 6.646484900248938357e+04
3.168167083608013112e+06 -4.800774273243649863e+06 1.486182317625416443e+06 3.100801217270972556e+05 1.243800728714592755e+06 1.605278274049338419e+06 8.760502211323404685e+06 -1.450364325262327725e+02 -2.800302507975163735e+01 5.119297549045837741e+02 7.220817299382545752e+05 5.422084035694967024e+05 4.053329839332614793e+05 3.452615591816001106e+05 3.106991173965851776e+05 2.900184830191479996e+05 2.745820633174641989e+05 2.586269145296557108e+05 2.314856638549507188e+05 1.297385907620158396e+05
4.081290205418381840e+06 -5.766378518499385566e+06 1.591834949820161797e+06 3.028892085209554643e+05 1.605278274049340514e+06 2.608206067433232907e+06 1.034461512640302256e+07 -7.389821325162839685e+02 -7.538830568439478839e+02 1.003043562724287654e+03 1.450091280238690786e+06 8.653074374303193763e+05 5.390114809036504012e+05 3.794819282644880004e+05 2.847591126472273609e+05 2.213994944166939531e+05 1.744869392809615238e+05 1.338883670431140636e+05 9.088004409558147017e+04 2.704615949057397302e+04
2.262489505993522331e+07 -3.432985946543593705e+07 1.328075697603099048e+07 2.765639331150516402e+06 8.760502211323391646e+06 1.034461512640302815e+07 7.657185510461744666e+07 4.897300076306160008e+02 1.811528838379499575e+03 2.763798205808825514e+03 5.679562270080693066e+06 5.009814234523731284e+06 4.011344973795672879e+06 3.428252962640716694e+06 3.019331090591658838e+06 2.723337265017104801e+06 2.483435906765351538e+06 2.253688803290450014e+06 1.956758668215271784e+06 1.156029113805528264e+06
1.785018324910912997e+04 1.526848799375177350e+02 2.832706301465664637e+03 7.885932810388929965e+02 -1.450364325263213630e+02 -7.389821325163032952e+02 4.897300076301014542e+02 3.263050119230401833e+03 5.208837282529074400e+03 4.994846628785295479e+02 8.152347081844141030e+01 -2.708082401985633325e+01 2.514382749252748184e+01 4.860761033609847459e+00 -5.373879176173943506e+00 3.517534630395000761e+01 4.158141819627414293e+01 5.429984543629163340e+01 -3.358872450872055282e+01 -2.033880861176359929e+02
3.087989843942092921e+04 -3.698107553814288622e+02 4.339815096472754703e+03 1.232212781809419539e+03 -2.800302507983082023e+01 -7.538830568439506123e+02 1.811528838378889759e+03 5.208837282529073491e+03 8.494386162185657668e+03 1.273562926287627533e+03 4.773249472654732983e+01 -2.820276497568869445e+01 2.438242653602064891e+01 4.133837321192935121e+00 -5.816588443009500509e-01 3.781680350471003749e+01 4.974384310998497938e+01 8.111846377275892905e+01 -7.078147431771080278e+01 -3.547037523476764704e+02
9.037714131804012140e+03 -1.590177778574442982e+03 -6.339238511353717342e+01 4.668801492658116103e+01 5.119297549047524285e+02 1.003043562724373260e+03 2.763798205809260253e+03 4.994846628785281837e+02 1.273562926287625487e+03 1.358941915970373429e+03 -2.254988305109225166e+02 1.981050228352815878e+01 -7.909956778929441157e+00 -1.255534268285335031e+01 5.700277487148298405e+00 -4.834033234036503757e+01 -5.328159080421418281e+01 -1.218332848475285601e+01 -2.379611921587333967e+01 -1.160574205583376113e+02
-7.751934379052066943e+05 -2.330414351223569363e+06 1.088402462797763059e+06 1.523957837619553902e+05 7.220817299382542260e+05 1.450091280238691717e+06 5.679562270080705173e+06 8.152347081837042708e+01 4.773249472646607217e+01 -2.254988305108574025e+02 3.398768944126335904e+06 3.560302991563584073e+05 7.262467965834108327e+03 2.574349299685645292e+03 4.574650322302486529e+02 1.448144839510788984e+02 6.942059174214958261e+01 2.912163311062403892e+01 3.004245096442351048e+00 4.459072102772723589e+00
3.743836931607387960e+05 -1.985842955639712280e+06 9.560858023960937280e+05 1.632622860033678007e+05 5.422084035694969352e+05 8.653074374303203076e+05 5.009814234523732215e+06 -2.708082401986563781e+01 -2.820276497568846352e+01 1.981050228355984189e+01 3.560302991563582327e+05 1.862417454130528029e+06 3.471101154539437848e+05 8.167748261085806007e+03 2.245356650633238132e+03 3.605305757349611895e+02 3.433897892888758463e+01 1.137858524048558273e+01 1.799977572543656867e+00 1.520919807463243290e+00
6.034139610689003021e+05 -1.607145692311314167e+06 7.744226465955275344e+05 1.486387536072888179e+05 4.053329839332614793e+05 5.390114809036502847e+05 4.011344973795681261e+06 2.514382749246627213e+01 2.438242653595830944e+01 -7.909956778863644900e+00 7.262467965834907773e+03 3.471101154539442505e+05 1.164649120919826441e+06 3.276097560304931831e+05 1.019616629849928177e+04 2.038390034767357747e+03 3.419588201623296868e+02 3.035472118193349900e+01 6.722204883099844430e+00 7.166844756350382317e-01
6.669527329435986467e+05 -1.449467394624563400e+06 6.720853671941055218e+05 1.391691279442756204e+05 3.452615591815996449e+05 3.794819282644880586e+05 3.428252962640733924e+06 4.860761033588552493e+00 4.133837321184174129e+00 -1.255534268280448629e+01 2.574349299684993639e+03 8.167748261086857383e+03 3.276097560304943472e+05 8.632387661227217177e+05 2.882678628476996091e+05 1.126062745477959834e+04 1.923470289017052437e+03 2.222958952255854683e+02 1.798524414856688125e+01 4.850894247266711368e+00
6.870994983775187284e+05 -1.300498436217361828e+06 6.007157316349804169e+05 1.310079661365954671e+05 3.106991173965860507e+05 2.847591126472295728e+05 3.019331090591668151e+06 -5.373879175993504731e+00 -5.816588440911552027e-01 5.700277486990994902e+00 4.574650322301906726e+02 2.245356650633530535e+03 1.019616629849961100e+04 2.882678628477005986e+05 7.036660787892049411e+05 2.539421728082309128e+05 1.062582765456471316e+04 1.505817692030125500e+03 1.328331085048509408e+02 1.044473357945682146e+01
7.055540000315378420e+05 -1.225497758235468995e+06 5.476258576837177388e+05 1.245625072772246931e+05 2.900184830191479996e+05 2.213994944166950590e+05 2.723337265017096885e+06 3.517534630411544327e+01 3.781680350490216824e+01 -4.834033234050717454e+01 1.448144839510720772e+02 3.605305757349759119e+02 2.038390034767463931e+03 1.126062745477953104e+04 2.539421728082304471e+05 6.131307528922704514e+05 2.236334585143051227e+05 8.515199885972921038e+03 9.288268507716167051e+02 6.361315815512503491e+01
7.209624454171461985e+05 -1.181486609817708610e+06 5.051785179947320721e+05 1.195976599304599513e+05 2.745820633174641407e+05 1.744869392809616984e+05 2.483435906765344553e+06 4.158141819635561376e+01 4.974384311008620330e+01 -5.328159080427123229e+01 6.942059174219268414e+01 3.433897892875791058e+01 3.419588201621805297e+02 1.923470289016834840e+03 1.062582765456442939e+04 2.236334585143048607e+05 5.618872022819789127e+05 1.909103994234305865e+05 5.765020012890940052e+03 4.113230703805493818e+02
7.185727990463224705e+05 -1.102365603251270717e+06 4.633312220210256055e+05 1.133818111638003611e+05 2.586269145296554780e+05 1.338883670431141218e+05 2.253688803290446755e+06 5.429984543625447202e+01 8.111846377269660024e+01 -1.218332848475996499e+01 2.912163311052167813e+01 1.137858524035378949e+01 3.035472118183586332e+01 2.222958952256417717e+02 1.505817692029992486e+03 8.515199885972826451e+03 1.909103994234302663e+05 5.455658780221831985e+05 1.431280905283224420e+05 2.546700616478681695e+03
6.771369264962129528e+05 -1.005281776811871910e+06 4.074404523804872879e+05 1.049367862345475296e+05 2.314856638549506897e+05 9.088004409558145562e+04 1.956758668215270853e+06 -3.358872450876243221e+01 -7.078147431777651377e+01 -2.379611921587423495e+01 3.004245096360468104e+00 1.799977572504520840e+00 6.722204883049270663e+00 1.798524414859920384e+01 1.328331085047969964e+02 9.288268507715806663e+02 5.765020012890890939e+03 1.431280905283224129e+05 5.476584580636466853e+05 7.137562572836343315e+04
4.136117162568824133e+05 -5.629659341505962657e+05 2.446439233450415195e+05 6.646484900248935446e+04 1.297385907620157959e+05 2.704615949057395846e+04 1.156029113805528264e+06 -2.033880861176383803e+02 -3.547037523476816432e+02 -1.160574205583415619e+02 4.459072102777103197e+00 1.520919807458430917e+00 7.166844756270249750e-01 4.850894247265955528e+00 1.044473357945735792e+01 6.361315815511919425e+01 4.113230703805591588e+02 2.546700616478675329e+03 7.137562572836340405e+04 3.730942746868447284e+05
