7.115632837416455150e+06 -4.346786668206636794e+06 -1.431914152528849809e+04 3.867606050901704293e+04 1.097104559092530748e+06 1.275235281077727210e+06 5.220097148319221102e+06 2.098521324164291582e+04 3.360621988889088243e+04 3.558703636726099376e+03 -3.130088757444277871e+05 -6.589088088222672231e+05 -2.713754659182932228e+05 -8.908773916402137547e+04 1.265124189652371570e+04 9.367852409454641747e+04 1.606537104230696568e+05 2.378695546010318212e+05 3.310295314083234407e+05 3.404104131556136417e+05
-4.346786668206432834e+06 7.629815697884422727e+06 -1.512179098250643583e+06 -3.580700123296208330e+05 -1.848027944239850855e+06 -2.077330889631236205e+06 -8.050682798666650429e+06 -8.827814111248758309e+02 -1.432663393701246832e+03 -2.167724788217459491e+02 -1.119260424103880941e+05 -1.517278589301305474e+05 -1.684008971168612188e+05 -1.911792654991971795e+05 -2.188496760017836350e+05 -2.573367733665438136e+05 -3.066534500938756973e+05 -3.843713865393848973e+05 -5.001811013652273105e+05 -4.787675672383243800e+05
-1.431914152529472267e+04 -1.512179098250633571e+06 8.349491159710268257e+05 1.904490795959951356e+05 3.674739704337753938e+05 2.999277054330326500e+05 2.986172872252981178e+06 2.664188327736174415e+03 4.229512674792657890e+03 3.311639577093592379e+02 1.111164791807517904e+05 2.277899651587013213e+05 1.670317033485326974e+05 1.399515826446071151e+05 1.312207904182082566e+05 1.316494722407165682e+05 1.410474905899259320e+05 1.668448179531804635e+05 2.076585613768069306e+05 2.068406018206026347e+05
3.867606050901691196e+04 -3.580700123296230449e+05 1.904490795959946990e+05 4.432293786350336450e+04 8.671185484712151811e+04 6.773173339530249359e+04 7.028219105513662798e+05 7.610477537792698968e+02 1.212671847279495978e+03 1.068219203209700083e+02 1.923717578894620237e+04 4.210711149198524072e+04 3.480007446166977752e+04 3.112777246919997560e+04 3.006421968793785345e+04 3.088314021347221205e+04 3.366264489878092718e+04 4.051673175416101003e+04 5.205886716911589610e+04 5.417204919067761512e+04
1.097104559092503740e+06 -1.848027944239856908e+06 3.674739704337759758e+05 8.671185484712054313e+04 4.714186831927037565e+05 5.863038052512777504e+05 1.968266827737331158e+06 1.921311541574656019e+02 3.132321542782303823e+02 5.302291528313072888e+01 2.899962990131991683e+04 3.902871963371416496e+04 4.108640937715423206e+04 4.522954748623230262e+04 5.216561985310348246e+04 6.099142602100291697e+04 7.219308220334454381e+04 9.071284536426121485e+04 1.165732519042281056e+05 1.111461914834219351e+05
1.275235281077702064e+06 -2.077330889631212223e+06 2.999277054330333485e+05 6.773173339530089288e+04 5.863038052512699505e+05 9.894598857704437105e+05 1.686144583964493824e+06 -9.138989156964797189e+00 -2.961586261606282022e+01 -2.573504052149621657e+01 3.654603235420477722e+04 4.852601632473818609e+04 4.175385184637546627e+04 3.944875617809058167e+04 4.245586161574273865e+04 4.562272795171437610e+04 4.905179069503863138e+04 5.421240355422301218e+04 5.804519735486328864e+04 3.740213903008759371e+04
5.220097148319175467e+06 -8.050682798666734248e+06 2.986172872253007721e+06 7.028219105513751274e+05 1.968266827737343730e+06 1.686144583964475896e+06 1.562080250474986620e+07 2.097209477067469834e+03 3.432817848007967314e+03 5.677713903664847521e+02 2.741317841097902274e+05 3.450237656941784080e+05 3.826385580315514817e+05 4.311418584380841348e+05 4.888258294460325851e+05 5.613246563830900704e+05 6.515381054924094351e+05 8.049486787569629960e+05 1.015225896604497917e+06 9.994920963819405297e+05
2.098521324164221005e+04 -8.827814111109979649e+02 2.664188327735957955e+03 7.610477537792270368e+02 1.921311541548243440e+02 -9.138989159568037479e+00 2.097209477071891797e+03 3.258730521558787132e+03 5.204077092971813727e+03 5.044069438315436287e+02 -1.688352879202115560e+02 -3.186815283483568351e+00 4.167334698093370093e+01 -3.792275919221438585e+00 2.576414496889946548e+01 6.213792076959051514e+01 7.049586628041596725e+01 1.175617415283362419e+02 -1.476927672276576118e+02 -2.331590050800764971e+02
3.360621988888872875e+04 -1.432663393674005874e+03 4.229512674792398684e+03 1.212671847279445274e+03 3.132321542730198303e+02 -2.961586262132162162e+01 3.432817848016546122e+03 5.204077092971813727e+03 8.488789706981762720e+03 1.278069605776646540e+03 -9.088311899170693664e+01 -2.334645289066902762e+01 4.439295679782273396e+01 1.131839908586402998e+01 4.780910327840877727e+01 8.560618261794034822e+01 1.049762538297496519e+02 1.918284259388600503e+02 -2.478214925289784674e+02 -4.021952308882306397e+02
3.558703636724136231e+03 -2.167724788088896162e+02 3.311639577094878177e+02 1.068219203210003769e+02 5.302291528064048975e+01 -2.573504052423858468e+01 5.677713903705375742e+02 5.044069438315433445e+02 1.278069605776645858e+03 1.350924724024963098e+03 4.574091365701513610e+02 -6.375260947626050267e+01 -2.515636397523257983e+01 3.211845120361806494e+01 4.624058762067889461e+00 -3.543830728633412264e+01 -2.771032808811919068e+01 2.725452379085193400e+01 -2.376067613488780950e+01 -1.224811665226258128e+02
-3.130088757444460061e+05 -1.119260424103782570e+05 1.111164791807549045e+05 1.923717578894646795e+04 2.899962990131699917e+04 3.654603235419646080e+04 2.741317841097926721e+05 -1.688352879202543022e+02 -9.088311899177720932e+01 4.574091365701593759e+02 1.380862481792363687e+05 8.421059637833538000e+04 9.815008336978744410e+03 8.835611885304340831e+03 8.357427566191809092e+03 6.664386574996105082e+03 6.146015835479844100e+03 6.054171421262786680e+03 5.791732802500497201e+03 3.871224332137619058e+03
-6.589088088223108789e+05 -1.517278589301400643e+05 2.277899651587062399e+05 4.210711149198619387e+04 3.902871963371490710e+04 4.852601632473425707e+04 3.450237656941780588e+05 -3.186815283306962954e+00 -2.334645289027060144e+01 -6.375260947599184647e+01 8.421059637833846500e+04 2.814749480900457129e+05 5.987821671049769793e+04 7.286201699671177266e+03 1.069816854879652965e+04 9.435545463508793546e+03 8.375657111351740241e+03 8.209877400754679911e+03 7.762732077655227840e+03 5.117069214135020957e+03
-2.713754659182741307e+05 -1.684008971168342396e+05 1.670317033485256252e+05 3.480007446166879527e+04 4.108640937714703614e+04 4.175385184636454505e+04 3.826385580315471743e+05 4.167334698130737536e+01 4.439295679849263365e+01 -2.515636397502322552e+01 9.815008336972174220e+03 5.987821671049474389e+04 1.498721814145790413e+05 5.301059157184989454e+04 1.414495502278922140e+04 1.288518681393164115e+04 1.145029359079921960e+04 1.026151369401796001e+04 9.286452376154555168e+03 5.967093153083589641e+03
-8.908773916400792950e+04 -1.911792654991768068e+05 1.399515826446061837e+05 3.112777246920016478e+04 4.522954748622897750e+04 3.944875617808985407e+04 4.311418584380853572e+05 -3.792275917985449496e+00 1.131839908804387562e+01 3.211845120433224565e+01 8.835611885300253562e+03 7.286201699671908500e+03 5.301059157184825017e+04 1.043544344122860930e+05 4.443948724369842239e+04 1.735912976990095558e+04 1.442793364668248978e+04 1.316157561417045690e+04 1.154829291378785638e+04 7.264833478639712666e+03
1.265124189651341294e+04 -2.188496760018037749e+05 1.312207904182047059e+05 3.006421968793726410e+04 5.216561985310864111e+04 4.245586161575229926e+04 4.888258294459822355e+05 2.576414496872216375e+01 4.780910327799041681e+01 4.624058761771493664e+00 8.357427566196512998e+03 1.069816854879344100e+04 1.414495502279000539e+04 4.443948724369516276e+04 8.609125390839076135e+04 4.026398903764670104e+04 2.007612863869535431e+04 1.703663631334891033e+04 1.483934931158756081e+04 9.061425968608582480e+03
9.367852409452371649e+04 -2.573367733665386913e+05 1.316494722407204972e+05 3.088314021347319795e+04 6.099142602100310614e+04 4.562272795171526377e+04 5.613246563830835512e+05 6.213792076840827150e+01 8.560618261573702625e+01 -3.543830728727120771e+01 6.664386574997208299e+03 9.435545463506328815e+03 1.288518681393202496e+04 1.735912976990378229e+04 4.026398903765287105e+04 8.297755818714523048e+04 4.006584480893682485e+04 2.470440250252553597e+04 1.993430894039698251e+04 1.181791569525244267e+04
1.606537104230656405e+05 -3.066534500938747078e+05 1.410474905899259902e+05 3.366264489878099994e+04 7.219308220334586804e+04 4.905179069504089421e+04 6.515381054923976772e+05 7.049586628009600986e+01 1.049762538290990221e+02 -2.771032808849324169e+01 6.146015835481539398e+03 8.375657111352065840e+03 1.145029359080003996e+04 1.442793364668122013e+04 2.007612863869671492e+04 4.006584480893509317e+04 9.092560272737684136e+04 4.613068931064721255e+04 2.937400756352056851e+04 1.619760438767981395e+04
2.378695546010358958e+05 -3.843713865393879241e+05 1.668448179531804635e+05 4.051673175416133017e+04 9.071284536426269915e+04 5.421240355422526045e+04 8.049486787569562439e+05 1.175617415283579703e+02 1.918284259388623241e+02 2.725452379078514653e+01 6.054171421263076809e+03 8.209877400754354312e+03 1.026151369401776901e+04 1.316157561417001125e+04 1.703663631334938691e+04 2.470440250252459009e+04 4.613068931064744538e+04 1.182362395198738814e+05 6.120643579480829794e+04 2.627581970825475219e+04
3.310295314083223930e+05 -5.001811013652220136e+05 2.076585613768069015e+05 5.205886716911591793e+04 1.165732519042271597e+05 5.804519735486291756e+04 1.015225896604497335e+06 -1.476927672276437420e+02 -2.478214925289519215e+02 -2.376067613487505525e+01 5.791732802500393518e+03 7.762732077654907698e+03 9.286452376154102240e+03 1.154829291378777816e+04 1.483934931158776999e+04 1.993430894039689883e+04 2.937400756352058670e+04 6.120643579480825429e+04 1.787236735857492022e+05 6.639784580662377994e+04
3.404104131556140492e+05 -4.787675672383315396e+05 2.068406018206028093e+05 5.417204919067765877e+04 1.111461914834231284e+05 3.740213903008874331e+04 9.994920963819392491e+05 -2.331590050800684821e+02 -4.021952308882149509e+02 -1.224811665226130515e+02 3.871224332137770034e+03 5.117069214135253787e+03 5.967093153083807010e+03 7.264833478640235626e+03 9.061425968608447874e+03 1.181791569525194427e+04 1.619760438767964115e+04 2.627581970825473400e+04 6.639784580662377994e+04 2.391208302202804189e+05
