6.693314244288484566e+06 -3.768518051755553577e+06 -2.446887591343073000e+05 -1.567227501296363880e+04 9.583437288693294395e+05 1.170100693931323243e+06 3.988434781061437912e+06 2.097707036921163308e+04 3.359756918136723834e+04 3.567744108588870859e+03 -3.226129352581125568e+05 -6.878469435695051216e+05 -3.036137434429565328e+05 -1.266508185164570750e+05 -3.080077542967249610e+04 4.288266909383283928e+04 1.011025587456610956e+05 1.656313040538380737e+05 2.467787166732405894e+05 2.827645747615955770e+05
-3.768518051756307948e+06 6.739864851895006374e+06 -1.146391178445175057e+06 -2.732579139848251361e+05 -1.634546837072452065e+06 -1.913784920378654730e+06 -6.143421334791999310e+06 -8.681165888717168855e+02 -1.420473161337533838e+03 -2.437702879376601572e+02 -7.222458039291255409e+04 -1.015679098316580930e+05 -1.138827874173307355e+05 -1.290548364126754168e+05 -1.488760136467720440e+05 -1.768301902337601932e+05 -2.134001599669521675e+05 -2.742610231878228369e+05 -3.745042048830261920e+05 -3.987288223274048651e+05
-2.446887591342875385e+05 -1.146391178445213707e+06 6.822728845725862775e+05 1.550960154863977223e+05 2.799482821051022620e+05 2.342221323649589904e+05 2.197971501284788363e+06 2.649834691766208380e+03 4.210209884669312487e+03 3.388521041163295990e+02 9.360175861646383419e+04 2.072261829426165204e+05 1.441891357749431918e+05 1.139960585373170616e+05 1.017268182766618556e+05 9.786970703337267332e+04 1.024238664627196413e+05 1.212705408914318396e+05 1.564216283377634827e+05 1.727473217501209292e+05
-1.567227501296117225e+04 -2.732579139848279301e+05 1.550960154863971693e+05 3.603654990415565408e+04 6.650489147394603060e+04 5.335389888998930110e+04 5.213138693389554974e+05 7.573251115148207191e+02 1.207469180379202726e+03 1.082622897410494147e+02 1.602601410655428845e+04 3.805233059434824827e+04 3.011900375805322983e+04 2.561223513257589730e+04 2.362300013289323397e+04 2.328986549036610086e+04 2.472967634859664395e+04 2.967037370938552704e+04 3.930043720706076419e+04 4.512897546038087603e+04
9.583437288694944000e+05 -1.634546837072440190e+06 2.799482821050913190e+05 6.650489147394469182e+04 4.200649381850544596e+05 5.459774080166711938e+05 1.509967069198347395e+06 1.894752252809720403e+02 3.118076488282376317e+02 5.997625820541219355e+01 1.837820533807697211e+04 2.612085060675843488e+04 2.752535847087514776e+04 3.015976510603640418e+04 3.522263680730732449e+04 4.171269928217860434e+04 5.015276314633196307e+04 6.463268059218223789e+04 8.731013685570904636e+04 9.255228935592871858e+04
1.170100693931510439e+06 -1.913784920378595823e+06 2.342221323649447586e+05 5.335389888998700189e+04 5.459774080166614149e+05 9.498637210479758214e+05 1.326848968553742161e+06 -4.756841506254012586e+00 -1.961280211580447741e+01 -1.712342993652424639e+01 2.143653388104022088e+04 3.210821987236962013e+04 2.649951308580063414e+04 2.410801166335783637e+04 2.684387603851377935e+04 2.977222278247000941e+04 3.298374364157405216e+04 3.779134854134859052e+04 4.318311991827788006e+04 3.153487104599875602e+04
3.988434781061367132e+06 -6.143421334791875444e+06 2.197971501284759026e+06 5.213138693389516557e+05 1.509967069198330399e+06 1.326848968553724233e+06 1.149756643677972257e+07 2.037562387752272116e+03 3.356961541849615514e+03 6.100573211464246697e+02 1.808509760246677033e+05 2.270692837858809798e+05 2.548153029825545091e+05 2.890207604594620061e+05 3.307996615652517066e+05 3.836733829490835778e+05 4.524131409321979736e+05 5.744444890517210588e+05 7.617877164589393651e+05 8.358906281303350115e+05
2.097707036921189138e+04 -8.681165888694810064e+02 2.649834691767076947e+03 7.573251115149964789e+02 1.894752252799838459e+02 -4.756841508248399464e+00 2.037562387758472141e+03 3.258381311285316769e+03 5.203470582471064517e+03 5.042260347227759212e+02 -1.712562773818658570e+02 -4.069101881052475278e+00 4.144029918466613083e+01 -3.924092455217248698e+00 2.584070925445465150e+01 6.242586206369829682e+01 7.129016303031491475e+01 1.202298652828831109e+02 -1.651009208872160627e+02 -2.446673212789378056e+02
3.359756918136635795e+04 -1.420473161332296286e+03 4.210209884670955944e+03 1.207469180379531736e+03 3.118076488262360044e+02 -1.961280211949960872e+01 3.356961541860302532e+03 5.203470582471065427e+03 8.487722715235573560e+03 1.277718622795004876e+03 -9.242891856650513205e+01 -2.385981773693587726e+01 4.418217729429541407e+01 1.142720306330892299e+01 4.835159499732486665e+01 8.650856331839744939e+01 1.070298865403442790e+02 1.974593226440791796e+02 -2.736874409337289080e+02 -4.209310320358744661e+02
3.567744108586075527e+03 -2.437702879330659584e+02 3.388521041170822627e+02 1.082622897411907132e+02 5.997625820413642117e+01 -1.712342993826453608e+01 6.100573211498403907e+02 5.042260347227758075e+02 1.277718622795005103e+03 1.350729938279787120e+03 4.637551481233483628e+02 -6.072363577018170133e+01 -2.487963045164542564e+01 3.285696779670178103e+01 5.588256020939567748e+00 -3.433062047172363407e+01 -2.555259143857853132e+01 3.163055062117830829e+01 -2.113321847936362730e+01 -1.256310019824803703e+02
-3.226129352581484709e+05 -7.222458039298621588e+04 9.360175861647173588e+04 1.602601410655559630e+04 1.837820533809038898e+04 2.143653388104811893e+04 1.808509760246678779e+05 -1.712562773811127670e+02 -9.242891856530329164e+01 4.637551481233821278e+02 1.170497435971258092e+05 7.639732202842427068e+04 5.433574661759241280e+03 5.452308830958990256e+03 5.608418455033351165e+03 4.305295686065528571e+03 4.102801729339087615e+03 4.264385086136175232e+03 4.407692888339976889e+03 3.409673305173831068e+03
-6.878469435694643762e+05 -1.015679098316142044e+05 2.072261829426149488e+05 3.805233059434805182e+04 2.612085060675120621e+04 3.210821987236861605e+04 2.270692837859104038e+05 -4.069101880844748109e+00 -2.385981773661655225e+01 -6.072363577020865932e+01 7.639732202842309198e+04 2.657120359189200099e+05 5.231848161336482008e+04 2.196864221782927416e+03 6.749334255891053544e+03 6.143427345411138958e+03 5.556325299976023416e+03 5.773446992029596004e+03 5.905976903215892889e+03 4.512231323200458064e+03
-3.036137434429043788e+05 -1.138827874173851451e+05 1.441891357749368472e+05 3.011900375805186923e+04 2.752535847088863738e+04 2.649951308581927151e+04 2.548153029825581179e+05 4.144029918420157799e+01 4.418217729357145629e+01 -2.487963045167225573e+01 5.433574661750682935e+03 5.231848161336951307e+04 1.345925858301599801e+05 4.518908763439951872e+04 8.830263761063943093e+03 8.730876497364264651e+03 8.014374744636139440e+03 7.350931674470418329e+03 7.112561870056076259e+03 5.289599171126481451e+03
-1.266508185164924507e+05 -1.290548364127187524e+05 1.139960585373240901e+05 2.561223513257728700e+04 3.015976510604614305e+04 2.410801166336996539e+04 2.890207604594615404e+05 -3.924092456575422716e+00 1.142720306096113347e+01 3.285696779609116902e+01 5.452308830959431361e+03 2.196864221781217566e+03 4.518908763440304756e+04 8.791852955180530262e+04 3.612109414163933252e+04 1.151039445281873850e+04 9.970320937070338914e+03 9.465626381283776936e+03 8.853190909078508412e+03 6.459164780115847861e+03
-3.080077542969501519e+04 -1.488760136467737902e+05 1.017268182766530081e+05 2.362300013289189883e+04 3.522263680730968917e+04 2.684387603851786844e+04 3.307996615652205073e+05 2.584070925375002048e+01 4.835159499603167887e+01 5.588256020389437140e+00 5.608418455030681798e+03 6.749334255888004918e+03 8.830263761069776592e+03 3.612109414163343899e+04 6.765334239685260400e+04 3.071648028230601631e+04 1.363383968771293439e+04 1.217159286284626432e+04 1.138791402716774246e+04 8.082703581283898529e+03
4.288266909383898019e+04 -1.768301902337974461e+05 9.786970703337540908e+04 2.328986549036723227e+04 4.171269928218843415e+04 2.977222278248013754e+04 3.836733829491016804e+05 6.242586206382688374e+01 8.650856331853987058e+01 -3.433062047192484556e+01 4.305295686063686844e+03 6.143427345409453665e+03 8.730876497368371929e+03 1.151039445281672670e+04 3.071648028231592252e+04 6.115996252859162632e+04 2.903888937398554845e+04 1.745743924560639061e+04 1.524685645810825918e+04 1.055976242369485044e+04
1.011025587456721987e+05 -2.134001599669601710e+05 1.024238664627189282e+05 2.472967634859673490e+04 5.015276314633192669e+04 3.298374364157040691e+04 4.524131409322155523e+05 7.129016303002558175e+01 1.070298865398242896e+02 -2.555259143878351580e+01 4.102801729339501435e+03 5.556325299977670511e+03 8.014374744636903415e+03 9.970320937068134299e+03 1.363383968771492800e+04 2.903888937398680355e+04 6.414584756896225008e+04 3.277867344858050637e+04 2.224331471936310118e+04 1.448241050103832094e+04
1.656313040538457863e+05 -2.742610231878261548e+05 1.212705408914282452e+05 2.967037370938503227e+04 6.463268059218401322e+04 3.779134854135266505e+04 5.744444890517130261e+05 1.202298652826166574e+02 1.974593226436145983e+02 3.163055062105835447e+01 4.264385086133733239e+03 5.773446992029348621e+03 7.350931674469912650e+03 9.465626381283962473e+03 1.217159286284474911e+04 1.745743924560386586e+04 3.277867344857921125e+04 8.219351857150826254e+04 4.514051188801944227e+04 2.349789352180778951e+04
2.467787166732337500e+05 -3.745042048830222921e+05 1.564216283377640939e+05 3.930043720706087333e+04 8.731013685570826055e+04 4.318311991827673046e+04 7.617877164589385502e+05 -1.651009208873160503e+02 -2.736874409338950613e+02 -2.113321847938464515e+01 4.407692888340314312e+03 5.905976903216098435e+03 7.112561870056444604e+03 8.853190909078752156e+03 1.138791402716796620e+04 1.524685645810818642e+04 2.224331471936297385e+04 4.514051188801930402e+04 1.285135165545525088e+05 5.621128663530889025e+04
2.827645747615958098e+05 -3.987288223274039337e+05 1.727473217501204344e+05 4.512897546038076689e+04 9.255228935592874768e+04 3.153487104599880695e+04 8.358906281303331489e+05 -2.446673212789554555e+02 -4.209310320359035131e+02 -1.256310019824870494e+02 3.409673305173902463e+03 4.512231323200187035e+03 5.289599171126472356e+03 6.459164780115248504e+03 8.082703581283673884e+03 1.055976242369493229e+04 1.448241050103830275e+04 2.349789352180771311e+04 5.621128663530884660e+04 1.950698667932955141e+05
