7.523115484162121080e+06 -4.910398908134685829e+06 2.108140184998355689e+05 9.091424409901493345e+04 1.232826941391809611e+06 1.384367665466468781e+06 6.434071421788100153e+06 2.099023917996648015e+04 3.361294130549656984e+04 3.556324395884423666e+03 -3.026147899227284361e+05 -6.250589587291245116e+05 -2.342998432527502882e+05 -4.666797053498534660e+04 6.056523310005381063e+04 1.482326935573409428e+05 2.226824645911865518e+05 3.091154621565201669e+05 4.058432395839537494e+05 3.781996376874055131e+05
-4.910398908134692349e+06 8.508717057951295748e+06 -1.874060382271785755e+06 -4.404891123140163836e+05 -2.059871013907654444e+06 -2.250882050504424609e+06 -9.956337600463164970e+06 -8.948991273103739559e+02 -1.443222580313859908e+03 -1.950729862213295576e+02 -1.582749535111277655e+05 -2.097498613978878420e+05 -2.307206141601882118e+05 -2.611768651077684481e+05 -2.960742154650788289e+05 -3.440977594324254896e+05 -4.041310283731342643e+05 -4.932155389389192569e+05 -6.120420034075616859e+05 -5.304232637370806187e+05
2.108140184997917968e+05 -1.874060382271743147e+06 9.858533259228012757e+05 2.247669820172559121e+05 4.545140613177743508e+05 3.701792092975760461e+05 3.773871328259563539e+06 2.674395654993618791e+03 4.242282570905740613e+03 3.230037672462736396e+02 1.314868173139715218e+05 2.513543480494732503e+05 1.931035960336904100e+05 1.691459998314840195e+05 1.638131827564061095e+05 1.681314014896737062e+05 1.814680055184297089e+05 2.118802388189258636e+05 2.530602622809497116e+05 2.289256860331230855e+05
9.091424409900714818e+04 -4.404891123140057316e+05 2.247669820172557666e+05 5.223257147842067934e+04 1.064353863119121088e+05 8.279766289017905365e+04 8.808421575733330101e+05 7.637188050306548348e+02 1.216212869661707373e+03 1.052469291184985991e+02 2.286834510128005059e+04 4.665687316002902662e+04 4.005438796611232829e+04 3.725076789922986063e+04 3.710709718330374744e+04 3.901640434566834301e+04 4.295887816431901592e+04 5.120003968429144879e+04 6.338188997606286284e+04 6.013212952582612343e+04
1.232826941391816828e+06 -2.059871013907668414e+06 4.545140613177852938e+05 1.064353863119147572e+05 5.226440637027474586e+05 6.293567288536711130e+05 2.428659400294991210e+06 1.944080999744974463e+02 3.147143323127703525e+02 4.757674069292782093e+01 4.156813805765798315e+04 5.408338456348566979e+04 5.668017064048990142e+04 6.226488730099795794e+04 7.091000468699804333e+04 8.179260434677946614e+04 9.523206776652875124e+04 1.165026445536115207e+05 1.425719304473408556e+05 1.231107003076930559e+05
1.384367665466479259e+06 -2.250882050504454412e+06 3.701792092975883861e+05 8.279766289018197858e+04 6.293567288536743727e+05 1.034040488009549910e+06 2.073442040784644196e+06 -1.204394869997349815e+01 -3.622526205702693858e+01 -3.158550137906639321e+01 5.533345387489860877e+04 6.852756230308828526e+04 6.008585807717372518e+04 5.751517956074594258e+04 6.031356845932797296e+04 6.317793901912166621e+04 6.615991914939439448e+04 7.056367642152226472e+04 7.103776669106793997e+04 4.047485146348459966e+04
6.434071421787828207e+06 -9.956337600463116542e+06 3.773871328259577043e+06 8.808421575733352220e+05 2.428659400294973049e+06 2.073442040784621378e+06 1.978594501142747700e+07 2.138437442584526252e+03 3.482071277260703027e+03 5.288772958675269820e+02 3.840827066744734766e+05 4.828311487526768469e+05 5.304051992854396813e+05 5.926120327792495955e+05 6.647088090262743644e+05 7.540770653533120640e+05 8.604353214585501701e+05 1.032830179830799811e+06 1.239312535065006698e+06 1.104407367472799961e+06
2.099023917996349701e+04 -8.948991273142582941e+02 2.674395654993088556e+03 7.637188050305993556e+02 1.944080999762693978e+02 -1.204394869630473153e+01 2.138437442574143006e+03 3.258928276253349395e+03 5.204417931965758726e+03 5.045026342635589458e+02 -1.663212790399431640e+02 -2.874306173651469010e+00 4.168408505595593283e+01 -3.952992437955686000e+00 2.512845393857040222e+01 6.125350037265188519e+01 6.937487960819797195e+01 1.135888599096194298e+02 -1.312438771129768611e+02 -2.253837384654629261e+02
3.361294130549105466e+04 -1.443222580321883243e+03 4.242282570904795648e+03 1.216212869661618470e+03 3.147143323162102320e+02 -3.622526205012195533e+01 3.482071277241193911e+03 5.204417931965756907e+03 8.489386546891322723e+03 1.278259720562778966e+03 -8.951225066603069536e+01 -2.323281137428152476e+01 4.415369644972500396e+01 1.067694974315473644e+01 4.640213223163205214e+01 8.372226874706652211e+01 1.023784882149637667e+02 1.842202201127272758e+02 -2.230433665055172696e+02 -3.897240671252289417e+02
3.556324395882322278e+03 -1.950729862258916683e+02 3.230037672459616829e+02 1.052469291184909821e+02 4.757674069458009569e+01 -3.158550137610880881e+01 5.288772958592353461e+02 5.045026342635558194e+02 1.278259720562773737e+03 1.351039592206064071e+03 4.502017514557875302e+02 -6.528902326696473324e+01 -2.582872140455123144e+01 3.114142444335575988e+01 3.635059341301968061e+00 -3.673266141095569282e+01 -2.995425490301982308e+01 2.289950286844645433e+01 -2.547083090195027211e+01 -1.207718124496628320e+02
-3.026147899227847811e+05 -1.582749535111710138e+05 1.314868173139664286e+05 2.286834510127858084e+04 4.156813805766990117e+04 5.533345387491710426e+04 3.840827066743989708e+05 -1.663212790396939909e+02 -8.951225066538449937e+01 4.502017514564533940e+02 1.652060311294133717e+05 9.388772711451095529e+04 1.509238816153645348e+04 1.277148768613109314e+04 1.144504287454792757e+04 9.220255510369403055e+03 8.242632783015940731e+03 7.730352108867828974e+03 6.875615252562151909e+03 4.013614066662886216e+03
-6.250589587291710777e+05 -2.097498613978799840e+05 2.513543480494772375e+05 4.665687316002952866e+04 5.408338456348341424e+04 6.852756230308640806e+04 4.828311487526794081e+05 -2.874306172752298494e+00 -2.323281137254714679e+01 -6.528902326610477758e+01 9.388772711451916257e+04 3.013282153515788959e+05 6.928563170754963357e+04 1.333949242615873663e+04 1.518704798224701699e+04 1.303838963811417852e+04 1.128253469772098833e+04 1.048860523843229930e+04 9.206941888896242745e+03 5.290916106986604973e+03
-2.342998432527420809e+05 -2.307206141601746203e+05 1.931035960336822900e+05 4.005438796611050202e+04 5.668017064048555039e+04 6.008585807717021089e+04 5.304051992854260607e+05 4.168408505808969267e+01 4.415369645378841312e+01 -2.582872140267522809e+01 1.509238816153847620e+04 6.928563170754461316e+04 1.691183260125922388e+05 6.251381895378633635e+04 2.026597395664314536e+04 1.743173655302480984e+04 1.500186915077325284e+04 1.298627339962186670e+04 1.097154903789453783e+04 6.144038118005123579e+03
-4.666797053505321674e+04 -2.611768651077672257e+05 1.691459998314898694e+05 3.725076789923085016e+04 6.226488730099574605e+04 5.751517956073886307e+04 5.926120327792279422e+05 -3.952992437391202429e+00 1.067694974424718168e+01 3.114142444385478825e+01 1.277148768613760330e+04 1.333949242615533149e+04 6.251381895379275375e+04 1.246942349127621856e+05 5.440271422451628314e+04 2.382145949075769749e+04 1.903582314446114106e+04 1.663298872349274097e+04 1.362068338020067131e+04 7.449036025739044817e+03
6.056523310002901417e+04 -2.960742154650669545e+05 1.638131827564090781e+05 3.710709718330478063e+04 7.091000468699460907e+04 6.031356845932350552e+04 6.647088090262663318e+05 2.512845393804778382e+01 4.640213223056788650e+01 3.635059340609402057e+00 1.144504287455181475e+04 1.518704798224528895e+04 2.026597395664405849e+04 5.440271422451589751e+04 1.084486287487182271e+05 5.143890341157293005e+04 2.679832390647841021e+04 2.161565140710016931e+04 1.749224882528424496e+04 9.253078058497132588e+03
1.482326935573538067e+05 -3.440977594324182137e+05 1.681314014896744920e+05 3.901640434566875774e+04 8.179260434677636658e+04 6.317793901911853027e+04 7.540770653533232398e+05 6.125350037292455596e+01 8.372226874742072766e+01 -3.673266141114303451e+01 9.220255510369912372e+03 1.303838963811449503e+04 1.743173655302502812e+04 2.382145949075661701e+04 5.143890341157221701e+04 1.087714556727208837e+05 5.256088258746269275e+04 3.157825619748079407e+04 2.355009422647846441e+04 1.203704462263256210e+04
2.226824645911995322e+05 -4.041310283731360687e+05 1.814680055184269731e+05 4.295887816431866668e+04 9.523206776653093402e+04 6.615991914939918206e+04 8.604353214585381793e+05 6.937487960823867184e+01 1.023784882150045803e+02 -2.995425490306781668e+01 8.242632783014789311e+03 1.128253469772164317e+04 1.500186915077259437e+04 1.903582314445890006e+04 2.679832390647569991e+04 5.256088258746170322e+04 1.215366254873172293e+05 6.029822997787406348e+04 3.502591160492519703e+04 1.648114061569301703e+04
3.091154621565300040e+05 -4.932155389389175689e+05 2.118802388189231278e+05 5.120003968429112865e+04 1.165026445536122919e+05 7.056367642152367625e+04 1.032830179830798064e+06 1.135888599096275016e+02 1.842202201127489900e+02 2.289950286847840744e+01 7.730352108867211427e+03 1.048860523843265219e+04 1.298627339962170299e+04 1.663298872349194062e+04 2.161565140709908155e+04 3.157825619748008467e+04 6.029822997787369968e+04 1.572323422975387075e+05 7.609247774843098887e+04 2.673059979971217035e+04
4.058432395839492092e+05 -6.120420034075645963e+05 2.530602622809503227e+05 6.338188997606305202e+04 1.425719304473416414e+05 7.103776669106850750e+04 1.239312535065006698e+06 -1.312438771129399129e+02 -2.230433665054672474e+02 -2.547083090196408861e+01 6.875615252562285605e+03 9.206941888896155433e+03 1.097154903789512173e+04 1.362068338020103329e+04 1.749224882528433227e+04 2.355009422647862084e+04 3.502591160492522613e+04 7.609247774843100342e+04 2.279193174103131751e+05 7.235050870230377768e+04
3.781996376874055131e+05 -5.304232637370770099e+05 2.289256860331236385e+05 6.013212952582616708e+04 1.231107003076919500e+05 4.047485146348275885e+04 1.104407367472805548e+06 -2.253837384654764833e+02 -3.897240671252557718e+02 -1.207718124496779950e+02 4.013614066663401900e+03 5.290916106987054263e+03 6.144038118006285004e+03 7.449036025739642355e+03 9.253078058496990707e+03 1.203704462263256573e+04 1.648114061569295882e+04 2.673059979971213761e+04 7.235050870230371947e+04 2.718834634177089902e+05
