4.266458109665942378e+06 -7.063498286560732871e+06 2.139139261093070265e+06 4.915907918017203338e+05 1.742829273013050668e+06 1.784318018100081710e+06 1.128501714922926389e+07 2.464698372499838006e+05 3.235705138963083737e+05 3.542385935736709507e+05 3.886315949231362320e+05 4.243404520470543066e+05 4.702841565025938326e+05 5.200264719423954957e+05 5.801144078804651508e+05 6.163118783705886453e+05 4.273528614108962938e+05
-7.063498286560736597e+06 1.221278945003406145e+07 -3.453158802120997105e+06 -7.848436573588686297e+05 -2.963798281547131017e+06 -3.101677427684199996e+06 -1.828514687617341802e+07 -4.672014815504633007e+05 -5.828222268777389545e+05 -6.176204321189982584e+05 -6.665105380880391458e+05 -7.080564732827829430e+05 -7.673764310531355441e+05 -8.304817166612363653e+05 -8.914679967569815926e+05 -9.223171879917236511e+05 -5.905963453525194200e+05
2.139139261093070265e+06 -3.453158802120999899e+06 1.396561432820936665e+06 3.172194334647955257e+05 8.418080002548974007e+05 7.452973330826160964e+05 7.300142841784376651e+06 1.825771412719517248e+05 2.366666275248638703e+05 2.605911308374431392e+05 2.814326823127340758e+05 3.036905367902634316e+05 3.264086069040768780e+05 3.474593169425692176e+05 3.715346049174504587e+05 3.762341848847735673e+05 2.558104317991017306e+05
4.915907918017203338e+05 -7.848436573588687461e+05 3.172194334647947107e+05 7.311744169228333340e+04 1.901867292512625863e+05 1.589987151447531360e+05 1.642430961476925993e+06 3.229478986565069135e+04 4.466429155349752546e+04 5.185577296888508135e+04 5.865910769858637650e+04 6.549588267318576254e+04 7.291070894807876903e+04 8.035152173631639744e+04 8.886199924304749584e+04 9.462626493272988591e+04 6.819024581417276931e+04
1.742829273013050435e+06 -2.963798281547128689e+06 8.418080002548975172e+05 1.901867292512625572e+05 7.438941503919122042e+05 8.423483717999503715e+05 4.471033765476154163e+06 1.294200807310610398e+05 1.534402849214444286e+05 1.553966651890131179e+05 1.620474249553861155e+05 1.716012950943013420e+05 1.835118829473788210e+05 1.956788412187795038e+05 2.106141547816573293e+05 2.140197657353293616e+05 1.367116564531829790e+05
1.784318018100081943e+06 -3.101677427684199996e+06 7.452973330826173769e+05 1.589987151447525539e+05 8.423483717999507207e+05 1.275744970352044096e+06 4.071342875150578562e+06 2.054435984558641503e+05 2.154699485424184822e+05 1.897315906325835676e+05 1.747807867873170762e+05 1.633127662050854124e+05 1.526088395909243263e+05 1.407568946121474437e+05 1.269792627995959629e+05 1.009444083029596659e+05 3.810170083025211352e+04
1.128501714922927134e+07 -1.828514687617343292e+07 7.300142841784381308e+06 1.642430961476930650e+06 4.471033765476154163e+06 4.071342875150575303e+06 3.857386162643666565e+07 1.125157311502650380e+06 1.384959385609237244e+06 1.473582976961358916e+06 1.545488501684216084e+06 1.622198238906465936e+06 1.705687597346242750e+06 1.775635916778793558e+06 1.859976939415669069e+06 1.842708237949163886e+06 1.221893025130911265e+06
2.464698372499840334e+05 -4.672014815504634753e+05 1.825771412719520740e+05 3.229478986565067680e+04 1.294200807310611417e+05 2.054435984558645869e+05 1.125157311502651311e+06 2.566507502050362818e+05 1.051955003264333063e+05 5.244739724170498084e+04 3.529845162970207457e+04 2.592066208333411487e+04 1.977672758198579686e+04 1.500997766974267142e+04 1.124878459834798741e+04 7.462163371040423954e+03 2.849360313925906212e+03
3.235705138963082572e+05 -5.828222268777401187e+05 2.366666275248643942e+05 4.466429155349757639e+04 1.534402849214443704e+05 2.154699485424186860e+05 1.384959385609239340e+06 1.051955003264331754e+05 2.318970223063748272e+05 1.020138890093917144e+05 5.685255656572021689e+04 3.886249680501838156e+04 2.860462495143529304e+04 2.106011809066358910e+04 1.538078645473181496e+04 9.947110514327760029e+03 3.689302470453228125e+03
3.542385935736719402e+05 -6.176204321190016344e+05 2.605911308374452929e+05 5.185577296888529963e+04 1.553966651890139328e+05 1.897315906325844408e+05 1.473582976961367298e+06 5.244739724170498084e+04 1.020138890093921364e+05 2.188363476812589506e+05 9.996400246504401730e+04 5.535956150581566908e+04 3.760227433351140644e+04 2.678438817730367373e+04 1.887518725292138697e+04 1.184383997994701713e+04 4.249247487604766320e+03
3.886315949231364648e+05 -6.665105380880417069e+05 2.814326823127344251e+05 5.865910769858669664e+04 1.620474249553870759e+05 1.747807867873177456e+05 1.545488501684213988e+06 3.529845162970207457e+04 5.685255656572038424e+04 9.996400246504422103e+04 2.192901963787398417e+05 1.007741588863014622e+05 5.313777985688741319e+04 3.515765155747468816e+04 2.387046855736937141e+04 1.435531444156815087e+04 4.950297845679266175e+03
4.243404520470543066e+05 -7.080564732827842236e+05 3.036905367902633152e+05 6.549588267318658473e+04 1.716012950943009637e+05 1.633127662050838699e+05 1.622198238906466402e+06 2.592066208333420946e+04 3.886249680501870898e+04 5.535956150581618567e+04 1.007741588863030483e+05 2.287328662615323556e+05 1.073421837625979388e+05 5.038502178987870866e+04 3.204487162235973665e+04 1.825014465239465062e+04 5.955742048834141315e+03
4.702841565025947639e+05 -7.673764310531355441e+05 3.264086069040748407e+05 7.291070894807901641e+04 1.835118829473787628e+05 1.526088395909248793e+05 1.705687597346233204e+06 1.977672758198584779e+04 2.860462495143544220e+04 3.760227433351143554e+04 5.313777985688683839e+04 1.073421837625948392e+05 2.490601793683527503e+05 1.132008349986653484e+05 4.707062137956397783e+04 2.503415595331649456e+04 7.552223321092959850e+03
5.200264719423968927e+05 -8.304817166612369474e+05 3.474593169425682863e+05 8.035152173631661572e+04 1.956788412187791837e+05 1.407568946121479385e+05 1.775635916778788902e+06 1.500997766974267506e+04 2.106011809066359274e+04 2.678438817730364099e+04 3.515765155747469544e+04 5.038502178987849038e+04 1.132008349986654503e+05 2.785945471048007603e+05 1.199369956663431658e+05 3.846568531351542333e+04 1.035479286702310856e+04
5.801144078804652672e+05 -8.914679967569807777e+05 3.715346049174508662e+05 8.886199924304769957e+04 2.106141547816572129e+05 1.269792627995963703e+05 1.859976939415668370e+06 1.124878459834799105e+04 1.538078645473182041e+04 1.887518725292139061e+04 2.387046855736942234e+04 3.204487162235989308e+04 4.707062137956418155e+04 1.199369956663434423e+05 3.318598752712733112e+05 1.202444337192967505e+05 1.700776512164362794e+04
6.163118783705885289e+05 -9.223171879917234182e+05 3.762341848847736837e+05 9.462626493272990047e+04 2.140197657353292743e+05 1.009444083029596077e+05 1.842708237949163653e+06 7.462163371040423044e+03 9.947110514327760029e+03 1.184383997994701531e+04 1.435531444156814905e+04 1.825014465239464698e+04 2.503415595331651275e+04 3.846568531351543061e+04 1.202444337192967214e+05 4.052300414148097625e+05 7.600795274225114554e+04
4.273528614108961192e+05 -5.905963453525191871e+05 2.558104317991016724e+05 6.819024581417275476e+04 1.367116564531829499e+05 3.810170083025211352e+04 1.221893025130911032e+06 2.849360313925904848e+03 3.689302470453227670e+03 4.249247487604765411e+03 4.950297845679266175e+03 5.955742048834138586e+03 7.552223321092964397e+03 1.035479286702311219e+04 1.700776512164361338e+04 7.600795274225108733e+04 3.432209297981041600e+05
