2.465840921941215638e+06 -4.131441554830841720e+06 9.160219873021349777e+05 2.194434103537828196e+05 1.031886498273806297e+06 1.155291046030233381e+06 4.818600325038105249e+06 5.886750145712481753e+04 8.371634046091225173e+04 9.402762527256517205e+04 1.082093432445944345e+05 1.261542541062920354e+05 1.512900443046090659e+05 1.831886949324829038e+05 2.374822613236730394e+05 3.189568302484683809e+05 3.306349183759590378e+05
-4.131441554830848705e+06 7.398692089802664705e+06 -1.447266946192730684e+06 -3.434664155926131643e+05 -1.790616645719153341e+06 -2.017908321324314922e+06 -7.602487136377882212e+06 -1.043771280195759464e+05 -1.442716676516800944e+05 -1.579720405040256737e+05 -1.796701744323821622e+05 -2.052429364363489440e+05 -2.420447990360463446e+05 -2.887271676644816180e+05 -3.634859349765484803e+05 -4.766483105487201829e+05 -4.650628876081779599e+05
9.160219873021328822e+05 -1.447266946192727657e+06 5.580143905466104625e+05 1.325097786193743232e+05 3.538625116059783031e+05 2.985957637238361640e+05 2.839606922067791224e+06 4.311732078285841999e+04 5.737494584888967802e+04 6.573873463894047018e+04 7.531149141585081816e+04 8.709147396099526668e+04 1.018855069837161864e+05 1.204709536500608519e+05 1.517939586648872355e+05 1.965383551791938371e+05 2.015338487044246285e+05
2.194434103537823830e+05 -3.434664155926123494e+05 1.325097786193746724e+05 3.178630917446198873e+04 8.360513035767176189e+04 6.731438787266210420e+04 6.700973157790062251e+05 8.423652728791392292e+03 1.171159437350629378e+04 1.386253333942820245e+04 1.639582420920794175e+04 1.939696486912483670e+04 2.328484724515883136e+04 2.822281043814616714e+04 3.649832125083969731e+04 4.911231922358095471e+04 5.274703313960189553e+04
1.031886498273809557e+06 -1.790616645719157998e+06 3.538625116059793509e+05 8.360513035767200927e+04 4.566517507654692745e+05 5.688693678322336636e+05 1.858711295523597859e+06 2.708085370477089964e+04 3.736227287616181275e+04 3.918793141224216379e+04 4.336215566191868129e+04 4.948700399831847608e+04 5.771179752840028959e+04 6.815290999396079860e+04 8.581716024749938515e+04 1.110791796647837327e+05 1.079415912302394572e+05
1.155291046030237339e+06 -2.017908321324320510e+06 2.985957637238363386e+05 6.731438787266229338e+04 5.688693678322335472e+05 9.585210576210535364e+05 1.582820228131806478e+06 3.411470626987413561e+04 4.736232672424991324e+04 4.218816402311181446e+04 4.137548365857072349e+04 4.265290898035814462e+04 4.467141512814522866e+04 4.703721543473863858e+04 5.142795195004900597e+04 5.517423385070803488e+04 3.630740888854779769e+04
4.818600325038088486e+06 -7.602487136377860792e+06 2.839606922067795880e+06 6.700973157790056430e+05 1.858711295523587614e+06 1.582820228131793905e+06 1.467775063099277765e+07 2.543149061665617046e+05 3.185871890170985134e+05 3.597883937433112878e+05 4.038635666288729990e+05 4.576764299205652787e+05 5.272704934011828154e+05 6.131951871630962705e+05 7.607797189639938297e+05 9.683611072928614449e+05 9.718122266600528965e+05
5.886750145712433005e+04 -1.043771280195747531e+05 4.311732078285850730e+04 8.423652728791370464e+03 2.708085370477025936e+04 3.411470626987340802e+04 2.543149061665622285e+05 3.975496869114579749e+04 1.854174300322734780e+04 1.100679127891686403e+04 8.597177238917367504e+03 7.316145224980624334e+03 6.552368874205450993e+03 6.023351775563874071e+03 5.851295431902790369e+03 5.570452640382757636e+03 3.796365731587291975e+03
8.371634046091150958e+04 -1.442716676516791922e+05 5.737494584889023827e+04 1.171159437350647022e+04 3.736227287616149988e+04 4.736232672425000055e+04 3.185871890170999104e+05 1.854174300322769705e+04 3.796093605133741221e+04 1.925847664853145398e+04 1.310760023939404346e+04 1.063295459074925566e+04 9.268306200731578429e+03 8.365554555673490540e+03 8.003883265846042377e+03 7.513384223870066307e+03 5.045695376751857111e+03
9.402762527256325120e+04 -1.579720405040233745e+05 6.573873463894196902e+04 1.386253333942864992e+04 3.918793141224141436e+04 4.218816402311190177e+04 3.597883937433199026e+05 1.100679127891687131e+04 1.925847664853100287e+04 3.807197135341486137e+04 2.017259508144858773e+04 1.447423387018097128e+04 1.194214115262561609e+04 1.049335482130416676e+04 9.860201805508280813e+03 9.099491173565780628e+03 6.009811486577242249e+03
1.082093432445913204e+05 -1.796701744323787862e+05 7.531149141585288453e+04 1.639582420920819277e+04 4.336215566191729886e+04 4.137548365856966120e+04 4.038635666288775392e+05 8.597177238917367504e+03 1.310760023939360508e+04 2.017259508144689244e+04 4.164615673472794879e+04 2.179372024252883784e+04 1.642493960710048850e+04 1.357260737312110905e+04 1.240568107015602618e+04 1.122817210902655643e+04 7.271120228106661671e+03
1.261542541062914825e+05 -2.052429364363459754e+05 8.709147396099733305e+04 1.939696486912489490e+04 4.948700399831712275e+04 4.265290898035586724e+04 4.576764299205729621e+05 7.316145224980600688e+03 1.063295459074909741e+04 1.447423387018097856e+04 2.179372024253067502e+04 4.750973492536728008e+04 2.559272611462290661e+04 1.905640219713460101e+04 1.626910171066125258e+04 1.432640463348337107e+04 9.046154497519775759e+03
1.512900443046081928e+05 -2.420447990360450058e+05 1.018855069837154297e+05 2.328484724515853304e+04 5.771179752839982393e+04 4.467141512814451562e+04 5.272704934011780424e+05 6.552368874205383690e+03 9.268306200731392892e+03 1.194214115262515224e+04 1.642493960710031752e+04 2.559272611462293571e+04 5.742940640985219943e+04 3.043044645434680933e+04 2.357012118006044693e+04 1.927076614500090727e+04 1.175408121500766538e+04
1.831886949324837478e+05 -2.887271676644847612e+05 1.204709536500607355e+05 2.822281043814595614e+04 6.815290999396142433e+04 4.703721543473870406e+04 6.131951871630916139e+05 6.023351775563830415e+03 8.365554555673408686e+03 1.049335482130394121e+04 1.357260737312067431e+04 1.905640219713464830e+04 3.043044645434686026e+04 7.283295463156771439e+04 3.976180362703235005e+04 2.832711572906264701e+04 1.606988441055139629e+04
2.374822613236730685e+05 -3.634859349765493535e+05 1.517939586648872646e+05 3.649832125083955907e+04 8.581716024749957433e+04 5.142795195004955895e+04 7.607797189639912685e+05 5.851295431902781274e+03 8.003883265846013273e+03 9.860201805508217149e+03 1.240568107015592977e+04 1.626910171066118892e+04 2.357012118006012315e+04 3.976180362703183346e+04 1.038440273019401211e+05 5.690805465618516610e+04 2.602090690410922980e+04
3.189568302484680898e+05 -4.766483105487197172e+05 1.965383551791936043e+05 4.911231922358094744e+04 1.110791796647835727e+05 5.517423385070791119e+04 9.683611072928610956e+05 5.570452640382760364e+03 7.513384223870064488e+03 9.099491173565780628e+03 1.122817210902655461e+04 1.432640463348339290e+04 1.927076614500094729e+04 2.832711572906261426e+04 5.690805465618496964e+04 1.659999231340918923e+05 6.470729407556153456e+04
3.306349183759588050e+05 -4.650628876081778435e+05 2.015338487044244248e+05 5.274703313960185915e+04 1.079415912302394572e+05 3.630740888854778314e+04 9.718122266600524308e+05 3.796365731587293340e+03 5.045695376751857111e+03 6.009811486577242249e+03 7.271120228106659852e+03 9.046154497519777578e+03 1.175408121500767629e+04 1.606988441055139992e+04 2.602090690410921889e+04 6.470729407556143997e+04 2.311533810698512825e+05
