3.510805298797752708e+06 -5.809311463525097817e+06 1.615244941763104871e+06 3.780048097853747895e+05 1.436046521377585828e+06 1.488248326228101971e+06 8.472554341962331906e+06 1.467719840407206502e+05 1.976358052215795615e+05 2.209393094483134046e+05 2.492896659371637797e+05 2.818132245603353949e+05 3.248750868854424916e+05 3.756003183639147319e+05 4.485182827125727199e+05 5.231131754122315906e+05 4.149051405350234127e+05
-5.809311463525084779e+06 1.011316179837846383e+07 -2.577429238742596470e+06 -5.972336204188452102e+05 -2.447186038605690468e+06 -2.581536463139983825e+06 -1.354629448559280671e+07 -2.701392254047392053e+05 -3.492003180709026637e+05 -3.795173838696671301e+05 -4.221603978641701979e+05 -4.659726757450554869e+05 -5.267600921259528259e+05 -5.978468803706311155e+05 -6.899539301885426976e+05 -7.842079731407779036e+05 -5.782766481563504785e+05
1.615244941763101611e+06 -2.577429238742591813e+06 1.030169331119070179e+06 2.385949060237062513e+05 6.268343355590592837e+05 5.310690594505727058e+05 5.320800511913904920e+06 1.076490912940735871e+05 1.413590077607802814e+05 1.594620429330343904e+05 1.778032951912006829e+05 1.987890201943906432e+05 2.230966757316937437e+05 2.498150122688265983e+05 2.876943233107507695e+05 3.213122542504090234e+05 2.501417528790374345e+05
3.780048097853742074e+05 -5.972336204188438132e+05 2.385949060237059311e+05 5.594818102835994796e+04 1.445354101088001335e+05 1.162883817760511156e+05 1.222626208805332892e+06 1.994807430368208225e+04 2.760845316137956252e+04 3.250962946317297610e+04 3.769449796179882105e+04 4.336965660843670776e+04 5.018758095138544013e+04 5.791798215072423045e+04 6.875840505274939642e+04 8.038532058045892336e+04 6.611548685725303949e+04
1.436046521377582802e+06 -2.447186038605691865e+06 6.268343355590614956e+05 1.445354101088005991e+05 6.160470526377478382e+05 7.094415897438446991e+05 3.300453717383866198e+06 7.287074736773497716e+04 9.094002683267521206e+04 9.484778415155528637e+04 1.023950856751676038e+05 1.127590491932207515e+05 1.259155174184911302e+05 1.410896476954401587e+05 1.630945060457862564e+05 1.823887597713255673e+05 1.340688670388488390e+05
1.488248326228103135e+06 -2.581536463139990810e+06 5.310690594505753834e+05 1.162883817760513193e+05 7.094415897438456304e+05 1.110329810113028158e+06 2.856868643230574206e+06 1.064829059101572639e+05 1.211662520709185483e+05 1.097763083127999707e+05 1.054179353226516105e+05 1.038148079857880221e+05 1.026798698109700927e+05 1.011285872687280789e+05 9.975485229209857062e+04 8.948299843564993353e+04 4.125288270236953394e+04
8.472554341962346807e+06 -1.354629448559283838e+07 5.320800511913912371e+06 1.222626208805336384e+06 3.300453717383868061e+06 2.856868643230576068e+06 2.779547301529057324e+07 6.478941337243965827e+05 8.099211845282177674e+05 8.894437247156171361e+05 9.672623567976442864e+05 1.055801160822122125e+06 1.162796798108801711e+06 1.276721227347643580e+06 1.443454717123050941e+06 1.579928936424311250e+06 1.200287805751058739e+06
1.467719840407203301e+05 -2.701392254047392635e+05 1.076490912940738344e+05 1.994807430368207133e+04 7.287074736773461336e+04 1.064829059101570165e+05 6.478941337243960006e+05 1.245978252322231856e+05 5.520840535997774714e+04 3.029674976396898273e+04 2.212885779187203298e+04 1.749919456298866862e+04 1.454257915144692925e+04 1.214826965078045396e+04 1.027972490012943126e+04 7.941060606973828726e+03 3.701089233830312878e+03
1.976358052215792122e+05 -3.492003180709024891e+05 1.413590077607799903e+05 2.760845316137958071e+04 9.094002683267493558e+04 1.211662520709179662e+05 8.099211845282160211e+05 5.520840535997773986e+04 1.160314528379531694e+05 5.545204100196591753e+04 3.459474487909206073e+04 2.581836467985530544e+04 2.080293848648794665e+04 1.698474178244869472e+04 1.408957978034913504e+04 1.068090091237839079e+04 4.871678788333013472e+03
2.209393094483108725e+05 -3.795173838696635794e+05 1.594620429330348270e+05 3.250962946317299793e+04 9.484778415155448602e+04 1.097763083127996942e+05 8.894437247156194644e+05 3.029674976396899365e+04 5.545204100196653599e+04 1.135597860170761705e+05 5.625559958633495262e+04 3.605529187263843778e+04 2.704151714689486835e+04 2.149691683045440732e+04 1.738241612728501423e+04 1.287881402714897195e+04 5.732383824320280837e+03
2.492896659371597925e+05 -4.221603978641670546e+05 1.778032951912010903e+05 3.769449796179907571e+04 1.023950856751664251e+05 1.054179353226499952e+05 9.672623567976446357e+05 2.212885779187207663e+04 3.459474487909255549e+04 5.625559958633455244e+04 1.191976765816137631e+05 5.868637968132369861e+04 3.789506377684633480e+04 2.783911553895712859e+04 2.197118249725841088e+04 1.578826063049376899e+04 6.825998770256499483e+03
2.818132245603328338e+05 -4.659726757450519362e+05 1.987890201943898865e+05 4.336965660843683145e+04 1.127590491932191944e+05 1.038148079857858829e+05 1.055801160822114907e+06 1.749919456298866862e+04 2.581836467985533454e+04 3.605529187263795757e+04 5.868637968132209789e+04 1.302565381835615844e+05 6.559033357295567112e+04 3.977567608349998045e+04 2.894125016529397544e+04 2.013075563081152723e+04 8.363206789763731649e+03
3.248750868854445289e+05 -5.267600921259524766e+05 2.230966757316959847e+05 5.018758095138606586e+04 1.259155174184905482e+05 1.026798698109675170e+05 1.162796798108805902e+06 1.454257915144688741e+04 2.080293848648786661e+04 2.704151714689463552e+04 3.789506377684589097e+04 6.559033357295683527e+04 1.496356639324957796e+05 7.330000956391255022e+04 4.250072075927218975e+04 2.723327707806631588e+04 1.075552475275695724e+04
3.756003183639138006e+05 -5.978468803706240142e+05 2.498150122688274423e+05 5.791798215072454332e+04 1.410896476954390528e+05 1.011285872687270894e+05 1.276721227347647073e+06 1.214826965078041030e+04 1.698474178244861832e+04 2.149691683045419268e+04 2.783911553895667021e+04 3.977567608350110822e+04 7.330000956391269574e+04 1.779513885317400855e+05 8.517718914390016289e+04 4.106006214404132334e+04 1.467539437948953673e+04
4.485182827125728363e+05 -6.899539301885415334e+05 2.876943233107511769e+05 6.875840505274954194e+04 1.630945060457859654e+05 9.975485229209862882e+04 1.443454717123052571e+06 1.027972490012943308e+04 1.408957978034914413e+04 1.738241612728500331e+04 2.197118249725846908e+04 2.894125016529433924e+04 4.250072075927216065e+04 8.517718914390023565e+04 2.302999688888827804e+05 9.908126737506798236e+04 2.377895361297746058e+04
5.231131754122318234e+05 -7.842079731407780200e+05 3.213122542504091980e+05 8.038532058045896702e+04 1.823887597713255382e+05 8.948299843564988987e+04 1.579928936424311949e+06 7.941060606973832364e+03 1.068090091237839988e+04 1.287881402714897922e+04 1.578826063049377626e+04 2.013075563081154542e+04 2.723327707806630133e+04 4.106006214404138882e+04 9.908126737506818608e+04 3.129173996350192465e+05 7.656320297122534248e+04
4.149051405350234127e+05 -5.782766481563503621e+05 2.501417528790374054e+05 6.611548685725303949e+04 1.340688670388488390e+05 4.125288270236956305e+04 1.200287805751058739e+06 3.701089233830313333e+03 4.871678788333014381e+03 5.732383824320279928e+03 6.825998770256499483e+03 8.363206789763735287e+03 1.075552475275696088e+04 1.467539437948952764e+04 2.377895361297744239e+04 7.656320297122528427e+04 3.133866979965850478e+05
