2.536707136350170244e+06 -4.243135743924355134e+06 9.624975788377489662e+05 2.302359747795700387e+05 1.058609301937119337e+06 1.175347403290414251e+06 5.058181051401424222e+06 6.351291845557029592e+04 8.978914248703047633e+04 1.009153477911632654e+05 1.160529877226426906e+05 1.350955901308197936e+05 1.616429950015936629e+05 1.952212719443663373e+05 2.518214871280369698e+05 3.350228777315790649e+05 3.403817055431944900e+05
-4.243135743924343958e+06 7.575974855529724620e+06 -1.520956753826817963e+06 -3.604281567505896674e+05 -1.833176278095602524e+06 -2.051171861564208986e+06 -7.984494780387673527e+06 -1.129030022133500461e+05 -1.549845597358942614e+05 -1.698094992939633667e+05 -1.929653231189509097e+05 -2.200591766529949091e+05 -2.588808704579587502e+05 -3.079545335170610342e+05 -3.856573466075995821e+05 -5.008671676985820523e+05 -4.785641749288486317e+05
9.624975788377472199e+05 -1.520956753826815169e+06 5.887799421837402042e+05 1.395950135629033903e+05 3.715296530606931774e+05 3.122788030427373014e+05 2.998988931069309358e+06 4.646983048959240114e+04 6.177141053773984459e+04 7.073356361255662341e+04 8.092281093244765361e+04 9.340474488318621297e+04 1.090218953950331488e+05 1.284989198089114652e+05 1.610237834020958398e+05 2.064309846449169854e+05 2.072958321532861446e+05
2.302359747795703588e+05 -3.604281567505902494e+05 1.395950135629039432e+05 3.343727093261249684e+04 8.765257413679735328e+04 7.028186915725131985e+04 7.065258792727681575e+05 9.048914177247848784e+03 1.257132264700813357e+04 1.488104595837926718e+04 1.758357717897015027e+04 2.077084677653421022e+04 2.488434121682815385e+04 3.007572135365118447e+04 3.869235029230975488e+04 5.157689129455176590e+04 5.428477527900400310e+04
1.058609301937115379e+06 -1.833176278095601127e+06 3.715296530606929446e+05 8.765257413679712045e+04 4.668981714178978582e+05 5.770756289342136588e+05 1.950606978402883280e+06 2.938882895096433640e+04 4.012782798948095297e+04 4.213976106694275222e+04 4.658765890876505000e+04 5.307381223435224092e+04 6.174102695803403913e+04 7.269356375442024728e+04 9.106647949842947128e+04 1.167125793664792436e+05 1.110744666941382020e+05
1.175347403290410992e+06 -2.051171861564210383e+06 3.122788030427388730e+05 7.028186915725166909e+04 5.770756289342137752e+05 9.666717982620057883e+05 1.656514030393430032e+06 3.752578140312837058e+04 5.094541939406366146e+04 4.557190949448141328e+04 4.469595541559992853e+04 4.598530622562507051e+04 4.800122316918648721e+04 5.035678631387482164e+04 5.473243512071739679e+04 5.801362657924550876e+04 3.722907327199746214e+04
5.058181051401416771e+06 -7.984494780387667008e+06 2.998988931069313549e+06 7.065258792727658292e+05 1.950606978402886540e+06 1.656514030393423978e+06 1.550763626442509145e+07 2.742727938517545699e+05 3.438443119537475868e+05 3.876319229683168815e+05 4.343957822038838640e+05 4.912479217029594583e+05 5.645305136507765856e+05 6.543223164667279925e+05 8.072072288366414141e+05 1.017086873473988613e+06 9.993462456769782584e+05
6.351291845557078341e+04 -1.129030022133505554e+05 4.646983048959290318e+04 9.048914177247910629e+03 2.938882895096441644e+04 3.752578140312853066e+04 2.742727938517577713e+05 4.346624436993202107e+04 2.023929097322098823e+04 1.195969468851692909e+04 9.310381891220122270e+03 7.889663802114653663e+03 7.036865281569020226e+03 6.434496533550073764e+03 6.199581859590916793e+03 5.822337628276853138e+03 3.858273597015740052e+03
8.978914248703130579e+04 -1.549845597358944360e+05 6.177141053774039028e+04 1.257132264700821906e+04 4.012782798948082200e+04 5.094541939406350139e+04 3.438443119537499733e+05 2.023929097322076632e+04 4.144829087715006608e+04 2.097468727306915389e+04 1.421332191764616618e+04 1.147603757065624632e+04 9.959882504163077101e+03 8.940500453290385849e+03 8.482027589053428528e+03 7.852888418480547443e+03 5.125925168143869087e+03
1.009153477911646769e+05 -1.698094992939658987e+05 7.073356361255663796e+04 1.488104595837907982e+04 4.213976106694334158e+04 4.557190949448042375e+04 3.876319229683199665e+05 1.195969468851689999e+04 2.097468727306926667e+04 4.152840229708531115e+04 2.193360184452143949e+04 1.564699522051108579e+04 1.284006360373412281e+04 1.122056693079790421e+04 1.045211625027538685e+04 9.510181954278552439e+03 6.102533752258427739e+03
1.160529877226412937e+05 -1.929653231189508806e+05 8.092281093244810472e+04 1.758357717896991016e+04 4.658765890876567573e+04 4.469595541559773119e+04 4.343957822038874729e+05 9.310381891219996760e+03 1.421332191764574236e+04 2.193360184452028625e+04 4.532742220062991692e+04 2.364824253538256744e+04 1.768821521810018021e+04 1.451069726559870105e+04 1.315454665535079221e+04 1.173291291564648782e+04 7.378116041332182249e+03
1.350955901308194152e+05 -2.200591766529935412e+05 9.340474488318691147e+04 2.077084677653380641e+04 5.307381223435328866e+04 4.598530622562557983e+04 4.912479217029600404e+05 7.889663802114642749e+03 1.147603757065626996e+04 1.564699522051151325e+04 2.364824253538114499e+04 5.158826102926733438e+04 2.769034821789870330e+04 2.040881101433377626e+04 1.724925332867130783e+04 1.496977238280160964e+04 9.172105581834193799e+03
1.616429950015945360e+05 -2.588808704579560144e+05 1.090218953950344148e+05 2.488434121682817567e+04 6.174102695803387178e+04 4.800122316918636352e+04 5.645305136507838033e+05 7.036865281569003855e+03 9.959882504163069825e+03 1.284006360373441385e+04 1.768821521809988553e+04 2.769034821790051137e+04 6.218724188811986096e+04 3.280744114852359053e+04 2.502876837253638951e+04 2.014110729687456478e+04 1.191266723935214213e+04
1.952212719443671813e+05 -3.079545335170641774e+05 1.284989198089119018e+05 3.007572135365130816e+04 7.269356375442072749e+04 5.035678631387480709e+04 6.543223164667295059e+05 6.434496533550046479e+03 8.940500453290327641e+03 1.122056693079786965e+04 1.451069726559826631e+04 2.040881101433408185e+04 3.280744114852377970e+04 7.857784947119782737e+04 4.255106747087293479e+04 2.966103719199476836e+04 1.628397101492165348e+04
2.518214871280373191e+05 -3.856573466076015029e+05 1.610237834020955197e+05 3.869235029230962391e+04 9.106647949842976232e+04 5.473243512071762962e+04 8.072072288366360590e+05 6.199581859590916793e+03 8.482027589053432166e+03 1.045211625027539958e+04 1.315454665535076310e+04 1.724925332867114412e+04 2.502876837253588019e+04 4.255106747087106487e+04 1.113990157548546995e+05 6.007048141043613577e+04 2.636656482633754058e+04
3.350228777315795305e+05 -5.008671676985820523e+05 2.064309846449172182e+05 5.157689129455181683e+04 1.167125793664791709e+05 5.801362657924534142e+04 1.017086873473988264e+06 5.822337628276849500e+03 7.852888418480550172e+03 9.510181954278557896e+03 1.173291291564649509e+04 1.496977238280163874e+04 2.014110729687458297e+04 2.966103719199471016e+04 6.007048141043612122e+04 1.760872694746689813e+05 6.636714142899971921e+04
3.403817055431947228e+05 -4.785641749288485153e+05 2.072958321532861737e+05 5.428477527900400310e+04 1.110744666941382020e+05 3.722907327199747670e+04 9.993462456769784912e+05 3.858273597015739142e+03 5.125925168143869087e+03 6.102533752258425920e+03 7.378116041332184068e+03 9.172105581834201075e+03 1.191266723935214759e+04 1.628397101492165348e+04 2.636656482633754058e+04 6.636714142899970466e+04 2.389878578586569347e+05
