2.227967035379280336e+06 -3.758822249892120250e+06 7.610584472050345503e+05 1.831837812950896623e+05 9.429036605633131694e+05 1.090530282968878280e+06 4.023090172209685668e+06 4.443604235815892753e+04 6.481683262441333500e+04 7.251331933713896433e+04 8.358655252949420537e+04 9.786195981361331360e+04 1.182244031221399928e+05 1.443030394626426860e+05 1.901015413752842869e+05 2.634294291741690249e+05 2.922439902835171670e+05
-3.758822249892120250e+06 6.810959650341616943e+06 -1.203134547312684357e+06 -2.868297397836792516e+05 -1.649809326256603701e+06 -1.911176457602017792e+06 -6.342414209651571698e+06 -7.809881382163174567e+04 -1.111334301816665393e+05 -1.211848926082973485e+05 -1.381292706195974024e+05 -1.585444377046996378e+05 -1.884538396420704667e+05 -2.267474905476031417e+05 -2.903279057210299070e+05 -3.930386232163252425e+05 -4.115331203192808316e+05
7.610584472050290788e+05 -1.203134547312679701e+06 4.560869015019709477e+05 1.088502940444452834e+05 2.954541978916238295e+05 2.547754740353220841e+05 2.313882271945407614e+06 3.276071136648562606e+04 4.377252804132281744e+04 5.022893009230022290e+04 5.778362348757057771e+04 6.721664266122058325e+04 7.919902073235670105e+04 9.461124866746997577e+04 1.213344367159329122e+05 1.623191668135643413e+05 1.787085973507869639e+05
1.831837812950897205e+05 -2.868297397836802993e+05 1.088502940444457781e+05 2.623242172602888604e+04 7.011451287817547563e+04 5.772770750941230654e+04 5.489430532739844639e+05 6.468432700862716956e+03 9.026077136940311902e+03 1.067572312334341404e+04 1.266311483833446073e+04 1.505040758088157054e+04 1.818024648583881208e+04 2.223767852330705864e+04 2.924500158972687859e+04 4.058949146232243947e+04 4.669497785681381356e+04
9.429036605633145664e+05 -1.649809326256606495e+06 2.954541978916249354e+05 7.011451287817531556e+04 4.228273469812664553e+05 5.426108174926759675e+05 1.556288511885543121e+06 2.000521287021508397e+04 2.883718567745054679e+04 3.003453413732587433e+04 3.329688743292706931e+04 3.819300047374093992e+04 4.489242930020920903e+04 5.351651827862317441e+04 6.850023683936589805e+04 9.161751935991327628e+04 9.550763937293762865e+04
1.090530282968877349e+06 -1.911176457602016395e+06 2.547754740353233356e+05 5.772770750941244478e+04 5.426108174926752690e+05 9.330942610603091307e+05 1.347987175741361687e+06 2.386708306594736496e+04 3.652575098372840148e+04 3.188667111773501529e+04 3.119816951922379303e+04 3.231549852903870851e+04 3.420362674659609911e+04 3.643417602649657783e+04 4.057967022876808187e+04 4.532318015561673383e+04 3.238398265062201972e+04
4.023090172209669836e+06 -6.342414209651571698e+06 2.313882271945414599e+06 5.489430532739829505e+05 1.556288511885544518e+06 1.347987175741364481e+06 1.195303008781878278e+07 1.930742879997976706e+05 2.408531052224443411e+05 2.736865832809577114e+05 3.088039900149624445e+05 3.522515107639554772e+05 4.090319251853762544e+05 4.808537950020754361e+05 6.076162895321825054e+05 7.997112564770607278e+05 8.623692650493053952e+05
4.443604235815827997e+04 -7.809881382163113449e+04 3.276071136648567699e+04 6.468432700862690581e+03 2.000521287021509124e+04 2.386708306594687747e+04 1.930742879997956916e+05 2.881934962558364350e+04 1.347995404091705313e+04 8.127728837244741953e+03 6.413581664564191669e+03 5.531527134461091919e+03 5.020370658771958915e+03 4.693298391738096143e+03 4.680724843780079027e+03 4.659642212162889336e+03 3.490783078063705034e+03
6.481683262441274564e+04 -1.111334301816660154e+05 4.377252804132307210e+04 9.026077136940424680e+03 2.883718567745036489e+04 3.652575098372808134e+04 2.408531052224485320e+05 1.347995404091672026e+04 2.763864375342046333e+04 1.411505752580114313e+04 9.739070676606492270e+03 8.018197358896220976e+03 7.087155232638485359e+03 6.508868716259433313e+03 6.398062425018894828e+03 6.284901018856058727e+03 4.644917600501001289e+03
7.251331933713717444e+04 -1.211848926082984544e+05 5.022893009230319876e+04 1.067572312334387425e+04 3.003453413732596528e+04 3.188667111773365468e+04 2.736865832809738349e+05 8.127728837244723763e+03 1.411505752580199805e+04 2.779176672053365837e+04 1.486136316192080449e+04 1.085811739181129451e+04 9.115313461530309723e+03 8.150716222770286549e+03 7.873884087673221075e+03 7.611735368334062514e+03 5.539678643733890567e+03
8.358655252949293936e+04 -1.381292706195944629e+05 5.778362348757352447e+04 1.266311483833454622e+04 3.329688743292739673e+04 3.119816951922381850e+04 3.088039900149668101e+05 6.413581664564158928e+03 9.739070676606868801e+03 1.486136316192025697e+04 3.060960891042442745e+04 1.616052707453701805e+04 1.246519749850211338e+04 1.054829273323392044e+04 9.897382717917100308e+03 9.395887753529919792e+03 6.716064410709029289e+03
9.786195981361577287e+04 -1.585444377047006856e+05 6.721664266122521076e+04 1.505040758088205257e+04 3.819300047374218411e+04 3.231549852903754072e+04 3.522515107639774214e+05 5.531527134461084643e+03 8.018197358896180958e+03 1.085811739181175835e+04 1.616052707453919720e+04 3.517696688053023536e+04 1.915584322265765513e+04 1.471595819609756472e+04 1.298553511344146864e+04 1.199040009629566339e+04 8.375499694995782193e+03
1.182244031221385958e+05 -1.884538396420699428e+05 7.919902073235715216e+04 1.818024648583888120e+04 4.489242930020852509e+04 3.420362674659438198e+04 4.090319251853812020e+05 5.020370658771954368e+03 7.087155232638422603e+03 9.115313461530266068e+03 1.246519749850194785e+04 1.915584322265665833e+04 4.289050235250393598e+04 2.303747037532195463e+04 1.870462698369688587e+04 1.611341637641600209e+04 1.089533982381942951e+04
1.443030394626412017e+05 -2.267474905476056447e+05 9.461124866746892803e+04 2.223767852330666938e+04 5.351651827862282516e+04 3.643417602649742184e+04 4.808537950020704884e+05 4.693298391738110695e+03 6.508868716259437861e+03 8.150716222770356580e+03 1.054829273323390953e+04 1.471595819609715181e+04 2.303747037532123795e+04 5.503198931638228532e+04 3.084234133727118751e+04 2.354324757228804083e+04 1.490160039400417372e+04
1.901015413752844324e+05 -2.903279057210311294e+05 1.213344367159335961e+05 2.924500158972697682e+04 6.850023683936576708e+04 4.057967022876803821e+04 6.076162895321869291e+05 4.680724843780104493e+03 6.398062425018937574e+03 7.873884087673305658e+03 9.897382717917225818e+03 1.298553511344151411e+04 1.870462698369734426e+04 3.084234133727241715e+04 7.989242444115474063e+04 4.619169215306060505e+04 2.413259386117124086e+04
2.634294291741695488e+05 -3.930386232163255336e+05 1.623191668135645741e+05 4.058949146232251223e+04 9.161751935991333448e+04 4.532318015561685752e+04 7.997112564770620083e+05 4.659642212162893884e+03 6.284901018856062365e+03 7.611735368334067061e+03 9.395887753529927068e+03 1.199040009629565611e+04 1.611341637641603666e+04 2.354324757228806266e+04 4.619169215306069236e+04 1.325996552624506876e+05 5.787544381804967270e+04
2.922439902835170506e+05 -4.115331203192806570e+05 1.787085973507869057e+05 4.669497785681379173e+04 9.550763937293765775e+04 3.238398265062204882e+04 8.623692650493051624e+05 3.490783078063705034e+03 4.644917600501001289e+03 5.539678643733889658e+03 6.716064410709026561e+03 8.375499694995780374e+03 1.089533982381943133e+04 1.490160039400417008e+04 2.413259386117122267e+04 5.787544381804960722e+04 2.017613272286579595e+05
