2.399962710225190036e+06 -4.027890767078916542e+06 8.729444740177087951e+05 2.094062716210874496e+05 1.007132883665968548e+06 1.136963076006084913e+06 4.596948554540915415e+06 5.469478141058314213e+04 7.825694081268474110e+04 8.782504375610125135e+04 1.011293674012246629e+05 1.180540200492471631e+05 1.418710722433325718e+05 1.721824711524191371e+05 2.242331928874781006e+05 3.038107257731184363e+05 3.208984234129077522e+05
-4.027890767078937031e+06 7.234788923965884373e+06 -1.379157682478005532e+06 -3.277345436948658316e+05 -1.751305306785481516e+06 -1.987596281806758838e+06 -7.250094769139177166e+06 -9.674573993861387135e+04 -1.346667607135935395e+05 -1.473360092457117571e+05 -1.676941462550693250e+05 -1.918432998009959701e+05 -2.267498625285947928e+05 -2.711587774557229131e+05 -3.430113911489944439e+05 -4.538261393566496554e+05 -4.515341413588491268e+05
8.729444740177105414e+05 -1.379157682478005532e+06 5.295789736944630276e+05 1.259382651828350645e+05 3.375486634032808943e+05 2.861362435700465576e+05 2.692583633115390316e+06 4.011338879016373539e+04 5.343278812613166519e+04 6.125246379712896305e+04 7.025758440108096693e+04 8.138503034509647114e+04 9.540610134636018483e+04 1.131379658722296299e+05 1.432701023255260661e+05 1.872079778135853412e+05 1.957628305027221213e+05
2.094062716210888175e+05 -3.277345436948674032e+05 1.259382651828348171e+05 3.025003828387428075e+04 7.985416748152887158e+04 6.460174168329397071e+04 6.363705851027288008e+05 7.860334499857164701e+03 1.093740741027904187e+04 1.294462864075712969e+04 1.532319633340442488e+04 1.815245451687715104e+04 2.183015817835239068e+04 2.652832680619718667e+04 3.447067191078817268e+04 4.678830022524711967e+04 5.121156793890043627e+04
1.007132883665973670e+06 -1.751305306785483379e+06 3.375486634032818256e+05 7.985416748152862419e+04 4.471969405734824250e+05 5.614006852761281189e+05 1.774028002555616200e+06 2.502001572720281183e+04 3.488662066352218244e+04 3.653828336939059955e+04 4.045830561265505821e+04 4.624450534070852882e+04 5.405213949138944736e+04 6.400404213580645592e+04 8.097001501764258137e+04 1.057689119625090825e+05 1.048007916440549307e+05
1.136963076006089104e+06 -1.987596281806754880e+06 2.861362435700484784e+05 6.460174168329365057e+04 5.614006852761276532e+05 9.511864245812915033e+05 1.515865862589613069e+06 3.109623184321493318e+04 4.418184456299205340e+04 3.917542083684483077e+04 3.840958030999046605e+04 3.965982421014550346e+04 4.166260552070620179e+04 4.401562499498645775e+04 4.838205141242220270e+04 5.249122526767966338e+04 3.535166292017039086e+04
4.596948554540902376e+06 -7.250094769139142707e+06 2.692583633115360048e+06 6.363705851027229801e+05 1.774028002555608284e+06 1.515865862589611672e+06 1.391379481664962322e+07 2.364861625919402577e+05 2.959932636640657438e+05 3.348258610524773248e+05 3.764042503125720541e+05 4.273647014404140064e+05 4.934665905422771466e+05 5.756445481094748247e+05 7.179081708914323244e+05 9.223898256231175037e+05 9.441908162440090673e+05
5.469478141058323672e+04 -9.674573993861388590e+04 4.011338879016374267e+04 7.860334499857156516e+03 2.502001572720297554e+04 3.109623184321442386e+04 2.364861625919406360e+05 3.649962886331010668e+04 1.704445902933378238e+04 1.016111293151711652e+04 7.960273260751131602e+03 6.800161534553809361e+03 6.113231751198800339e+03 5.646733696987750591e+03 5.526617298103523353e+03 5.327674277756379524e+03 3.727188296687006186e+03
7.825694081268500304e+04 -1.346667607135926373e+05 5.343278812613223272e+04 1.093740741027885997e+04 3.488662066352210240e+04 4.418184456299218436e+04 2.959932636640702258e+05 1.704445902933404795e+04 3.489558623503426497e+04 1.774116325566629894e+04 1.212247090878291783e+04 9.875607153039434706e+03 8.642223266371927821e+03 7.839310308466738206e+03 7.558291958394416724e+03 7.186034296833324333e+03 4.955477055397598633e+03
8.782504375610107672e+04 -1.473360092457087594e+05 6.125246379712808994e+04 1.294462864075700600e+04 3.653828336939019209e+04 3.917542083684442332e+04 3.348258610524796532e+05 1.016111293151713835e+04 1.774116325566549131e+04 3.502690174766367272e+04 1.861107014471572620e+04 1.342352254183911828e+04 1.112991972589010402e+04 9.828496292737141630e+03 9.308757098520287400e+03 8.703262875110927780e+03 5.904711403370702101e+03
1.011293674012249103e+05 -1.676941462550689466e+05 7.025758440108070499e+04 1.532319633340458313e+04 4.045830561265486904e+04 3.840958030998939648e+04 3.764042503125872463e+05 7.960273260751087946e+03 1.212247090878337985e+04 1.861107014471638831e+04 3.839097541150822508e+04 2.014389594738540472e+04 1.528437636900318830e+04 1.271471606303062617e+04 1.170860982043887634e+04 1.074068606640383041e+04 7.148348003127622178e+03
1.180540200492473086e+05 -1.918432998009945732e+05 8.138503034509839199e+04 1.815245451687758759e+04 4.624450534070787398e+04 3.965982421014333522e+04 4.273647014404515503e+05 6.800161534553806632e+03 9.875607153039427430e+03 1.342352254183894547e+04 2.014389594738876986e+04 4.388894599321550049e+04 2.371787263889686074e+04 1.782194150441529200e+04 1.535678570116205628e+04 1.370498914204214816e+04 8.899603787033607659e+03
1.418710722433299816e+05 -2.267498625285880698e+05 9.540610134635890427e+04 2.183015817835231428e+04 5.405213949138775206e+04 4.166260552070448466e+04 4.934665905422891374e+05 6.113231751198770326e+03 8.642223266371813224e+03 1.112991972588992576e+04 1.528437636900363577e+04 2.371787263889636233e+04 5.318496506842940289e+04 2.829268935065751430e+04 2.221479877257208864e+04 1.843049128011972789e+04 1.156787156710408090e+04
1.721824711524219310e+05 -2.711587774557262310e+05 1.131379658722284221e+05 2.652832680619715757e+04 6.400404213580739452e+04 4.401562499498789839e+04 5.756445481094736606e+05 5.646733696987699659e+03 7.839310308466624519e+03 9.828496292736925170e+03 1.271471606303020599e+04 1.782194150441519378e+04 2.829268935065718324e+04 6.767507591393710754e+04 3.722147006078586855e+04 2.704587865774386955e+04 1.581747055890733282e+04
2.242331928874790901e+05 -3.430113911489975289e+05 1.432701023255266482e+05 3.447067191078844917e+04 8.097001501764262503e+04 4.838205141242135142e+04 7.179081708914358169e+05 5.526617298103515168e+03 7.558291958394392168e+03 9.308757098520247382e+03 1.170860982043886725e+04 1.535678570116242918e+04 2.221479877257272528e+04 3.722147006078691629e+04 9.698959368115117832e+04 5.395181958472932456e+04 2.561309668573448653e+04
3.038107257731187856e+05 -4.538261393566504121e+05 1.872079778135854285e+05 4.678830022524714150e+04 1.057689119625092135e+05 5.249122526767951058e+04 9.223898256231173873e+05 5.327674277756381343e+03 7.186034296833328881e+03 8.703262875110933237e+03 1.074068606640383950e+04 1.370498914204215725e+04 1.843049128011976791e+04 2.704587865774400416e+04 5.395181958472938277e+04 1.566689171182272839e+05 6.301477554634372791e+04
3.208984234129076940e+05 -4.515341413588491268e+05 1.957628305027221213e+05 5.121156793890042900e+04 1.048007916440549743e+05 3.535166292017036903e+04 9.441908162440087181e+05 3.727188296687006186e+03 4.955477055397598633e+03 5.904711403370701191e+03 7.148348003127625816e+03 8.899603787033613116e+03 1.156787156710408817e+04 1.581747055890732918e+04 2.561309668573447925e+04 6.301477554634372791e+04 2.235014244753260282e+05
