2.695523973654744215e+06 -4.494584168424870819e+06 1.067162206964086276e+06 2.544047244652424706e+05 1.118856146616037004e+06 1.221591306247370318e+06 5.599419441403993405e+06 7.453734945341681305e+04 1.041793694617714355e+05 1.171862113483106805e+05 1.345029625854972692e+05 1.559933273229654587e+05 1.856608648480836418e+05 2.228721839931629365e+05 2.841993557436039555e+05 3.700762391242529848e+05 3.596448536387030035e+05
-4.494584168424883857e+06 7.976918241190322675e+06 -1.687686449141881894e+06 -3.985825401715505286e+05 -1.929583456124070333e+06 -2.128227308190074749e+06 -8.851664324083043262e+06 -1.332562306412477337e+05 -1.804833119183045637e+05 -1.978762451373602380e+05 -2.243435754906496149e+05 -2.547827109595481306e+05 -2.980294597287805518e+05 -3.522122975725897122e+05 -4.357559314399661962e+05 -5.537356652171888854e+05 -5.050891620448487811e+05
1.067162206964087673e+06 -1.687686449141885387e+06 6.583940308056501672e+05 1.555336625907277630e+05 4.115676872399876593e+05 3.440088612595833838e+05 3.360814209972677287e+06 5.445821573274645198e+04 7.223377093235822394e+04 8.258342270255231415e+04 9.416955343773378991e+04 1.082157938529525272e+05 1.256320821938012523e+05 1.469873779686824710e+05 1.818784010172509588e+05 2.279930472703204432e+05 2.186275901160229405e+05
2.544047244652430527e+05 -3.985825401715514017e+05 1.555336625907274138e+05 3.713097306482184649e+04 9.676954165656692930e+04 7.711852776277736120e+04 7.887215185937518254e+05 1.052508806373742846e+04 1.460265171139362246e+04 1.728389454156153079e+04 2.037526706481774818e+04 2.398276763073886468e+04 2.859728961577853624e+04 3.433542321807843109e+04 4.364490597771095054e+04 5.695202570410621411e+04 5.732673498823468981e+04
1.118856146616033511e+06 -1.929583456124056829e+06 4.115676872399893473e+05 9.676954165656707482e+04 4.901494618684836896e+05 5.961275139404585352e+05 2.159586335863419343e+06 3.492139810089744424e+04 4.672792676266016497e+04 4.915010310560446669e+04 5.420712151385016477e+04 6.148550655262164946e+04 7.111307168182761234e+04 8.314488884792629688e+04 1.029290140264620277e+05 1.290025519510165177e+05 1.172233221725653275e+05
1.221591306247374741e+06 -2.128227308190073818e+06 3.440088612595848972e+05 7.711852776277714293e+04 5.961275139404622605e+05 9.859564198514426826e+05 1.828054536913811695e+06 4.582574456125588767e+04 5.961667668300079822e+04 5.371613143036977272e+04 5.264056700438792905e+04 5.388123555790675164e+04 5.580955084309790982e+04 5.804072302718881110e+04 6.221372339659182762e+04 6.417241204609421402e+04 3.891658421866658318e+04
5.599419441403990611e+06 -8.851664324083048850e+06 3.360814209972660523e+06 7.887215185937499627e+05 2.159586335863408633e+06 1.828054536913805408e+06 1.739818810194225609e+07 3.220728161584783229e+05 4.041874651944795041e+05 4.538918105206323089e+05 5.066464512174665579e+05 5.701456606525032548e+05 6.513590995689167175e+05 7.490972415619472740e+05 9.121161372008131584e+05 1.123215693070216104e+06 1.053327265126641840e+06
7.453734945341639104e+04 -1.332562306412480539e+05 5.445821573274640832e+04 1.052508806373745028e+04 3.492139810089723323e+04 4.582574456125568395e+04 3.220728161584796035e+05 5.263367841261553986e+04 2.439105485183407291e+04 1.426449346763021094e+04 1.101599387648000993e+04 9.243492895908919309e+03 8.165441047101313416e+03 7.374092179579771255e+03 6.971044263030807997e+03 6.347832449640364757e+03 3.952750669845388984e+03
1.041793694617726142e+05 -1.804833119183048548e+05 7.223377093235852954e+04 1.460265171139374434e+04 4.672792676266014314e+04 5.961667668300104560e+04 4.041874651944849174e+05 2.439105485183412384e+04 5.003057026419523754e+04 2.515447718076018646e+04 1.686881704591185553e+04 1.347159965450596610e+04 1.157425765395588496e+04 1.025625094114964850e+04 9.541656278053716960e+03 8.560567871662098696e+03 5.246189256683063832e+03
1.171862113483108114e+05 -1.978762451373587246e+05 8.258342270255056792e+04 1.728389454156123611e+04 4.915010310560374637e+04 5.371613143036995461e+04 4.538918105206319597e+05 1.426449346763019639e+04 2.515447718075941521e+04 4.999953368666506140e+04 2.619989737521291681e+04 1.843559688434206328e+04 1.493914185361853197e+04 1.288812368863058873e+04 1.176434429544873819e+04 1.036503137734211123e+04 6.238299281308589343e+03
1.345029625854980550e+05 -2.243435754906542134e+05 9.416955343773352797e+04 2.037526706481801375e+04 5.420712151384928438e+04 5.264056700438798725e+04 5.066464512174774427e+05 1.101599387648000993e+04 1.686881704591187008e+04 2.619989737521533971e+04 5.429038796758456738e+04 2.811552551133846646e+04 2.065008242922315549e+04 1.666143169532944012e+04 1.481713311287776924e+04 1.278108018548541258e+04 7.529111069478969512e+03
1.559933273229606275e+05 -2.547827109595438815e+05 1.082157938529517705e+05 2.398276763073903930e+04 6.148550655261788052e+04 5.388123555790371029e+04 5.701456606525150128e+05 9.243492895908821083e+03 1.347159965450565505e+04 1.843559688434263080e+04 2.811552551133993984e+04 6.144907132144532079e+04 3.270188974746476742e+04 2.351812730315562658e+04 1.942658793032214453e+04 1.630573278118602684e+04 9.342300521591838333e+03
1.856608648480835254e+05 -2.980294597287813667e+05 1.256320821937999572e+05 2.859728961577839800e+04 7.111307168182737951e+04 5.580955084309855738e+04 6.513590995689161355e+05 8.165441047101216100e+03 1.157425765395568487e+04 1.493914185361790442e+04 2.065008242922210775e+04 3.270188974746395616e+04 7.359184143581723038e+04 3.842480325415703555e+04 2.827692178849270204e+04 2.195030831417535956e+04 1.212062151804638052e+04
2.228721839931623254e+05 -3.522122975725903525e+05 1.469873779686809576e+05 3.433542321807805274e+04 8.314488884792686440e+04 5.804072302719040454e+04 7.490972415619338863e+05 7.374092179579731237e+03 1.025625094114954481e+04 1.288812368863044867e+04 1.666143169532911998e+04 2.351812730315516455e+04 3.842480325415545667e+04 9.219446928308812494e+04 4.900102368441304134e+04 3.245889018450211006e+04 1.656115012324808413e+04
2.841993557436035480e+05 -4.357559314399653813e+05 1.818784010172510461e+05 4.364490597771104513e+04 1.029290140264618240e+05 6.221372339659170393e+04 9.121161372008129256e+05 6.971044263030797993e+03 9.541656278053686037e+03 1.176434429544870181e+04 1.481713311287769648e+04 1.942658793032231915e+04 2.827692178849276388e+04 4.900102368441369617e+04 1.289813187806795613e+05 6.706380279433362011e+04 2.681303647311388704e+04
3.700762391242533340e+05 -5.537356652171894675e+05 2.279930472703203268e+05 5.695202570410620683e+04 1.290025519510165905e+05 6.417241204609422130e+04 1.123215693070215639e+06 6.347832449640364757e+03 8.560567871662096877e+03 1.036503137734210759e+04 1.278108018548542714e+04 1.630573278118606322e+04 2.195030831417538138e+04 3.245889018450231742e+04 6.706380279433347459e+04 1.988105367899113335e+05 6.952101290988348774e+04
3.596448536387031199e+05 -5.050891620448487811e+05 2.186275901160229405e+05 5.732673498823467526e+04 1.172233221725653129e+05 3.891658421866659046e+04 1.053327265126641607e+06 3.952750669845388984e+03 5.246189256683062922e+03 6.238299281308589343e+03 7.529111069478976788e+03 9.342300521591845609e+03 1.212062151804638597e+04 1.656115012324809504e+04 2.681303647311387249e+04 6.952101290988342953e+04 2.551312621501282265e+05
