4.160804968715262949e+05 -2.334144796802102646e+05 -1.507183273339323205e+04 -5.155910303347091030e+03 6.244491318342645536e+04 9.679655463089497061e+04 3.563467684839667636e+05 6.616732066661390945e+02 6.848648190843177872e+02 -7.783655218386901424e+02
-2.334144796802095370e+05 2.941879326187123079e+05 -3.786426645127564825e+02 1.385911352572480837e+02 -8.240896868594830448e+04 -1.512496715796549397e+05 -1.186649411328911228e+05 8.406992033145477308e+02 1.155662660936767452e+03 -4.417642540873804933e+02
-1.507183273339327206e+04 -3.786426645130986799e+02 1.538881541593242900e+03 4.317039799353343028e+02 7.261971437655201953e+02 3.480903486137066920e+03 -1.597307399023216931e+04 -3.595372545835994060e+01 -1.816804484175201395e+01 8.948505057154736164e+01
-5.155910303347108311e+03 1.385911352572796034e+02 4.317039799353282774e+02 1.368634457300556448e+02 1.213139719684898665e+02 8.386497318805375016e+02 -5.725114560156190237e+03 -2.665286525744983237e+01 -2.676248370032526935e+01 3.470317180133027790e+01
6.244491318342604791e+04 -8.240896868594785337e+04 7.261971437654589181e+02 1.213139719684966451e+02 2.470208166697271008e+04 4.950545873452283558e+04 2.839781215555970266e+04 -2.311765843927995547e+02 -3.080594330690635729e+02 1.420271727749181423e+02
9.679655463089524710e+04 -1.512496715796555800e+05 3.480903486136981428e+03 8.386497318805378427e+02 4.950545873452309024e+04 1.108115580885469099e+05 2.758967009682543721e+04 -4.692267296275814488e+02 -5.939218773879614446e+02 3.502161134871437298e+02
3.563467684839674621e+05 -1.186649411328952265e+05 -1.597307399023185462e+04 -5.725114560156152038e+03 2.839781215556056122e+04 2.758967009682623393e+04 3.617638098152849707e+05 1.220858028585546435e+03 1.349802199600672793e+03 -1.290483853254464293e+03
6.616732066660815690e+02 8.406992033145978667e+02 -3.595372545835724765e+01 -2.665286525744859958e+01 -2.311765843928092181e+02 -4.692267296275987860e+02 1.220858028585470947e+03 7.396990955806833767e+01 1.026997084533961271e+02 -3.155239414189119884e+01
6.848648190842174017e+02 1.155662660936811335e+03 -1.816804484174901546e+01 -2.676248370032310575e+01 -3.080594330690710194e+02 -5.939218773879729270e+02 1.349802199600524318e+03 1.026997084533939102e+02 1.484536359606910594e+02 -3.012247001498988652e+01
-7.783655218387439163e+02 -4.417642540874763881e+02 8.948505057154662268e+01 3.470317180133150714e+01 1.420271727749406523e+02 3.502161134871909667e+02 -1.290483853254568203e+03 -3.155239414189678726e+01 -3.012247001499865107e+01 4.651953529892222150e+01
