9.029046426157142967e+06 -2.707515056923186406e+06 -3.734364452720812988e+05 -7.069177940356644103e+04 8.060523209825049853e+05 1.499032553906108253e+06 6.318214330374913290e+06 -8.917420363416424152e+03 -8.833734212211655176e+03 1.287221279461836093e+04
-2.707515056923185475e+06 1.010521477742471965e+06 1.032991166116464883e+05 1.933164595481045762e+04 -2.970980900643645437e+05 -5.542119573031920008e+05 -1.840465716459875694e+06 3.576558685967480869e+03 3.914857828412793424e+03 -4.230206694424927264e+03
-3.734364452720813570e+05 1.032991166116465465e+05 1.654888776564503132e+04 3.209869717530946673e+03 -3.035001812692828389e+04 -5.485458029819899821e+04 -2.653340198721599882e+05 3.591877412567985743e+02 3.798284007026595646e+02 -4.592677709331255755e+02
-7.069177940356645558e+04 1.933164595481045762e+04 3.209869717530947128e+03 6.633200607774523405e+02 -5.601591844777263759e+03 -9.807692825778563929e+03 -5.180065191031259019e+04 4.360669796131141851e+01 4.576438563891070288e+01 -5.831554386875148310e+01
8.060523209825048689e+05 -2.970980900643645437e+05 -3.035001812692828025e+04 -5.601591844777264669e+03 8.912051561602939910e+04 1.706545884060797398e+05 5.447287436645162525e+05 -1.057525030200456285e+03 -1.136832503440520213e+03 1.298407681552351278e+03
1.499032553906108020e+06 -5.542119573031917680e+05 -5.485458029819900548e+04 -9.807692825778565748e+03 1.706545884060796525e+05 3.394150371986698592e+05 9.975129484182841843e+05 -2.042056328775857082e+03 -2.157143334311324907e+03 2.588180544709613059e+03
6.318214330374913290e+06 -1.840465716459876392e+06 -2.653340198721600464e+05 -5.180065191031259019e+04 5.447287436645163689e+05 9.975129484182839515e+05 4.506826892349902540e+06 -5.337393805512934705e+03 -5.235035608139415672e+03 7.877882840676546948e+03
-8.917420363416422333e+03 3.576558685967475867e+03 3.591877412567985175e+02 4.360669796131141851e+01 -1.057525030200455376e+03 -2.042056328775855718e+03 -5.337393805512934705e+03 8.541531249484098964e+01 1.139679796296617269e+02 -4.804829193533134912e+01
-8.833734212211653357e+03 3.914857828412784784e+03 3.798284007026596214e+02 4.576438563891073841e+01 -1.136832503440518167e+03 -2.157143334311323088e+03 -5.235035608139416581e+03 1.139679796296617411e+02 1.598664305156080161e+02 -4.551731399265369049e+01
1.287221279461836093e+04 -4.230206694424929992e+03 -4.592677709331253482e+02 -5.831554386875142626e+01 1.298407681552351733e+03 2.588180544709613514e+03 7.877882840676545129e+03 -4.804829193533132781e+01 -4.551731399265364786e+01 7.257197654774837758e+01
