5.225196829911894165e+05 -2.726808178900357452e+05 -2.072559081444365802e+04 -6.634302506295617604e+03 7.314641563479532488e+04 1.134655717847463093e+05 4.471667448828917695e+05 6.089801852339608104e+02 5.677892601880287202e+02 -8.720109178020086347e+02
-2.726808178900317289e+05 3.087442444560164004e+05 1.708725125187125514e+03 6.801202936770323504e+02 -8.638228913458363968e+04 -1.574711421211794950e+05 -1.520365922850850620e+05 8.640637681604334830e+02 1.203457190917570415e+03 -4.105444158030027779e+02
-2.072559081444345793e+04 1.708725125187105277e+03 1.839599142533688109e+03 5.104769914707008525e+02 1.578071653801348475e+02 2.597204928988367556e+03 -2.080295957398110113e+04 -3.312813963499390013e+01 -1.187156777475317426e+01 9.454169332127376890e+01
-6.634302506295612147e+03 6.801202936770332599e+02 5.104769914707055705e+02 1.580061489788573965e+02 -2.517475842910844364e+01 6.151660346710721115e+02 -7.004609938388907722e+03 -2.623923576551555215e+01 -2.544782702571476918e+01 3.640085035713433825e+01
7.314641563479542674e+04 -8.638228913458732131e+04 1.578071653801567606e+02 -2.517475842910620898e+01 2.578867807461079792e+04 5.121535030291266594e+04 3.746072827514755772e+04 -2.380694011090195943e+02 -3.215747771520618130e+02 1.342197174744662789e+02
1.134655717847468914e+05 -1.574711421211797569e+05 2.597204928988304346e+03 6.151660346710472140e+02 5.121535030291198200e+04 1.135386130612946581e+05 4.156645038200818090e+04 -4.825015661218277501e+02 -6.174726800676011180e+02 3.411755495102652276e+02
4.471667448828903725e+05 -1.520365922850830248e+05 -2.080295957398130122e+04 -7.004609938388913179e+03 3.746072827514747041e+04 4.156645038200623094e+04 4.398003972695982084e+05 1.186223106149758451e+03 1.260364842765837921e+03 -1.382535120426272670e+03
6.089801852340550568e+02 8.640637681604331419e+02 -3.312813963500136083e+01 -2.623923576551871051e+01 -2.380694011090216407e+02 -4.825015661218314449e+02 1.186223106149876457e+03 7.425889710529649790e+01 1.030526540956801682e+02 -3.175408893803833266e+01
5.677892601881549126e+02 1.203457190917579965e+03 -1.187156777476396030e+01 -2.544782702571929178e+01 -3.215747771520674405e+02 -6.174726800676095309e+02 1.260364842765999811e+03 1.030526540956809356e+02 1.489267676188511302e+02 -3.027169328341821952e+01
-8.720109178020713898e+02 -4.105444158029837354e+02 9.454169332127692371e+01 3.640085035713566697e+01 1.342197174744612767e+02 3.411755495102609643e+02 -1.382535120426341564e+03 -3.175408893803663801e+01 -3.027169328341556920e+01 4.688874719989351547e+01
