#ell		zi	zj	cl_gl
11.072		0	0	2.0937847725e-07
11.072		0	1	6.2555060822e-07
11.072		0	2	8.2056710424e-07
11.072		1	0	-4.1254454200e-09
11.072		1	1	1.4916093568e-08
11.072		1	2	1.3455086260e-07
11.072		2	0	1.7617760408e-08
11.072		2	1	3.6292817603e-08
11.072		2	2	6.8108549814e-08
13.445		0	0	2.0552888535e-07
13.445		0	1	6.3614370910e-07
13.445		0	2	8.4055497734e-07
13.445		1	0	-3.6945188678e-09
13.445		1	1	1.7799707638e-08
13.445		1	2	1.5218269418e-07
13.445		2	0	1.6021534543e-08
13.445		2	1	3.4989345604e-08
13.445		2	2	7.0343927345e-08
16.327		0	0	1.9442123232e-07
16.327		0	1	6.2694371221e-07
16.327		0	2	8.3545365762e-07
16.327		1	0	-3.2518971318e-09
16.327		1	1	2.0575814724e-08
16.327		1	2	1.6927716065e-07
16.327		2	0	1.4217977545e-08
16.327		2	1	3.2995114653e-08
16.327		2	2	7.1757950848e-08
19.826		0	0	1.7684204745e-07
19.826		0	1	5.9673245372e-07
19.826		0	2	8.0280733424e-07
19.826		1	0	-2.8179495187e-09
19.826		1	1	2.3030442019e-08
19.826		1	2	1.8464207211e-07
19.826		2	0	1.2323344543e-08
19.826		2	1	3.0387426715e-08
19.826		2	2	7.2275886541e-08
24.076		0	0	1.5506021779e-07
24.076		0	1	5.4776769138e-07
24.076		0	2	7.4430917957e-07
24.076		1	0	-2.4064317877e-09
24.076		1	1	2.4886042199e-08
24.076		1	2	1.9667505439e-07
24.076		2	0	1.0455844816e-08
24.076		2	1	2.7300535209e-08
24.076		2	2	7.1756172550e-08
29.237		0	0	1.3239573330e-07
29.237		0	1	4.8616355997e-07
29.237		0	2	6.6663041992e-07
29.237		1	0	-2.0264248966e-09
29.237		1	1	2.5847172218e-08
29.237		1	2	2.0351858976e-07
29.237		2	0	8.7138861682e-09
29.237		2	1	2.3917227825e-08
29.237		2	2	7.0166287719e-08
35.504		0	0	1.1169100516e-07
35.504		0	1	4.2007625189e-07
35.504		0	2	5.7979549940e-07
35.504		1	0	-1.6830214109e-09
35.504		1	1	2.5628014719e-08
35.504		1	2	2.0321510437e-07
35.504		2	0	7.1593310253e-09
35.504		2	1	2.0452598228e-08
35.504		2	2	6.7365323493e-08
43.114		0	0	9.3737674763e-08
43.114		0	1	3.5623528634e-07
43.114		0	2	4.9328887584e-07
43.114		1	0	-1.3767601084e-09
43.114		1	1	2.4088436584e-08
43.114		1	2	1.9433812269e-07
43.114		2	0	5.8137602137e-09
43.114		2	1	1.7123273563e-08
43.114		2	2	6.3333717415e-08
52.355		0	0	7.7461213660e-08
52.355		0	1	2.9786098020e-07
52.355		0	2	4.1315446008e-07
52.355		1	0	-1.1087374615e-09
52.355		1	1	2.1388166375e-08
52.355		1	2	1.7690744784e-07
52.355		2	0	4.6671778959e-09
52.355		2	1	1.4105760732e-08
52.355		2	2	5.8091723591e-08
63.577		0	0	6.2208037476e-08
63.577		0	1	2.4581913304e-07
63.577		0	2	3.4213161485e-07
63.577		1	0	-8.8202678789e-10
63.577		1	1	1.8092561509e-08
63.577		1	2	1.5336514764e-07
63.577		2	0	3.6954537392e-09
63.577		2	1	1.1492973814e-08
63.577		2	2	5.1669446776e-08
77.205		0	0	4.8668757174e-08
77.205		0	1	1.9991448429e-07
77.205		0	2	2.8015557834e-07
77.205		1	0	-6.9782420217e-10
77.205		1	1	1.5054062723e-08
77.205		1	2	1.2862765294e-07
77.205		2	0	2.8811069169e-09
77.205		2	1	9.2771764987e-09
77.205		2	2	4.4441207688e-08
93.753		0	0	3.7458509980e-08
93.753		0	1	1.5864633173e-07
93.753		0	2	2.2413443163e-07
93.753		1	0	-5.5328501730e-10
93.753		1	1	1.2911538753e-08
93.753		1	2	1.0806788740e-07
93.753		2	0	2.2236405642e-09
93.753		2	1	7.3888350103e-09
93.753		2	2	3.7098518229e-08
113.849		0	0	2.8695380318e-08
113.849		0	1	1.2226765367e-07
113.849		0	2	1.7340076953e-07
113.849		1	0	-4.3966042907e-10
113.849		1	1	1.1312866032e-08
113.849		1	2	9.3033167887e-08
113.849		2	0	1.7177863981e-09
113.849		2	1	5.7684329954e-09
113.849		2	2	3.0458699260e-08
138.252		0	0	2.2053175034e-08
138.252		0	1	9.3486916660e-08
138.252		0	2	1.3232170468e-07
138.252		1	0	-3.4262303902e-10
138.252		1	1	9.2024032127e-09
138.252		1	2	7.8724451490e-08
138.252		2	0	1.3331413090e-09
138.252		2	1	4.4210797930e-09
138.252		2	2	2.5211949553e-08
167.886		0	0	1.6821771657e-08
167.886		0	1	7.1801067190e-08
167.886		0	2	1.0170830996e-07
167.886		1	0	-2.6413577103e-10
167.886		1	1	6.6838138268e-09
167.886		1	2	6.1146549990e-08
167.886		2	0	1.0348264505e-09
167.886		2	1	3.3778280300e-09
167.886		2	2	2.1035969176e-08
203.872		0	0	1.2867055866e-08
203.872		0	1	5.4755396783e-08
203.872		0	2	7.7685164902e-08
203.872		1	0	-2.0906120418e-10
203.872		1	1	5.1514886196e-09
203.872		1	2	4.5642844816e-08
203.872		2	0	8.0631267334e-10
203.872		2	1	2.6043771111e-09
203.872		2	2	1.6816654496e-08
247.572		0	0	9.9304562538e-09
247.572		0	1	4.1619976629e-08
247.572		0	2	5.8857375350e-08
247.572		1	0	-1.6322391894e-10
247.572		1	1	4.0884410408e-09
247.572		1	2	3.5739644503e-08
247.572		2	0	6.3352621063e-10
247.572		2	1	2.0072284411e-09
247.572		2	2	1.2541847731e-08
300.638		0	0	7.7249186325e-09
300.638		0	1	3.1908559666e-08
300.638		0	2	4.5034927555e-08
300.638		1	0	-1.2807576069e-10
300.638		1	1	2.9371704571e-09
300.638		1	2	2.7031587031e-08
300.638		2	0	5.0022153329e-10
300.638		2	1	1.5409950125e-09
300.638		2	2	9.6127108973e-09
365.079		0	0	6.0833092254e-09
365.079		0	1	2.4598578979e-08
365.079		0	2	3.4575913322e-08
365.079		1	0	-1.0041838074e-10
365.079		1	1	2.2389701181e-09
365.079		1	2	2.0050259285e-08
365.079		2	0	3.9712155211e-10
365.079		2	1	1.1972377578e-09
365.079		2	2	7.4507173455e-09
443.332		0	0	4.8447251135e-09
443.332		0	1	1.9167581326e-08
443.332		0	2	2.6828328041e-08
443.332		1	0	-7.8774637161e-11
443.332		1	1	1.6458554398e-09
443.332		1	2	1.4987965587e-08
443.332		2	0	3.1596327469e-10
443.332		2	1	9.3414877140e-10
443.332		2	2	5.5119937197e-09
538.359		0	0	3.8940433103e-09
538.359		0	1	1.5097313662e-08
538.359		0	2	2.1038743297e-08
538.359		1	0	-6.1508659302e-11
538.359		1	1	1.2304837887e-09
538.359		1	2	1.1102995114e-08
538.359		2	0	2.5114762144e-10
538.359		2	1	7.3424914934e-10
538.359		2	2	4.1577724785e-09
653.755		0	0	3.1447133815e-09
653.755		0	1	1.2005164981e-08
653.755		0	2	1.6665735756e-08
653.755		1	0	-4.7757591138e-11
653.755		1	1	9.2258466777e-10
653.755		1	2	8.2729931588e-09
653.755		2	0	1.9864691386e-10
653.755		2	1	5.7918144356e-10
653.755		2	2	3.1029114801e-09
793.885		0	0	2.5361024545e-09
793.885		0	1	9.6056915624e-09
793.885		0	2	1.3299802404e-08
793.885		1	0	-3.6790334159e-11
793.885		1	1	6.9961733896e-10
793.885		1	2	6.2046817695e-09
793.885		2	0	1.5571686026e-10
793.885		2	1	4.5791921177e-10
793.885		2	2	2.3193666190e-09
964.052		0	0	2.0281584252e-09
964.052		0	1	7.6945610526e-09
964.052		0	2	1.0644418516e-08
964.052		1	0	-2.8079292440e-11
964.052		1	1	5.3831822816e-10
964.052		1	2	4.7001839044e-09
964.052		2	0	1.2051966630e-10
964.052		2	1	3.6142418878e-10
964.052		2	2	1.7402467752e-09
1170.693		0	0	1.5976279934e-09
1170.693		0	1	6.1332511948e-09
1170.693		0	2	8.4945429279e-09
1170.693		1	0	-2.1216191341e-11
1170.693		1	1	4.2104589233e-10
1170.693		1	2	3.6067049914e-09
1170.693		2	0	9.1817242712e-11
1170.693		2	1	2.8366056708e-10
1170.693		2	2	1.3127822082e-09
1421.628		0	0	1.2330257980e-09
1421.628		0	1	4.8350473044e-09
1421.628		0	2	6.7181617062e-09
1421.628		1	0	-1.5869167846e-11
1421.628		1	1	3.3430089664e-10
1421.628		1	2	2.8059059071e-09
1421.628		2	0	6.8716494328e-11
1421.628		2	1	2.2052892866e-10
1421.628		2	2	9.9477293908e-10
1726.350		0	0	9.2966254913e-10
1726.350		0	1	3.7499100688e-09
1726.350		0	2	5.2360954843e-09
1726.350		1	0	-1.1753768291e-11
1726.350		1	1	2.6846396286e-10
1726.350		1	2	2.2105547041e-09
1726.350		2	0	5.0487554392e-11
1726.350		2	1	1.6922816926e-10
1726.350		2	2	7.5788455672e-10
2096.388		0	0	6.8457877068e-10
2096.388		0	1	2.8510055532e-09
2096.388		0	2	4.0049574611e-09
2096.388		1	0	-8.6255915058e-12
2096.388		1	1	2.1657355481e-10
2096.388		1	2	1.7570330180e-09
2096.388		2	0	3.6445919193e-11
2096.388		2	1	1.2781404422e-10
2096.388		2	2	5.8012854672e-10
2545.742		0	0	4.9347362135e-10
2545.742		0	1	2.1214439260e-09
2545.742		0	2	2.9990735593e-09
2545.742		1	0	-6.2736709266e-12
2545.742		1	1	1.7396600790e-10
2545.742		1	2	1.4003359084e-09
2545.742		2	0	2.5908506026e-11
2545.742		2	1	9.4835991967e-11
2545.742		2	2	4.4596391011e-10
