2.000000000000000042e-02 1.206483122849869138e+00 2.028015540698318908e+00 3.559405847936876199e+00
2.996655518394648887e-02 1.206483122849869138e+00 2.028015540698318908e+00 3.559405847936876199e+00
3.993311036789297386e-02 1.206483122849869138e+00 2.028015540698318908e+00 3.559405847936876199e+00
4.989966555183946578e-02 1.206483122849869138e+00 2.028015540698318908e+00 3.559405847936876199e+00
5.986622073578595771e-02 1.206483122849869138e+00 2.028015540698318908e+00 3.559405847936876199e+00
6.983277591973244269e-02 1.206483122849869138e+00 2.028015540698318908e+00 3.559405847936876199e+00
7.979933110367892768e-02 1.206483122849869138e+00 2.028015540698318908e+00 3.559405847936876199e+00
8.976588628762542654e-02 1.206483122849869138e+00 2.028015540698318908e+00 3.559405847936876199e+00
9.973244147157191153e-02 1.206483122849869138e+00 2.028015540698318908e+00 3.559405847936876199e+00
1.096989966555183965e-01 1.206483122849869138e+00 2.028015540698318908e+00 3.559405847936876199e+00
1.196655518394648815e-01 1.206483122849869138e+00 2.028015540698318908e+00 3.559405847936876199e+00
1.296321070234113804e-01 1.206483122849869138e+00 2.028015540698318908e+00 3.559405847936876199e+00
1.395986622073578654e-01 1.206483122849869138e+00 2.028015540698318908e+00 3.559405847936876199e+00
1.495652173913043503e-01 1.206483122849869138e+00 2.028015540698318908e+00 3.559405847936876199e+00
1.595317725752508353e-01 1.206483122849869138e+00 2.028015540698318908e+00 3.559405847936876199e+00
1.694983277591973203e-01 1.206483122849869138e+00 2.028015540698318908e+00 3.559405847936876199e+00
1.794648829431438053e-01 1.206483122849869138e+00 2.028015540698318908e+00 3.559405847936876199e+00
1.894314381270902903e-01 1.206483122849869138e+00 2.028015540698318908e+00 3.559405847936876199e+00
1.993979933110367753e-01 1.206483122849869138e+00 2.028015540698318908e+00 3.559405847936876199e+00
2.093645484949832603e-01 1.206483122849869138e+00 2.028015540698318908e+00 3.559405847936876199e+00
2.193311036789297452e-01 1.206483122849869138e+00 2.028015540698318908e+00 3.559405847936876199e+00
2.292976588628762580e-01 1.206483122849869138e+00 2.028015540698318908e+00 3.559405847936876199e+00
2.392642140468227430e-01 1.206483122849869138e+00 2.028015540698318908e+00 3.559405847936876199e+00
2.492307692307692280e-01 1.206483122849869138e+00 2.028015540698318908e+00 3.559405847936876199e+00
2.591973244147157129e-01 1.206483122849869138e+00 2.028015540698318908e+00 3.559405847936876199e+00
2.691638795986622257e-01 1.206483122849869138e+00 2.028015540698318908e+00 3.559405847936876199e+00
2.791304347826087384e-01 1.206483122849869138e+00 2.028015540698318908e+00 3.559405847936876199e+00
2.890969899665551957e-01 1.206483122849869138e+00 2.028015540698318908e+00 3.559405847936876199e+00
2.990635451505017084e-01 1.206483122849869138e+00 2.028015540698318908e+00 3.559405847936876199e+00
3.090301003344481656e-01 1.206483122849869138e+00 2.028015540698318908e+00 3.559405847936876199e+00
3.189966555183946784e-01 1.206483122849869138e+00 2.028015540698318908e+00 3.559405847936876199e+00
3.289632107023411356e-01 1.206483122849869138e+00 2.028015540698318908e+00 3.559405847936876199e+00
3.389297658862876483e-01 1.206483122849869138e+00 2.028015540698318908e+00 3.559405847936876199e+00
3.488963210702341611e-01 1.206483122849869138e+00 2.028015540698318908e+00 3.559405847936876199e+00
3.588628762541806183e-01 1.206483122849869138e+00 2.028015540698318908e+00 3.559405847936876199e+00
3.688294314381271310e-01 1.206483122849869138e+00 2.028015540698318908e+00 3.559405847936876199e+00
3.787959866220735883e-01 1.206483122849869138e+00 2.028015540698318908e+00 3.559405847936876199e+00
3.887625418060201010e-01 1.206483122849869138e+00 2.028015540698318908e+00 3.559405847936876199e+00
3.987290969899665583e-01 1.206483122849869138e+00 2.028015540698318908e+00 3.559405847936876199e+00
4.086956521739130710e-01 1.206483122849869138e+00 2.028015540698318908e+00 3.559405847936876199e+00
4.186622073578595282e-01 1.206483122849869138e+00 2.028015540698318908e+00 3.559405847936876199e+00
4.286287625418060410e-01 1.206483122849869138e+00 2.028015540698318908e+00 3.559405847936876199e+00
4.385953177257525537e-01 1.206483122849869138e+00 2.028015540698318908e+00 3.559405847936876199e+00
4.485618729096990109e-01 1.206483122849869138e+00 2.028015540698318908e+00 3.559405847936876199e+00
4.585284280936455237e-01 1.206483122849869138e+00 2.028015540698318908e+00 3.559405847936876199e+00
4.684949832775919809e-01 1.206483122849869138e+00 2.028015540698318908e+00 3.559405847936876199e+00
4.784615384615384936e-01 1.206483122849869138e+00 2.028015540698318908e+00 3.559405847936876199e+00
4.884280936454849509e-01 1.206483122849869138e+00 2.028015540698318908e+00 3.559405847936876199e+00
4.983946488294314636e-01 1.206483122849869138e+00 2.028015540698318908e+00 3.559405847936876199e+00
5.083612040133779209e-01 1.206483122849869138e+00 2.028015540698318908e+00 3.559405847936876199e+00
5.183277591973244336e-01 1.206483122849869138e+00 2.028015540698318908e+00 3.559405847936876199e+00
5.282943143812709463e-01 1.206483122849869138e+00 2.028015540698318908e+00 3.559405847936876199e+00
5.382608695652174591e-01 1.206483122849869138e+00 2.028015540698318908e+00 3.559405847936876199e+00
5.482274247491638608e-01 1.206483122849869138e+00 2.028015540698318908e+00 3.559405847936876199e+00
5.581939799331103735e-01 1.206483122849869138e+00 2.028015540698318908e+00 3.559405847936876199e+00
5.681605351170568863e-01 1.206483122849869138e+00 2.028015540698318908e+00 3.559405847936876199e+00
5.781270903010033990e-01 1.206483122849869138e+00 2.028015540698318908e+00 3.559405847936876199e+00
5.880936454849499118e-01 1.206483122849869138e+00 2.028015540698318908e+00 3.559405847936876199e+00
5.980602006688963135e-01 1.206483122849869138e+00 2.028015540698318908e+00 3.559405847936876199e+00
6.080267558528428262e-01 1.206483122849869138e+00 2.028015540698318908e+00 3.559405847936876199e+00
6.179933110367893390e-01 1.206483122849869138e+00 2.028015540698318908e+00 3.559405847936876199e+00
6.279598662207358517e-01 1.206483122849869138e+00 2.028015540698318908e+00 3.559405847936876199e+00
6.379264214046822534e-01 1.206483122849869138e+00 2.028015540698318908e+00 3.559405847936876199e+00
6.478929765886287662e-01 1.206483122849869138e+00 2.028015540698318908e+00 3.559405847936876199e+00
6.578595317725752789e-01 1.206483122849869138e+00 2.028015540698318908e+00 3.559405847936876199e+00
6.678260869565217916e-01 1.206483122849869138e+00 2.028015540698318908e+00 3.559405847936876199e+00
6.777926421404683044e-01 1.206483122849869138e+00 2.028015540698318908e+00 3.559405847936876199e+00
6.877591973244147061e-01 1.206483122849869138e+00 2.028015540698318908e+00 3.559405847936876199e+00
6.977257525083612189e-01 1.206483122849869138e+00 2.028015540698318908e+00 3.559405847936876199e+00
7.076923076923077316e-01 1.206483122849869138e+00 2.028015540698318908e+00 3.559405847936876199e+00
7.176588628762542443e-01 1.206483122849869138e+00 2.028015540698318908e+00 3.559405847936876199e+00
7.276254180602006461e-01 1.206483122849869138e+00 2.028015540698318908e+00 3.559405847936876199e+00
7.375919732441471588e-01 1.206483122849869138e+00 2.028015540698318908e+00 3.559405847936876199e+00
7.475585284280936715e-01 1.206483122849869138e+00 2.028015540698318908e+00 3.559405847936876199e+00
7.575250836120401843e-01 1.206483122849869138e+00 2.028015540698318908e+00 3.559405847936876199e+00
7.674916387959866970e-01 1.206483122849869138e+00 2.028015540698318908e+00 3.559405847936876199e+00
7.774581939799330987e-01 1.206483122849869138e+00 2.028015540698318908e+00 3.559405847936876199e+00
7.874247491638796115e-01 1.206483122849869138e+00 2.028015540698318908e+00 3.559405847936876199e+00
7.973913043478261242e-01 1.206483122849869138e+00 2.028015540698318908e+00 3.559405847936876199e+00
8.073578595317726370e-01 1.206483122849869138e+00 2.028015540698318908e+00 3.559405847936876199e+00
8.173244147157190387e-01 1.206483122849869138e+00 2.028015540698318908e+00 3.559405847936876199e+00
8.272909698996655514e-01 1.206483122849869138e+00 2.028015540698318908e+00 3.559405847936876199e+00
8.372575250836120642e-01 1.206483122849869138e+00 2.028015540698318908e+00 3.559405847936876199e+00
8.472240802675585769e-01 1.206483122849869138e+00 2.028015540698318908e+00 3.559405847936876199e+00
8.571906354515050896e-01 1.206483122849869138e+00 2.028015540698318908e+00 3.559405847936876199e+00
8.671571906354514914e-01 1.206483122849869138e+00 2.028015540698318908e+00 3.559405847936876199e+00
8.771237458193980041e-01 1.206483122849869138e+00 2.028015540698318908e+00 3.559405847936876199e+00
8.870903010033445169e-01 1.206483122849869138e+00 2.028015540698318908e+00 3.559405847936876199e+00
8.970568561872910296e-01 1.206483122849869138e+00 2.028015540698318908e+00 3.559405847936876199e+00
9.070234113712375423e-01 1.206483122849869138e+00 2.028015540698318908e+00 3.559405847936876199e+00
9.169899665551839441e-01 1.206483122849869138e+00 2.028015540698318908e+00 3.559405847936876199e+00
9.269565217391304568e-01 1.206483122849869138e+00 2.028015540698318908e+00 3.559405847936876199e+00
9.369230769230769695e-01 1.206483122849869138e+00 2.028015540698318908e+00 3.559405847936876199e+00
9.468896321070234823e-01 1.206483122849869138e+00 2.028015540698318908e+00 3.559405847936876199e+00
9.568561872909698840e-01 1.206483122849869138e+00 2.028015540698318908e+00 3.559405847936876199e+00
9.668227424749163967e-01 1.206483122849869138e+00 2.028015540698318908e+00 3.559405847936876199e+00
9.767892976588629095e-01 1.206483122849869138e+00 2.028015540698318908e+00 3.559405847936876199e+00
9.867558528428094222e-01 1.206483122849869138e+00 2.028015540698318908e+00 3.559405847936876199e+00
9.967224080267559350e-01 1.206483122849869138e+00 2.028015540698318908e+00 3.559405847936876199e+00
1.006688963210702337e+00 1.206483122849869138e+00 2.028015540698318908e+00 3.559405847936876199e+00
1.016655518394648849e+00 1.206483122849869138e+00 2.028015540698318908e+00 3.559405847936876199e+00
1.026622073578595362e+00 1.206483122849869138e+00 2.028015540698318908e+00 3.559405847936876199e+00
1.036588628762541875e+00 1.206483122849869138e+00 2.028015540698318908e+00 3.559405847936876199e+00
1.046555183946488388e+00 1.206483122849869138e+00 2.028015540698318908e+00 3.559405847936876199e+00
1.056521739130434900e+00 1.206483122849869138e+00 2.028015540698318908e+00 3.559405847936876199e+00
1.066488294314381413e+00 1.206483122849869138e+00 2.028015540698318908e+00 3.559405847936876199e+00
1.076454849498327704e+00 1.206483122849869138e+00 2.028015540698318908e+00 3.559405847936876199e+00
1.086421404682274217e+00 1.206483122849869138e+00 2.028015540698318908e+00 3.559405847936876199e+00
1.096387959866220729e+00 1.206483122849869138e+00 2.028015540698318908e+00 3.559405847936876199e+00
1.106354515050167242e+00 1.206483122849869138e+00 2.028015540698318908e+00 3.559405847936876199e+00
1.116321070234113755e+00 1.206483122849869138e+00 2.028015540698318908e+00 3.559405847936876199e+00
1.126287625418060268e+00 1.206483122849869138e+00 2.028015540698318908e+00 3.559405847936876199e+00
1.136254180602006780e+00 1.206483122849869138e+00 2.028015540698318908e+00 3.559405847936876199e+00
1.146220735785953293e+00 1.206483122849869138e+00 2.028015540698318908e+00 3.559405847936876199e+00
1.156187290969899806e+00 1.206483122849869138e+00 2.028015540698318908e+00 3.559405847936876199e+00
1.166153846153846096e+00 1.206483122849869138e+00 2.028015540698318908e+00 3.559405847936876199e+00
1.176120401337792609e+00 1.206483122849869138e+00 2.028015540698318908e+00 3.559405847936876199e+00
1.186086956521739122e+00 1.206483122849869138e+00 2.028015540698318908e+00 3.559405847936876199e+00
1.196053511705685635e+00 1.206483122849869138e+00 2.028015540698318908e+00 3.559405847936876199e+00
1.206020066889632147e+00 1.206483122849869138e+00 2.028015540698318908e+00 3.559405847936876199e+00
1.215986622073578660e+00 1.206483122849869138e+00 2.028015540698318908e+00 3.559405847936876199e+00
1.225953177257525173e+00 1.206483122849869138e+00 2.028015540698318908e+00 3.559405847936876199e+00
1.235919732441471686e+00 1.206483122849869138e+00 2.028015540698318908e+00 3.559405847936876199e+00
1.245886287625418198e+00 1.206483122849869138e+00 2.028015540698318908e+00 3.559405847936876199e+00
1.255852842809364489e+00 1.206483122849869138e+00 2.028015540698318908e+00 3.559405847936876199e+00
1.265819397993311002e+00 1.206483122849869138e+00 2.028015540698318908e+00 3.559405847936876199e+00
1.275785953177257515e+00 1.206483122849869138e+00 2.028015540698318908e+00 3.559405847936876199e+00
1.285752508361204027e+00 1.206483122849869138e+00 2.028015540698318908e+00 3.559405847936876199e+00
1.295719063545150540e+00 1.206483122849869138e+00 2.028015540698318908e+00 3.559405847936876199e+00
1.305685618729097053e+00 1.206483122849869138e+00 2.028015540698318908e+00 3.559405847936876199e+00
1.315652173913043566e+00 1.206483122849869138e+00 2.028015540698318908e+00 3.559405847936876199e+00
1.325618729096990078e+00 1.206483122849869138e+00 2.028015540698318908e+00 3.559405847936876199e+00
1.335585284280936591e+00 1.206483122849869138e+00 2.028015540698318908e+00 3.559405847936876199e+00
1.345551839464882882e+00 1.206483122849869138e+00 2.028015540698318908e+00 3.559405847936876199e+00
1.355518394648829394e+00 1.206483122849869138e+00 2.028015540698318908e+00 3.559405847936876199e+00
1.365484949832775907e+00 1.206483122849869138e+00 2.028015540698318908e+00 3.559405847936876199e+00
1.375451505016722420e+00 1.206483122849869138e+00 2.028015540698318908e+00 3.559405847936876199e+00
1.385418060200668933e+00 1.206483122849869138e+00 2.028015540698318908e+00 3.559405847936876199e+00
1.395384615384615445e+00 1.206483122849869138e+00 2.028015540698318908e+00 3.559405847936876199e+00
1.405351170568561958e+00 1.206483122849869138e+00 2.028015540698318908e+00 3.559405847936876199e+00
1.415317725752508471e+00 1.206483122849869138e+00 2.028015540698318908e+00 3.559405847936876199e+00
1.425284280936454984e+00 1.206483122849869138e+00 2.028015540698318908e+00 3.559405847936876199e+00
1.435250836120401274e+00 1.206483122849869138e+00 2.028015540698318908e+00 3.559405847936876199e+00
1.445217391304347787e+00 1.206483122849869138e+00 2.028015540698318908e+00 3.559405847936876199e+00
1.455183946488294300e+00 1.206483122849869138e+00 2.028015540698318908e+00 3.559405847936876199e+00
1.465150501672240813e+00 1.206483122849869138e+00 2.028015540698318908e+00 3.559405847936876199e+00
1.475117056856187325e+00 1.206483122849869138e+00 2.028015540698318908e+00 3.559405847936876199e+00
1.485083612040133838e+00 1.206483122849869138e+00 2.028015540698318908e+00 3.559405847936876199e+00
1.495050167224080351e+00 1.206483122849869138e+00 2.028015540698318908e+00 3.559405847936876199e+00
1.505016722408026864e+00 1.206483122849869138e+00 2.028015540698318908e+00 3.559405847936876199e+00
1.514983277591973376e+00 1.206483122849869138e+00 2.028015540698318908e+00 3.559405847936876199e+00
1.524949832775919667e+00 1.206483122849869138e+00 2.028015540698318908e+00 3.559405847936876199e+00
1.534916387959866180e+00 1.206483122849869138e+00 2.028015540698318908e+00 3.559405847936876199e+00
1.544882943143812692e+00 1.206483122849869138e+00 2.028015540698318908e+00 3.559405847936876199e+00
1.554849498327759205e+00 1.206483122849869138e+00 2.028015540698318908e+00 3.559405847936876199e+00
1.564816053511705718e+00 1.206483122849869138e+00 2.028015540698318908e+00 3.559405847936876199e+00
1.574782608695652231e+00 1.206483122849869138e+00 2.028015540698318908e+00 3.559405847936876199e+00
1.584749163879598743e+00 1.206483122849869138e+00 2.028015540698318908e+00 3.559405847936876199e+00
1.594715719063545256e+00 1.206483122849869138e+00 2.028015540698318908e+00 3.559405847936876199e+00
1.604682274247491769e+00 1.206483122849869138e+00 2.028015540698318908e+00 3.559405847936876199e+00
1.614648829431438060e+00 1.206483122849869138e+00 2.028015540698318908e+00 3.559405847936876199e+00
1.624615384615384572e+00 1.206483122849869138e+00 2.028015540698318908e+00 3.559405847936876199e+00
1.634581939799331085e+00 1.206483122849869138e+00 2.028015540698318908e+00 3.559405847936876199e+00
1.644548494983277598e+00 1.206483122849869138e+00 2.028015540698318908e+00 3.559405847936876199e+00
1.654515050167224111e+00 1.206483122849869138e+00 2.028015540698318908e+00 3.559405847936876199e+00
1.664481605351170623e+00 1.206483122849869138e+00 2.028015540698318908e+00 3.559405847936876199e+00
1.674448160535117136e+00 1.206483122849869138e+00 2.028015540698318908e+00 3.559405847936876199e+00
1.684414715719063649e+00 1.206483122849869138e+00 2.028015540698318908e+00 3.559405847936876199e+00
1.694381270903010162e+00 1.206483122849869138e+00 2.028015540698318908e+00 3.559405847936876199e+00
1.704347826086956674e+00 1.206483122849869138e+00 2.028015540698318908e+00 3.559405847936876199e+00
1.714314381270902965e+00 1.206483122849869138e+00 2.028015540698318908e+00 3.559405847936876199e+00
1.724280936454849478e+00 1.206483122849869138e+00 2.028015540698318908e+00 3.559405847936876199e+00
1.734247491638795990e+00 1.206483122849869138e+00 2.028015540698318908e+00 3.559405847936876199e+00
1.744214046822742503e+00 1.206483122849869138e+00 2.028015540698318908e+00 3.559405847936876199e+00
1.754180602006689016e+00 1.206483122849869138e+00 2.028015540698318908e+00 3.559405847936876199e+00
1.764147157190635529e+00 1.206483122849869138e+00 2.028015540698318908e+00 3.559405847936876199e+00
1.774113712374582041e+00 1.206483122849869138e+00 2.028015540698318908e+00 3.559405847936876199e+00
1.784080267558528554e+00 1.206483122849869138e+00 2.028015540698318908e+00 3.559405847936876199e+00
1.794046822742475067e+00 1.206483122849869138e+00 2.028015540698318908e+00 3.559405847936876199e+00
1.804013377926421358e+00 1.206483122849869138e+00 2.028015540698318908e+00 3.559405847936876199e+00
1.813979933110367870e+00 1.206483122849869138e+00 2.028015540698318908e+00 3.559405847936876199e+00
1.823946488294314383e+00 1.206483122849869138e+00 2.028015540698318908e+00 3.559405847936876199e+00
1.833913043478260896e+00 1.206483122849869138e+00 2.028015540698318908e+00 3.559405847936876199e+00
1.843879598662207409e+00 1.206483122849869138e+00 2.028015540698318908e+00 3.559405847936876199e+00
1.853846153846153921e+00 1.206483122849869138e+00 2.028015540698318908e+00 3.559405847936876199e+00
1.863812709030100434e+00 1.206483122849869138e+00 2.028015540698318908e+00 3.559405847936876199e+00
1.873779264214046947e+00 1.206483122849869138e+00 2.028015540698318908e+00 3.559405847936876199e+00
1.883745819397993460e+00 1.206483122849869138e+00 2.028015540698318908e+00 3.559405847936876199e+00
1.893712374581939750e+00 1.206483122849869138e+00 2.028015540698318908e+00 3.559405847936876199e+00
1.903678929765886263e+00 1.206483122849869138e+00 2.028015540698318908e+00 3.559405847936876199e+00
1.913645484949832776e+00 1.206483122849869138e+00 2.028015540698318908e+00 3.559405847936876199e+00
1.923612040133779288e+00 1.206483122849869138e+00 2.028015540698318908e+00 3.559405847936876199e+00
1.933578595317725801e+00 1.206483122849869138e+00 2.028015540698318908e+00 3.559405847936876199e+00
1.943545150501672314e+00 1.206483122849869138e+00 2.028015540698318908e+00 3.559405847936876199e+00
1.953511705685618827e+00 1.206483122849869138e+00 2.028015540698318908e+00 3.559405847936876199e+00
1.963478260869565339e+00 1.206483122849869138e+00 2.028015540698318908e+00 3.559405847936876199e+00
1.973444816053511852e+00 1.206483122849869138e+00 2.028015540698318908e+00 3.559405847936876199e+00
1.983411371237458143e+00 1.206483122849869138e+00 2.028015540698318908e+00 3.559405847936876199e+00
1.993377926421404656e+00 1.206483122849869138e+00 2.028015540698318908e+00 3.559405847936876199e+00
2.003344481605350946e+00 1.206483122849869138e+00 2.028015540698318908e+00 3.559405847936876199e+00
2.013311036789297681e+00 1.206483122849869138e+00 2.028015540698318908e+00 3.559405847936876199e+00
2.023277591973244416e+00 1.206483122849869138e+00 2.028015540698318908e+00 3.559405847936876199e+00
2.033244147157190707e+00 1.206483122849869138e+00 2.028015540698318908e+00 3.559405847936876199e+00
2.043210702341136997e+00 1.206483122849869138e+00 2.028015540698318908e+00 3.559405847936876199e+00
2.053177257525083732e+00 1.206483122849869138e+00 2.028015540698318908e+00 3.559405847936876199e+00
2.063143812709030023e+00 1.206483122849869138e+00 2.028015540698318908e+00 3.559405847936876199e+00
2.073110367892976758e+00 1.206483122849869138e+00 2.028015540698318908e+00 3.559405847936876199e+00
2.083076923076923048e+00 1.206483122849869138e+00 2.028015540698318908e+00 3.559405847936876199e+00
2.093043478260869783e+00 1.206483122849869138e+00 2.028015540698318908e+00 3.559405847936876199e+00
2.103010033444816074e+00 1.206483122849869138e+00 2.028015540698318908e+00 3.559405847936876199e+00
2.112976588628762808e+00 1.206483122849869138e+00 2.028015540698318908e+00 3.559405847936876199e+00
2.122943143812709099e+00 1.206483122849869138e+00 2.028015540698318908e+00 3.559405847936876199e+00
2.132909698996655390e+00 1.206483122849869138e+00 2.028015540698318908e+00 3.559405847936876199e+00
2.142876254180602125e+00 1.206483122849869138e+00 2.028015540698318908e+00 3.559405847936876199e+00
2.152842809364548415e+00 1.206483122849869138e+00 2.028015540698318908e+00 3.559405847936876199e+00
2.162809364548495150e+00 1.206483122849869138e+00 2.028015540698318908e+00 3.559405847936876199e+00
2.172775919732441441e+00 1.206483122849869138e+00 2.028015540698318908e+00 3.559405847936876199e+00
2.182742474916388176e+00 1.206483122849869138e+00 2.028015540698318908e+00 3.559405847936876199e+00
2.192709030100334466e+00 1.206483122849869138e+00 2.028015540698318908e+00 3.559405847936876199e+00
2.202675585284281201e+00 1.206483122849869138e+00 2.028015540698318908e+00 3.559405847936876199e+00
2.212642140468227492e+00 1.206483122849869138e+00 2.028015540698318908e+00 3.559405847936876199e+00
2.222608695652173783e+00 1.206483122849869138e+00 2.028015540698318908e+00 3.559405847936876199e+00
2.232575250836120517e+00 1.206483122849869138e+00 2.028015540698318908e+00 3.559405847936876199e+00
2.242541806020066808e+00 1.206483122849869138e+00 2.028015540698318908e+00 3.559405847936876199e+00
2.252508361204013543e+00 1.206483122849869138e+00 2.028015540698318908e+00 3.559405847936876199e+00
2.262474916387959833e+00 1.206483122849869138e+00 2.028015540698318908e+00 3.559405847936876199e+00
2.272441471571906568e+00 1.206483122849869138e+00 2.028015540698318908e+00 3.559405847936876199e+00
2.282408026755852859e+00 1.206483122849869138e+00 2.028015540698318908e+00 3.559405847936876199e+00
2.292374581939799594e+00 1.206483122849869138e+00 2.028015540698318908e+00 3.559405847936876199e+00
2.302341137123745884e+00 1.206483122849869138e+00 2.028015540698318908e+00 3.559405847936876199e+00
2.312307692307692175e+00 1.206483122849869138e+00 2.028015540698318908e+00 3.559405847936876199e+00
2.322274247491638910e+00 1.206483122849869138e+00 2.028015540698318908e+00 3.559405847936876199e+00
2.332240802675585201e+00 1.206483122849869138e+00 2.028015540698318908e+00 3.559405847936876199e+00
2.342207357859531935e+00 1.206483122849869138e+00 2.028015540698318908e+00 3.559405847936876199e+00
2.352173913043478226e+00 1.206483122849869138e+00 2.028015540698318908e+00 3.559405847936876199e+00
2.362140468227424961e+00 1.206483122849869138e+00 2.028015540698318908e+00 3.559405847936876199e+00
2.372107023411371252e+00 1.206483122849869138e+00 2.028015540698318908e+00 3.559405847936876199e+00
2.382073578595317986e+00 1.206483122849869138e+00 2.028015540698318908e+00 3.559405847936876199e+00
2.392040133779264277e+00 1.206483122849869138e+00 2.028015540698318908e+00 3.559405847936876199e+00
2.402006688963210568e+00 1.206483122849869138e+00 2.028015540698318908e+00 3.559405847936876199e+00
2.411973244147157303e+00 1.206483122849869138e+00 2.028015540698318908e+00 3.559405847936876199e+00
2.421939799331103593e+00 1.206483122849869138e+00 2.028015540698318908e+00 3.559405847936876199e+00
2.431906354515050328e+00 1.206483122849869138e+00 2.028015540698318908e+00 3.559405847936876199e+00
2.441872909698996619e+00 1.206483122849869138e+00 2.028015540698318908e+00 3.559405847936876199e+00
2.451839464882943354e+00 1.206483122849869138e+00 2.028015540698318908e+00 3.559405847936876199e+00
2.461806020066889644e+00 1.206483122849869138e+00 2.028015540698318908e+00 3.559405847936876199e+00
2.471772575250836379e+00 1.206483122849869138e+00 2.028015540698318908e+00 3.559405847936876199e+00
2.481739130434782670e+00 1.206483122849869138e+00 2.028015540698318908e+00 3.559405847936876199e+00
2.491705685618728960e+00 1.206483122849869138e+00 2.028015540698318908e+00 3.559405847936876199e+00
2.501672240802675695e+00 1.206483122849869138e+00 2.028015540698318908e+00 3.559405847936876199e+00
2.511638795986621986e+00 1.206483122849869138e+00 2.028015540698318908e+00 3.559405847936876199e+00
2.521605351170568721e+00 1.206483122849869138e+00 2.028015540698318908e+00 3.559405847936876199e+00
2.531571906354515011e+00 1.206483122849869138e+00 2.028015540698318908e+00 3.559405847936876199e+00
2.541538461538461746e+00 1.206483122849869138e+00 2.028015540698318908e+00 3.559405847936876199e+00
2.551505016722408037e+00 1.206483122849869138e+00 2.028015540698318908e+00 3.559405847936876199e+00
2.561471571906354772e+00 1.206483122849869138e+00 2.028015540698318908e+00 3.559405847936876199e+00
2.571438127090301062e+00 1.206483122849869138e+00 2.028015540698318908e+00 3.559405847936876199e+00
2.581404682274247353e+00 1.206483122849869138e+00 2.028015540698318908e+00 3.559405847936876199e+00
2.591371237458194088e+00 1.206483122849869138e+00 2.028015540698318908e+00 3.559405847936876199e+00
2.601337792642140379e+00 1.206483122849869138e+00 2.028015540698318908e+00 3.559405847936876199e+00
2.611304347826087113e+00 1.206483122849869138e+00 2.028015540698318908e+00 3.559405847936876199e+00
2.621270903010033404e+00 1.206483122849869138e+00 2.028015540698318908e+00 3.559405847936876199e+00
2.631237458193980139e+00 1.206483122849869138e+00 2.028015540698318908e+00 3.559405847936876199e+00
2.641204013377926429e+00 1.206483122849869138e+00 2.028015540698318908e+00 3.559405847936876199e+00
2.651170568561873164e+00 1.206483122849869138e+00 2.028015540698318908e+00 3.559405847936876199e+00
2.661137123745819455e+00 1.206483122849869138e+00 2.028015540698318908e+00 3.559405847936876199e+00
2.671103678929765746e+00 1.206483122849869138e+00 2.028015540698318908e+00 3.559405847936876199e+00
2.681070234113712480e+00 1.206483122849869138e+00 2.028015540698318908e+00 3.559405847936876199e+00
2.691036789297658771e+00 1.206483122849869138e+00 2.028015540698318908e+00 3.559405847936876199e+00
2.701003344481605506e+00 1.206483122849869138e+00 2.028015540698318908e+00 3.559405847936876199e+00
2.710969899665551797e+00 1.206483122849869138e+00 2.028015540698318908e+00 3.559405847936876199e+00
2.720936454849498531e+00 1.206483122849869138e+00 2.028015540698318908e+00 3.559405847936876199e+00
2.730903010033444822e+00 1.206483122849869138e+00 2.028015540698318908e+00 3.559405847936876199e+00
2.740869565217391557e+00 1.206483122849869138e+00 2.028015540698318908e+00 3.559405847936876199e+00
2.750836120401337848e+00 1.206483122849869138e+00 2.028015540698318908e+00 3.559405847936876199e+00
2.760802675585284138e+00 1.206483122849869138e+00 2.028015540698318908e+00 3.559405847936876199e+00
2.770769230769230873e+00 1.206483122849869138e+00 2.028015540698318908e+00 3.559405847936876199e+00
2.780735785953177164e+00 1.206483122849869138e+00 2.028015540698318908e+00 3.559405847936876199e+00
2.790702341137123899e+00 1.206483122849869138e+00 2.028015540698318908e+00 3.559405847936876199e+00
2.800668896321070189e+00 1.206483122849869138e+00 2.028015540698318908e+00 3.559405847936876199e+00
2.810635451505016924e+00 1.206483122849869138e+00 2.028015540698318908e+00 3.559405847936876199e+00
2.820602006688963215e+00 1.206483122849869138e+00 2.028015540698318908e+00 3.559405847936876199e+00
2.830568561872909950e+00 1.206483122849869138e+00 2.028015540698318908e+00 3.559405847936876199e+00
2.840535117056856240e+00 1.206483122849869138e+00 2.028015540698318908e+00 3.559405847936876199e+00
2.850501672240802531e+00 1.206483122849869138e+00 2.028015540698318908e+00 3.559405847936876199e+00
2.860468227424749266e+00 1.206483122849869138e+00 2.028015540698318908e+00 3.559405847936876199e+00
2.870434782608695556e+00 1.206483122849869138e+00 2.028015540698318908e+00 3.559405847936876199e+00
2.880401337792642291e+00 1.206483122849869138e+00 2.028015540698318908e+00 3.559405847936876199e+00
2.890367892976588582e+00 1.206483122849869138e+00 2.028015540698318908e+00 3.559405847936876199e+00
2.900334448160535317e+00 1.206483122849869138e+00 2.028015540698318908e+00 3.559405847936876199e+00
2.910301003344481607e+00 1.206483122849869138e+00 2.028015540698318908e+00 3.559405847936876199e+00
2.920267558528428342e+00 1.206483122849869138e+00 2.028015540698318908e+00 3.559405847936876199e+00
2.930234113712374633e+00 1.206483122849869138e+00 2.028015540698318908e+00 3.559405847936876199e+00
2.940200668896320924e+00 1.206483122849869138e+00 2.028015540698318908e+00 3.559405847936876199e+00
2.950167224080267658e+00 1.206483122849869138e+00 2.028015540698318908e+00 3.559405847936876199e+00
2.960133779264213949e+00 1.206483122849869138e+00 2.028015540698318908e+00 3.559405847936876199e+00
2.970100334448160684e+00 1.206483122849869138e+00 2.028015540698318908e+00 3.559405847936876199e+00
2.980066889632106975e+00 1.206483122849869138e+00 2.028015540698318908e+00 3.559405847936876199e+00
2.990033444816053709e+00 1.206483122849869138e+00 2.028015540698318908e+00 3.559405847936876199e+00
3.000000000000000000e+00 1.206483122849869138e+00 2.028015540698318908e+00 3.559405847936876199e+00
