8.986922605926640332e+06 -1.112938575856664591e+07 3.557712469307640102e+06 7.288293791497581406e+05 2.913918136566864327e+06 3.613227249839246273e+06 2.238280059441860765e+07 5.132844257490271048e+03 7.285518609434714563e+03 -1.685250656307376175e+03 6.982868245708338218e+05 1.023948996484199073e+06 9.037694257197170518e+05 9.166350681757351849e+05 8.867630640750190942e+05 8.586295459752683528e+05 8.813921780661786906e+05 8.983604524605937768e+05 8.433233691889552865e+05 6.360323875507405028e+05
-1.112938575856922008e+07 1.762534413274300098e+07 -6.023283243270564824e+06 -1.232415185454979772e+06 -4.469870159999202937e+06 -5.229737995742055587e+06 -3.420738487938838452e+07 -4.261334255575656016e+01 -2.859021040687906634e+01 8.365922249523055143e+01 -7.706749665211263346e+05 -1.444846945812292863e+06 -1.719852788384170970e+06 -1.752000610529462807e+06 -1.751950956155615626e+06 -1.425662668997513130e+06 -1.561604214277929394e+06 -1.383107735481964191e+06 -1.307060974960023770e+06 -9.101748650080162333e+05
3.557712469307113439e+06 -6.023283243269984610e+06 2.592716862152801827e+06 5.351056553730004234e+05 1.518662510461177211e+06 1.570090255964346929e+06 1.398121013765113056e+07 4.510967121334285252e+02 5.559287001319172532e+02 -3.668520463900839559e+02 2.112500384875053423e+05 4.992699892886093585e+05 6.884240996293228818e+05 7.849267238066163845e+05 7.928483783566683996e+05 7.202710083268493181e+05 6.983654875279471744e+05 6.470002675426718779e+05 5.568450576887998031e+05 3.780468929477662896e+05
7.288293791496186750e+05 -1.232415185454821447e+06 5.351056553730033338e+05 1.132512891231570975e+05 3.067689512389292940e+05 2.905521369527835050e+05 2.811722837645723950e+06 1.578203052121492362e+02 2.095765091734885743e+02 -8.994902953078710084e+01 2.420879833737416266e+04 7.182080804260185687e+04 1.101145016828927910e+05 1.392701311024342140e+05 1.553444539471217431e+05 1.451356810391686158e+05 1.518929547455427237e+05 1.455253877954821801e+05 1.335059802270531363e+05 9.564686256533337291e+04
2.913918136567436159e+06 -4.469870159999174997e+06 1.518662510461349506e+06 3.067689512389717856e+05 1.169454234523826744e+06 1.475546189335501986e+06 8.775846373597268015e+06 -6.690936783357031459e+00 -2.026252310608204255e+01 -1.936172179364660906e+01 2.579558793251017341e+05 4.471978755293771392e+05 4.602326215130521450e+05 4.520693224066757248e+05 4.189699798435097910e+05 3.671248586398209445e+05 3.576004105914037791e+05 3.413564429014385096e+05 3.037792275594320381e+05 2.152069050609836413e+05
3.613227249839719385e+06 -5.229737995741609484e+06 1.570090255964654032e+06 2.905521369528514333e+05 1.475546189335400471e+06 2.386631974043230060e+06 9.940619437624987215e+06 -6.577588978710296885e+01 -1.157350157255620076e+02 -1.673086328262530742e+01 5.844094293868271634e+05 8.759882443878910271e+05 7.108120381951702293e+05 6.074612928285679081e+05 4.695422728532153415e+05 3.317446059881682741e+05 2.594056789575419098e+05 2.128836581179197528e+05 1.492210076622699271e+05 8.768085688863991527e+04
2.238280059441561624e+07 -3.420738487938260287e+07 1.398121013765129633e+07 2.811722837645752355e+06 8.775846373595813289e+06 9.940619437622882426e+06 8.038428043843899667e+07 2.386679620715252099e+02 2.403687216023362794e+02 -3.056231748774431480e+02 2.007892385722154984e+06 3.915591163634980563e+06 4.407024856661983766e+06 4.611813403365129605e+06 4.316429369642628357e+06 3.772951639563363977e+06 3.490974813805793878e+06 3.207611625884309877e+06 2.672700302464844659e+06 1.793040185893045506e+06
5.132844257442001435e+03 -4.261334251748240831e+01 4.510967121389913927e+02 1.578203052130349704e+02 -6.690936794883043603e+00 -6.577588980107438488e+01 2.386679620767768029e+02 1.014492402417187236e+03 1.406381457883874418e+03 -4.234788299400211145e+02 3.293044274248311609e+01 2.417011988056837879e+01 1.040741385915155082e+00 3.290533082548324728e+01 2.509808378827639785e+01 -1.552393122654181568e+01 4.006599325583616888e+01 6.710411844320509189e+00 5.520031505478236511e+00 -1.094541110327845246e+02
7.285518609399856359e+03 -2.859021038812238658e+01 5.559287001364001526e+02 2.095765091742732125e+02 -2.026252311247533555e+01 -1.157350157336703091e+02 2.403687216015112256e+02 1.406381457883873736e+03 2.002843411858678564e+03 -4.494835783872165962e+02 -1.360897246870129891e+02 1.338410146871096060e+02 -8.869391449997847232e+00 3.757541651710075570e+01 2.736437417220067658e+01 -1.361850676227176926e+01 5.352538027283986111e+01 1.061270684860012281e+01 2.676993762957942380e+01 -1.709457303722323047e+02
-1.685250656194448766e+03 8.365922238580765224e+01 -3.668520464018167786e+02 -8.994902953247013500e+01 -1.936172176313306181e+01 -1.673086324678837400e+01 -3.056231748988544723e+02 -4.234788299400361211e+02 -4.494835783872371735e+02 5.465715073035302112e+02 -4.478463855644790783e+02 2.134495525726090364e+02 -1.812948906796150794e+01 -6.184737480299212109e+00 -3.297526165813322052e+01 1.400618142698588642e+01 -3.315381907470868583e+01 -1.029910637566481046e+00 6.248963790428622644e+01 -8.351752049813747192e+00
6.982868245710831834e+05 -7.706749665214375127e+05 2.112500384877543547e+05 2.420879833742152550e+04 2.579558793252078467e+05 5.844094293870585971e+05 2.007892385722975247e+06 3.293044274131912630e+01 -1.360897246860409098e+02 -4.478463855570504393e+02 1.207450749205571134e+06 -1.804429678107753571e+05 4.232141152343854628e+04 6.356115087484068681e+03 5.035819981837602427e+03 2.336350915915901624e+03 1.605783930262080730e+03 1.037245494775124826e+03 6.331800785416262443e+02 2.974439997195940464e+02
1.023948996483908151e+06 -1.444846945811509620e+06 4.992699892887067399e+05 7.182080804261504090e+04 4.471978755291927373e+05 8.759882443877685582e+05 3.915591163635528181e+06 2.417011988198754935e+01 1.338410146886657515e+02 2.134495525700350527e+02 -1.804429678108062071e+05 2.815317626372009050e+06 -6.940567174128635088e+05 4.463136368794482405e+04 9.782559371240655310e+03 5.812191908430590956e+03 3.486242319134365971e+03 2.091937366128499434e+03 1.256643126786291305e+03 5.180522731259106877e+02
9.037694257190929493e+05 -1.719852788383698091e+06 6.884240996291607153e+05 1.101145016828646330e+05 4.602326215128781041e+05 7.108120381947431015e+05 4.407024856660874560e+06 1.040741379620477636e+00 -8.869391454847312062e+00 -1.812948905431741409e+01 4.232141152305956348e+04 -6.940567174129131017e+05 3.125090888420990668e+06 -3.282438921733006719e+05 3.900455916627992701e+04 8.228910705667056391e+03 5.077122895612563298e+03 2.552046005347420305e+03 1.441520787467751916e+03 6.089927947650247688e+02
9.166350681750869844e+05 -1.752000610528562916e+06 7.849267238065988058e+05 1.392701311024319730e+05 4.520693224064555252e+05 6.074612928282249486e+05 4.611813403364757076e+06 3.290533082115157981e+01 3.757541651419635542e+01 -6.184737470587751140e+00 6.356115087291179407e+03 4.463136368782813224e+04 -3.282438921732173767e+05 2.693134533164973371e+06 -2.320731461514117254e+05 2.953972618925305869e+04 6.920222933395691143e+03 3.586104770843571714e+03 1.829544269132314639e+03 7.323315643399479313e+02
8.867630640746948775e+05 -1.751950956155187450e+06 7.928483783566689817e+05 1.553444539471199096e+05 4.189699798433967517e+05 4.695422728530263994e+05 4.316429369642631151e+06 2.509808379033048453e+01 2.736437417412369655e+01 -3.297526166065257769e+01 5.035819981747106795e+03 9.782559371214922066e+03 3.900455916633390007e+04 -2.320731461514407420e+05 2.413746936434664298e+06 -2.686754557809293037e+05 2.713530480732304204e+04 4.800363779009208884e+03 2.293230596604997572e+03 8.490190055041811092e+02
8.586295459754631156e+05 -1.425662668997708475e+06 7.202710083268097369e+05 1.451356810391579929e+05 3.671248586398722255e+05 3.317446059882129775e+05 3.772951639563419856e+06 -1.552393122872249620e+01 -1.361850676544960059e+01 1.400618142824066403e+01 2.336350915972264829e+03 5.812191908401662658e+03 8.228910705668718947e+03 2.953972618920467721e+04 -2.686754557809570106e+05 2.107872641522018705e+06 -2.355434985152790905e+05 1.228184812818049249e+04 2.829467367306186134e+03 9.390455967503844477e+02
8.813921780660334043e+05 -1.561604214277848136e+06 6.983654875279510161e+05 1.518929547455442080e+05 3.576004105913704261e+05 2.594056789574760187e+05 3.490974813805730548e+06 4.006599325487610486e+01 5.352538027213943650e+01 -3.315381907273155804e+01 1.605783930219959529e+03 3.486242319123382458e+03 5.077122895616367714e+03 6.920222933409949292e+03 2.713530480730948693e+04 -2.355434985152591835e+05 1.719510020588097628e+06 -7.817921884344134014e+04 8.341638862814766981e+03 1.400536857121200228e+03
8.983604524606554769e+05 -1.383107735482098069e+06 6.470002675426609349e+05 1.455253877954796189e+05 3.413564429014693014e+05 2.128836581179528148e+05 3.207611625884274486e+06 6.710411843849223956e+00 1.061270684809502463e+01 -1.029910637064936019e+00 1.037245494776850364e+03 2.091937366127647238e+03 2.552046005345297999e+03 3.586104770846206065e+03 4.800363779011823681e+03 1.228184812817717102e+04 -7.817921884344624414e+04 1.371205945367020089e+06 -9.047139258947529015e+04 2.456593384236466136e+03
8.433233691889042966e+05 -1.307060974959931569e+06 5.568450576888013165e+05 1.335059802270536311e+05 3.037792275594116654e+05 1.492210076622464694e+05 2.672700302464830689e+06 5.520031505159066043e+00 2.676993762915575559e+01 6.248963790445596089e+01 6.331800785364143849e+02 1.256643126783991875e+03 1.441520787467485661e+03 1.829544269130136172e+03 2.293230596604962102e+03 2.829467367305423068e+03 8.341638862811356375e+03 -9.047139258947486815e+04 1.041818350277201505e+06 -3.382351669517227947e+03
6.360323875507138437e+05 -9.101748650080085499e+05 3.780468929477681522e+05 9.564686256533431879e+04 2.152069050609813712e+05 8.768085688863809628e+04 1.793040185893008020e+06 -1.094541110325009186e+02 -1.709457303718737080e+02 -8.351752050062074773e+00 2.974439997192790770e+02 5.180522731255634881e+02 6.089927947651883642e+02 7.323315643414001670e+02 8.490190055051006084e+02 9.390455967489821205e+02 1.400536857120840068e+03 2.456593384243959008e+03 -3.382351669521275653e+03 4.936218803535925108e+05
