1.207485028441277891e+07 -1.090005476540146023e+07 3.038118921943416819e+06 6.591795831828102237e+05 2.842842222142480314e+06 3.463915338917500805e+06 2.174975787710259855e+07 4.043810898759739757e+03 6.518354470501686592e+03 6.560626990316459342e+02 -3.988905700943553529e+04 4.293320326009596465e+05 6.303567631223610369e+05 8.038555714569931151e+05 8.620511548925591633e+05 8.695234365818107035e+05 8.982194468329406809e+05 9.234613176047442248e+05 8.587779592534549301e+05 6.452224820842839545e+05
-1.090005476540147141e+07 1.909992223363599181e+07 -6.622740435274871998e+06 -1.313301359683122020e+06 -4.959609920396942645e+06 -6.312273334851024672e+06 -3.742867100773194432e+07 1.558557792401379629e+02 9.395780821318862763e+01 -3.701026005193780293e+02 -2.385539787507500965e+06 -1.856495886317114346e+06 -1.913291834672346245e+06 -1.815626476746624336e+06 -1.771991467874859693e+06 -1.431290401877687080e+06 -1.569223872744704131e+06 -1.397294988033686765e+06 -1.318862818515826017e+06 -9.160423694098530104e+05
3.038118921943414025e+06 -6.622740435274864547e+06 2.920656304070682265e+06 5.825169798844929319e+05 1.711472244995573070e+06 1.976125237986950204e+06 1.534734117222607322e+07 5.479251570833821461e+02 6.392935543829997869e+02 -5.436903348197348578e+02 8.089725592080103233e+05 7.784487661864955444e+05 8.378205161195675610e+05 8.533236129894796759e+05 8.178162342093605548e+05 7.322476975358666386e+05 7.007652273692473536e+05 6.556216076364687178e+05 5.601649086446495494e+05 3.799369299506101524e+05
6.591795831828095252e+05 -1.313301359683121089e+06 5.825169798844940960e+05 1.205478188239133451e+05 3.319168470703834901e+05 3.403758157456064946e+05 3.001766196966587566e+06 1.734965472062408764e+02 2.238873564974483088e+02 -1.160146338136805042e+02 8.971021492307107837e+04 1.118809828592230042e+05 1.342485504345459922e+05 1.519211503578497504e+05 1.609807462621369341e+05 1.480315629289613862e+05 1.528355752912448661e+05 1.477695402116893965e+05 1.345719530129341001e+05 9.631296786996304581e+04
2.842842222142477985e+06 -4.959609920396935195e+06 1.711472244995569810e+06 3.319168470703830826e+05 1.334037959040935617e+06 1.845750477403195808e+06 9.834970699163857847e+06 -7.065714450894000720e+01 -5.616617567865444016e+01 1.341820669099973884e+02 8.283306413590617012e+05 5.744153361036919523e+05 5.135246309418643941e+05 4.678335256839900976e+05 4.216250122038107365e+05 3.684273687869631685e+05 3.577112659247435513e+05 3.449126070765255718e+05 3.057961499737417325e+05 2.165765599811023276e+05
3.463915338917511515e+06 -6.312273334851013497e+06 1.976125237986952066e+06 3.403758157456062036e+05 1.845750477403195808e+06 3.241873416202630382e+06 1.224421848595191166e+07 -2.096303010599880281e+02 -1.919840803420000839e+02 3.354086779790262653e+02 1.956773170838997699e+06 1.124895265281775268e+06 8.004763438075289596e+05 6.276894797242823988e+05 4.671162987611871213e+05 3.272169565730766044e+05 2.547634689788659743e+05 2.108066410475564480e+05 1.477003489319909713e+05 8.727362718537276669e+04
2.174975787710263208e+07 -3.742867100773188472e+07 1.534734117222607695e+07 3.001766196966589894e+06 9.834970699163846672e+06 1.224421848595188558e+07 8.748540649862147868e+07 -1.288307675317039411e+02 -2.007550221964720549e+00 4.986221367534976707e+02 5.306702182967267931e+06 4.934973648991684429e+06 4.869675650647016242e+06 4.799127385135652497e+06 4.383811574472063221e+06 3.823636665806654375e+06 3.509671586369603407e+06 3.259984476442517713e+06 2.694640713003925513e+06 1.804775972256327281e+06
4.043810898759699739e+03 1.558557792401827555e+02 5.479251570833637288e+02 1.734965472062375795e+02 -7.065714450894648735e+01 -2.096303010599850154e+02 -1.288307675318199017e+02 1.016158241187385329e+03 1.408301025366495423e+03 -4.251359370167065777e+02 1.410982960207871884e+02 3.459391533160180643e+01 3.525495247869086768e+01 5.811303439860705566e+01 5.750786348162167627e+01 -1.572060549020911147e+01 1.314336225341683217e+01 2.624310033340538340e+01 -4.052636848436087291e+01 -7.444034418977797429e+01
6.518354470501650212e+03 9.395780821322841803e+01 6.392935543829811422e+02 2.238873564974438750e+02 -5.616617567865728233e+01 -1.919840803419918984e+02 -2.007550222092049808e+00 1.408301025366494969e+03 2.005283509710353428e+03 -4.508145580508188459e+02 6.008654260386463619e+01 2.742868632749922142e+01 2.774531455147297621e+01 5.534502418148015579e+01 6.075131106624284172e+01 -9.472164603767883051e+00 2.256073137720632360e+01 3.926344352200217003e+01 -4.136283399908868574e+01 -1.162702884959262803e+02
6.560626990317123273e+02 -3.701026005194548816e+02 -5.436903348197206469e+02 -1.160146338136779605e+02 1.341820669100110308e+02 3.354086779790297896e+02 4.986221367536018079e+02 -4.251359370167064071e+02 -4.508145580508203238e+02 5.497119189686500249e+02 -4.158822349505768443e+02 -7.962924615954560181e+01 -7.480521706097179901e+01 -6.734233921767641107e+01 -6.280954641809443473e+01 2.171161198798318281e+01 -2.665903234869862803e+00 -7.788117248045656638e+00 7.295317687735071388e+01 -5.979824402932288230e+00
-3.988905700943301781e+04 -2.385539787507503759e+06 8.089725592080117203e+05 8.971021492307122389e+04 8.283306413590600714e+05 1.956773170838995138e+06 5.306702182967271656e+06 1.410982960207915369e+02 6.008654260386884260e+01 -4.158822349505814486e+02 4.114799757613273337e+06 -3.445247639349790988e+05 5.050023757268292684e+04 1.741931817595793973e+03 5.211256247090740317e+02 6.757584119675036050e+01 3.859017077891764558e+01 1.489100797603584247e+01 5.019990761494979914e+00 -4.031662115265409518e+00
4.293320326009540586e+05 -1.856495886317112017e+06 7.784487661864970578e+05 1.118809828592232370e+05 5.744153361036914866e+05 1.124895265281775966e+06 4.934973648991688155e+06 3.459391533160205512e+01 2.742868632750082014e+01 -7.962924615954072749e+01 -3.445247639349785750e+05 3.970499344074357301e+06 -7.678085200287742773e+05 3.977803030305312859e+04 1.837980694925801117e+02 1.304330040649774389e+02 2.312687940356619265e+01 9.070928291499280149e+00 2.184409206764216016e+00 -3.137483709246304819e-01
6.303567631223542849e+05 -1.913291834672347875e+06 8.378205161195672117e+05 1.342485504345459631e+05 5.135246309418638120e+05 8.004763438075288432e+05 4.869675650647014380e+06 3.525495247869786652e+01 2.774531455147833370e+01 -7.480521706098139134e+01 5.050023757268366171e+04 -7.678085200287727639e+05 3.676764881920744199e+06 -3.582827155326473294e+05 1.635464679728803640e+04 -1.713898068814215492e+02 7.063233238822863314e+01 4.175611484928527517e+00 1.914907326485244088e+00 -1.841899330181946404e-01
8.038555714569917182e+05 -1.815626476746625034e+06 8.533236129894785117e+05 1.519211503578496631e+05 4.678335256839908543e+05 6.276894797242823988e+05 4.799127385135639459e+06 5.811303439858928499e+01 5.534502418146398384e+01 -6.734233921765010678e+01 1.741931817595668690e+03 3.977803030305275752e+04 -3.582827155326469219e+05 2.951153278204210103e+06 -2.536770833218546468e+05 1.525242848458642402e+04 -2.158343013148627278e+02 2.517987947046372099e+01 3.661965105686180721e-01 -7.186189777776971765e-02
8.620511548925592797e+05 -1.771991467874861555e+06 8.178162342093597399e+05 1.609807462621370214e+05 4.216250122038113768e+05 4.671162987611879944e+05 4.383811574472063221e+06 5.750786348162860406e+01 6.075131106624714050e+01 -6.280954641810647843e+01 5.211256247088433611e+02 1.837980694928079970e+02 1.635464679728804731e+04 -2.536770833218546177e+05 2.571550123403762467e+06 -2.945872434183825972e+05 1.553121348035112351e+04 -1.428475465836093861e+01 1.261076408155371986e+01 -6.475524366409086963e-02
8.695234365818116348e+05 -1.431290401877686847e+06 7.322476975358667551e+05 1.480315629289611825e+05 3.684273687869633432e+05 3.272169565730766626e+05 3.823636665806662757e+06 -1.572060549018789466e+01 -9.472164603744696265e+00 2.171161198795820724e+01 6.757584119672273459e+01 1.304330040649853970e+02 -1.713898068810869688e+02 1.525242848458648041e+04 -2.945872434183827718e+05 2.221420052660631016e+06 -2.561294055451598833e+05 4.729152937497099629e+03 3.548007843798843197e+01 1.212003717373887568e+00
8.982194468329418451e+05 -1.569223872744704131e+06 7.007652273692478193e+05 1.528355752912446624e+05 3.577112659247437259e+05 2.547634689788658579e+05 3.509671586369603407e+06 1.314336225342128373e+01 2.256073137721249466e+01 -2.665903234872557093e+00 3.859017077874742085e+01 2.312687940352157057e+01 7.063233238828399863e+01 -2.158343013149763294e+02 1.553121348035104347e+04 -2.561294055451599415e+05 1.795959263834285783e+06 -9.548959941742595402e+04 2.884792372560546028e+03 2.470856720983488852e+00
9.234613176047457382e+05 -1.397294988033685600e+06 6.556216076364689507e+05 1.477695402116894838e+05 3.449126070765258628e+05 2.108066410475565353e+05 3.259984476442520972e+06 2.624310033341399162e+01 3.926344352201365950e+01 -7.788117248052389030e+00 1.489100797597212100e+01 9.070928291502095675e+00 4.175611484901687653e+00 2.517987947040181851e+01 -1.428475465840043412e+01 4.729152937497012317e+03 -9.548959941742585215e+04 1.439760696967597818e+06 -1.041016301099344273e+05 2.404232038400089948e+02
8.587779592534560943e+05 -1.318862818515825085e+06 5.601649086446493166e+05 1.345719530129341583e+05 3.057961499737417907e+05 1.477003489319911750e+05 2.694640713003925979e+06 -4.052636848435317773e+01 -4.136283399907674152e+01 7.295317687735047230e+01 5.019990761476342378e+00 2.184409206745906218e+00 1.914907326492556017e+00 3.661965105540790355e-01 1.261076408154708162e+01 3.548007843800485261e+01 2.884792372560573313e+03 -1.041016301099344419e+05 1.080807976582178613e+06 -9.590745416578467484e+03
6.452224820842840709e+05 -9.160423694098531269e+05 3.799369299506101524e+05 9.631296786996301671e+04 2.165765599811023567e+05 8.727362718537279579e+04 1.804775972256327281e+06 -7.444034418977776113e+01 -1.162702884959259393e+02 -5.979824402932599092e+00 -4.031662115265636004e+00 -3.137483709250053487e-01 -1.841899330187479478e-01 -7.186189777839728510e-02 -6.475524366432222623e-02 1.212003717373876466e+00 2.470856720983251709e+00 2.404232038400083411e+02 -9.590745416578460208e+03 5.052912105549847474e+05
