1.081050680256874301e+07 -1.224332847809002921e+07 3.406616652585813776e+06 7.316726728739974787e+05 3.127503824914777186e+06 3.780101449570747092e+06 2.308844718894590065e+07 2.191302193120274387e+04 3.553916161326508882e+04 4.868138841834092091e+03 1.281525521081089973e+06 1.037419695744623896e+06 8.494520961821340024e+05 7.824980964466572041e+05 7.435643000491295243e+05 7.423299868884407915e+05 7.508029121642578393e+05 7.474168158823021222e+05 7.071305385558583075e+05 4.354150085584092885e+05
-1.224332847808924317e+07 1.969767370848232508e+07 -6.214116976547406986e+06 -1.322098729661612771e+06 -4.917357552016437054e+06 -5.749735863122472540e+06 -3.541293239440177381e+07 -9.255327634705524815e+02 -1.488047962808621833e+03 -1.443480378186236237e+02 -2.188942803841815796e+06 -2.022107431425856659e+06 -1.695578058115512365e+06 -1.542092133647048380e+06 -1.382427004061028361e+06 -1.301118301942979917e+06 -1.250878038855896099e+06 -1.165888567114270059e+06 -1.062992322453263216e+06 -5.974673909385541920e+05
3.406616652585799806e+06 -6.214116976547367871e+06 2.635434934935932048e+06 5.650774700710222824e+05 1.550869030721781543e+06 1.648655435023171362e+06 1.382403932681659050e+07 2.890666457810080374e+03 4.506198242867138106e+03 1.343798692541699324e+02 7.477435952554496471e+05 8.358722202381857205e+05 7.579396186484103091e+05 6.894091003057128983e+05 6.295522898438714910e+05 5.794364048262977740e+05 5.359616293686490972e+05 4.920078488203223096e+05 4.329015389769177418e+05 2.605165781908713107e+05
7.316726728739957325e+05 -1.322098729661609279e+06 5.650774700710225152e+05 1.245051184688614303e+05 3.253783674556833575e+05 3.165751598900833633e+05 2.891934358749444131e+06 8.180672529102620274e+02 1.290625318254065860e+03 8.081368511155142187e+01 1.071813659698184638e+05 1.429084821416353807e+05 1.447374918344442267e+05 1.420097965971893282e+05 1.367155849696255755e+05 1.313716360683735984e+05 1.265821395586424333e+05 1.201961154752006987e+05 1.113414305304543814e+05 7.069442988139072258e+04
3.127503824914604891e+06 -4.917357552016427740e+06 1.550869030721790623e+06 3.253783674556840560e+05 1.263312294758810196e+06 1.584408811477464391e+06 8.975616729390995577e+06 2.054859935008409479e+02 3.289664334860485724e+02 2.583574054424720146e+01 6.790301111259455793e+05 5.507362099499381147e+05 4.282216410631671315e+05 3.686018955901843728e+05 3.309351346448812401e+05 3.083370834378569853e+05 2.910285143491241615e+05 2.736422945731371874e+05 2.448700802747771959e+05 1.376938996814413113e+05
3.780101449570536148e+06 -5.749735863122450188e+06 1.648655435023183469e+06 3.165751598900843528e+05 1.584408811477461830e+06 2.513374612854214385e+06 1.031631666091208346e+07 -1.910010598560290873e+00 -2.755361572453381314e+01 -8.058277421811450836e+01 1.363621713425636757e+06 8.733866384166311473e+05 5.708505960058870260e+05 4.096770832983269938e+05 3.062826407574042678e+05 2.377689312847589026e+05 1.866435879156767332e+05 1.426967295141311188e+05 9.671971778976835776e+04 2.888735866771091241e+04
2.308844718894604221e+07 -3.541293239440193772e+07 1.382403932681658305e+07 2.891934358749443665e+06 8.975616729391027242e+06 1.031631666091211885e+07 7.929141636239174008e+07 2.277185048776482745e+03 3.651885941299254227e+03 3.301068437611949662e+02 5.407082329964901321e+06 5.113612537738093175e+06 4.223057284368089400e+06 3.634359899974866770e+06 3.199264256508309860e+06 2.883937591591069475e+06 2.624892390382979531e+06 2.380438883736643009e+06 2.068785180385418702e+06 1.226921739280896960e+06
2.191302193120572701e+04 -9.255327634777847834e+02 2.890666457810405973e+03 8.180672529103364923e+02 2.054859935021740398e+02 -1.910010597497326046e+00 2.277185048777997054e+03 3.458162356443689532e+03 5.523727774662541378e+03 5.382252299931639072e+02 1.222072036670473665e+02 -2.482283136723192030e+01 -1.003200138744871950e+01 1.534602583289176891e+01 -1.083340067886967972e+01 1.085005958530380710e+01 2.326982877184364185e+01 4.704250468431401089e+01 -1.396956196077690038e+01 -1.951075129926123566e+02
3.553916161327053123e+04 -1.488047962822450017e+03 4.506198242867565568e+03 1.290625318254162494e+03 3.289664334886457482e+02 -2.755361572235749179e+01 3.651885941301197363e+03 5.523727774662535012e+03 9.011360012959134110e+03 1.359634684373353366e+03 1.111471444520359029e+02 -3.252358574275937997e+00 -6.740844496863733326e+00 8.910599305380010549e+00 -1.480235990520981559e+01 5.242895483528222655e+00 2.171304436772567570e+01 6.488445027053352021e+01 -3.824369353515873371e+01 -3.404822784014344279e+02
4.868138841836473148e+03 -1.443480378260921952e+02 1.343798692539280921e+02 8.081368511149628375e+01 2.583574054579350587e+01 -8.058277421649799521e+01 3.301068437597832030e+02 5.382252299931429889e+02 1.359634684373319942e+03 1.430809052194585547e+03 -2.472605539818906948e+02 8.974126560048321721e+01 2.415837750067345269e+01 -3.693230837727536198e+01 1.191694804969074539e-01 -3.307894645405106360e+01 -4.892255401768781553e+01 -2.486662122880569825e+01 -2.317261428614935426e+01 -1.116652274333493580e+02
1.281525521081056213e+06 -2.188942803841724526e+06 7.477435952554442920e+05 1.071813659698174597e+05 6.790301111259233439e+05 1.363621713425602764e+06 5.407082329964905977e+06 1.222072036659267980e+02 1.111471444498091614e+02 -2.472605539830733221e+02 2.445302512255857233e+06 2.912809676601175452e+05 2.816790868101891829e+04 1.205427043428846446e+04 5.225728104017053738e+03 3.354834703062911103e+03 2.372430445967183914e+03 1.743833341517872896e+03 1.180021190236125221e+03 4.671168162951192357e+02
1.037419695744598052e+06 -2.022107431425830116e+06 8.358722202381875832e+05 1.429084821416355262e+05 5.507362099499326432e+05 8.733866384166248608e+05 5.113612537738097832e+06 -2.482283136690183412e+01 -3.252358573653568286e+00 8.974126560080955528e+01 2.912809676601254614e+05 1.666377597655597609e+06 3.363101486263535917e+05 2.591305525198180476e+04 8.628101163605893817e+03 3.965958942927984026e+03 2.330454275568037247e+03 1.470767862483382260e+03 9.086744586246212521e+02 3.614552860943179553e+02
8.494520961821479723e+05 -1.695578058115527965e+06 7.579396186484107748e+05 1.447374918344443140e+05 4.282216410631698091e+05 5.708505960058899364e+05 4.223057284368094057e+06 -1.003200138724709767e+01 -6.740844496426920074e+00 2.415837750104448745e+01 2.816790868101939122e+04 3.363101486263533588e+05 1.128483639848494437e+06 3.281205329993678024e+05 2.154689099527988947e+04 7.253976526671355714e+03 2.846124206715066066e+03 1.563537680414185616e+03 8.633767506499993942e+02 3.333581556621596746e+02
7.824980964466757141e+05 -1.542092133647038601e+06 6.894091003057105700e+05 1.420097965971888625e+05 3.686018955901821028e+05 4.096770832983247819e+05 3.634359899974873755e+06 1.534602583286924826e+01 8.910599305380447532e+00 -3.693230837715206860e+01 1.205427043428528123e+04 2.591305525198166288e+04 3.281205329993683263e+05 8.666958779589131009e+05 2.952875848643810605e+05 1.869086538586829920e+04 5.649466581637838317e+03 1.958221594739650982e+03 9.473411013099503180e+02 3.391571306157591721e+02
7.435643000491440762e+05 -1.382427004061069107e+06 6.295522898438689299e+05 1.367155849696251680e+05 3.309351346448914846e+05 3.062826407574197510e+05 3.199264256508280057e+06 -1.083340067909715287e+01 -1.480235990553521219e+01 1.191694805837251181e-01 5.225728104008180708e+03 8.628101163604194880e+03 2.154689099527749204e+04 2.952875848643806530e+05 7.207293966391619761e+05 2.635061959537967341e+05 1.573514411936621946e+04 3.994081120915077463e+03 1.203973920037500420e+03 3.653326516069602121e+02
7.423299868884362513e+05 -1.301118301942963386e+06 5.794364048263004515e+05 1.313716360683740058e+05 3.083370834378530271e+05 2.377689312847537512e+05 2.883937591591087170e+06 1.085005958500865297e+01 5.242895483153494851e+00 -3.307894645385286481e+01 3.354834703067185728e+03 3.965958942930436933e+03 7.253976526672760883e+03 1.869086538586990355e+04 2.635061959537979565e+05 6.343529407896534540e+05 2.335504506537555717e+05 1.226396593347733688e+04 2.490065854137111728e+03 4.862840104307832121e+02
7.508029121642615646e+05 -1.250878038855906576e+06 5.359616293686495628e+05 1.265821395586425933e+05 2.910285143491266645e+05 1.866435879156801966e+05 2.624892390382977668e+06 2.326982877173383102e+01 2.171304436760457079e+01 -4.892255401756256816e+01 2.372430445966934258e+03 2.330454275567679360e+03 2.846124206714929642e+03 5.649466581637838317e+03 1.573514411936638680e+04 2.335504506537560083e+05 5.841816381326674018e+05 2.004139127597465995e+05 8.405631434900089516e+03 1.024234799612647976e+03
7.474168158823020058e+05 -1.165888567114265868e+06 4.920078488203221932e+05 1.201961154752006842e+05 2.736422945731362561e+05 1.426967295141302166e+05 2.380438883736643940e+06 4.704250468431784071e+01 6.488445027056945946e+01 -2.486662122872712644e+01 1.743833341518109137e+03 1.470767862483151021e+03 1.563537680414270199e+03 1.958221594739766488e+03 3.994081120915081556e+03 1.226396593347746966e+04 2.004139127597465122e+05 5.692697928001487162e+05 1.515721336218659417e+05 3.654761664175557598e+03
7.071305385558552807e+05 -1.062992322453260887e+06 4.329015389769181493e+05 1.113414305304544687e+05 2.448700802747765556e+05 9.671971778976741189e+04 2.068785180385419400e+06 -1.396956196078350132e+01 -3.824369353516529202e+01 -2.317261428613799623e+01 1.180021190236485381e+03 9.086744586246611561e+02 8.633767506500814761e+02 9.473411013100085256e+02 1.203973920037547714e+03 2.490065854137203587e+03 8.405631434900253225e+03 1.515721336218661163e+05 5.735897280982870143e+05 7.632305310784561152e+04
4.354150085584082408e+05 -5.974673909385515144e+05 2.605165781908712233e+05 7.069442988139072258e+04 1.376938996814407874e+05 2.888735866771050132e+04 1.226921739280896494e+06 -1.951075129926093439e+02 -3.404822784014337458e+02 -1.116652274333576855e+02 4.671168162944705955e+02 3.614552860944485246e+02 3.333581556622574453e+02 3.391571306158069206e+02 3.653326516069723198e+02 4.862840104307587694e+02 1.024234799612610232e+03 3.654761664175578517e+03 7.632305310784562607e+04 3.936588247832374764e+05
