1.629883423028944060e+07 -1.199277895836728998e+07 2.432825210256794002e+06 5.891620730284121819e+05 3.067170552735254169e+06 3.701260905531628057e+06 2.243043032837430388e+07 3.381887948972496088e+04 5.342695981751720683e+04 3.668692414863587601e+03 -5.129197359809901100e+05 4.292156816745978431e+05 6.764172742372923531e+05 7.468361609058117028e+05 7.480954574152049609e+05 7.651010426503210329e+05 7.739543721383899683e+05 7.696306751072823536e+05 7.242473098270231858e+05 4.368836686539052753e+05
-1.199277895836750790e+07 1.989538588805030286e+07 -6.346956396645993926e+06 -1.342347305691989372e+06 -4.978507445600984618e+06 -5.866378151772448793e+06 -3.590541177188970149e+07 3.260469021114751058e+02 3.509800178667019281e+02 -3.972282019665884718e+02 -2.487074376446022652e+06 -2.095717976115236757e+06 -1.709579001492779003e+06 -1.535575334397213301e+06 -1.396478135767512023e+06 -1.284658440089868847e+06 -1.238686572563411202e+06 -1.223472426649190020e+06 -1.029007985162457218e+06 -6.066511138998840470e+05
2.432825210256608203e+06 -6.346956396646050736e+06 2.858805757945441175e+06 5.998343219484306173e+05 1.587790608262222260e+06 1.706941083767981967e+06 1.415537738021582924e+07 -1.410835508897576801e+03 -1.966183337200681535e+03 5.506407915810618761e+02 1.096806376440076623e+06 9.940334317737483652e+05 8.131279164303127909e+05 7.065111130198549945e+05 6.330450785107431002e+05 5.759141815445064567e+05 5.342466188809510786e+05 4.928349425526178675e+05 4.294342559751938679e+05 2.616141139235467999e+05
5.891620730283441953e+05 -1.342347305692001944e+06 5.998343219484383008e+05 1.301700408948067925e+05 3.308253600350249908e+05 3.240157707636136911e+05 2.944944383403988555e+06 -5.091586610055232143e+01 -1.954948290558360213e+01 1.575654270486889459e+02 1.509917034847839968e+05 1.686199111222713836e+05 1.559865705314687511e+05 1.464872630664613680e+05 1.381064075194761099e+05 1.311702678091003327e+05 1.265992378633549088e+05 1.205446973069123051e+05 1.107865767842550122e+05 7.099321382099537004e+04
3.067170552735305391e+06 -4.978507445600993000e+06 1.587790608262206428e+06 3.308253600350213819e+05 1.282472270568832289e+06 1.621721020587274339e+06 9.125810954204279929e+06 -2.147247313247416969e+02 -2.924508589283852871e+02 1.002317043847264273e+02 7.705205686012780061e+05 5.720872899894807488e+05 4.298744025922414148e+05 3.672119982248765882e+05 3.311830611514027114e+05 3.041624768097695778e+05 2.922813724191529909e+05 2.805478808536880533e+05 2.388043233859553002e+05 1.412968027022453607e+05
3.701260905531689525e+06 -5.866378151772460900e+06 1.706941083767957985e+06 3.240157707636074629e+05 1.621721020587276667e+06 2.591881416665970813e+06 1.059432286755453423e+07 -9.234811756842052546e+02 -1.389521152205888939e+03 8.431308462237011270e+01 1.546525101826630067e+06 9.115579441073550843e+05 5.716253724613774102e+05 4.027571977964787511e+05 3.007483815305344760e+05 2.339127642364714120e+05 1.843930373752993764e+05 1.418972845189655491e+05 9.662942649960832205e+04 2.894291682096755903e+04
2.243043032837494463e+07 -3.590541177188971639e+07 1.415537738021565787e+07 2.944944383403954096e+06 9.125810954204283655e+06 1.059432286755452305e+07 8.041397831623359025e+07 -6.940307258922671281e+02 -7.807167943137544626e+02 7.515827672015625467e+02 6.062618284764924087e+06 5.300081902328059077e+06 4.260983193370296620e+06 3.647054963463498279e+06 3.206141815199736506e+06 2.891591671612611972e+06 2.639544581955260132e+06 2.393590465839354321e+06 2.080111735361396801e+06 1.228628705722256564e+06
3.381887948973394668e+04 3.260469021127709652e+02 -1.410835508897355794e+03 -5.091586610021374781e+01 -2.147247313250320815e+02 -9.234811756841579609e+02 -6.940307258980153620e+02 3.075859106014650479e+03 4.944357875905196124e+03 5.644590776614975312e+02 -3.696509701907797535e+03 -2.391831675009310857e+03 -7.072509955142182889e+02 -4.627930740762915889e+02 -5.335699382240659361e+02 -3.580536716522695997e+02 -2.294162240836441242e+02 -1.121872023767409274e+02 -9.131953957796145005e+01 -1.938363793342532801e+02
5.342695981754320383e+04 3.509800178701467530e+02 -1.966183337202627627e+03 -1.954948290537645050e+01 -2.924508589292687475e+02 -1.389521152206669512e+03 -7.807167943265092163e+02 4.944357875905297078e+03 8.132479009395064168e+03 1.397194281595706570e+03 -5.480909076082193678e+03 -3.678474211382968861e+03 -1.080171556779749380e+03 -6.739271554681509997e+02 -7.992308710206656315e+02 -5.582204196281827535e+02 -3.604928629686945669e+02 -1.711581948914871418e+02 -1.594818036005224826e+02 -3.432449145890805084e+02
3.668692414894824651e+03 -3.972282019629833485e+02 5.506407915752151894e+02 1.575654270478893579e+02 1.002317043836243897e+02 8.431308462019282501e+01 7.515827671914753410e+02 5.644590776617602614e+02 1.397194281596111296e+03 1.423461185747769605e+03 5.433501180612358894e+02 3.252107246867524282e+00 5.795473068258044691e+01 9.947010348662469426e+01 4.510591816967791345e+01 -2.247935980387094546e+01 -3.481772699122247872e+01 -1.190969016202169328e+00 -2.153042226455403707e+01 -1.251194698074610585e+02
-5.129197359802271822e+05 -2.487074376446019392e+06 1.096806376439855667e+06 1.509917034847353934e+05 7.705205686012748629e+05 1.546525101826615632e+06 6.062618284764994867e+06 -3.696509701899256470e+03 -5.480909076063603607e+03 5.433501180752168693e+02 3.515907527861603070e+06 3.808603574037363869e+05 -3.255486328557781235e+02 -1.094358664877425508e+04 -4.934523473557241232e+03 -3.794703328414114367e+03 -2.927433992132575440e+03 -1.651948440336839894e+03 -5.082297000461969674e+02 2.978650519339556126e+02
4.292156816745682154e+05 -2.095717976115262136e+06 9.940334317737251986e+05 1.686199111222624197e+05 5.720872899894866860e+05 9.115579441073585767e+05 5.300081902328141034e+06 -2.391831675009487753e+03 -3.678474211381516852e+03 3.252107251319031889e+00 3.808603574038410443e+05 1.948257228371954756e+06 3.649553852986873244e+05 1.024715686912121237e+04 -1.447820007226039252e+03 -2.176744817517704178e+03 -1.545873524932793771e+03 -1.084922906208363656e+03 -3.780995470353482801e+02 1.413631436994996591e+02
6.764172742371010827e+05 -1.709579001492813462e+06 8.131279164303508587e+05 1.559865705314741936e+05 4.298744025922499131e+05 5.716253724613920785e+05 4.260983193370360881e+06 -7.072509955158386674e+02 -1.080171556782341440e+03 5.795473068233565783e+01 -3.255486327736302883e+02 3.649553852987162536e+05 1.233765796726496192e+06 3.466466267213479732e+05 1.030530273592003141e+04 1.327940820984151287e+03 -2.295629153949736292e+02 -2.964207878451475722e+02 -1.040747074381849586e+02 6.233446941879891767e+01
7.468361609056348680e+05 -1.535575334397225175e+06 7.065111130198898027e+05 1.464872630664670141e+05 3.672119982248807210e+05 4.027571977964877151e+05 3.647054963463529479e+06 -4.627930740773250591e+02 -6.739271554699558919e+02 9.947010348608537811e+01 -1.094358664871262590e+04 1.024715686914296930e+04 3.466466267213508254e+05 9.155502728405182716e+05 3.058242381212876062e+05 1.145728439809449628e+04 1.650914078181921241e+03 3.248564193332543937e+01 -4.234931602823995433e+01 4.071954322907802037e+01
7.480954574150301050e+05 -1.396478135767553467e+06 6.330450785107763950e+05 1.381064075194808247e+05 3.311830611514136544e+05 3.007483815305521130e+05 3.206141815199784935e+06 -5.335699382253353633e+02 -7.992308710225449886e+02 4.510591816985452596e+01 -4.934523473478720007e+03 -1.447820007203130444e+03 1.030530273591756122e+04 3.058242381212850451e+05 7.467303109724172391e+05 2.692718299675059970e+05 1.091397484279207129e+04 1.360113499097499016e+03 6.193857787220861155e+01 4.171435585059317219e+01
7.651010426501610782e+05 -1.284658440089881886e+06 5.759141815445363754e+05 1.311702678091044072e+05 3.041624768097740016e+05 2.339127642364804051e+05 2.891591671612663195e+06 -3.580536716531431694e+02 -5.582204196295459724e+02 -2.247935980396061950e+01 -3.794703328339113341e+03 -2.176744817497862186e+03 1.327940820983109461e+03 1.145728439809165866e+04 2.692718299675055896e+05 6.507909631113555515e+05 2.373916459666875307e+05 8.858918328063613444e+03 9.274617496942665866e+02 9.123228642646454034e+01
7.739543721384136006e+05 -1.238686572563397698e+06 5.342466188809473533e+05 1.265992378633545304e+05 2.922813724191500805e+05 1.843930373752965825e+05 2.639544581955248490e+06 -2.294162240833064743e+02 -3.604928629682573273e+02 -3.481772699143117222e+01 -2.927433992147043227e+03 -1.545873524935840578e+03 -2.295629153938149898e+02 1.650914078182509456e+03 1.091397484279268974e+04 2.373916459666883165e+05 5.976827244390734704e+05 2.028628184181550168e+05 6.081593709408970426e+03 4.535850134528370177e+02
7.696306751073023770e+05 -1.223472426649185130e+06 4.928349425526153063e+05 1.205446973069120140e+05 2.805478808536869474e+05 1.418972845189640066e+05 2.393590465839351527e+06 -1.121872023765638602e+02 -1.711581948912363487e+02 -1.190969016253792923e+00 -1.651948440345396648e+03 -1.084922906209525081e+03 -2.964207878449872169e+02 3.248564193365145769e+01 1.360113499097721615e+03 8.858918328063769877e+03 2.028628184181553370e+05 5.790970146689462708e+05 1.520284623689566797e+05 2.712728739874057737e+03
7.242473098270271439e+05 -1.029007985162454308e+06 4.294342559751935769e+05 1.107865767842550413e+05 2.388043233859546599e+05 9.662942649960737617e+04 2.080111735361396801e+06 -9.131953957787210641e+01 -1.594818036003855468e+02 -2.153042226455383457e+01 -5.082297000481694340e+02 -3.780995470355870225e+02 -1.040747074378918597e+02 -4.234931602819875707e+01 6.193857787252368041e+01 9.274617496946818846e+02 6.081593709409062285e+03 1.520284623689565924e+05 5.821302193331019953e+05 7.593287196508515626e+04
4.368836686539046932e+05 -6.066511138998840470e+05 2.616141139235466253e+05 7.099321382099528273e+04 1.412968027022453607e+05 2.894291682096759905e+04 1.228628705722256098e+06 -1.938363793342710437e+02 -3.432449145891021089e+02 -1.251194698074441192e+02 2.978650519344553800e+02 1.413631436993222508e+02 6.233446941871266489e+01 4.071954322898188394e+01 4.171435585047165517e+01 9.123228642633638685e+01 4.535850134528559465e+02 2.712728739874041366e+03 7.593287196508514171e+04 3.963562696913770051e+05
