6.405677472736197524e+06 -1.091511209727870859e+07 3.652550552515170071e+06 7.834231831603553146e+05 2.745265886553598568e+06 3.136320884374434128e+06 2.006427584946686402e+07 0.000000000000000000e+00 0.000000000000000000e+00 0.000000000000000000e+00 1.165207002347592032e+06 1.083385582113740034e+06 9.430133470643773908e+05 8.814643339698282070e+05 8.269753512049810961e+05 8.015163170123224845e+05 7.724140963241953868e+05 7.280495002709828550e+05 6.448465001713854726e+05 3.639746776077532559e+05
-1.091511209727870300e+07 1.926242206788407639e+07 -6.194127963194742799e+06 -1.302376850603028899e+06 -4.820917437519595958e+06 -5.724240481467864476e+06 -3.440479008930090070e+07 0.000000000000000000e+00 0.000000000000000000e+00 0.000000000000000000e+00 -2.529891161683936138e+06 -2.034702268605037592e+06 -1.681433505767138908e+06 -1.530601002056344179e+06 -1.401937748914075783e+06 -1.282319408678281587e+06 -1.209843550216340693e+06 -1.151152028515695594e+06 -9.168113323432372417e+05 -5.054829851161596598e+05
3.652550552515169606e+06 -6.194127963194741867e+06 2.501001694451705553e+06 5.277787023076396435e+05 1.559918882709841942e+06 1.737295127911119722e+06 1.373439408414718136e+07 0.000000000000000000e+00 0.000000000000000000e+00 0.000000000000000000e+00 8.718210762899251422e+05 8.217552895068147918e+05 7.217088970767301507e+05 6.580402800636971369e+05 6.078083435875126161e+05 5.581340633700070903e+05 5.115206865979719441e+05 4.553774435269439709e+05 3.745314547631955356e+05 2.108724615964252152e+05
7.834231831603553146e+05 -1.302376850603028433e+06 5.277787023076398764e+05 1.146108373279279913e+05 3.227987249170264113e+05 3.280877532631877693e+05 2.842391451731078327e+06 0.000000000000000000e+00 0.000000000000000000e+00 0.000000000000000000e+00 1.222612905147206620e+05 1.394949851625901647e+05 1.371343371358207660e+05 1.350035872172382660e+05 1.314245660429393174e+05 1.261437836379018845e+05 1.204845178560861386e+05 1.108738808923895558e+05 9.643312124807803775e+04 5.726751014514801500e+04
2.745265886553597637e+06 -4.820917437519601546e+06 1.559918882709841710e+06 3.227987249170262367e+05 1.242034645457291510e+06 1.579155733900595224e+06 8.757314072040995583e+06 0.000000000000000000e+00 0.000000000000000000e+00 0.000000000000000000e+00 7.924417707321513444e+05 5.580067643373062601e+05 4.231055605525040301e+05 3.662153041101474082e+05 3.326422299073273316e+05 3.037975859442079673e+05 2.859440376510326751e+05 2.646710239823045558e+05 2.135074275920775253e+05 1.182472691617787495e+05
3.136320884374434594e+06 -5.724240481467867270e+06 1.737295127911119722e+06 3.280877532631874783e+05 1.579155733900595456e+06 2.513568011903457344e+06 1.028271174539905414e+07 0.000000000000000000e+00 0.000000000000000000e+00 0.000000000000000000e+00 1.618015422624530969e+06 8.991828971599810757e+05 5.642500137353767641e+05 4.025422030815660255e+05 3.028605014523775317e+05 2.348448333052904054e+05 1.829551927905986377e+05 1.380018633119878359e+05 9.146698654409966548e+04 2.870371862848036108e+04
2.006427584946685284e+07 -3.440479008930090070e+07 1.373439408414717764e+07 2.842391451731077861e+06 8.757314072040989995e+06 1.028271174539905041e+07 7.659605190586739779e+07 0.000000000000000000e+00 0.000000000000000000e+00 0.000000000000000000e+00 6.042828836285931990e+06 5.088266406779476441e+06 4.180133004101989325e+06 3.631656990211786237e+06 3.217300519043343607e+06 2.882666676127403043e+06 2.570202740594424307e+06 2.231295400843465235e+06 1.822673496874010889e+06 9.934736029538324801e+05
0.000000000000000000e+00 0.000000000000000000e+00 0.000000000000000000e+00 0.000000000000000000e+00 0.000000000000000000e+00 0.000000000000000000e+00 0.000000000000000000e+00 0.000000000000000000e+00 0.000000000000000000e+00 0.000000000000000000e+00 0.000000000000000000e+00 0.000000000000000000e+00 0.000000000000000000e+00 0.000000000000000000e+00 0.000000000000000000e+00 0.000000000000000000e+00 0.000000000000000000e+00 0.000000000000000000e+00 0.000000000000000000e+00 0.000000000000000000e+00
0.000000000000000000e+00 0.000000000000000000e+00 0.000000000000000000e+00 0.000000000000000000e+00 0.000000000000000000e+00 0.000000000000000000e+00 0.000000000000000000e+00 0.000000000000000000e+00 0.000000000000000000e+00 0.000000000000000000e+00 0.000000000000000000e+00 0.000000000000000000e+00 0.000000000000000000e+00 0.000000000000000000e+00 0.000000000000000000e+00 0.000000000000000000e+00 0.000000000000000000e+00 0.000000000000000000e+00 0.000000000000000000e+00 0.000000000000000000e+00
0.000000000000000000e+00 0.000000000000000000e+00 0.000000000000000000e+00 0.000000000000000000e+00 0.000000000000000000e+00 0.000000000000000000e+00 0.000000000000000000e+00 0.000000000000000000e+00 0.000000000000000000e+00 0.000000000000000000e+00 0.000000000000000000e+00 0.000000000000000000e+00 0.000000000000000000e+00 0.000000000000000000e+00 0.000000000000000000e+00 0.000000000000000000e+00 0.000000000000000000e+00 0.000000000000000000e+00 0.000000000000000000e+00 0.000000000000000000e+00
1.165207002347591333e+06 -2.529891161683934741e+06 8.718210762899257243e+05 1.222612905147206911e+05 7.924417707321515772e+05 1.618015422624532133e+06 6.042828836285930127e+06 0.000000000000000000e+00 0.000000000000000000e+00 0.000000000000000000e+00 2.964688599493590649e+06 2.840498025152590708e+05 9.321761505762600791e+03 1.627670545350559678e+03 1.787006172634603445e+02 2.605371398388600568e+01 4.655731634004328434e+00 7.129778632545261674e-01 1.535284932032238425e-01 2.706497192416127545e-02
1.083385582113739336e+06 -2.034702268605038058e+06 8.217552895068156067e+05 1.394949851625901647e+05 5.580067643373055616e+05 8.991828971599808428e+05 5.088266406779479235e+06 0.000000000000000000e+00 0.000000000000000000e+00 0.000000000000000000e+00 2.840498025152593618e+05 1.692347416848549386e+06 3.191729140236480162e+05 1.154628446009926847e+04 1.959393878344394579e+03 2.145530222863550875e+02 3.393224442471119318e+01 4.697948855519783251e+00 7.614839659823220419e-01 1.223256682553145180e-01
9.430133470643768087e+05 -1.681433505767138209e+06 7.217088970767299179e+05 1.371343371358207660e+05 4.231055605525038554e+05 5.642500137353759492e+05 4.180133004101985600e+06 0.000000000000000000e+00 0.000000000000000000e+00 0.000000000000000000e+00 9.321761505762635352e+03 3.191729140236478997e+05 1.121393463415834121e+06 3.156723271547927288e+05 1.250883664172995850e+04 2.324853393005243106e+03 2.154167377739905191e+02 3.083526793131932209e+01 3.576172886564553011e+00 4.423477942162121201e-01
8.814643339698299533e+05 -1.530601002056346508e+06 6.580402800636963220e+05 1.350035872172381496e+05 3.662153041101477575e+05 4.025422030815670732e+05 3.631656990211782977e+06 0.000000000000000000e+00 0.000000000000000000e+00 0.000000000000000000e+00 1.627670545350480324e+03 1.154628446009942127e+04 3.156723271547927870e+05 8.623244588879483053e+05 2.897800357067272998e+05 1.306147776273424279e+04 2.157328432627349230e+03 1.643964755911861744e+02 1.977878160155364640e+01 1.919052185623633999e+00
8.269753512049823767e+05 -1.401937748914077645e+06 6.078083435875126161e+05 1.314245660429393174e+05 3.326422299073280883e+05 3.028605014523782302e+05 3.217300519043345004e+06 0.000000000000000000e+00 0.000000000000000000e+00 0.000000000000000000e+00 1.787006172631165555e+02 1.959393878343616962e+03 1.250883664173006582e+04 2.897800357067282312e+05 7.192300416608290980e+05 2.597299871083703183e+05 1.162171733403177313e+04 1.519611786428949927e+03 9.527323648265243605e+01 8.800443654866443310e+00
8.015163170123217860e+05 -1.282319408678279957e+06 5.581340633700066246e+05 1.261437836379018700e+05 3.037975859442078508e+05 2.348448333052902599e+05 2.882666676127400249e+06 0.000000000000000000e+00 0.000000000000000000e+00 0.000000000000000000e+00 2.605371398373357295e+01 2.145530222859958371e+02 2.324853393005190355e+03 1.306147776273456111e+04 2.597299871083699109e+05 6.309867429109227378e+05 2.282710710150015366e+05 8.280611938227111750e+03 8.152544388061587597e+02 4.257213442901282718e+01
7.724140963241948048e+05 -1.209843550216339529e+06 5.115206865979716531e+05 1.204845178560860513e+05 2.859440376510323840e+05 1.829551927905984921e+05 2.570202740594424307e+06 0.000000000000000000e+00 0.000000000000000000e+00 0.000000000000000000e+00 4.655731634020598975e+00 3.393224442476806502e+01 2.154167377741438543e+02 2.157328432627356051e+03 1.162171733403184771e+04 2.282710710150013620e+05 5.739279265876476420e+05 1.885323960242891335e+05 4.484214338534717172e+03 2.964620945025715173e+02
7.280495002709830878e+05 -1.151152028515696060e+06 4.553774435269442620e+05 1.108738808923896577e+05 2.646710239823044394e+05 1.380018633119876031e+05 2.231295400843465701e+06 0.000000000000000000e+00 0.000000000000000000e+00 0.000000000000000000e+00 7.129778632796380800e-01 4.697948855599317852e+00 3.083526793146348410e+01 1.643964755912776923e+02 1.519611786429093627e+03 8.280611938227117207e+03 1.885323960242891335e+05 5.397795110078938305e+05 1.315540198730140983e+05 1.470941620357478314e+03
6.448465001713854726e+05 -9.168113323432368925e+05 3.745314547631954774e+05 9.643312124807806686e+04 2.135074275920775253e+05 9.146698654409963638e+04 1.822673496874011355e+06 0.000000000000000000e+00 0.000000000000000000e+00 0.000000000000000000e+00 1.535284932069607700e-01 7.614839659952674644e-01 3.576172886591537647e+00 1.977878160158167731e+01 9.527323648268006195e+01 8.152544388061688778e+02 4.484214338534698982e+03 1.315540198730140110e+05 5.147728194401702494e+05 5.873618381076149672e+04
3.639746776077532559e+05 -5.054829851161597180e+05 2.108724615964252735e+05 5.726751014514800045e+04 1.182472691617788223e+05 2.870371862848036108e+04 9.934736029538328294e+05 0.000000000000000000e+00 0.000000000000000000e+00 0.000000000000000000e+00 2.706497192406094252e-02 1.223256682550232649e-01 4.423477942158612897e-01 1.919052185622524664e+00 8.800443654864691823e+00 4.257213442901217348e+01 2.964620945025707215e+02 1.470941620357477404e+03 5.873618381076154765e+04 3.216466640196987428e+05
