1.817830383569208533e+07 -1.156654312235641852e+07 1.933171259283209918e+06 4.698537558713566978e+05 3.047860369283255190e+06 3.953136579041977413e+06 2.171908363855213672e+07 1.552013215607623897e+04 2.715545774415545748e+04 8.662829865401028655e+03 -7.906255602191400249e+05 3.297800929926472018e+05 5.760758128983579809e+05 6.312672772822370753e+05 6.631421690839229850e+05 6.808552579981714953e+05 6.878162907075153198e+05 6.820506669099370483e+05 6.391385172367361374e+05 3.972128203215408139e+05
-1.156654312235650234e+07 1.818109235580340773e+07 -5.769357815375358798e+06 -1.191674473823782988e+06 -4.606551577307295986e+06 -5.580152529927750118e+06 -3.291736007110153139e+07 2.712103823949246362e+02 -2.075007931634008855e+02 -1.642336062740589114e+03 -2.292242032843177207e+06 -1.896210154405478621e+06 -1.636246827119232155e+06 -1.360696938875247492e+06 -1.246903584183832863e+06 -1.174156912291097222e+06 -1.097882148949697614e+06 -1.018370311582224560e+06 -9.373443775796771515e+05 -5.245722690500797471e+05
1.933171259283206891e+06 -5.769357815375346690e+06 2.728807865920902230e+06 5.614190121942057740e+05 1.456350578881393420e+06 1.561158073963280534e+06 1.304432176454425603e+07 1.180886575839759871e+03 1.643780901881271802e+03 -4.738574340212709899e+02 1.075527423944586189e+06 8.998857628449770855e+05 7.752690960089002037e+05 6.699125202448300552e+05 5.943810683640453499e+05 5.420916476942670997e+05 4.964650753708293196e+05 4.508738250455494272e+05 3.957115891004432342e+05 2.421561696426345152e+05
4.698537558713579783e+05 -1.191674473823781125e+06 5.614190121942057740e+05 1.193110156082368485e+05 2.970146733268116950e+05 2.908422697429039399e+05 2.660363946043065749e+06 4.400015484245952848e+02 6.569756759990286810e+02 -5.680001295042307419e+01 1.498748067107675888e+05 1.524583407076323056e+05 1.463074738953265769e+05 1.347442292486711813e+05 1.260613386602784158e+05 1.200256866053925623e+05 1.140394450555218064e+05 1.090565211534092959e+05 1.000814225301692350e+05 6.496668309935217258e+04
3.047860369283273816e+06 -4.606551577307302505e+06 1.456350578881388763e+06 2.970146733268122189e+05 1.203686494039094774e+06 1.560281619094415568e+06 8.482411415230125189e+06 -1.851283929270929320e+02 -8.742517705572367959e+01 5.183484616843630874e+02 7.049151639124002540e+05 5.051891096293990267e+05 4.079218421582051669e+05 3.415732868688522722e+05 3.044446234038555995e+05 2.817370813631151686e+05 2.643843542744315346e+05 2.439067218996408628e+05 2.160237341523775831e+05 1.225651443929060042e+05
3.953136579041993245e+06 -5.580152529927756637e+06 1.561158073963281466e+06 2.908422697429039981e+05 1.560281619094415568e+06 2.530668178400313016e+06 1.004341321918072924e+07 -7.717591704519070390e+02 -7.864720043624197388e+02 1.051088675599483395e+03 1.415848736879393691e+06 8.013912580176560441e+05 5.380984941855598008e+05 3.742659029923328781e+05 2.765357184698381461e+05 2.154724034041614505e+05 1.693614164493566495e+05 1.280477201284252806e+05 8.640218469109789294e+04 2.682065681058566406e+04
2.171908363855212182e+07 -3.291736007110149786e+07 1.304432176454428025e+07 2.660363946043062489e+06 8.482411415230114013e+06 1.004341321918070689e+07 7.423917505136914551e+07 3.502740707537823255e+02 1.643717769051495452e+03 2.888830887530780274e+03 5.570319443486575969e+06 4.683772788949372247e+06 3.968058287354563829e+06 3.367868273145989981e+06 2.941886657434441149e+06 2.651235956866246648e+06 2.402228512251602020e+06 2.156922278484295122e+06 1.863594191516838968e+06 1.122492871885199565e+06
1.552013215607633174e+04 2.712103823945526528e+02 1.180886575839566149e+03 4.400015484245550965e+02 -1.851283929270269937e+02 -7.717591704517476501e+02 3.502740707528628263e+02 3.189574383587092143e+03 5.095394344232935509e+03 4.972724200037106925e+02 8.047250843078916205e+01 -2.582409399034382602e+01 2.293495440093792581e+01 4.627016569149463798e+00 -3.916333687252615547e+00 3.421836696580001558e+01 4.054912418534139817e+01 4.932354780252090620e+01 -3.461091860433504763e+01 -2.029444297484210438e+02
2.715545774415555206e+04 -2.075007931639111121e+02 1.643780901881013506e+03 6.569756759989732018e+02 -8.742517705562841002e+01 -7.864720043622062349e+02 1.643717769050326751e+03 5.095394344232936419e+03 8.314928909370724796e+03 1.258746006449138349e+03 4.686536390341134961e+01 -2.664690202172401001e+01 2.231524166062935777e+01 3.895091712905798698e+00 9.165767536894529055e-01 3.632310769087582258e+01 4.962700760855206283e+01 7.272369042693345875e+01 -7.107908793259989011e+01 -3.542034434011241615e+02
8.662829865401236020e+03 -1.642336062740636407e+03 -4.738574340211748108e+02 -5.680001295040263898e+01 5.183484616843849153e+02 1.051088675599445651e+03 2.888830887531464214e+03 4.972724200037087030e+02 1.258746006449136075e+03 1.328182625678698741e+03 -2.251151020204174529e+02 2.020305590696339593e+01 -4.793377608674322943e+00 -1.248215186483293948e+01 4.403570443901365650e+00 -4.817725162700640595e+01 -4.939171982399851402e+01 -1.277578060064085186e+01 -2.152066003790674031e+01 -1.163467892271658002e+02
-7.906255602191669168e+05 -2.292242032843171619e+06 1.075527423944588983e+06 1.498748067107673560e+05 7.049151639124003705e+05 1.415848736879394623e+06 5.570319443486561999e+06 8.047250843080983884e+01 4.686536390344528513e+01 -2.251151020204111717e+02 3.348345514490027912e+06 3.385664634449566947e+05 8.051869135794343492e+03 2.566449908959512868e+03 4.705877593142413389e+02 1.358790639782797030e+02 6.717219460734868619e+01 2.696784318625615029e+01 2.753874014255593305e+00 4.329888356177924003e+00
3.297800929926502868e+05 -1.896210154405480251e+06 8.998857628449755721e+05 1.524583407076323347e+05 5.051891096293970477e+05 8.013912580176555784e+05 4.683772788949362002e+06 -2.582409399036575692e+01 -2.664690202176526412e+01 2.020305590694973930e+01 3.385664634449564037e+05 1.726537749832578469e+06 3.337237335348805645e+05 6.742267059225590856e+03 1.998090729899894541e+03 3.134334960286323053e+02 2.864787249104675126e+01 1.007292518070550180e+01 1.570867439640344809e+00 1.461905629190811462e+00
5.760758128983568167e+05 -1.636246827119234717e+06 7.752690960089017171e+05 1.463074738953263732e+05 4.079218421582065057e+05 5.380984941855618963e+05 3.968058287354567554e+06 2.293495440099347249e+01 2.231524166069679893e+01 -4.793377608710957638e+00 8.051869135794502654e+03 3.337237335348814959e+05 1.172229700548508437e+06 3.156350336384420516e+05 8.827122302391193443e+03 1.936664457721727786e+03 3.090231904755377172e+02 2.781082534547290308e+01 5.997437170861048550e+00 8.022484373450782247e-01
6.312672772822341649e+05 -1.360696938875244232e+06 6.699125202448283089e+05 1.347442292486710066e+05 3.415732868688511080e+05 3.742659029923326452e+05 3.367868273145990912e+06 4.627016569369979848e+00 3.895091713176762394e+00 -1.248215186501135676e+01 2.566449908959261847e+03 6.742267059225431694e+03 3.156350336384418188e+05 8.603695244241777109e+05 2.782186508005399955e+05 1.015946446350988845e+04 1.833715725513039615e+03 2.019126159705529915e+02 1.700014577576201091e+01 4.801037227858889977e+00
6.631421690839392832e+05 -1.246903584183831932e+06 5.943810683640452335e+05 1.260613386602781975e+05 3.044446234038555995e+05 2.765357184698377969e+05 2.941886657434449531e+06 -3.916333687039900813e+00 9.165767539413626208e-01 4.403570443700119519e+00 4.705877593138620227e+02 1.998090729900171937e+03 8.827122302390749610e+03 2.782186508005399955e+05 6.920248105782341445e+05 2.455230824699047662e+05 9.570400530398668707e+03 1.422945979551974460e+03 1.242243325923178503e+02 1.031216003541572057e+01
6.808552579981677700e+05 -1.174156912291097455e+06 5.420916476942679146e+05 1.200256866053927515e+05 2.817370813631156925e+05 2.154724034041611885e+05 2.651235956866252702e+06 3.421836696580177772e+01 3.632310769086164015e+01 -4.817725162704170572e+01 1.358790639781774416e+02 3.134334960285512466e+02 1.936664457722235738e+03 1.015946446351037230e+04 2.455230824699045334e+05 6.027182015136581613e+05 2.157515192788928980e+05 7.856287431072167237e+03 8.878899190283369762e+02 6.482581734099100856e+01
6.878162907075138064e+05 -1.097882148949698778e+06 4.964650753708291450e+05 1.140394450555218646e+05 2.643843542744320584e+05 1.693614164493563003e+05 2.402228512251600157e+06 4.054912418530253859e+01 4.962700760851284798e+01 -4.939171982394676519e+01 6.717219460719807955e+01 2.864787249092504240e+01 3.090231904759534700e+02 1.833715725513547341e+03 9.570400530398770570e+03 2.157515192788926361e+05 5.451059237501841271e+05 1.840797944430884090e+05 5.558811108337558835e+03 4.229580538267269390e+02
6.820506669099369319e+05 -1.018370311582224444e+06 4.508738250455494272e+05 1.090565211534093105e+05 2.439067218996409792e+05 1.280477201284252369e+05 2.156922278484292794e+06 4.932354780257020366e+01 7.272369042701352271e+01 -1.277578060062732490e+01 2.696784318629215704e+01 1.007292518075770360e+01 2.781082534546965590e+01 2.019126159707264776e+02 1.422945979551827349e+03 7.856287431071868923e+03 1.840797944430884090e+05 5.198372006251098937e+05 1.378038528249204974e+05 2.603120518925088618e+03
6.391385172367370687e+05 -9.373443775796766859e+05 3.957115891004432342e+05 1.000814225301692350e+05 2.160237341523776704e+05 8.640218469109786383e+04 1.863594191516838968e+06 -3.461091860429826994e+01 -7.107908793253822921e+01 -2.152066003789156667e+01 2.753874014282202687e+00 1.570867439645177832e+00 5.997437170807133455e+00 1.700014577571036511e+01 1.242243325922849948e+02 8.878899190283312919e+02 5.558811108337570658e+03 1.378038528249205265e+05 5.190312271929255221e+05 6.885226485156160197e+04
3.972128203215409303e+05 -5.245722690500796307e+05 2.421561696426344570e+05 6.496668309935215802e+04 1.225651443929060333e+05 2.682065681058569317e+04 1.122492871885199333e+06 -2.029444297484080266e+02 -3.542034434011023905e+02 -1.163467892271570037e+02 4.329888356190552123e+00 1.461905629182410848e+00 8.022484373417435588e-01 4.801037227854131118e+00 1.031216003541811865e+01 6.482581734098673110e+01 4.229580538267020984e+02 2.603120518925065880e+03 6.885226485156155832e+04 3.626916634625163279e+05
