2.500000000000000000e-01
2.506284571429529540e-01
2.512600819158287146e-01
2.518948983279739040e-01
2.525329306319911149e-01
2.531742033268276071e-01
2.538187411609109101e-01
2.544665691353328318e-01
2.551177125070818730e-01
2.557721967923258233e-01
2.564300477697447067e-01
2.570912914839154628e-01
2.577559542487491417e-01
2.584240626509814454e-01
2.590956435537177249e-01
2.597707241000334344e-01
2.604493317166311495e-01
2.611314941175545967e-01
2.618172393079618576e-01
2.625065955879577473e-01
2.631995915564867006e-01
2.638962561152882191e-01
2.645966184729147130e-01
2.653007081488132912e-01
2.660085549774737768e-01
2.667201891126424473e-01
2.674356410316039434e-01
2.681549415395322322e-01
2.688781217739121820e-01
2.696052132090324127e-01
2.703362476605516984e-01
2.710712572901396444e-01
2.718102746101931921e-01
2.725533324886307285e-01
2.733004641537649104e-01
2.740517031992557584e-01
2.748070835891459618e-01
2.755666396629792847e-01
2.763304061410042922e-01
2.770984181294652293e-01
2.778707111259804408e-01
2.786473210250121069e-01
2.794282841234269621e-01
2.802136371261514380e-01
2.810034171519222856e-01
2.817976617391345084e-01
2.825964088517890493e-01
2.833996968855416188e-01
2.842075646738552175e-01
2.850200514942581309e-01
2.858371970747096147e-01
2.866590416000752151e-01
2.874856257187140551e-01
2.883169905491811957e-01
2.891531776870454040e-01
2.899942292118267706e-01
2.908401876940555630e-01
2.916910962024550913e-01
2.925469983112504724e-01
2.934079381076071247e-01
2.942739601992008236e-01
2.951451097219219832e-01
2.960214323477173282e-01
2.969029742925715643e-01
2.977897823246327125e-01
2.986819037724823267e-01
2.995793865335559247e-01
3.004822790827150203e-01
3.013906304809751413e-01
3.023044903843917774e-01
3.032239090531098080e-01
3.041489373605772428e-01
3.050796268029287717e-01
3.060160295085423421e-01
3.069581982477717630e-01
3.079061864428597195e-01
3.088600481780355844e-01
3.098198382098008574e-01
3.107856119774072834e-01
3.117574256135313693e-01
3.127353359551501844e-01
3.137194005546223297e-01
3.147096776909782956e-01
3.157062263814259251e-01
3.167091063930752015e-01
3.177183782548866908e-01
3.187341032698495225e-01
3.197563435273937382e-01
3.207851619160422829e-01
3.218206221363077435e-01
3.228627887138398878e-01
3.239117270128297199e-01
3.249675032496750493e-01
3.260301845069148441e-01
3.270998387474373659e-01
3.281765348289695794e-01
3.292603425188526667e-01
3.303513325091123054e-01
3.314495764318289295e-01
3.325551468748157991e-01
3.336681173976119297e-01
3.347885625477969307e-01
3.359165578776365235e-01
3.370521799610642910e-01
3.381955064110104825e-01
3.393466158970838142e-01
3.405055881636158133e-01
3.416725040480764197e-01
3.428474454998692855e-01
3.440304955995163172e-01
3.452217385782406223e-01
3.464212598379583508e-01
3.476291459716874255e-01
3.488454847843867057e-01
3.500703653142320793e-01
3.513038778543440266e-01
3.525461139749751505e-01
3.537971665461705495e-01
3.550571297609123600e-01
3.563260991587605675e-01
3.576041716500024115e-01
3.588914455403236503e-01
3.601880205560146764e-01
3.614939978697243594e-01
3.628094801267770508e-01
3.641345714720658489e-01
3.654693775775370024e-01
3.668140056702820506e-01
3.681685645612514657e-01
3.695331646746068954e-01
3.709079180777294371e-01
3.722929385118990964e-01
3.736883414236650824e-01
3.750942439969239817e-01
3.765107651857243498e-01
3.779380257478179850e-01
3.793761482789772543e-01
3.808252572480981257e-01
3.822854790331117747e-01
3.837569419577251395e-01
3.852397763290128507e-01
3.867341144758847382e-01
3.882400907884520636e-01
3.897578417583162369e-01
3.912875060198078292e-01
3.928292243921986393e-01
3.943831399229172363e-01
3.959493979317934564e-01
3.975281460563612757e-01
3.991195342982504224e-01
4.007237150706962625e-01
4.023408432472001528e-01
4.039710762113727927e-01
4.056145739079947132e-01
4.072714988953271553e-01
4.089420163987115830e-01
4.106262943654931941e-01
4.123245035213064513e-01
4.140368174277651581e-01
4.157634125415937687e-01
4.175044682752457881e-01
4.192601670590512253e-01
4.210306944049386213e-01
4.228162389717787795e-01
4.246169926323981603e-01
4.264331505423117896e-01
4.282649112102279165e-01
4.301124765703780439e-01
4.319760520567261786e-01
4.338558466791164192e-01
4.357520731014181137e-01
4.376649477217270934e-01
4.395946907546914306e-01
4.415415263160227255e-01
4.435056825092631994e-01
4.454873915148806485e-01
4.474868896817605357e-01
4.495044176211745457e-01
4.515402203033021533e-01
4.535945471563870290e-01
4.556676521686122694e-01
4.577597939927830484e-01
4.598712360539049526e-01
4.620022466597546451e-01
4.641530991145387253e-01
4.663240718357416492e-01
4.685154484742692360e-01
4.707275180379952295e-01
4.729605750188235480e-01
4.752149195233865142e-01
4.774908574074961942e-01
4.797887004144796852e-01
4.821087663175275262e-01
4.844513790661916786e-01
4.868168689371761837e-01
4.892055726895671586e-01
4.916178337246546182e-01
4.940540022505068296e-01
4.965144354514628433e-01
4.989994976627131207e-01
5.015095605501509457e-01
5.040450032956789173e-01
5.066062127881640897e-01
5.091935838202461539e-01
5.118075192912064919e-01
5.144484304161182076e-01
5.171167369415052839e-01
5.198128673677475664e-01
5.225372591784805953e-01
5.252903590772458609e-01
5.280726232316631519e-01
5.308845175254034432e-01
5.337265178182545311e-01
5.365991102145858394e-01
5.395027913405290310e-01
5.424380686302078258e-01
5.454054606213609713e-01
5.484054972607237399e-01
5.514387202195426552e-01
5.545056832196194607e-01
5.576069523702957831e-01
5.607431065168100304e-01
5.639147376004768342e-01
5.671224510311576594e-01
5.703668660725186301e-01
5.736486162405870504e-01
5.769683497161470775e-01
5.803267297715375417e-01
5.837244352124444369e-01
5.871621608353020383e-01
5.906406179009541235e-01
5.941605346252516462e-01
5.977226566872970714e-01
6.013277477560822204e-01
6.049765900362985560e-01
6.086699848341424746e-01
6.124087531439713628e-01
6.161937362567158072e-01
6.200257963909936443e-01
6.239058173479203884e-01
6.278347051906602028e-01
6.318133889498163125e-01
6.358428213558124931e-01
6.399239795994803304e-01
6.440578661221254553e-01
6.482455094364165671e-01
6.524879649795087833e-01
6.567863159998857947e-01
6.611416744794891276e-01
6.655551820927815276e-01
6.700280112044818548e-01
6.745613659078039115e-01
6.791564831051307705e-01
6.838146336331597519e-01
6.885371234346718827e-01
6.933252947791910259e-01
6.981805275349323159e-01
7.031042404945715418e-01
7.080978927575084514e-01
7.131629851714571533e-01
7.183010618363522282e-01
7.235137116737365703e-01
7.288025700649828353e-01
7.341693205618973206e-01
7.396156966734609428e-01
7.451434837326953442e-01
7.507545208478754173e-01
7.564507029425678875e-01
7.622339828892492619e-01
7.681063737415515513e-01
7.740699510704946995e-01
7.801268554104016095e-01
7.862792948205494792e-01
7.925295475690017355e-01
7.988799649454677576e-01
8.053329742104907707e-01
8.118910816887334736e-01
8.185568760146408884e-01
8.253330315393151428e-01
8.322223119080157661e-01
8.392275738183450073e-01
8.463517709698512581e-01
8.535979582165226232e-01
8.609692959344397156e-01
8.684690546176992987e-01
8.761006197166592013e-01
8.838674967335331534e-01
8.917733165914574212e-01
8.998218412942989852e-01
9.080169698957449853e-01
9.163627447975727369e-01
9.248633583984706696e-01
9.335231601163939130e-01
9.423466638091606562e-01
9.513385556198972193e-01
9.605037022759762566e-01
9.698471598723303888e-01
9.793741831724518399e-01
9.890902354630198845e-01
9.990009990009991458e-01
