8.844253029936501e-9
1.2402792404757589e-8
1.3607447482995879e-8
1.4330907701726475e-8
1.4850369592065574e-8
1.5263370164933754e-8
1.5617288098129832e-8
1.5943068286854544e-8
1.6273697567516025e-8
1.670460727374682e-8
1.9153692384225406e-8
2.1882582471536072e-8
2.356031219949916e-8
2.4765631621620073e-8
2.5723411605623833e-8
2.6544185389527866e-8
2.7299742980359328e-8
2.806653699855861e-8
2.906590209593806e-8
2.5643994124115042e-8
2.8065287163461178e-8
2.981952658993531e-8
3.121142762616534e-8
3.240353824062133e-8
3.350096742490444e-8
3.46147371168155e-8
3.60663206566769e-8
3.112253667278331e-8
3.339806226246807e-8
3.5209528993041645e-8
3.675756948515165e-8
3.818173009920228e-8
3.9627121325187645e-8
4.151095636937368e-8
3.6167194634449903e-8
3.841052780778558e-8
4.032807262403319e-8
4.208781093186878e-8
4.387285708400628e-8
4.619959445776851e-8
4.107867405800057e-8
4.33861127773931e-8
4.5500455974556987e-8
4.7639278331821375e-8
5.042683970559111e-8
4.60953863790776e-8
4.860192080039919e-8
5.112473507112553e-8
5.4403254360537135e-8
5.15497932548651e-8
5.453494434324317e-8
5.836413670784466e-8
5.813299601222582e-8
6.270602693255953e-8
6.874958427939125e-8
2.9514225810206474e-7
6.041247264734357e-7
7.614614255515775e-7
8.608051384864179e-7
9.325160429692954e-7
9.895316352082463e-7
1.0383853525506687e-6
1.0833566123689079e-6
1.1289958545242195e-6
1.188477668076021e-6
1.1115138158891478e-8
7.879432019532541e-8
1.7342398544687267e-7
2.5754074128486936e-7
3.238595799570476e-7
3.770380075827086e-7
4.225101067286751e-7
4.643442298158091e-7
5.067970000956278e-7
5.62125628100528e-7
5.61792868738838e-10
1.017276276664471e-8
4.272261312033367e-8
9.530270650787775e-8
1.5115706329636036e-7
1.998616508473436e-7
2.416420057231599e-7
2.799309686449325e-7
3.187523526137398e-7
3.6934497267371236e-7
-8.872524019760893e-12
3.375786359455965e-10
5.7013395704187805e-9
2.6239813423142547e-8
6.298690340562866e-8
1.0464763040192562e-7
1.433338251291955e-7
1.789180203433558e-7
2.1484136249031413e-7
2.616179503215985e-7
-5.945864657695762e-12
-1.6830688096376976e-10
-3.331710863382109e-10
3.4789846540326653e-9
1.8649448743569058e-8
4.6292256077208473e-8
7.964021672389318e-8
1.1294247654530844e-7
1.4653455249222606e-7
1.900487855395888e-7
-5.371030264542905e-13
-3.1516021780920474e-11
-2.5372526056365115e-10
-3.97719498647757e-10
2.3500689843206244e-9
1.3476369559839087e-8
3.575922437299163e-8
6.519713601576874e-8
9.701371336947388e-8
1.3769543096272443e-7
-1.9417169828686386e-14
-2.3391038270857414e-12
-3.9464000759722296e-11
-2.4178078996406435e-10
-5.631900230671891e-10
7.641704728581668e-10
8.91314442227107e-9
2.8806192601584354e-8
5.8141177084827734e-8
9.67218475242881e-8
-2.747367358644618e-16
-7.60281985298173e-14
-2.6222093987125625e-12
-3.4128931175595024e-11
-2.2938703320197926e-10
-8.307756304334821e-10
-1.0446451930215443e-9
4.385397754706002e-9
2.4921708365195214e-8
6.240465000730325e-8
-1.0242744859253929e-18
-6.916829619297887e-16
-4.9480218286112864e-14
-1.2778569710382779e-12
-1.779825754438481e-11
-1.5681084547419614e-10
-8.996435365878536e-10
-2.9096952170842522e-9
-5.781279312662539e-10
2.9609364012510714e-8
-1.8689375898112942e-22
-3.4782828627079527e-19
-6.01082914549448e-17
-3.5432866682121432e-15
-1.1161028061903973e-13
-2.327059717599298e-12
-3.559073496108353e-11
-4.050860552740249e-10
-2.9513438267449047e-9
-7.373686839601857e-10
0.000030761358327423146
7.90299855009963e-6
1.1996290095119323e-6
1.3238643990031294e-7
1.0648975836164742e-8
5.718236958593343e-10
1.7402426874129756e-11
2.2422734753226722e-13
6.598865978689787e-16
7.171818740371329e-20
0.00001508672161841793
7.3924309338603585e-6
1.9649139365128367e-6
3.328693905434314e-7
3.596065936519818e-8
2.221939019297783e-9
6.070821465632429e-11
4.096965703554963e-13
1.1978284136221576e-16
9.622242958898538e-6
5.665417916648809e-6
1.8863671557118853e-6
3.731642780772171e-7
4.114114508095077e-8
2.0474213768615716e-9
2.713289664624852e-11
1.8636141453888793e-14
6.807669237402726e-6
4.317879364727199e-6
1.5469454700075955e-6
2.9997901212289546e-7
2.6298414495802836e-8
6.481709329351707e-10
9.880353124085606e-13
5.068886815933953e-6
3.2867625040703477e-6
1.1396049598491786e-6
1.7947332021771823e-7
8.288383129775841e-9
2.788652460444838e-11
3.868675878475395e-6
2.459997959007805e-6
7.268694479836427e-7
6.619590104066119e-8
5.164886616678017e-10
2.9690427104541397e-6
1.7489185411699664e-6
3.421714114491761e-7
6.897951519704986e-9
2.236427858381196e-6
1.0722511100918541e-6
6.659231329712173e-8
1.5573081380388733e-6
3.9913044798321116e-7
6.791594781834259e-7
6.885157404166255e-9
9.902929055404913e-9
1.0954300943203827e-8
1.1586363730106764e-8
1.204018643842857e-8
1.2400996783048614e-8
1.2710190707070729e-8
1.299480467822947e-8
1.3283653791845555e-8
1.3660111518226983e-8
1.590135613408163e-8
1.84388685450499e-8
2.0006612271611124e-8
2.1132961015623164e-8
2.2027865697505176e-8
2.27947613695309e-8
2.3500730630425963e-8
2.4217196943929666e-8
2.515097007121422e-8
2.2039185002210705e-8
2.4383327118989864e-8
2.6084131510507683e-8
2.7433068247218586e-8
2.8588245442555468e-8
2.9651690970201064e-8
3.0730974113429204e-8
3.2137612295037466e-8
2.7407930845905428e-8
2.9671636482458753e-8
3.1474051125553134e-8
3.30135920202597e-8
3.442977157466089e-8
3.5867071377653e-8
3.7740371635227186e-8
3.24776971939157e-8
3.475753785749317e-8
3.6705568634729604e-8
3.849234723480902e-8
4.030465929832809e-8
4.266698983317284e-8
3.751290957783582e-8
3.989923652654714e-8
4.208435203273025e-8
4.4293566028677445e-8
4.717286628575872e-8
4.274202749333787e-8
4.537416153151236e-8
4.802004268607013e-8
5.1456863530891685e-8
4.851472637852928e-8
5.169407792876048e-8
5.576264407370761e-8
5.5590026580590394e-8
6.052465871820245e-8
6.720516758941692e-8
2.5501356699371314e-7
5.484675457335128e-7
7.041337416720389e-7
8.030104787749574e-7
8.744356399066879e-7
9.312244588294131e-7
9.798831699440135e-7
1.0246749365597353e-6
1.0701319556187767e-6
1.1293762766729792e-6
1.16320930148768e-8
8.410827706968762e-8
1.8729056916517704e-7
2.7990280665828455e-7
3.531767120251678e-7
4.1196347915826277e-7
4.6222737157827323e-7
5.084683946538402e-7
5.553930614041634e-7
6.165498967037042e-7
6.085546861511771e-10
1.1209362118548371e-8
4.76562564359895e-8
1.0718647596596275e-7
1.70836045820633e-7
2.264775817287394e-7
2.742255636395886e-7
3.1797981163732654e-7
3.6234102978436927e-7
4.2015306524759516e-7
-1.1078179223779243e-11
3.599336113615889e-10
6.423549378325406e-9
3.000051709282648e-8
7.253174494931852e-8
1.209800032150855e-7
1.6606052950966246e-7
2.0753982905736325e-7
2.4941102379105483e-7
3.0393099734409545e-7
-6.893944378668652e-12
-1.970926823437308e-10
-4.0630340034570936e-10
3.993771001860123e-9
2.1712312794040455e-8
5.420330411194813e-8
9.355727990026659e-8
1.329250768039169e-7
1.7264158206938413e-7
2.2408396739798735e-7
-6.264152833099237e-13
-3.698362774841142e-11
-2.9988853094358426e-10
-4.81585455981161e-10
2.735318685481168e-9
1.5898633323206545e-8
4.241420896011419e-8
7.756850059770596e-8
1.15611350539688e-7
1.6424966257306374e-7
-2.2846359826290378e-14
-2.7674882883027006e-12
-4.6928384785116705e-11
-2.8926602462904144e-10
-6.820833250067419e-10
8.794771552278425e-10
1.0620069683856555e-8
3.453723802820578e-8
6.992140948482359e-8
1.1649008874612281e-7
-3.2659288413511915e-16
-9.079220367055054e-14
-3.1429824397587796e-12
-4.1049040929775725e-11
-2.769502015580029e-10
-1.0083591701132582e-9
-1.2901045667572074e-9
5.243048500501172e-9
3.0163391097699294e-8
7.579751554763998e-8
-1.2306681541906094e-18
-8.33526917215089e-16
-5.977505034045848e-14
-1.5473455139393554e-12
-2.1604616547532403e-11
-1.9088339747954398e-10
-1.0990085766440486e-9
-3.573832580296901e-9
-7.820389950103349e-10
3.624479004430671e-8
-2.271587851061477e-22
-4.235223600319849e-19
-7.330975973889967e-17
-4.328453321592258e-15
-1.3656586958037832e-13
-2.8524211985053613e-12
-4.371642844291265e-11
-4.989240111341489e-10
-3.650455876184378e-9
-9.730060084975256e-10
0.000029671152772950924
8.46420764751935e-6
1.328238354694621e-6
1.4970610889243735e-7
1.223114621594503e-8
6.650750550848566e-10
2.0462384879734078e-11
2.663576935825168e-13
7.919686740869456e-16
8.70580024716851e-20
0.000016620433418604046
8.317737079564488e-6
2.24610739258021e-6
3.854020266470491e-7
4.209262847862196e-8
2.626228950095256e-9
7.241087032945036e-11
4.931214696442146e-13
1.4565759935720692e-16
0.000010976795648834074
6.5386869170165456e-6
2.199373919209491e-6
4.391012863176249e-7
4.8827634885538696e-8
2.4500614668453853e-9
3.273514732004891e-11
2.2698696063212433e-14
7.926133936643513e-6
5.068065256381054e-6
1.8296096433423902e-6
3.574237034257325e-7
3.1564268574445407e-8
7.836962198799728e-10
1.2053527686373608e-12
5.988034790817204e-6
3.907308459057014e-6
1.3632877189081297e-6
2.1605888039978788e-7
1.0043410196457607e-8
3.4076215102786826e-11
4.62294786021297e-6
2.9550700825612012e-6
8.778211791447441e-7
8.040894104804287e-8
6.322575940164275e-10
3.581826719264603e-6
2.1194577839445566e-6
4.168531776317686e-7
8.461758891357667e-9
2.7211814424122087e-6
1.3109941183213398e-6
8.190656254681921e-8
1.912652934736446e-6
4.927887739840178e-7
8.43797015747461e-7
5.122351247943339e-9
7.514414770888894e-9
8.368411156824722e-9
8.882454655343716e-9
9.251522396217936e-9
9.544944854393557e-9
9.796391639224049e-9
1.0027850381894172e-8
1.0262752637535843e-8
1.0568901410514553e-8
1.2457985560504028e-8
1.4643185572594264e-8
1.6001361775410983e-8
1.6977160851554282e-8
1.775230107807402e-8
1.8416567945983783e-8
1.902807020145241e-8
1.9648664033324743e-8
2.0457486363953675e-8
1.7840022816999333e-8
1.9950661076792416e-8
2.1484817203038345e-8
2.27008767259727e-8
2.3742091515744218e-8
2.470064118334029e-8
2.5673472293856342e-8
2.6941372032014542e-8
2.2741351971050936e-8
2.484474885929985e-8
2.6519948858538274e-8
2.7949866045236128e-8
2.9264991563074236e-8
3.059974327928974e-8
3.2339402266163486e-8
2.7508976206642367e-8
2.968181716721005e-8
3.153753632955751e-8
3.323842322650951e-8
3.496339963547775e-8
3.721195949951541e-8
3.235841649567371e-8
3.4681045990262356e-8
3.680586372480667e-8
3.895250745135797e-8
4.1750249420774214e-8
3.749662119030471e-8
4.010633312260522e-8
4.2725162472774046e-8
4.612460151372328e-8
4.327533606473764e-8
4.6482239439377846e-8
5.057263403754179e-8
5.0493040677949356e-8
5.5549574917823515e-8
6.260436150082331e-8
2.0497539890931216e-7
4.5990839696414653e-7
6.011952502897824e-7
6.91634866078781e-7
7.570299629589489e-7
8.090250810292724e-7
8.535754963162467e-7
8.945854175015039e-7
9.362043727124231e-7
9.904465235348462e-7
1.1153871950018883e-8
8.291163396060887e-8
1.8760587618450524e-7
2.828216354728423e-7
3.585258047350751e-7
4.1930921987559753e-7
4.71274875924889e-7
5.190791958723555e-7
5.675900109109166e-7
6.308140579010614e-7
6.116106087749122e-10
1.152699005185235e-8
4.982761426641336e-8
1.1334658126277276e-7
1.818787949464538e-7
2.420011038418759e-7
2.936207288064011e-7
3.4091735372709996e-7
3.8886786578211867e-7
4.5135722699745566e-7
-1.3327797846445166e-11
3.50604671603954e-10
6.8030846706193655e-9
3.2439003776180065e-8
7.921543457736598e-8
1.3285280366368304e-7
1.8290341664102708e-7
2.2897713342560232e-7
2.754809208820247e-7
3.360306717488388e-7
-7.599286346147269e-12
-2.2022681766459138e-10
-4.784500672906678e-10
4.3413346963440716e-9
2.4072518693463662e-8
6.057148376175826e-8
1.0502431581184558e-7
1.4959914914579383e-7
1.945790935073285e-7
2.528306216699269e-7
-6.961866454382801e-13
-4.145214752335773e-11
-3.394320727672727e-10
-5.628310528754847e-10
3.0304951120252973e-9
1.7949126445998096e-8
4.8240112354179584e-8
8.859797606851062e-8
1.3235133092182182e-7
1.882836250343389e-7
-2.570051696092964e-14
-3.136911658083971e-12
-5.3561221353568466e-11
-3.3289250233322975e-10
-7.98006453612236e-10
9.565781685548062e-10
1.215041339816624e-8
3.9865249231853144e-8
8.106215629404411e-8
1.3533376607420536e-7
-3.725849517636968e-16
-1.0422593250453542e-13
-3.6263458262342987e-12
-4.759145084086788e-11
-3.2283165043214885e-10
-1.1844160444822918e-9
-1.552603403248861e-9
6.026898681595323e-9
3.529117086308226e-8
8.911800458004424e-8
-1.4247127282853055e-18
-9.690205534191506e-16
-6.974126637834408e-14
-1.8114814810648573e-12
-2.5381456517401804e-11
-2.251330048948109e-10
-1.3023757073410107e-9
-4.265267730131679e-9
-1.0450544229760478e-9
4.3065031941525404e-8
-2.6735936831987696e-22
-4.996974352627045e-19
-8.668676471468963e-17
-5.1291783017631354e-15
-1.6217728918019199e-13
-3.3951895785565187e-12
-5.2175710849608936e-11
-5.97567851625962e-10
-4.39588610538511e-9
-1.26125526818254e-9
0.000026131868311708018
8.381826322291767e-6
1.3752095277463704e-6
1.5945065292100915e-7
1.3309855365282604e-8
7.36379602517418e-10
2.2998183540123184e-11
3.0356640433841704e-13
9.154005710339919e-16
1.0228321976152126e-19
0.000017094693703059567
8.799053858804772e-6
2.4281460173418727e-6
4.2406772334279366e-7
4.7016293502146165e-8
2.9727185519527927e-9
8.298895844354727e-11
5.722954232821171e-13
1.715487129189874e-16
0.000011832897878837542
7.163124019480549e-6
2.4434207517540907e-6
4.940156179472484e-7
5.5581288840740226e-8
2.8205288133929553e-9
3.812036872338245e-11
2.6792640021131495e-14
8.788618449624028e-6
5.6822526110799954e-6
2.072844109968389e-6
4.0904302310843337e-7
3.648752180228759e-8
9.155011163936401e-10
1.4257991161891659e-12
6.773189835939824e-6
4.457812269883541e-6
1.568751166026603e-6
2.5081896018916417e-7
1.1769948458836608e-8
4.039599972286902e-11
5.311669345849863e-6
3.420009447600975e-6
1.023711254783702e-6
9.455962246442014e-8
7.512720681270808e-10
4.170675436024863e-6
2.4841718805171076e-6
4.921752437717516e-7
1.0081998644156665e-8
3.2074964885768394e-6
1.5552904521295834e-6
9.792746618925691e-8
2.2824480027590476e-6
5.920652724053144e-7
1.0215448926534077e-6
3.6901027247571993e-9
5.49644636376568e-9
6.151049434903524e-9
6.545501387520555e-9
6.8286878264919315e-9
7.05382791006981e-9
7.246761203383556e-9
7.424358432735493e-9
7.604597559447418e-9
7.839503721410303e-9
9.319986456945925e-9
1.1063657544547075e-8
1.2153869443245036e-8
1.2937099879660629e-8
1.3559111880770488e-8
1.4092158008350086e-8
1.458287027179676e-8
1.508087830871422e-8
1.5729934082340025e-8
1.3681466505418112e-8
1.5435663957200466e-8
1.6713358366100366e-8
1.7725356643760312e-8
1.8591657149154685e-8
1.9389194994797704e-8
2.0198623664525415e-8
2.1253560888333862e-8
1.781239216725722e-8
1.9618940655402512e-8
2.1058156562153657e-8
2.2285556769978574e-8
2.3414167431960655e-8
2.455963695451153e-8
2.6052610883480027e-8
2.1961172726233382e-8
2.3880522027602134e-8
2.5518772965711483e-8
2.7018893450120697e-8
2.853999515679411e-8
3.052288394168664e-8
2.6295912881821776e-8
2.8397251094570415e-8
3.031729477392296e-8
3.225507915620324e-8
3.47805929163987e-8
3.099615802653295e-8
3.3408492757536785e-8
3.5823641192593314e-8
3.895580896186402e-8
3.6399087680715836e-8
3.9423917785013135e-8
4.326477249298228e-8
4.3301496516569076e-8
4.8159423223706524e-8
5.519317736105668e-8
1.560161304367791e-7
3.5917240260515066e-7
4.7566807565026526e-7
5.508771599542667e-7
6.053280805526815e-7
6.486225587975765e-7
6.857171408756138e-7
7.198636639751048e-7
7.545172650223008e-7
7.996814326660365e-7
9.523784157403066e-9
7.31435902018296e-8
1.6905580717973924e-7
2.5796550665846433e-7
3.291662495109044e-7
3.8639893595244574e-7
4.3532168001850943e-7
4.803236312349919e-7
5.259902935953094e-7
5.855075445141454e-7
5.507725651614416e-10
1.0742028697613801e-8
4.75973056568259e-8
1.1005987997998843e-7
1.7829748641619386e-7
2.384518165998059e-7
2.901373621194521e-7
3.3748736854645385e-7
3.854888759802772e-7
4.4804428553734834e-7
-1.517981211458632e-11
2.990274575038367e-10
6.6209045850769714e-9
3.248515354105145e-8
8.039377214864175e-8
1.3581657476475698e-7
1.877370548521697e-7
2.3556478956713862e-7
2.8383164821246526e-7
3.466736438064915e-7
-7.805711300784703e-12
-2.3015849194683161e-10
-5.326741920465679e-10
4.374179696356112e-9
2.49112497161454e-8
6.335737588618812e-8
1.1054309502139878e-7
1.5801868087262434e-7
2.059419586834788e-7
2.679928356942084e-7
-7.227481020264236e-13
-4.352009856076202e-11
-3.6112433066584234e-10
-6.247259844933514e-10
3.1280852095696168e-9
1.903245901072268e-8
5.168696630631028e-8
9.549527295301378e-8
1.431112725823984e-7
2.0397112349767579e-7
-2.711918906171152e-14
-3.344972249129693e-12
-5.766505703853287e-11
-3.625307575737042e-10
-8.88768025506935e-10
9.574840519548879e-10
1.312363235857541e-8
4.359791105399471e-8
8.919582136342073e-8
1.4934749487510056e-7
-4.0088386811163104e-16
-1.1312078513153496e-13
-3.96362207556104e-12
-5.2367024324150456e-11
-3.5788503409037554e-10
-1.3268093410670972e-9
-1.7962154305233865e-9
6.550030969198564e-9
3.932403654124963e-8
9.997689359568114e-8
-1.5644870025779299e-18
-1.070299953377947e-15
-7.741257301093305e-14
-2.020179799092039e-12
-2.8442386382298957e-11
-2.5364090791312954e-10
-1.4768439732256573e-9
-4.883365563040221e-9
-1.369530254776073e-9
4.901122816225412e-8
-3.003560087347822e-22
-5.632571398322428e-19
-9.800900560374775e-17
-5.815991036518679e-15
-1.8443328889430164e-13
-3.873291721930046e-12
-5.974233730221356e-11
-6.87512271549259e-10
-5.094946811408029e-9
-1.6074673892645895e-9
0.000020982486608798805
7.431313575237362e-6
1.2947374151498778e-6
1.5640800933683646e-7
1.3443534552264242e-8
7.608209436539796e-10
2.4239078905204763e-11
3.261688775967027e-13
1.0030138040376528e-15
1.146270403585001e-19
0.000015941515171712888
8.547984605150664e-6
2.4310500664861514e-6
4.346080219979541e-7
4.914281318784808e-8
3.1639018975698455e-9
8.986570105558022e-11
6.306065228743262e-13
1.9289555872494585e-16
0.0000118018408822784
7.299132618300182e-6
2.5357970186807865e-6
5.214075886488822e-7
5.961993876230755e-8
3.0732649252859432e-9
4.2202316119183194e-11
3.0218002702427236e-14
9.097724470974498e-6
5.969266375697462e-6
2.2088850757136302e-6
4.420451093448861e-7
3.998582170671704e-8
1.0179486034459368e-9
1.612799894245822e-12
7.201611540093585e-6
4.796775000971594e-6
1.7082988657252622e-6
2.764836139674707e-7
1.3144511861368432e-8
4.5829914450067046e-11
5.77205213231124e-6
3.7540180802666188e-6
1.1355999088838273e-6
1.0610775552388547e-7
8.550567849766739e-10
4.616681323153753e-6
2.7748461852544252e-6
5.553147294127907e-7
1.1517455567070968e-8
3.610676806198594e-6
1.7663068000156144e-6
1.1239726541486794e-7
2.612984734976476e-6
6.840910351996632e-7
1.1929351168670453e-6
2.5804573043801227e-9
3.902964643990804e-9
4.387395601528062e-9
4.67945671843599e-9
4.889119956538837e-9
5.05580464788274e-9
5.198645176684696e-9
5.330131857981317e-9
5.4635743306808396e-9
5.637490284407759e-9
6.750802066987455e-9
8.069385720998438e-9
8.89669207036627e-9
9.49092087171695e-9
9.962707386072352e-9
1.0367016867813403e-8
1.0739222364356825e-8
1.1116962069526482e-8
1.1609271692646155e-8
1.0076717800932574e-8
1.1435727806117917e-8
1.2427062023011592e-8
1.3211572192884386e-8
1.3882960755454435e-8
1.4501068993960337e-8
1.5128401277462768e-8
1.5946011786722742e-8
1.3309219672805257e-8
1.4744162836842922e-8
1.588763462089457e-8
1.6861824990694337e-8
1.7757350274020562e-8
1.8666268201680132e-8
1.985094538764772e-8
1.6641983881245103e-8
1.8205382068778585e-8
1.953898012565386e-8
2.07586803653387e-8
2.1995156911115638e-8
2.3607103027890195e-8
2.0213487837828445e-8
2.1966099435625483e-8
2.3565138516108696e-8
2.5176807707303357e-8
2.72772601794206e-8
2.417902016412246e-8
2.6236892134519566e-8
2.8290980484173567e-8
3.0951581104513874e-8
2.884627813070138e-8
3.1483794645698046e-8
3.481273576263904e-8
3.4961480316258695e-8
3.928214042155022e-8
4.5819627047978077e-8
1.1509385324916663e-7
2.690748635901307e-7
3.584716595747865e-7
4.1650907190690217e-7
4.5857346990140346e-7
4.920204628931575e-7
5.206770470710254e-7
5.470560830209353e-7
5.738268360468364e-7
6.087172550724827e-7
7.334860672232158e-9
5.7618456205131845e-8
1.35623500716205e-7
2.093572544673747e-7
2.6890333954491326e-7
3.1684357829976086e-7
3.578167599035723e-7
3.955026985169408e-7
4.3374484182483735e-7
4.835857127294885e-7
4.382985919288122e-10
8.842664514636196e-9
4.02461712129144e-8
9.488800228245357e-8
1.5560012843966196e-7
2.0951081674788866e-7
2.558888542599099e-7
2.983675278605145e-7
3.414263760699638e-7
3.975399561901948e-7
-1.5454174957236696e-11
2.0739722608874202e-10
5.681407658734369e-9
2.9044016626935916e-8
7.33233007380857e-8
1.2525453351871037e-7
1.74195917334521e-7
2.1932538102953815e-7
2.648587723656002e-7
3.241371492671343e-7
-7.229800287359025e-12
-2.188940297256818e-10
-5.534727117149167e-10
3.933803260768987e-9
2.3385544097064687e-8
6.045520688731733e-8
1.0645547434841236e-7
1.5295938011734015e-7
1.999238228175262e-7
2.6071620847388876e-7
-6.815701779575559e-13
-4.1759498160100414e-11
-3.5331948003885747e-10
-6.471357090910332e-10
2.9274217231647058e-9
1.85289562550535e-8
5.1057656196057074e-8
9.510399223098934e-8
1.4314216815682667e-7
2.0452908535636003e-7
-2.6218171348868695e-14
-3.282493815033471e-12
-5.734150359491688e-11
-3.6609080476368183e-10
-9.239018658052461e-10
8.543263511631205e-10
1.3107282443948222e-8
4.4266152117326666e-8
9.129393101855114e-8
1.5345177473612157e-7
-3.9829367251156287e-16
-1.137165004087891e-13
-4.021837775596321e-12
-5.359987512636078e-11
-3.698143228906914e-10
-1.3893594746134942e-9
-1.958534304806194e-9
6.580094973287544e-9
4.090220412511091e-8
1.0496950834979359e-7
-1.5971221180864145e-18
-1.1008107227716909e-15
-8.012478329208407e-14
-2.103717443830164e-12
-2.9809027512830323e-11
-2.677802890487301e-10
-1.573276942125273e-9
-5.272176293496383e-9
-1.7370176505423632e-9
5.248301072079247e-8
-3.1586370437064763e-22
-5.950865744106644e-19
-1.0398448220585849e-16
-6.195730226945775e-15
-1.972837540065115e-13
-4.161459311813883e-12
-6.451802556865147e-11
-7.474460953387766e-10
-5.596094160605336e-9
-1.989273411174161e-9
0.000015929123618094716
5.8730085376704404e-6
1.0793309598990367e-6
1.363190888905265e-7
1.216802898127725e-8
7.122984246134317e-10
2.3392659853286474e-11
3.234430177665371e-13
1.0210424927060918e-15
1.2014216697200822e-19
0.00001316665278746161
7.3675552487207936e-6
2.1743071605166035e-6
4.0189254838034245e-7
4.683853469037355e-8
3.0965273379230942e-9
9.006165263786912e-11
6.466079593465467e-13
2.0310214892468212e-16
0.000010501786474894997
6.691669404679831e-6
2.390551203000222e-6
5.042244487052525e-7
5.898664381211739e-8
3.1056109876510768e-9
4.35331439278901e-11
3.195080832533764e-14
8.542884652840594e-6
5.732779499593006e-6
2.165603946476806e-6
4.418063003484776e-7
4.0712097002748816e-8
1.0559234030821613e-9
1.71227270262564e-12
7.0383877999233995e-6
4.766253553421818e-6
1.7249073820379228e-6
2.836417941563432e-7
1.3713296464547863e-8
4.885917376105567e-11
5.811935063923722e-6
3.830288599894842e-6
1.1744226808061552e-6
1.1141123184091673e-7
9.156619822149136e-10
4.7615018196093335e-6
2.89569185794135e-6
5.874895196866377e-7
1.2398041309949344e-8
3.807740732380225e-6
1.8857744725139482e-6
1.2178785932554223e-7
2.8211869694394287e-6
7.481574686369046e-7
1.3240442510231598e-6
1.7502307287410642e-9
2.679555172881126e-9
3.0264657197266993e-9
3.2356923309038762e-9
3.3858832673915287e-9
3.505285244359377e-9
3.607607028162373e-9
3.701795968746739e-9
3.797385778021716e-9
3.92196828870879e-9
4.739196404004602e-9
5.711852308211576e-9
6.32259375350425e-9
6.761159870868735e-9
7.1092974698431305e-9
7.4076424052147495e-9
7.682300494873373e-9
7.961042480156182e-9
8.324328112945414e-9
7.203938677907653e-9
8.216670813411496e-9
8.955641685826713e-9
9.540088442324984e-9
1.004016029181183e-8
1.0500550441693857e-8
1.0967815892037442e-8
1.1576810346606205e-8
9.622498968719524e-9
1.0703175668776142e-8
1.1564404637858374e-8
1.2297557131549137e-8
1.2971333421701315e-8
1.3655192972997485e-8
1.4546544232643475e-8
1.2147212928701686e-8
1.3341151858191248e-8
1.4359108089636186e-8
1.5289109229431457e-8
1.6231670167928007e-8
1.7460519939556357e-8
1.4894592568801702e-8
1.6254181396039098e-8
1.7492893176334553e-8
1.873960048971746e-8
2.036434992900768e-8
1.7997175158060836e-8
1.9621057495254373e-8
2.1236537962005737e-8
2.3325879914042506e-8
2.17199269516948e-8
2.3839849293512327e-8
2.649584791848219e-8
2.6712948885887423e-8
3.024562209259523e-8
3.5851184128627995e-8
8.184591696393005e-8
1.9695082559213604e-7
2.6435880735104463e-7
3.0812524265877727e-7
3.3985533852730417e-7
3.6508586938853686e-7
3.867025724851549e-7
4.0660121583436325e-7
4.267953341542278e-7
4.5311440615853525e-7
5.584766492893753e-9
4.3470204555051284e-8
1.0224834263770814e-7
1.582025996941804e-7
2.0362382070394532e-7
2.4024014063349453e-7
2.715330454943597e-7
3.0031322715693575e-7
3.2951786804765884e-7
3.675801712293406e-7
3.2574552721440294e-10
6.6283877149298335e-9
3.0598495554136884e-8
7.313803008886111e-8
1.211057837273152e-7
1.6399884693033783e-7
2.0095139219806563e-7
2.3479184216978843e-7
2.6909089255764207e-7
3.137883061823996e-7
-1.330516702448333e-11
1.243348873513507e-10
4.326616092336361e-9
2.2984960246137134e-8
5.913547468743147e-8
1.0213045779819217e-7
1.429254876498646e-7
1.805958816982031e-7
2.1859488600642124e-7
2.680594802772995e-7
-5.906701111808556e-12
-1.8336020794085503e-10
-5.011477834255254e-10
3.1127835620269604e-9
1.9363712893214237e-8
5.095078552339474e-8
9.06729670729917e-8
1.3108685794748814e-7
1.719350389349777e-7
2.247903404781697e-7
-5.670868721828377e-13
-3.537429013197042e-11
-3.057276389420438e-10
-5.961046861198559e-10
2.3940045288871632e-9
1.593761640042999e-8
4.475331349997459e-8
8.429702987571732e-8
1.2766067373886443e-7
1.830598142333532e-7
-2.2397550040161957e-14
-2.8536423068118316e-12
-5.067895694821753e-11
-3.3014262229590937e-10
-8.663925249784297e-10
6.216533163360636e-10
1.1619002298498257e-8
4.0269635256059564e-8
8.412515444999329e-8
1.4226439291199564e-7
-3.5164215489685633e-16
-1.0197675447328191e-13
-3.654632174951423e-12
-4.934678057182529e-11
-3.456308069178215e-10
-1.3264629919040422e-9
-1.9857605904312294e-9
5.8765343236144885e-9
3.865744593173829e-8
1.0061680477098585e-7
-1.464486513782115e-18
-1.021351390981861e-15
-7.511053800988132e-14
-1.9915380476063052e-12
-2.8503803912752327e-11
-2.588655154008647e-10
-1.5404277336525842e-9
-5.2567275763843305e-9
-2.080733430196852e-9
5.1750394236278785e-8
-3.0359709060636355e-22
-5.758623073976233e-19
-1.0122859996263078e-16
-6.065739166379059e-15
-1.9423756424875473e-13
-4.121937014037004e-12
-6.43546530402525e-11
-7.523501082391655e-10
-5.7101182236307964e-9
-2.328559290259264e-9
0.00001199370253179366
4.426511960695013e-6
8.162929122527465e-7
1.057303895334012e-7
9.740446930631253e-9
5.886644422727413e-10
1.9946719376713608e-11
2.8482095791948064e-13
9.321387807156895e-16
1.1490108964940022e-19
9.931082540008052e-6
5.670491950869483e-6
1.7223211735679735e-6
3.2823447854113315e-7
3.941604900739234e-8
2.683341448555326e-9
8.041623046586449e-11
5.969866061426156e-13
1.9557591891901144e-16
8.281970217888039e-6
5.420700692080766e-6
1.9894428135131602e-6
4.309950366797955e-7
5.179993873107398e-8
2.805182970739211e-9
4.058415610272575e-11
3.095434386948186e-14
7.0815006990490025e-6
4.86311038183382e-6
1.8805911044062609e-6
3.9309072638828977e-7
3.718301887327475e-8
9.93403685207261e-10
1.6684659777575453e-12
6.089173521370764e-6
4.208330129285341e-6
1.556310262336728e-6
2.621095997832714e-7
1.3020497519386078e-8
4.78841169896436e-11
5.223249415151661e-6
3.509420452756782e-6
1.0994872285393386e-6
1.0683325415064883e-7
9.02912929687605e-10
4.437920519068766e-6
2.7505676970748925e-6
5.696059994628402e-7
1.2312405629698868e-8
3.6749310740797706e-6
1.8518183673126649e-6
1.2203298800524644e-7
2.8131958206714948e-6
7.590889131963805e-7
1.3692334247823009e-6
1.1757226694790491e-9
1.7971715811969212e-9
2.0326471771384157e-9
2.1748636534364354e-9
2.2769496508946587e-9
2.358107435272126e-9
2.4276558797702015e-9
2.491676477622213e-9
2.5566492215819015e-9
2.641328405948401e-9
3.2061563371297956e-9
3.894989642018683e-9
4.3295366563979245e-9
4.641599988529949e-9
4.889295947245476e-9
5.101564280357967e-9
5.2969807993654084e-9
5.495302935732343e-9
5.7537769972191146e-9
4.975169432601086e-9
5.713397180064825e-9
6.2523120853665584e-9
6.678445883461391e-9
7.043027759547808e-9
7.378677897052296e-9
7.719341731670091e-9
8.163334637504312e-9
6.748331820630778e-9
7.544635270490302e-9
8.179169482611116e-9
8.719183198215865e-9
9.215399236363287e-9
9.719040403191917e-9
1.0375497993212497e-8
8.61404275008847e-9
9.49880694422656e-9
1.025299324694125e-8
1.0941654642965518e-8
1.1639508319360055e-8
1.2549352833655076e-8
1.0655015088047948e-8
1.1668005458635044e-8
1.2590249559679002e-8
1.3517597044732491e-8
1.4726089855903011e-8
1.2974437326676986e-8
1.4192882946163531e-8
1.5402225746752747e-8
1.6964410289906205e-8
1.5783010955809143e-8
1.7388099359691047e-8
1.9386598466725994e-8
1.960205694868085e-8
2.229859006822167e-8
2.6739566057862002e-8
5.494265957900738e-8
1.359565712421217e-7
1.852568169714756e-7
2.1741247901805263e-7
2.40730311693893e-7
2.592717432999619e-7
2.7515740001703317e-7
2.89780493015432e-7
3.0462071527303915e-7
3.2396202856968254e-7
4.287932454836038e-9
3.384498975978515e-8
7.948436599719963e-8
1.225596774684924e-7
1.5740997043520423e-7
1.8549638803499547e-7
2.0950238800108348e-7
2.3158126809175726e-7
2.539857794923079e-7
2.831854942418878e-7
2.569611774236348e-10
5.135429745815812e-9
2.3360204776915015e-8
5.53751255219757e-8
9.137643883795909e-8
1.235905620435108e-7
1.5136276814272713e-7
1.7679829573885954e-7
2.0257771409110035e-7
2.3617240739759314e-7
-9.53699639906162e-12
1.0050454896383078e-10
3.245133756291506e-9
1.7160225765021e-8
4.421317219627764e-8
7.656010496458426e-8
1.0737502685295074e-7
1.3586436936584745e-7
1.645996709454626e-7
2.0200252663848193e-7
-4.40469087430054e-12
-1.375323115988756e-10
-3.8516787028566274e-10
2.29029146051279e-9
1.4517152993297226e-8
3.856865860558582e-8
6.912045648634852e-8
1.003781232810973e-7
1.3199988572459425e-7
1.7290327879234408e-7
-4.260015394734442e-13
-2.681122837481494e-11
-2.3481392897224817e-10
-4.778661674401697e-10
1.7565593347348076e-9
1.2187712635139626e-8
3.4780380248553057e-8
6.617288476662265e-8
1.0078310076594539e-7
1.4499227869442284e-7
-1.7071073303045867e-14
-2.202648687700709e-12
-3.964752439585932e-11
-2.628552488047322e-10
-7.140069711212762e-10
3.8381713680271377e-10
9.097772278141177e-9
3.233561236870927e-8
6.840725614971272e-8
1.1639139486307611e-7
-2.748625025997648e-16
-8.082146598434341e-14
-2.9319827715594466e-12
-4.007726292228936e-11
-2.847282655324963e-10
-1.1150907730978109e-9
-1.765073113025459e-9
4.592339011081806e-9
3.218048165573986e-8
8.510429809973076e-8
-1.1849029668912844e-18
-8.356538425257306e-16
-6.206497317167783e-14
-1.6615576914382811e-12
-2.4023879211719096e-11
-2.2073592041776178e-10
-1.3327881929314242e-9
-4.648907765861285e-9
-2.2234561168464043e-9
4.5193597272089794e-8
-2.5726594634204514e-22
-4.9161637529072225e-19
-8.701463635994782e-17
-5.249291636043861e-15
-1.6925923024611022e-13
-3.619045424743131e-12
-5.701341335801868e-11
-6.746225775109933e-10
-5.220988237321795e-9
-2.573420095497235e-9
8.527109600769302e-6
3.4553802249613187e-6
6.287939678921945e-7
7.965284469145673e-8
7.274412490690389e-9
4.415944948790865e-10
1.5187372166248733e-11
2.2211104770441323e-13
7.51035940382198e-16
9.684236334051077e-20
7.685297783660015e-6
4.293191709570248e-6
1.2882147998072154e-6
2.455623945807678e-7
2.979686012593517e-8
2.0661215747146735e-9
6.3479905667663e-11
4.86145191197228e-13
1.6604013101524136e-16
6.2000961845841485e-6
4.050378060996069e-6
1.4965108073289807e-6
3.2874361926873265e-7
4.030785936591803e-8
2.2379222289393723e-9
3.335613737354115e-11
2.6458304498132186e-14
5.318765191958367e-6
3.6920493547704206e-6
1.4503786044180908e-6
3.093389319840776e-7
2.997234948219491e-8
8.236924637961063e-10
1.4357298121803138e-12
4.682858636511761e-6
3.28955598365317e-6
1.2403224355468417e-6
2.136343813329292e-7
1.0894643361009581e-8
4.149115701704824e-11
4.147635510695768e-6
2.837317453315792e-6
9.073575834269423e-7
9.030568171900232e-8
7.883120465478274e-10
3.646776790587444e-6
2.3024544972602606e-6
4.873745680888816e-7
1.0846371175066398e-8
3.128194510384817e-6
1.608637016573573e-6
1.0876464381582237e-7
2.49161386770605e-6
6.884459073034062e-7
1.2801209085796963e-6
7.954754891202105e-10
1.2066442472798221e-9
1.3619132353963816e-9
1.4557309053987756e-9
1.5230699720523657e-9
1.5766032147907008e-9
1.6224789655577602e-9
1.6647084265634903e-9
1.707565972380185e-9
1.7634223499605052e-9
2.134155631861524e-9
2.5896931235768247e-9
2.8787441142562486e-9
3.0863308135783284e-9
3.2510558027443984e-9
3.392222685356725e-9
3.5221841789381354e-9
3.654078252244466e-9
3.825976355172998e-9
3.3156200143374274e-9
3.820140069672883e-9
4.189474591437647e-9
4.481332835184329e-9
4.730992579547571e-9
4.9608444103042565e-9
5.1941313746224096e-9
5.49817847452971e-9
4.543723803862213e-9
5.105308308056667e-9
5.552965439251707e-9
5.9337306725984186e-9
6.2835736436519785e-9
6.638653169664187e-9
7.101474408153496e-9
5.87378477712283e-9
6.511235645909258e-9
7.054388600760337e-9
7.550175066013216e-9
8.052544561619475e-9
8.707528538222815e-9
7.354522442450573e-9
8.093575200388584e-9
8.76615656846171e-9
9.442258672139535e-9
1.0323307691665703e-8
9.053877646150562e-9
9.949467465711584e-9
1.0837778793573018e-8
1.1984759997137277e-8
1.1124329193413086e-8
1.2309822680400255e-8
1.3782383168894823e-8
1.395534053543244e-8
1.595057342617283e-8
1.928830281327295e-8
3.625472499504262e-8
8.922828681509017e-8
1.218269807772708e-7
1.4330654225012119e-7
1.5890990977754017e-7
1.7131725491088766e-7
1.8194708479492731e-7
1.9173203749740735e-7
2.016622785736114e-7
2.1460439616356186e-7
2.8017478385447313e-9
2.3098622354413636e-8
5.6163696368219564e-8
8.822739517331901e-8
1.1434425217064315e-7
1.353992390969415e-7
1.5339197302601366e-7
1.6993986052288918e-7
1.8673178901959053e-7
2.0861664719395864e-7
1.810898244094736e-10
3.843278426884306e-9
1.8017606005362344e-8
4.318852034110341e-8
7.14592117491759e-8
9.668473529329248e-8
1.1841305769919384e-7
1.383142177409372e-7
1.5848548033141752e-7
1.8477199163673113e-7
-7.858247554318733e-12
7.986250077822521e-11
2.5920172844911244e-9
1.3575817477762459e-8
3.468017127137811e-8
5.969738826851258e-8
8.343610900883596e-8
1.0537073702961607e-7
1.2749857569636735e-7
1.5630216967878809e-7
-3.447790702561734e-12
-1.0599988663694954e-10
-2.8328300006098224e-10
1.8255731051678809e-9
1.1232133445167731e-8
2.9517770868426587e-8
5.260012770228714e-8
7.617185277816048e-8
1.0002085483889212e-7
1.3087329497351108e-7
-3.2890484770725645e-13
-2.0460275481201132e-11
-1.7699035363109628e-10
-3.4987207565842956e-10
1.3581627788261796e-9
9.198310261836026e-9
2.608105360795886e-8
4.951158964589416e-8
7.53634923357649e-8
1.0839286984431208e-7
-1.2961116509896667e-14
-1.65759655411885e-12
-2.9652618225069507e-11
-1.9564854754251996e-10
-5.294581953347921e-10
2.8720452141472853e-10
6.758978343432971e-9
2.4071430973948135e-8
5.1070651730196815e-8
8.705887932735095e-8
-2.0563928464161658e-16
-6.025587007430783e-14
-2.1837309015381696e-12
-2.987050659128999e-11
-2.127896821248382e-10
-8.388035693384117e-10
-1.3589012854658373e-9
3.3313166682702006e-9
2.4134493478071326e-8
6.446460606642867e-8
-8.82790214766626e-19
-6.237261214069068e-16
-4.6455140758523495e-14
-1.248291648846444e-12
-1.8136463265185065e-11
-1.6774853376200942e-10
-1.0227283665362186e-9
-3.6281153525024966e-9
-1.984616756533584e-9
3.4970620684103335e-8
-1.9478794667964256e-22
-3.738946107903379e-19
-6.648139899583856e-17
-4.030259042160055e-15
-1.306580514732563e-13
-2.811342137983357e-12
-4.464064656113985e-11
-5.340646436491906e-10
-4.2092946783465104e-9
-2.430522773421617e-9
5.559940937332554e-6
2.3690241550148817e-6
4.74684925785138e-7
6.269437658521758e-8
5.732093958528236e-9
3.4230830163802684e-10
1.1543095485996089e-11
1.662688409776615e-13
5.592880966140149e-16
7.309656658356097e-20
5.717649465606581e-6
3.357475281244578e-6
1.0173027932981188e-6
1.9167533279147964e-7
2.2832010117855753e-8
1.556994488665321e-9
4.7350783940109665e-11
3.624693609704222e-13
1.2583811585685678e-16
4.898596718536419e-6
3.175384547442359e-6
1.154900768813561e-6
2.4954279086691006e-7
3.020866974849442e-8
1.6669877268313729e-9
2.49232175486048e-11
2.013697867692517e-14
4.114996417125156e-6
2.8150714216447445e-6
1.0919669909748324e-6
2.3094432367073068e-7
2.232522836129318e-8
6.172284071332376e-10
1.0977219013373513e-12
3.5318126789097835e-6
2.460790141206936e-6
9.239874980721847e-7
1.593387640870605e-7
8.194930602101587e-9
3.188616388511482e-11
3.0908951379567415e-6
2.113759095409189e-6
6.788531809790466e-7
6.828161701258105e-8
6.094926705894415e-10
2.724847930470607e-6
1.7322385069583693e-6
3.712531476912662e-7
8.450249968051131e-9
2.3749709565579404e-6
1.238878425830631e-6
8.562881615519675e-8
1.9506804089119723e-6
5.508599657407276e-7
1.0547772072094018e-6
5.453592854246791e-10
8.182807889415708e-10
9.210810599223988e-10
9.831732487670805e-10
1.0277373573056401e-9
1.0631644741251604e-9
1.0935241145361965e-9
1.1214707066470034e-9
1.149832970894401e-9
1.1867975956648082e-9
1.4313794256489487e-9
1.7316263825792808e-9
1.921542871278869e-9
2.057822199588042e-9
2.1659321398575283e-9
2.258580575717978e-9
2.3438762325984063e-9
2.4304405113053168e-9
2.5432600995615093e-9
2.206908290256677e-9
2.5355297267515845e-9
2.7758729522772977e-9
2.965590942889379e-9
3.1278236671833686e-9
3.277188638435383e-9
3.428789060504604e-9
3.6263731036248857e-9
3.0064823012433704e-9
3.3736692395470867e-9
3.666450442187783e-9
3.9151606010292225e-9
4.143587878284183e-9
4.3754420278458026e-9
4.6776537148346375e-9
3.882530785594527e-9
4.307620267687298e-9
4.66964021686501e-9
4.999605646423175e-9
5.3338710451494834e-9
5.769712586448401e-9
4.881106104182126e-9
5.3859695821986824e-9
5.84472264463955e-9
6.3052898895801454e-9
6.905477479809168e-9
6.055759379895811e-9
6.681647406751433e-9
7.30103909321667e-9
8.100181250083862e-9
7.519104139759144e-9
8.363909613427953e-9
9.410472088447607e-9
9.557572302230813e-9
1.1001631617396242e-8
1.345712290641637e-8
2.3978482385097322e-8
5.893985685868561e-8
8.042095710199033e-8
9.452068843199007e-8
1.0476306390902877e-7
1.1290815879382121e-7
1.1988626720498508e-7
1.263097163324275e-7
1.3282854038265042e-7
1.413245451802016e-7
1.8703961647933623e-9
1.5055797462054978e-8
3.606125497185584e-8
5.650745543748215e-8
7.33231942158313e-8
8.69195149195101e-8
9.853643058759472e-8
1.0921870839839519e-7
1.2005830004842406e-7
1.3418548868166718e-7
1.131588218508479e-10
2.368465066164071e-9
1.1323629807002559e-8
2.7937871583414298e-8
4.724532794073565e-8
6.472714365946868e-8
7.981694306862744e-8
9.363056892677156e-8
1.0762914147675836e-7
1.2587134167498157e-7
-6.278088013013817e-12
1.7576432133184106e-11
1.6149163802318195e-9
9.30360513447312e-9
2.4764740923937977e-8
4.3509022589082394e-8
6.142527180361479e-8
7.798688028900551e-8
9.468824093624962e-8
1.1642700564536928e-7
-2.535698845629478e-12
-8.179196025970588e-11
-2.4643688624175507e-10
1.278651658224675e-9
8.476162310195888e-9
2.2749323036155907e-8
4.0889587118961934e-8
5.942252928440046e-8
7.81630925423623e-8
1.0240665781018353e-7
-2.4976844441547793e-13
-1.5911708765386486e-11
-1.4033147634865918e-10
-2.869975935747374e-10
1.0502639474315488e-9
7.2774128208321554e-9
2.0689144861129588e-8
3.9226743682225176e-8
5.961913410519732e-8
8.567185651766455e-8
-1.0153582184236361e-14
-1.3122603240492287e-12
-2.3563931381070717e-11
-1.5528568378166956e-10
-4.156596861901658e-10
2.554855273198075e-10
5.40769561976371e-9
1.9002567194503235e-8
4.000548728650591e-8
6.793830698419951e-8
-1.6338620000504964e-16
-4.780309772541098e-14
-1.7249227393609906e-12
-2.3447138044953618e-11
-1.655679888529651e-10
-6.437549450502737e-10
-1.00513482880537e-9
2.6877614879517354e-9
1.8623938156648396e-8
4.9260876013192075e-8
-6.943966560964553e-19
-4.87321005488241e-16
-3.605637240370751e-14
-9.62432731110608e-13
-1.3886210311740161e-11
-1.2746821303911522e-10
-7.705916509001522e-10
-2.7053956264408548e-9
-1.3983357312362638e-9
2.6248431918607668e-8
-1.486012060238604e-22
-2.839037396832566e-19
-5.027724248919199e-17
-3.0369053918445397e-15
-9.812702078862027e-14
-2.104760813862706e-12
-3.332071887747882e-11
-3.975715222356026e-10
-3.1301700619526045e-9
-1.8698590764139367e-9
3.6780297055113947e-6
1.5433081086825147e-6
2.981967408964785e-7
4.0948797005228235e-8
4.02550668650226e-9
2.565778278887798e-10
9.025003479211933e-12
1.3214585956987094e-13
4.4098144520701707e-16
5.596182684255798e-20
3.5988141232611295e-6
2.158835196647604e-6
6.972546810614424e-7
1.4047003013005028e-7
1.7581917552917116e-8
1.2309652968108358e-9
3.761169059092586e-11
2.8406161678208495e-13
9.587843474592093e-17
3.3228990706977173e-6
2.2884602477921555e-6
8.752179198957641e-7
1.9539911312743793e-7
2.398711106100198e-8
1.3199802834236557e-9
1.9415095686638217e-11
1.527826877261324e-14
3.0989931948230195e-6
2.1884680811630683e-6
8.640594826597595e-7
1.8348185206547834e-7
1.7595063982949753e-8
4.77927877942563e-10
8.296465282708295e-13
2.7897501833603932e-6
1.955536768783172e-6
7.31907084889489e-7
1.2478816967656e-7
6.305500981876977e-9
2.401171016905555e-11
2.451410436324328e-6
1.6633361055256977e-6
5.273496452706068e-7
5.217707075745494e-8
4.573594932974564e-10
2.1228668393878307e-6
1.3324520815919088e-6
2.8153540475428895e-7
6.31892611859814e-9
1.8066650265350078e-6
9.319077617597402e-7
6.382159795471203e-8
1.4564892498293742e-6
4.097566619011957e-7
7.889013521770641e-7
3.803862585519174e-10
5.643888962425462e-10
6.328657327193793e-10
6.742176356434143e-10
7.038979923112981e-10
7.274932316929174e-10
7.477133765252962e-10
7.663263423294137e-10
7.85216170157317e-10
8.098353407737958e-10
9.7013739109502e-10
1.1665600441372383e-9
1.291037792610626e-9
1.3804143316607725e-9
1.4513262694177438e-9
1.5120956685297116e-9
1.5680416645567182e-9
1.6248197548406855e-9
1.6988188823138373e-9
1.4776599116484093e-9
1.693866987921403e-9
1.8521464670168063e-9
1.977137228109767e-9
2.0840228932802388e-9
2.182426152465463e-9
2.2823017605071546e-9
2.4124718808594755e-9
2.0043289237965766e-9
2.2458485117865776e-9
2.438304984937298e-9
2.601810154610566e-9
2.751962758204965e-9
2.9043640381515167e-9
3.103014578567502e-9
2.5784228254089477e-9
2.855263386241473e-9
3.090955016577048e-9
3.3056606173538544e-9
3.523104959607032e-9
3.8066408788983664e-9
3.2261217590418064e-9
3.5526174204070905e-9
3.848977518513183e-9
4.146012005299972e-9
4.533063315712446e-9
3.985743428242926e-9
4.39126540099756e-9
4.790829172000517e-9
5.305205248567384e-9
4.940103475150859e-9
5.493323217669682e-9
6.171310849906704e-9
6.296932483156608e-9
7.25628066680799e-9
8.97463883467068e-9
1.604698076901977e-8
3.872764509222588e-8
5.259855885589705e-8
6.173587366305435e-8
6.837564744181782e-8
7.365554892524969e-8
7.817900023379201e-8
8.23429094674441e-8
8.656864491897944e-8
9.207605997229554e-8
1.1891928444175441e-9
9.736504300829539e-9
2.371880220780009e-8
3.740422484916204e-8
4.860358951374626e-8
5.764371929784953e-8
6.53694949519316e-8
7.247441825749083e-8
7.968401790815988e-8
8.90802542425685e-8
7.51333489715997e-11
1.6240347540535048e-9
7.738735012633739e-9
1.8752145110132466e-8
3.1255730020682935e-8
4.249745434621652e-8
5.220717664563065e-8
6.110093513184302e-8
7.011393582827167e-8
8.185909291915526e-8
-3.667193235756143e-12
2.8815487207799243e-11
1.1143014706508111e-9
5.99092468602595e-9
1.557747024968866e-8
2.718885635590938e-8
3.835918074875087e-8
4.871780760780919e-8
5.916347949583837e-8
7.275737031998176e-8
-1.5585731886803008e-12
-4.925296920802699e-11
-1.4531636384336411e-10
7.800994972651497e-10
5.171322272961967e-9
1.405786613727999e-8
2.561878487862121e-8
3.759975023861463e-8
4.9742792015858486e-8
6.543822933269643e-8
-1.5258590861223065e-13
-9.797532542554063e-12
-8.847288380827268e-11
-1.9762997245216435e-10
5.894664285418672e-10
4.548586111910031e-9
1.3479075951386187e-8
2.6214379566279745e-8
4.039419472607364e-8
5.849655904747174e-8
-6.320264215499515e-15
-8.399535067024137e-13
-1.5588979413630596e-11
-1.0733530315282027e-10
-3.117632171900529e-10
6.688791221814309e-11
3.6010879870248348e-9
1.3437566466112028e-8
2.9034343062762257e-8
4.9863099561468815e-8
-1.0786835972710157e-16
-3.268488711591046e-14
-1.2152916203646445e-12
-1.6994613169284585e-11
-1.2365245258980795e-10
-4.988138701626433e-10
-8.444053719944934e-10
1.8646933006913504e-9
1.4194251151329452e-8
3.8163486750881676e-8
-4.990529502977942e-19
-3.5882482062801276e-16
-2.7063240646809224e-14
-7.342983281397622e-13
-1.0750839566504533e-11
-1.000162136078677e-10
-6.118081291232439e-10
-2.168632328828758e-9
-1.1520120479961217e-9
2.0864588904606163e-8
-1.158241202618881e-22
-2.2298804007019586e-19
-3.9712671181389564e-17
-2.408913366569825e-15
-7.807295681983205e-14
-1.6778495254985644e-12
-2.657682839647092e-11
-3.1650716100600304e-10
-2.4725157471587967e-9
-1.3426907486737134e-9
2.3760440179770492e-6
9.981968341106568e-7
2.0212294287807222e-7
2.7395893960622168e-8
2.5574893547495282e-9
1.5768010476561015e-10
5.609648713410351e-12
8.671076472428543e-14
3.139154091641902e-16
4.335029108576055e-20
2.423883744885362e-6
1.4580608147777893e-6
4.5079789141040405e-7
8.710109045084519e-8
1.0826453487715075e-8
7.834284402750421e-10
2.5456921093374007e-11
2.071264883035208e-13
7.4913799675823e-17
2.164561884403179e-6
1.4311348110970424e-6
5.377062550009562e-7
1.219451756651147e-7
1.5659319444467176e-8
9.17410291076073e-10
1.4428765883879961e-11
1.2016116861691828e-14
1.9045078897200471e-6
1.3547026070822854e-6
5.52037542635904e-7
1.2321639861671185e-7
1.2536283580574363e-8
3.6099998878603594e-10
6.558811417179347e-13
1.7706192892499762e-6
1.2910643066972916e-6
5.073918467805464e-7
9.114352969545774e-8
4.833278249143456e-9
1.9059047054307473e-11
1.6841365062184597e-6
1.193367927040994e-6
3.9490870813524443e-7
4.054656259871194e-8
3.641035126070095e-10
1.5768483500771634e-6
1.0220032301766241e-6
2.2150191641271395e-7
5.038996962610771e-9
1.4147749369151589e-6
7.402169051640155e-7
5.0866783260891013e-8
1.1610865119540101e-6
3.247619954585827e-7
6.139776387656295e-7
2.6823937904397135e-10
3.954918037946979e-10
4.422404885435636e-10
4.70454886970994e-10
4.907060638536459e-10
5.068053151632016e-10
5.206016959828148e-10
5.333014703851672e-10
5.461901589274545e-10
5.629880268325658e-10
6.705386970082332e-10
8.012488640252081e-10
8.838312572062694e-10
9.431004155157505e-10
9.901217060265412e-10
1.0304175718710898e-9
1.0675152542706803e-9
1.1051647438585266e-9
1.1542334851861754e-9
1.005741160313725e-9
1.146803755205153e-9
1.249887097911467e-9
1.3312593253887778e-9
1.4008419624784332e-9
1.4649049800591796e-9
1.529926919543614e-9
1.6146714295466741e-9
1.3474855463369224e-9
1.5034618990480933e-9
1.627791899079439e-9
1.7334028876315822e-9
1.8303948059668727e-9
1.9288414472350667e-9
2.057162960829717e-9
1.718374019143199e-9
1.897919838876387e-9
2.050843783867156e-9
2.190175632912471e-9
2.3313013289861114e-9
2.515315252178292e-9
2.1399368696942954e-9
2.353268133108798e-9
2.546994056029425e-9
2.741296111817252e-9
2.9944669172349034e-9
2.637058335185806e-9
2.9024299852145526e-9
3.164311956364618e-9
3.50154753596884e-9
3.2598833952998795e-9
3.619960044435897e-9
4.061346558069757e-9
4.138464747928838e-9
4.754205316945411e-9
5.862989067050494e-9
1.1017578821283047e-8
2.6046875454126773e-8
3.5112661497166034e-8
4.106494985267099e-8
4.5388146626587073e-8
4.88260754545908e-8
5.177146321223039e-8
5.448273467562051e-8
5.7234264189034334e-8
6.082034192154951e-8
7.683331174256323e-10
6.252736881517011e-9
1.5111163915391042e-8
2.3720925310744115e-8
3.078028931969872e-8
3.64881511245961e-8
4.1365923400514136e-8
4.585126473921897e-8
5.040264623091792e-8
5.633443876876779e-8
4.818683454037585e-11
1.0160191235706481e-9
4.7940672916990404e-9
1.1685884122082666e-8
1.9671965462832604e-8
2.6924762138346035e-8
3.319323828636567e-8
3.8931382825737774e-8
4.474599867709443e-8
5.2323244566673767e-8
-2.4255333060850814e-12
1.0015604649860286e-11
6.628369191532565e-10
3.806909824908678e-9
1.0212030303897326e-8
1.806695659931664e-8
2.5613462987052242e-8
3.259485898085502e-8
3.963412156704756e-8
4.879596010039233e-8
-1.0407335060902105e-12
-3.41979110645779e-11
-1.0860955574131087e-10
5.121667476835972e-10
3.545253061290189e-9
9.652671913185769e-9
1.74736926878362e-8
2.548939671595017e-8
3.360091349280104e-8
4.409252469891681e-8
-1.0463421163247974e-13
-6.7748399605755706e-12
-6.071119474946435e-11
-1.2845957676964938e-10
4.394219930189916e-10
3.1357241861475625e-9
8.991390134440018e-9
1.7143509868873927e-8
2.6158735238886136e-8
3.768130672808474e-8
-4.3530415299705376e-15
-5.686934084463346e-13
-1.0290760186560855e-11
-6.838428059326879e-11
-1.863446672866601e-10
9.344084479075699e-11
2.3400599799056044e-9
8.391757802889127e-9
1.7925661185103065e-8
3.069714306780681e-8
-7.13167489836854e-17
-2.10014485669154e-14
-7.629122921331555e-13
-1.0464151565703018e-11
-7.494475648481168e-11
-2.9929373979565467e-10
-5.093179014570534e-10
1.0862829587391675e-9
8.551080717700878e-9
2.340508944879192e-8
-3.0893476573545964e-19
-2.1908107551518076e-16
-1.6407750161133083e-14
-4.443683883056527e-13
-6.5272490200602486e-12
-6.132193378001656e-11
-3.8270275299545895e-10
-1.4129270215106208e-9
-9.976372996728205e-10
1.3357453539816995e-8
-7.058212442687856e-23
-1.3694049105896794e-19
-2.4620414698019657e-17
-1.5103611148687252e-15
-4.960683430939101e-14
-1.083460245859363e-12
-1.7523843130786134e-11
-2.149226624096287e-10
-1.7595761371977832e-9
-1.272590518168756e-9
1.5666090348596484e-6
6.405923032640167e-7
1.2678946385183102e-7
1.705772750578772e-8
1.6518895798750372e-9
1.0700200364066765e-10
3.863985324215881e-12
5.762085267309669e-14
1.955275766214404e-16
2.6291466932982553e-20
1.52765904860417e-6
9.063380083668395e-7
2.866936813655068e-7
5.810483241724975e-8
7.447136141317104e-9
5.325486799828508e-10
1.649191102695941e-11
1.2705545972255325e-13
4.5697964293664513e-17
1.3683673169090187e-6
9.42367349553681e-7
3.671812819902865e-7
8.378706465414973e-8
1.0445714584461197e-8
5.818397116422255e-10
8.771537924020315e-12
7.387586254468824e-15
1.2957472446748208e-6
9.330620331903868e-7
3.7423303430693195e-7
8.034163776068315e-8
7.80682989225575e-9
2.184939903071201e-10
4.072266295170239e-13
1.2057805805653513e-6
8.535982374769296e-7
3.2245492501364915e-7
5.5886923182729314e-8
2.9248858917402928e-9
1.1977044811240375e-11
1.077951497048259e-6
7.395907621672422e-7
2.395462077653959e-7
2.4663253741531928e-8
2.3228108556678521e-10
9.590267701913068e-7
6.185243731670359e-7
1.364989898314801e-7
3.2789909459519613e-9
8.662289998747657e-7
4.6775544913874247e-7
3.4036823231747714e-8
7.65575599197709e-7
2.2676129387045127e-7
4.571138764917776e-7
1.889062087965003e-10
2.7890946359629116e-10
3.1163132336559306e-10
3.313654501134903e-10
3.455303376127667e-10
3.567912650727511e-10
3.6644138414386237e-10
3.753244540685755e-10
3.843396632172074e-10
3.9608921380617245e-10
4.703538786170794e-10
5.595121759445573e-10
6.156487188133852e-10
6.559404102036582e-10
6.87911980386063e-10
7.153108806084052e-10
7.405349120551555e-10
7.66134108691062e-10
7.994976511926857e-10
6.969909616444119e-10
7.911761065281788e-10
8.599665552328598e-10
9.143017030642288e-10
9.60773406438531e-10
1.0035577360019448e-9
1.0469819704860068e-9
1.103577687650633e-9
9.238455474921102e-10
1.0266945948339642e-9
1.1086841550772154e-9
1.1783660476904872e-9
1.2423651617020433e-9
1.3073217525684582e-9
1.3919901038075886e-9
1.167180108698827e-9
1.2842097387844971e-9
1.3838677980167443e-9
1.474680981587212e-9
1.56665423567653e-9
1.6865792844299191e-9
1.440366710633704e-9
1.5776712782709794e-9
1.7023067107959571e-9
1.8272402903565217e-9
1.990025720907994e-9
1.7587742347467047e-9
1.9280791711821578e-9
2.094855342829128e-9
2.3094826847141777e-9
2.1559226005598455e-9
2.3854566740092927e-9
2.666109706175507e-9
2.7189307897982203e-9
3.1155041098085227e-9
3.835236546843499e-9
7.759278457565677e-9
1.801422899447266e-8
2.407982390594525e-8
2.8046067741564034e-8
3.0925367088879295e-8
3.321503010481951e-8
3.517667650061628e-8
3.698240253199582e-8
3.88149416005781e-8
4.120329614249421e-8
5.049834099165196e-10
4.056164359167777e-9
9.734684706770023e-9
1.5241206624213724e-8
1.9753787222156646e-8
2.3400502222483188e-8
2.65166006022387e-8
2.938209577653845e-8
3.2289799550696855e-8
3.6079395767716774e-8
3.085988633904848e-11
6.46798960995226e-10
3.054809405826267e-9
7.452217868316873e-9
1.2530497415280913e-8
1.7122981078198903e-8
2.1087315160413416e-8
2.4717044367338787e-8
2.8395427241886717e-8
3.3188868192765056e-8
-1.556543373290706e-12
6.7984134182709595e-12
4.2832261346743625e-10
2.433412927710133e-9
6.459998768653035e-9
1.1341708570734505e-8
1.601502972159287e-8
2.0342338329091106e-8
2.470705009420421e-8
3.038758218893369e-8
-6.582807019172478e-13
-2.126332087570054e-11
-6.425228816542949e-11
3.3168712805154624e-10
2.201096640774397e-9
5.918965702788436e-9
1.0687249164827897e-8
1.560811615275102e-8
2.0598810054407272e-8
2.705074368355515e-8
-6.503150887461096e-14
-4.146742621870164e-12
-3.6728186822264076e-11
-7.737349626184792e-11
2.598536706687297e-10
1.878914015075174e-9
5.476463446025622e-9
1.0607413437207346e-8
1.63435160870985e-8
2.366902054120037e-8
-2.6493936283620388e-15
-3.4518315342752324e-13
-6.3029973202090484e-12
-4.2892149105232166e-11
-1.242711248335046e-10
2.180566958428704e-11
1.4221526043748486e-9
5.394601050138788e-9
1.1790771580280672e-8
2.0362989049986404e-8
-4.3639630529757055e-17
-1.311208285531211e-14
-4.87681820880188e-13
-6.8624768678789615e-12
-5.0550659873607606e-11
-2.0834128476855097e-10
-3.719141954394192e-10
7.156022984874732e-10
5.892058722610105e-9
1.606778521053927e-8
-2.0102591328498037e-19
-1.4587519977932081e-16
-1.1117437305614765e-14
-3.0494144015741373e-13
-4.5146559088922975e-12
-4.248186695961001e-11
-2.62835947153295e-10
-9.42692830334927e-10
-5.332896597639339e-10
8.991018911621182e-9
-4.891344177404415e-23
-9.481686874975289e-20
-1.6978125735213574e-17
-1.034469234507223e-15
-3.365300374531948e-14
-7.256191665967385e-13
-1.1530476707890124e-11
-1.378564133816336e-10
-1.0863094958738661e-9
-6.947761182596348e-10
1.0632509445590942e-6
4.1498810274057576e-7
8.076283732121027e-8
1.0876298402710135e-8
1.0501301394265458e-9
6.67796031396474e-11
2.3534099308361754e-12
3.51289875209759e-14
1.2608031281006226e-16
1.8209066574892226e-20
9.745999251520657e-7
5.77383639366527e-7
1.8264459653852771e-7
3.656040913571694e-8
4.579241365122635e-9
3.22908260078504e-10
1.0218052240970808e-11
8.381981193540255e-14
3.169969003202224e-17
8.723181352338874e-7
5.958613543379401e-7
2.2784475310189268e-7
5.100443999052944e-8
6.363536615754449e-9
3.6761321244112395e-10
5.892374816491175e-12
5.115326111231586e-15
8.066560600386813e-7
5.704498463330769e-7
2.2702194631164486e-7
4.9569549922691146e-8
5.039919764560517e-9
1.488717250030371e-10
2.8063769822475544e-13
7.312622707515948e-7
5.22060563608318e-7
2.0332378260408802e-7
3.6929684164659055e-8
2.013856507627226e-9
8.190743455418257e-12
6.749353159457569e-7
4.805070442089332e-7
1.6200689887670086e-7
1.7079741087931845e-8
1.5708483323626458e-10
6.438991792277741e-7
4.260471308519662e-7
9.434376595985332e-8
2.181883589495558e-9
5.999730026555612e-7
3.1847461478665864e-7
2.2110908945750603e-8
5.036259160619603e-7
1.4213515159464547e-7
2.7666300974869285e-7
1.3092945616872877e-10
1.9516428480460698e-10
2.1842915361993256e-10
2.324527053937876e-10
2.425191599842453e-10
2.5052198641831167e-10
2.5738003231319944e-10
2.636929610157638e-10
2.700997923485487e-10
2.784498365393457e-10
3.310307073980828e-10
3.934658610099595e-10
4.3265947791518514e-10
4.6079660862271667e-10
4.831282435542658e-10
5.022657530580918e-10
5.198839639052657e-10
5.377641939839178e-10
5.610675745757753e-10
4.885722137523409e-10
5.532502517379005e-10
6.004491770177398e-10
6.37751494956749e-10
6.696603139318415e-10
6.990368312196269e-10
7.288524780462989e-10
7.677117952471477e-10
6.432694925471623e-10
7.127076756577555e-10
7.680442518862148e-10
8.15101286019391e-10
8.583275745215448e-10
9.022004824520452e-10
9.593866170889678e-10
8.063454389473224e-10
8.84104497889237e-10
9.503451998095661e-10
1.0107430362653977e-9
1.0719225801519232e-9
1.1516935252249061e-9
9.867301247209428e-10
1.076872229956554e-9
1.1587622951735826e-9
1.2409204478958567e-9
1.347978590809694e-9
1.1947617800368616e-9
1.3049475311271238e-9
1.4137314877574144e-9
1.5538835465283905e-9
1.4520209637866127e-9
1.600370496933458e-9
1.7826229453054726e-9
1.813176620415116e-9
2.0670270779688885e-9
2.519278267564209e-9
5.539856509896689e-9
1.2754376212491683e-8
1.6949250131508114e-8
1.967999536721467e-8
2.1660915463437484e-8
2.32361247196044e-8
2.458569440576485e-8
2.5827997448426413e-8
2.70887478434062e-8
2.873188835959937e-8
3.438995775893526e-10
2.721482527872652e-9
6.469422381197489e-9
1.0074598473983332e-8
1.3017285161719196e-8
1.5393285735542873e-8
1.742381825680066e-8
1.9291144798355605e-8
2.118598525212041e-8
2.3655522021933286e-8
2.053338625420535e-11
4.246024006868948e-10
1.987052885994939e-9
4.80686586442594e-9
8.034415527765498e-9
1.0945443603600357e-8
1.3458546998496367e-8
1.5759842034258816e-8
1.8092014953491534e-8
2.1131161026759942e-8
-9.512081147008385e-13
5.951716759027856e-12
2.789068872027287e-10
1.5432887031647094e-9
4.061033952083521e-9
7.11121191125049e-9
1.0033920321160053e-8
1.2740926358169054e-8
1.5471151299483638e-8
1.9024420942089883e-8
-4.1007050242916387e-13
-1.3140981834264072e-11
-3.937770470015099e-11
2.06746575824147e-10
1.3701945191177396e-9
3.6931108977171368e-9
6.680770258819376e-9
9.765807721115841e-9
1.2893150286487244e-8
1.6936017745608298e-8
-4.0422887774490394e-14
-2.583155752745142e-12
-2.29867352520632e-11
-4.903138238782303e-11
1.6084686126384842e-10
1.1777137410983248e-9
3.4433671688125126e-9
6.668905331635321e-9
1.02627788286547e-8
1.4850889319548678e-8
-1.654576323337447e-15
-2.1646714980208957e-13
-3.964575378735765e-12
-2.702084209323686e-11
-7.804994250024609e-11
1.6831935969956607e-11
9.059682793342139e-10
3.39400432776447e-9
7.346806886632948e-9
1.2626811520710898e-8
-2.744608242428646e-17
-8.254877707849046e-15
-3.0652615158627817e-13
-4.293773544028604e-12
-3.134752868415842e-11
-1.2695211353753377e-10
-2.1577773160842207e-10
4.714784316926756e-10
3.598409131648593e-9
9.7028482275752e-9
-1.2600214099231356e-19
-9.084307776102988e-17
-6.8667519865957215e-15
-1.8655611048505668e-13
-2.7326587037593665e-12
-2.5424752132154053e-11
-1.5575907659947505e-10
-5.57905452449363e-10
-3.4599391737641124e-10
5.351088082331369e-9
-2.9438138729738907e-23
-5.667507398025861e-20
-1.0098729777921278e-17
-6.135404310673213e-16
-1.9950512537065332e-14
-4.31387401551523e-13
-6.9112170403525505e-12
-8.418759906590895e-11
-6.921725837612618e-10
-5.659595106855781e-10
7.452771495635923e-7
2.7786075792576765e-7
5.2718739371663634e-8
6.9906296888777524e-9
6.626682811637684e-10
4.160829894804486e-11
1.469474187659074e-12
2.208870615439567e-14
7.918035499712509e-17
1.1019588691572147e-20
6.385409753965031e-7
3.7256266602436223e-7
1.1599443199088815e-7
2.2857349248275018e-8
2.85353679515818e-9
2.023768488917175e-10
6.434185340942884e-12
5.2374884654590525e-14
1.9039792724649175e-17
5.554755044149634e-7
3.737516147511283e-7
1.4192368756202155e-7
3.18669033607639e-8
3.998997622035044e-9
2.3134335657362103e-10
3.657280563722767e-12
3.0539617739463383e-15
5.025580486934841e-7
3.558577111841801e-7
1.4234461210100393e-7
3.1202419214432626e-8
3.1632551811095095e-9
9.165946423177214e-11
1.6680588324374034e-13
4.5812214249725955e-7
3.2836385253911377e-7
1.2796504183226414e-7
2.3052862417542407e-8
1.2283117849503777e-9
4.856552418265099e-12
4.24944816570001e-7
3.0126509519504865e-7
1.001794578631152e-7
1.030644864476223e-8
9.317020286189248e-11
3.9965307799269117e-7
2.59728048553828e-7
5.631903553809548e-8
1.3005532179278184e-9
3.5959493769247725e-7
1.889754836121377e-7
1.3369327396319937e-8
3.022799919444674e-7
8.898785219477341e-8
1.8462933624096198e-7
8.812160557198183e-11
1.3353601230990736e-10
1.500539256079845e-10
1.6000895104161656e-10
1.671551881606054e-10
1.7283649366886699e-10
1.777050932980423e-10
1.8218671531687758e-10
1.8673499353138899e-10
1.9266278007671282e-10
2.3026024773698348e-10
2.7462027194796717e-10
3.024177369105684e-10
3.2237697872370107e-10
3.382209339358837e-10
3.5179865954768926e-10
3.6429835977377914e-10
3.7698393452976863e-10
3.935170987276081e-10
3.4179401345197704e-10
3.872253108277709e-10
4.203561132881282e-10
4.4655533877454116e-10
4.689701602892141e-10
4.896059872913459e-10
5.105500941686706e-10
5.378469173558691e-10
4.49893784061538e-10
4.980289125258672e-10
5.363807252254327e-10
5.690156266606723e-10
5.99000975957732e-10
6.294347789699216e-10
6.691031681906746e-10
5.622191025970835e-10
6.153468204293472e-10
6.606282464734576e-10
7.019553740911118e-10
7.438261627239979e-10
7.984178651269251e-10
6.846712800267714e-10
7.454693845898648e-10
8.007706363480369e-10
8.563130926267982e-10
9.286885945402704e-10
8.240911256048286e-10
8.974760790106071e-10
9.700857817500105e-10
1.0637175875292944e-9
9.940806118527696e-10
1.091521276997734e-9
1.21168826163159e-9
1.2290030120823453e-9
1.3936364501041076e-9
1.680884842626983e-9
3.9368253276323295e-9
9.104287066819232e-9
1.2083026756983784e-8
1.401539226331933e-8
1.5416231451501034e-8
1.6530135933826673e-8
1.7484494443869317e-8
1.8363000828238537e-8
1.925455261505301e-8
2.0416515342760248e-8
2.4261938577112484e-10
1.8955307772171607e-9
4.463136815773287e-9
6.908561975175494e-9
8.895703796051085e-9
1.0498557692086444e-8
1.186846842782589e-8
1.3128345708293379e-8
1.4406795056499406e-8
1.607299267606323e-8
1.4235779489908502e-11
2.8931392406209683e-10
1.3358872890305354e-9
3.200524618045526e-9
5.315165078842917e-9
7.214498787960503e-9
8.853416225231754e-9
1.0354370108780645e-8
1.1875525914262e-8
1.3857817266998536e-8
-5.943658942230143e-13
4.903261801658439e-12
1.8708825903551958e-10
1.0101791391703629e-9
2.62759167627883e-9
4.576090685222753e-9
6.440092290359856e-9
8.165309992247884e-9
9.905326293647815e-9
1.2170010768459105e-8
-2.6355570158670415e-13
-8.322298683555881e-12
-2.4127180550393467e-11
1.3435335796632842e-10
8.734307050404702e-10
2.34460489545815e-9
4.229531055341028e-9
6.168179411742449e-9
8.132079939462607e-9
1.0671583066945868e-8
-2.5701779466689848e-14
-1.6335392474870765e-12
-1.4488997895036409e-11
-3.056675800895784e-11
1.0394032021957487e-10
7.477300834251521e-10
2.163425238388084e-9
4.158699331881192e-9
6.376259921050019e-9
9.208726424757574e-9
-1.0455946373151895e-15
-1.3641400800857807e-13
-2.4828132307767405e-12
-1.6715518864852155e-11
-4.70179488519316e-11
1.5719442792307763e-11
5.639929570360111e-10
2.0787064247202403e-9
4.482928887843943e-9
7.69763975384133e-9
-1.7199286099355525e-17
-5.120012750798776e-15
-1.88232094556544e-13
-2.6148290058088875e-12
-1.8978383504188622e-11
-7.673591480819872e-11
-1.3144216197639858e-10
2.813515679791975e-10
2.1820417642173026e-9
5.910810923735378e-9
-7.690216172021062e-20
-5.51442826995419e-17
-4.1609390049060675e-15
-1.1311365021119881e-13
-1.6607145643321937e-12
-1.5509124818679866e-11
-9.548941990184897e-11
-3.443758198315797e-10
-2.2143985488509705e-10
3.291283242009369e-9
-1.7921437836932968e-23
-3.459056113032732e-20
-6.178201679488037e-18
-3.761947258484683e-16
-1.2259541270459559e-14
-2.6568763217406283e-13
-4.267210579708341e-12
-5.2120076689844076e-11
-4.287244869455138e-10
-3.256392044611096e-10
5.335472763218799e-7
1.9315061884300795e-7
3.5679389486830155e-8
4.630335017612212e-9
4.3086942638862775e-10
2.6562379877454408e-11
9.292688453979e-13
1.3869982788133975e-14
4.8455804398425483e-17
6.696244599712252e-21
4.341183902428481e-7
2.480724657594172e-7
7.587432038337029e-8
1.4688066339993758e-8
1.809524503438995e-9
1.2769287042398067e-10
4.005174677246291e-12
3.184453951237553e-14
1.159778771912433e-17
3.6427414800458994e-7
2.4132250433834236e-7
9.034376204751085e-8
2.014643758221268e-8
2.5127796873946765e-9
1.427218360378164e-10
2.217077792500558e-12
1.864710467056338e-15
3.204415612674527e-7
2.2523300269785583e-7
8.97603251249946e-8
1.9466700638678355e-8
1.9357645506600212e-9
5.5533164151082935e-11
1.0208592988125698e-13
2.8911936481516265e-7
2.0582953790113707e-7
7.901626857788494e-8
1.4016773057992014e-8
7.450946510569923e-10
2.9790306298026074e-12
2.6320660351715003e-7
1.839695432066605e-7
6.07100559477685e-8
6.269301254436675e-9
5.72865907029825e-11
2.4232730160742816e-7
1.575694045554739e-7
3.439979974356539e-8
8.01766114480264e-10
2.1925306234997509e-7
1.1600959442123564e-7
8.266635809853063e-9
1.866167652316979e-7
5.512541387106333e-8
1.1259831487313194e-7
5.7018449574217786e-11
8.826381766421549e-11
9.975955338099512e-11
1.0668937297687036e-10
1.1166405204880736e-10
1.1561896627219293e-10
1.1900812886943865e-10
1.221279140598539e-10
1.2529409481650997e-10
1.2942058964438445e-10
1.5602661518790899e-10
1.8741893588698936e-10
2.0708971172065712e-10
2.2121589737087412e-10
2.3243062069310414e-10
2.4204126840178686e-10
2.5088882941631164e-10
2.598679401267075e-10
2.7157045415477034e-10
2.3505963723200646e-10
2.672250727653143e-10
2.906754635596825e-10
3.0922695882644875e-10
3.251009529867589e-10
3.397150491659073e-10
3.5454734711104805e-10
3.7387851965076474e-10
3.1146169096682256e-10
3.4535241145766526e-10
3.723544500382922e-10
3.953438653287618e-10
4.1647065164777005e-10
4.3791332349924127e-10
4.658620806164971e-10
3.902633824005662e-10
4.2734428582470326e-10
4.5895844516896646e-10
4.878343129336432e-10
5.170960325312813e-10
5.552462132123297e-10
4.753245976283858e-10
5.173229282219264e-10
5.555662311737874e-10
5.940202118219376e-10
6.441290505278528e-10
5.710960991660333e-10
6.212359264567838e-10
6.709719074840482e-10
7.351757499744821e-10
6.864032580989962e-10
7.52140944069938e-10
8.336338503979711e-10
8.43123512370592e-10
9.529505723478312e-10
1.1389065580483612e-9
2.7325380107681933e-9
6.42379309774672e-9
8.556790927561396e-9
9.938593517806677e-9
1.0939933621112995e-8
1.1736152639560532e-8
1.2418334547324508e-8
1.3046298127598228e-8
1.3683586622771282e-8
1.4514167102189407e-8
1.7460624524310006e-10
1.355074075993119e-9
3.1709929019479885e-9
4.88692903383449e-9
6.27581040665857e-9
7.395118310538992e-9
8.351800061255125e-9
9.231683468885933e-9
1.012454396136763e-8
1.1288205648159742e-8
1.0169637836955413e-11
2.0407688423000715e-10
9.314745274284938e-10
2.2111235681441778e-9
3.6497222102037203e-9
4.9364494370782134e-9
6.045695771517556e-9
7.061653233083294e-9
8.091351944535994e-9
9.43321225794973e-9
-3.838052626617195e-13
4.0263791415568156e-12
1.3002452088082811e-10
6.864269749584691e-10
1.7661607954642545e-9
3.055972195963881e-9
4.284764432188161e-9
5.42117146766606e-9
6.567447923933493e-9
8.059453209954447e-9
-1.7589797012977258e-13
-5.479280193423627e-12
-1.5255187552052923e-11
9.155788938206077e-11
5.784080659081344e-10
1.5360000567295753e-9
2.7543320890445153e-9
4.003208077116751e-9
5.267422847029909e-9
6.902537739048879e-9
-1.697796423849314e-14
-1.0674953751146728e-12
-9.351235604125718e-12
-1.913026412782462e-11
6.926108492802404e-11
4.842343306642832e-10
1.3883897180626834e-9
2.6525296323695754e-9
4.051680924118916e-9
5.8393317703255855e-9
-6.797291220516624e-16
-8.782637997329256e-14
-1.5859871267769239e-12
-1.0581697249688544e-11
-2.921402283617174e-11
1.2939123645093577e-11
3.61837393432929e-10
1.307009985141222e-9
2.7940984621006713e-9
4.7820995974861226e-9
-1.0992044943728436e-17
-3.2491213309426154e-15
-1.185950996303457e-13
-1.633223982954476e-12
-1.1724263789807623e-11
-4.6755030335346907e-11
-7.843703940416134e-11
1.7508675611369523e-10
1.3376991857604681e-9
3.620587150731467e-9
-4.816900912075617e-20
-3.4238122024395066e-17
-2.5642225567639494e-15
-6.932068867816636e-14
-1.0145260604010056e-12
-9.471837780122181e-12
-5.846896730679336e-11
-2.1114003865076231e-10
-1.2930339816581458e-10
2.0133983441135015e-9
-1.0942402837820501e-23
-2.1135148215815053e-20
-3.780413176102118e-18
-2.305091708317742e-16
-7.515855356493568e-15
-1.6268371662342277e-13
-2.6013117303057882e-12
-3.1445498609802e-11
-2.5376905696496436e-10
-1.8648094885866493e-10
3.8222597568483674e-7
1.3792965090868534e-7
2.5011484019856458e-8
3.1840708559684448e-9
2.908147778751713e-10
1.7610045416783806e-11
6.047091660487363e-13
8.874185629489003e-15
3.044768918342549e-17
4.0879277003859414e-21
3.053850960722336e-7
1.714600662592535e-7
5.151882021858402e-8
9.802550884575599e-9
1.1868503318009533e-9
8.234124506031179e-11
2.547073946571748e-12
1.984574025879207e-14
7.079018051808876e-18
2.4797807837474844e-7
1.6179450533479764e-7
5.964870444552401e-8
1.3091680934209733e-8
1.6098177998565626e-9
9.024052388865948e-11
1.3713718535063181e-12
1.1394188612836987e-15
2.1205953374230795e-7
1.4702370186322063e-7
5.781888849094122e-8
1.2398317662852889e-8
1.215637644219601e-9
3.4136006430618064e-11
6.24779827974006e-14
1.8660069314066275e-7
1.3153871802548135e-7
4.998872403963375e-8
8.728332462867954e-9
4.55934385710837e-10
1.8256353283208886e-12
1.668621183883163e-7
1.1528551806308833e-7
3.74411182508341e-8
3.828127938853697e-9
3.511352180507498e-11
1.499184832789633e-7
9.640364498335033e-8
2.1026901505300587e-8
4.902469197138609e-10
1.3392247842320012e-7
7.107701184115531e-8
5.014597217802292e-9
1.1365892908891201e-7
3.287228411196605e-8
6.630746157956247e-8
3.5261617726571073e-11
5.58946147630923e-11
6.361532985078334e-11
6.827225346339072e-11
7.161528148374974e-11
7.42730107406281e-11
7.655055100839682e-11
7.864707456358732e-11
8.077477224903893e-11
8.354780881777552e-11
1.018302514323531e-10
1.2354329425273045e-10
1.3717221652710558e-10
1.4696061076987652e-10
1.5473168310573637e-10
1.6139125771841915e-10
1.6752206842846605e-10
1.7374402575147014e-10
1.8185313015639476e-10
1.5681720183070457e-10
1.7933807417687527e-10
1.9576191417053761e-10
2.0875655290565197e-10
2.1987636699540555e-10
2.3011366378196025e-10
2.405037687647852e-10
2.5404535057645615e-10
2.1042690596203174e-10
2.3423998549227307e-10
2.532136693962897e-10
2.693721202449406e-10
2.8422308059234274e-10
2.9929606683938445e-10
3.1894232630947954e-10
2.6579472169681586e-10
2.918196413042587e-10
3.1401209320793095e-10
3.342925565101598e-10
3.548467599438679e-10
3.816437199175655e-10
3.253972637309208e-10
3.5475343081943057e-10
3.815037954327938e-10
4.0842355370248923e-10
4.4350390327043e-10
3.921368645750041e-10
4.2695928935241357e-10
4.6157355198165936e-10
5.063058560943473e-10
4.718195725723675e-10
5.171043807854488e-10
5.735528027273819e-10
5.788180753986244e-10
6.538940793732937e-10
7.770234959284653e-10
1.8244503098114247e-9
4.398838116580801e-9
5.90562511475967e-9
6.882718096973419e-9
7.59077492885262e-9
8.15378246536761e-9
8.63615490157693e-9
9.080189945956451e-9
9.530818523623173e-9
1.0118124436358039e-8
1.2521901864540658e-10
9.729563696786474e-10
2.2743104826615217e-9
3.4998256251361363e-9
4.489579492032095e-9
5.286760764777643e-9
5.968128077368813e-9
6.594818263085085e-9
7.230754546439698e-9
8.059568106953932e-9
7.327175508399853e-12
1.463609143653698e-10
6.641327610067661e-10
1.567766941181998e-9
2.5772456739068856e-9
3.477163951949134e-9
4.252328151571201e-9
4.9623310378213715e-9
5.681976132616539e-9
6.619794352010031e-9
-2.6011438184431765e-13
3.1710680212167657e-12
9.275215098561132e-11
4.816182533588264e-10
1.2284196625680593e-9
2.1140367173193133e-9
2.954480631351906e-9
3.7310001522232254e-9
4.514349677716949e-9
5.5340319864450786e-9
-1.2169950214121343e-13
-3.745959332504679e-12
-1.0045489401249444e-11
6.447184141345846e-11
3.974909258354833e-10
1.0452318575921322e-9
1.8626923332588804e-9
2.6971309882571386e-9
3.541297052070404e-9
4.633391073480093e-9
-1.1637098675018457e-14
-7.246198454368249e-13
-6.271973649100574e-12
-1.2394255778272282e-11
4.8209587842157423e-11
3.2607676468120225e-10
9.235507669908164e-10
1.7516440566867126e-9
2.6648474080696857e-9
3.831676054662813e-9
-4.591594270511384e-16
-5.871930500079605e-14
-1.0496625562306843e-12
-6.915135363738792e-12
-1.8645699621530058e-11
1.0467291338015063e-11
2.3923072345840183e-10
8.495966651392461e-10
1.8007402752752793e-9
3.0688653046853517e-9
-7.279778604995276e-18
-2.1304175904392287e-15
-7.710624866375637e-14
-1.0532774790303455e-12
-7.492788517572171e-12
-2.9497617281132746e-11
-4.775426816476087e-11
1.1699056505623475e-10
8.488436723405762e-10
2.2711723587613346e-9
-3.114115237304441e-20
-2.197686334546314e-17
-1.6355683022156568e-15
-4.3932318678350064e-14
-6.383419329654028e-13
-5.9085228860254056e-12
-3.609226066258397e-11
-1.2868577280866326e-10
-7.433470375166789e-11
1.237851889568894e-9
-6.85750867923271e-24
-1.3171286365812678e-20
-2.344021967262555e-18
-1.4226711006789097e-16
-4.619564553613188e-15
-9.962897401556725e-14
-1.5879109481327387e-12
-1.9127901481780403e-11
-1.5295944520856678e-10
-1.0273188226322227e-10
2.6805082102951956e-7
9.904578086457595e-8
1.787353905864289e-8
2.2516559978799096e-9
2.0297110223989608e-10
1.210882905789606e-11
4.0890490587330305e-13
5.887340230549918e-15
1.9738547868002766e-17
2.5724516677359973e-21
2.1853867668664465e-7
1.216256898477172e-7
3.6117830545271535e-8
6.778900545983482e-9
8.083637075322815e-10
5.516025316392049e-11
1.6748614221118674e-12
1.2777181965622926e-14
4.430371166847057e-18
1.7417108832804504e-7
1.1231835568672718e-7
4.086660950582513e-8
8.839806680881435e-9
1.0697350673575962e-9
5.88974804591013e-11
8.777835693762817e-13
7.094321075584435e-16
1.4558333176789243e-7
9.970001104023852e-8
3.868340628246296e-8
8.171037500078573e-9
7.878676692708914e-10
2.1726027859998363e-11
3.8709230907196074e-14
1.2512406125657984e-7
8.7114692178636e-8
3.264969081756949e-8
5.61637561508952e-9
2.8839020894817226e-10
1.1258621314757733e-12
1.0926198413112164e-7
7.457029262108719e-8
2.3902254228939264e-8
2.403551897750759e-9
2.1561084026134038e-11
9.597098765050488e-8
6.095947266582442e-8
1.3082672902054576e-8
2.998495655624367e-10
8.36430696530741e-8
4.37759521545848e-8
3.0558544872886387e-9
6.940616651606545e-8
1.989684294253653e-8
3.925447560012216e-8
2.08141092234839e-11
3.378345531805475e-11
3.8734527227541716e-11
4.172356406385143e-11
4.3869214511377154e-11
4.5575005587549386e-11
4.7036784793747896e-11
4.838238785161441e-11
4.9747996784057874e-11
5.152780046755179e-11
6.355348981486086e-11
7.800939804353621e-11
8.711228054209028e-11
9.365036162086736e-11
9.884058618216572e-11
1.0328847520786336e-10
1.0738323050029892e-10
1.1153885870328831e-10
1.169549075255012e-10
1.0050868587414364e-10
1.1583133728924773e-10
1.2701468326519434e-10
1.3586183657482338e-10
1.4343236788850604e-10
1.5040213453246815e-10
1.574759376901404e-10
1.6669533215701896e-10
1.3718762972803148e-10
1.5358119599971358e-10
1.6664476170348207e-10
1.7776949196531077e-10
1.8799426244336473e-10
1.983719318637216e-10
2.1189824829753121e-10
1.754361366748338e-10
1.9346897733137117e-10
2.0884626003383057e-10
2.2290063942611032e-10
2.3714559607066684e-10
2.557168694013021e-10
2.168062772696558e-10
2.3720351252052623e-10
2.5579530989351635e-10
2.7451261784753584e-10
2.98904812811416e-10
2.6318807697825926e-10
2.8738149344762056e-10
3.1145925362298604e-10
3.4259680789383794e-10
3.184619172961957e-10
3.4984909038509535e-10
3.891251134425404e-10
3.9225120021914324e-10
4.4417413948380354e-10
5.273546530864137e-10
1.1602970011590902e-9
2.8835595119396864e-9
3.913186240014316e-9
4.582958917430494e-9
5.068486014187864e-9
5.454550006524372e-9
5.785318967062979e-9
6.089799505148236e-9
6.398801164881418e-9
6.8015241687612115e-9
8.742195890290441e-11
6.851457127781186e-10
1.608039844916207e-9
2.478628540362624e-9
3.1817328705795874e-9
3.747942346854058e-9
4.231882118021744e-9
4.676990908185135e-9
5.128667660548269e-9
5.7173364888570265e-9
5.19514640857622e-12
1.0420934558510513e-10
4.733561588703699e-10
1.1167280266856046e-9
1.8338778559342802e-9
2.472184954202631e-9
3.0217301676591146e-9
3.5250789950315708e-9
4.035278927021192e-9
4.700158045569679e-9
-1.8374030328672578e-13
2.3328792960171234e-12
6.637554164439634e-11
3.4249915117390106e-10
8.699980970192386e-10
1.4928283151762748e-9
2.0823364755708226e-9
2.6266150512217315e-9
3.1757151161309785e-9
3.890510336809671e-9
-8.603206974101248e-14
-2.630905434625742e-12
-6.896892583124636e-12
4.605679271041783e-11
2.7987281569890177e-10
7.311611908939902e-10
1.297225492886194e-9
1.873089050817514e-9
2.4553262660946555e-9
3.2087139647541495e-9
-8.180172473404381e-15
-5.061728136623395e-13
-4.344090736234094e-12
-8.356782905671582e-12
3.432419551862405e-11
2.265421073302021e-10
6.354405508217206e-10
1.1977642314675837e-9
1.815658560221509e-9
2.6051969826527093e-9
-3.1962717218714767e-16
-4.0560977407183734e-14
-7.192201854512111e-13
-4.687855445891449e-12
-1.2371176726511538e-11
8.361303034709306e-12
1.640187895254606e-10
5.729710363188295e-10
1.203948695700866e-9
2.0429947805423467e-9
-4.990709401277142e-18
-1.4482785823846494e-15
-5.201897565597412e-14
-7.049792014997631e-13
-4.967585894899125e-12
-1.9283198927340444e-11
-3.002215678918719e-11
8.086666099354321e-11
5.586354692313443e-10
1.4766340497421649e-9
-2.0894983291167078e-20
-1.4636987378623817e-17
-1.0819215298137337e-15
-2.8861922526848345e-14
-4.162478513377398e-13
-3.819461775663283e-12
-2.3079297180684636e-11
-8.096353717965263e-11
-4.161114434930479e-11
7.858114230928097e-10
-4.4536355153098736e-24
-8.50669357408547e-21
-1.50614024606649e-18
-9.095488392209177e-17
-2.9381496233149824e-15
-6.300297188930618e-14
-9.970635838157285e-13
-1.1892479469930292e-11
-9.363800376098635e-11
-5.6926014452291e-11
1.8069496655442883e-7
6.98333879316348e-8
1.2722638551231876e-8
1.6039351390329037e-9
1.4399880528767204e-10
8.526353856839364e-12
2.8484546449126446e-13
4.041851524636704e-15
1.328043645640603e-17
1.677493045090802e-21
1.5540790184174621e-7
8.666595734911336e-8
2.5666911651043627e-8
4.788108275175798e-9
5.658546669650731e-10
3.8159860787819136e-11
1.1414078095698632e-12
8.537072781674615e-15
2.873336266334923e-18
1.238531803986415e-7
7.948805243929166e-8
2.871282582220346e-8
6.1512316794304e-9
7.353601901105259e-10
3.987616172443398e-11
5.828344017762993e-13
4.577692662810839e-16
1.024129001590649e-7
6.958606186578244e-8
2.6734819495770332e-8
5.578992328856811e-9
5.299190016220675e-10
1.4337253701116723e-11
2.4852544725057872e-14
8.662436585540903e-8
5.972174325718958e-8
2.2119375387086514e-8
3.75021349652464e-9
1.8906661127590438e-10
7.191129260669051e-13
7.419042477876442e-8
5.005944885534544e-8
1.5825605498202845e-8
1.5638957136601717e-9
1.3693345760498857e-11
6.373113371110663e-8
3.9952155756751205e-8
8.435105910921141e-9
1.8912255097364703e-10
5.413871667711179e-8
2.7906522134359287e-8
1.909372577481996e-9
4.358370648483411e-8
1.2256882316830539e-8
2.3663974431581006e-8
1.1760599815611579e-11
1.95019852039067e-11
2.2518601712191583e-11
2.434181642646316e-11
2.565051880269047e-11
2.6690921283801195e-11
2.758249774755219e-11
2.8403218219282217e-11
2.923613953319231e-11
3.0321689437760864e-11
3.783158141512706e-11
4.700330107956203e-11
5.2803729617147876e-11
5.69697530764198e-11
6.027638612783031e-11
6.311010452325014e-11
6.57188708721963e-11
6.836641888788006e-11
7.18169801966539e-11
6.155287917069634e-11
7.155153376269581e-11
7.885786752204684e-11
8.463565043135134e-11
8.957919014747962e-11
9.413049247852508e-11
9.87497530545026e-11
1.0477010822246794e-10
8.568245749484784e-11
9.657496699381175e-11
1.0525643480734887e-10
1.1264685593125725e-10
1.1943893325223622e-10
1.2633263309926587e-10
1.3531795063090944e-10
1.1125651020442012e-10
1.2339295496252358e-10
1.3374025267697675e-10
1.4319516650638937e-10
1.5277812663945942e-10
1.6527162054373342e-10
1.3922900018206327e-10
1.5307870316136064e-10
1.6570020167067635e-10
1.7840649679755465e-10
1.9496559736820685e-10
1.7082523072378236e-10
1.8735047073995186e-10
2.0379976087454265e-10
2.2507731905688774e-10
2.0865381747673585e-10
2.301711919479798e-10
2.571428787549319e-10
2.592272425928837e-10
2.949376446830754e-10
3.5154723164356115e-10
7.002066004252538e-10
1.7953072926151803e-9
2.4662417020749417e-9
2.904806360142961e-9
3.222941391301656e-9
3.475907175776162e-9
3.692638307213252e-9
3.892144144406316e-9
4.094612258977397e-9
4.358489678443094e-9
5.831774253226344e-11
4.637365108693939e-10
1.0975616816583508e-9
1.699248265104919e-9
2.1861998507684095e-9
2.578443399877106e-9
2.91367560320702e-9
3.2220037048890657e-9
3.5348810299277867e-9
3.9426530156539244e-9
3.54796520137205e-12
7.20248514634469e-11
3.2960274928484087e-10
7.808577915709339e-10
1.284946287569257e-9
1.7337932352598639e-9
2.120182625146158e-9
2.4740745509482883e-9
2.8327836271542415e-9
3.3002444288853124e-9
-1.3226958301188093e-13
1.5731961472774118e-12
4.6529550324239787e-11
2.412084914465642e-10
6.134212237568831e-10
1.052665906379119e-9
1.4680767032858887e-9
1.851482539423202e-9
2.2382850636193057e-9
2.7418187955687136e-9
-6.077501988079805e-14
-1.8590807452074393e-12
-4.865387689631881e-12
3.258725911040218e-11
1.976248897115857e-10
5.153869726180414e-10
9.129066409918919e-10
1.316578812129863e-9
1.724558644894782e-9
2.2525216952709908e-9
-5.77427663757501e-15
-3.5678594273822303e-13
-3.0531402715956338e-12
-5.80628711102853e-12
2.4424327845815378e-11
1.5946740088980296e-10
4.450865113341129e-10
8.359869841075796e-10
1.2644496440216075e-9
1.8119263417759803e-9
-2.2501707196409547e-16
-2.8463706485153465e-14
-5.026912558773621e-13
-3.2569081295369942e-12
-8.47955276002627e-12
6.376507451462203e-12
1.1482596461887013e-10
3.9671310663997753e-10
8.283657374616712e-10
1.401091154545266e-9
-3.489169981337822e-18
-1.0077116270641903e-15
-3.602184406434683e-14
-4.855664327505775e-13
-3.397913036412631e-12
-1.304631577540673e-11
-1.9652397004846935e-11
5.7173196188359034e-11
3.799800037018432e-10
9.93754940888881e-10
-1.4416529747367396e-20
-1.0045363482010904e-17
-7.386995610698092e-16
-1.9598997690840625e-14
-2.8092368312729436e-13
-2.5584372702450336e-12
-1.530531364381501e-11
-5.282876344833981e-11
-2.374368290541518e-11
5.172781015917782e-10
-2.9954744481546172e-24
-5.693589237700755e-21
-1.0033273842327387e-18
-6.029902460632251e-17
-1.937865678483686e-15
-4.131201326618483e-14
-6.490820942299218e-13
-7.66436515615182e-12
-5.933737480160797e-11
-3.13025201958441e-11
1.1566984232724406e-7
4.736614687304751e-8
8.819246335614275e-9
1.1244404235391714e-9
1.015018306165036e-10
6.017858005869976e-12
2.0057399349831438e-13
2.8280634491867552e-15
9.180274247531742e-18
1.1322087560988731e-21
1.0739777170609161e-7
6.061278688015922e-8
1.8067664869207164e-8
3.378931749974206e-9
3.98980871841748e-10
2.679716202623159e-11
7.953883516295387e-13
5.872770292176577e-15
1.930318119115932e-18
8.712700169641727e-8
5.607690904775843e-8
2.0259276547658177e-8
4.329483498876532e-9
5.148430786664503e-10
2.7676934980019048e-11
3.990907136883994e-13
3.061428157055532e-16
7.227242961793501e-8
4.902643097347668e-8
1.8765660140344315e-8
3.891798461208374e-9
3.662183143408417e-10
9.770768111304096e-12
1.6543447519668633e-14
6.084951118560144e-8
4.175416113423574e-8
1.5358535600220126e-8
2.5785644506353678e-9
1.2817131784501412e-10
4.76300104074123e-13
5.158660045465373e-8
3.4550176982464143e-8
1.0812771194219449e-8
1.0535222555615085e-9
9.018202404405208e-12
4.364291004279255e-8
2.7077385702540914e-8
5.636740778121639e-9
1.2368068513404765e-10
3.630494237078534e-8
1.844762957346727e-8
1.236794125147877e-9
2.837616861756786e-8
7.821642611165366e-9
1.4691503964816697e-8
6.399130275927619e-12
1.0800893646677714e-11
1.2548541321306705e-11
1.3606070809339186e-11
1.4365101793814066e-11
1.4968510030154078e-11
1.5485605065597435e-11
1.5961606686894133e-11
1.644468397463307e-11
1.7074280733470256e-11
2.1519198787936233e-11
2.7041537491921816e-11
3.0551164527503294e-11
3.307159222562791e-11
3.507160168897804e-11
3.678558247438525e-11
3.836352293489287e-11
3.9964921939177437e-11
4.205203258121325e-11
3.597977114593291e-11
4.2188813354366396e-11
4.6732525850025564e-11
5.0323405900808884e-11
5.3395245476458566e-11
5.6223399871274953e-11
5.909380912768228e-11
6.283486296604015e-11
5.110866607701681e-11
5.802349051211558e-11
6.353586195873096e-11
6.822556365401244e-11
7.253489900754489e-11
7.690876262640311e-11
8.260974613369681e-11
6.747849292906709e-11
7.531818437902749e-11
8.199988015401539e-11
8.810181704094086e-11
9.428581882464554e-11
1.0234823352544139e-10
8.567199009105066e-11
9.474031864008115e-11
1.0299946765447545e-10
1.1131027006901533e-10
1.2214120860284923e-10
1.0647907477553295e-10
1.174172502305957e-10
1.2829643420215574e-10
1.423659684390677e-10
1.316438180342574e-10
1.4601257054610285e-10
1.640142665017221e-10
1.6555871890401103e-10
1.895928504812777e-10
2.2781719347034609e-10
4.0181091188883405e-10
1.0599268762129654e-9
1.473690636147163e-9
1.7457624299417851e-9
1.9433056915612124e-9
2.100386009297839e-9
2.2349635992122406e-9
2.358844992303409e-9
2.484565714407316e-9
2.6484179644665725e-9
3.6734572070682107e-11
2.974619427354775e-10
7.12165299867282e-10
1.109780846326585e-9
1.4328198202491063e-9
1.6931976760634869e-9
1.915712575655875e-9
2.1203615055841503e-9
2.328029009310182e-9
2.5986813417811367e-9
2.297106804318271e-12
4.74831934630813e-11
2.2006053652208715e-10
5.256516602287368e-10
8.69064036130406e-10
1.175516138026671e-9
1.4393981524044627e-9
1.681066396567159e-9
1.9260176363087166e-9
2.245231369215631e-9
-9.436722585361409e-14
9.54265601314087e-13
3.13246240741622e-11
1.6472843918907689e-10
4.214208845037219e-10
7.252921869585013e-10
1.0129760870477334e-9
1.2785112760437679e-9
1.5463833316163191e-9
1.895092477279702e-9
-4.1964735628477296e-14
-1.2921902110264988e-12
-3.4444269481294695e-12
2.234633899579328e-11
1.36870642961601e-10
3.580274314228367e-10
6.34997904691796e-10
9.162659971360785e-10
1.200495124223296e-9
1.5683127909096494e-9
-4.002897494152672e-15
-2.4816707639637606e-13
-2.1298957912473714e-12
-4.074224114703803e-12
1.6973672950129327e-11
1.112301379853697e-10
3.1060132973076695e-10
5.832015693713922e-10
8.817247959936867e-10
1.2631391888054308e-9
-1.5668578001644115e-16
-1.985377425760282e-14
-3.508729172905366e-13
-2.2727567824711485e-12
-5.9023233516571406e-12
4.5512761665407056e-12
8.033775444530645e-11
2.765753282039291e-10
5.760014164877616e-10
9.72766818171241e-10
-2.4353409202157802e-18
-7.03151307146613e-16
-2.5109775288651377e-14
-3.379074654001857e-13
-2.358125758811291e-12
-9.006995169065657e-12
-1.3324254209969425e-11
4.0413973514513636e-11
2.6301210464333313e-10
6.833292390692732e-10
-1.0038421253042835e-20
-6.980632856700473e-18
-5.121386271830779e-16
-1.3550587547647127e-14
-1.9356625316537161e-13
-1.7548712099530688e-12
-1.0429198540761708e-11
-3.558032994990481e-11
-1.4231752804613641e-11
3.505257021685473e-10
-2.059834487523621e-24
-3.9033018857210334e-21
-6.85723667353828e-19
-4.107567223029451e-17
-1.3152332989162306e-15
-2.7916931387389742e-14
-4.3615886857150477e-13
-5.107766111868823e-12
-3.896210693593374e-11
-1.754338512525494e-11
6.996692854862753e-8
3.046228848539275e-8
5.847590330207818e-9
7.604394931572567e-10
6.958230329237687e-11
4.16411873319498e-12
1.3962518367488772e-13
1.974012993091027e-15
6.396536132573954e-18
7.802026675824475e-22
7.087891800614054e-8
4.080319426604264e-8
1.2336674827867341e-8
2.330727160492378e-9
2.771255746900954e-10
1.8687246498092055e-11
5.551432396099771e-13
4.085040836247428e-15
1.3264797884436926e-18
5.938547219728657e-8
3.858935724314542e-8
1.4040034109629907e-8
3.0146016586556502e-9
3.593048004083306e-10
1.9304159724983903e-11
2.7706656053895827e-13
2.0977600907340547e-16
5.004243081950921e-8
3.409994950482588e-8
1.308831079913894e-8
2.716373074579095e-9
2.5513413593712423e-10
6.768042612984265e-12
1.1301085039089232e-14
4.2427534972591544e-8
2.9144330819346377e-8
1.0713128981810238e-8
1.793197471750016e-9
8.85380349762773e-11
3.242457427892154e-13
3.5993521258596155e-8
2.4060408126978642e-8
7.499004916714122e-9
7.25132239357448e-10
6.11404602802854e-12
3.0299419113780755e-8
1.87019233333165e-8
3.860273667968974e-9
8.340687022956662e-11
2.4918980509475835e-8
1.2540404135298037e-8
8.277112544638373e-10
1.9068462807206994e-8
5.167997844412474e-9
9.453203833924148e-9
3.378047073517445e-12
5.779206728431806e-12
6.7472760451779915e-12
7.333721801640288e-12
7.754592826810312e-12
8.089165199833418e-12
8.375881003404237e-12
8.639812345292997e-12
8.907666744856876e-12
9.256762587928531e-12
1.1760975197430312e-11
1.4921907094123884e-11
1.694045217296631e-11
1.838974967939142e-11
1.9539438595042464e-11
2.052471299074254e-11
2.1431800895102706e-11
2.235237538949145e-11
2.355216439665226e-11
2.013439673292689e-11
2.3795668027904083e-11
2.6478958459071328e-11
2.859781649608658e-11
3.040995344478207e-11
3.2078363943976595e-11
3.377172382977948e-11
3.5978712741829055e-11
2.9144421795859323e-11
3.331803769788479e-11
3.664589171687447e-11
3.947470038344946e-11
4.20734578913505e-11
4.471116856634435e-11
4.814925847402924e-11
3.9116873746477325e-11
4.394381299651831e-11
4.805587071220894e-11
5.180785153451874e-11
5.560966916673779e-11
6.056651163316031e-11
5.041140236056914e-11
5.608816796005734e-11
6.125339626387176e-11
6.644648782143965e-11
7.321430879054388e-11
6.353421171604889e-11
7.048031780368471e-11
7.737723898238773e-11
8.629098588836076e-11
7.963259741289849e-11
8.887391245396063e-11
1.004214841876857e-10
1.0161970168474154e-10
1.1725201255905535e-10
1.4250565950367585e-10
2.20732767900781e-10
5.959540057658172e-10
8.373871638775889e-10
9.971240598684513e-10
1.1132279858512682e-9
1.2055532157749394e-9
1.2846504099519957e-9
1.3574607446670731e-9
1.4313520914401235e-9
1.5276549277443254e-9
2.1788117459916112e-11
1.7973347695929402e-10
4.358068544602822e-10
6.843327891071346e-10
8.872866045815362e-10
1.0510302195137036e-9
1.190949980044835e-9
1.319628098760992e-9
1.4502032968537563e-9
1.6203814498438444e-9
1.3980607198761676e-12
2.9530014441280515e-11
1.3908683471907108e-10
3.3596959200790924e-10
5.592077872330367e-10
7.591563869949168e-10
9.314368683317888e-10
1.0891979487901118e-9
1.2490940730301181e-9
1.4574652517749301e-9
-6.504324751857297e-14
5.083842408351227e-13
1.996456146080561e-11
1.0735365972499214e-10
2.773497588134905e-10
4.798419829933419e-10
6.72056587624738e-10
8.495496765614517e-10
1.028585865029812e-9
1.2616428439126477e-9
-2.782192208169802e-14
-8.66722543130182e-13
-2.389025396252719e-12
1.4606040292398857e-11
9.128093280055534e-11
2.4047367565259823e-10
4.281475522549498e-10
6.19066145998097e-10
8.120159193251769e-10
1.0616844252281693e-9
-2.6749400133760553e-15
-1.6706688234395762e-13
-1.4452501197142838e-12
-2.8224422948339024e-12
1.1308006982523145e-11
7.534939424986487e-11
2.1155526212245914e-10
3.9830755871806493e-10
6.029630938878905e-10
8.64412470198933e-10
-1.0581077857189453e-16
-1.3487807214581265e-14
-2.395443232035455e-13
-1.5596464290390693e-12
-4.083603676912749e-12
2.994098489897874e-12
5.499727683998915e-11
1.9008787014796848e-10
3.963765667654198e-10
6.696625274208415e-10
-1.6621317708168802e-18
-4.817885418869557e-16
-1.725107886979261e-14
-2.326309104511397e-13
-1.6261462405379964e-12
-6.218876571420928e-12
-9.204198920594424e-12
2.7930612694265838e-11
1.8150102701484755e-10
4.708400721330816e-10
-6.906957794113564e-21
-4.809888847649723e-18
-3.5315352137089943e-16
-9.34694464205596e-15
-1.3349917677681502e-13
-1.209365822908934e-12
-7.173590913384233e-12
-2.4359253589805745e-11
-9.169017003575178e-12
2.4047685191266503e-10
-1.4202520977056174e-24
-2.689577726860924e-21
-4.720839208568347e-19
-2.824619163467966e-17
-9.031102866329548e-16
-1.9131787022145055e-14
-2.9805953320624906e-13
-3.4743220579039455e-12
-2.6251674970529433e-11
-1.031485107240603e-11
4.0096052188224367e-8
1.8455150723374105e-8
3.665527186995311e-9
4.889044073069623e-10
4.562604883555891e-11
2.773856875813756e-12
9.422257884839855e-14
1.3463985215065273e-15
4.3984268935653424e-18
5.381459728588905e-22
4.418631253232498e-8
2.6072407864026077e-8
8.040954778201942e-9
1.543945897434558e-9
1.8603802771019612e-10
1.2682311511599741e-11
3.800194075968587e-13
2.813366800170278e-15
9.14543114618168e-19
3.860548277529887e-8
2.546023125093346e-8
9.381008795062533e-9
2.0360387535204877e-9
2.4485701600747063e-10
1.3247819153618893e-11
1.9099439611703954e-13
1.4453296398958668e-16
3.3378831771601864e-8
2.2965026109365555e-8
8.888525307106079e-9
1.8577657974005328e-9
1.7543613510048235e-10
4.667958047749612e-12
7.779081556928433e-15
2.8777906111019584e-8
1.9892173332794073e-8
7.35036382944e-9
1.2350216349811354e-9
6.107461773095473e-11
2.2291741025813657e-13
2.467524374655658e-8
1.6552855654368027e-8
5.1707165396073725e-9
5.000449285144281e-10
4.196249662971288e-12
2.0885807106618357e-8
1.2900805441817595e-8
2.659060978627336e-9
5.710217667712252e-11
1.7174837137194235e-8
8.616020763895627e-9
5.643710293940561e-10
1.3030078804271063e-8
3.496251707743466e-9
6.2713388056062265e-9