4.133290923659874e-9
6.82874447807564e-9
8.103101997343939e-9
8.598030329888454e-9
8.857028856379395e-9
9.034239403240075e-9
9.160083857258975e-9
1.4523044679780746e-8
1.9557262652348362e-8
2.161492702975847e-8
2.269418885071853e-8
2.3432559899205337e-8
2.3954866010203176e-8
2.9796412239144857e-8
3.477142806163036e-8
3.739127735380869e-8
3.918517183519456e-8
4.045296895061385e-8
4.2534652590655e-8
4.686348165104221e-8
4.981150065244288e-8
5.189574976762753e-8
5.27180709088976e-8
5.673769539732726e-8
5.9547172888084226e-8
6.200540398836281e-8
6.552826940018617e-8
7.016914548861346e-8
3.9243718231385184e-7
1.0249113062466419e-6
1.4113355427184787e-6
1.5650788981124724e-6
1.6456597946387486e-6
1.7007192350864754e-6
1.7396631925521077e-6
1.9058668527241722e-8
1.562224203749693e-7
4.192084385985735e-7
5.66658201585067e-7
6.447801095124655e-7
6.98290677692108e-7
7.3607489691431e-7
4.628767580718082e-10
3.1382373216453278e-9
3.692015047569025e-8
1.332306907775638e-7
1.9882219240887505e-7
2.4353354177324033e-7
2.7510903389276316e-7
1.3127800288141795e-10
5.395968290712105e-10
4.0741813295593857e-10
1.358878750331489e-8
6.152205334664847e-8
1.0282262348014779e-7
1.3131777480093674e-7
1.343376566561193e-10
5.051515849067789e-10
7.674155102432477e-10
-2.559569212561107e-10
2.3379383070816613e-9
3.936751796647839e-8
6.856531511034797e-8
2.0153823555044677e-10
7.796736805108796e-10
1.142455691446623e-9
1.3010798798985239e-9
-8.378943996301477e-10
-9.987836415487788e-9
2.6088322536668785e-8
2.6791645490244353e-10
1.0672980976948526e-9
1.5536893634089834e-9
1.7532967984015292e-9
1.8373901767337208e-9
-3.0955757863059663e-9
-1.419116158501148e-8
0.00008747907312579678
0.000010711561178157369
2.8051977340170034e-7
5.586875943676758e-8
5.434149939463253e-8
8.745101911962904e-8
1.2239062586182552e-7
0.000014981877416263283
1.2941859050263339e-6
2.220420466266701e-8
8.603966813976095e-9
1.0390026905010328e-8
1.3499566553880418e-8
5.729765297108096e-6
7.662525859911421e-7
3.5910688464323023e-9
1.3555473900254659e-9
8.536967757170914e-10
3.5636073485354655e-6
7.034124066816514e-7
4.3107988101111515e-9
1.488380367937382e-9
2.973093022711382e-6
4.5755686453584075e-7
6.626191650856971e-9
3.0740253399909886e-6
5.847371564073609e-7
2.5213707379416166e-6
3.442768056967178e-9
5.800835417474411e-9
6.93930756197455e-9
7.3827107610919e-9
7.614880083296031e-9
7.773637789198185e-9
7.886426485799991e-9
1.283784147536364e-8
1.7626287567100685e-8
1.9595938845052223e-8
2.062943341438188e-8
2.1336399117887337e-8
2.1836450896010386e-8
2.774477989679496e-8
3.275218549052517e-8
3.5390137516593955e-8
3.7196456805715055e-8
3.847294718836646e-8
4.075778877401319e-8
4.524336009425368e-8
4.8296608338761616e-8
5.045526786216018e-8
5.140581953498919e-8
5.563724313594692e-8
5.8591886707246573e-8
6.126145392567222e-8
6.500705425734131e-8
7.001667959394162e-8
3.422414959481413e-7
9.252403836688857e-7
1.2900411083830524e-6
1.4357223631445637e-6
1.5120974420523449e-6
1.5642806131064529e-6
1.6011848012406667e-6
1.834742975961786e-8
1.5643321139130228e-7
4.302848337757007e-7
5.853596500210722e-7
6.675438669926632e-7
7.238384038223822e-7
7.635893522536801e-7
4.4125944257687587e-10
3.1114159331360124e-9
3.9855601869776257e-8
1.4612371765807895e-7
2.1868834061896834e-7
2.681495986652768e-7
3.0307953950138067e-7
1.229311346255946e-10
5.108245689771731e-10
3.109495477606582e-10
1.5048945948645925e-8
6.900638023583485e-8
1.1556111093537543e-7
1.4767720790868444e-7
1.240872950161877e-10
4.719216880140344e-10
7.252289169642163e-10
-4.54395957406308e-10
2.4327516499145427e-9
4.45608648898327e-8
7.781518403174213e-8
1.8600825770294903e-10
7.274771761629095e-10
1.072811772858363e-9
1.2264932041854656e-9
-1.2372031602391713e-9
-1.1766200312561368e-8
2.959187135161711e-8
2.4810703000721243e-10
9.97146842528754e-10
1.4583963101915264e-9
1.6493282148637703e-9
1.7255041390860545e-9
-3.96673672507002e-9
-1.6792761539648218e-8
0.00008004334808513356
0.000010508118933626226
2.774020429330017e-7
5.268067049486906e-8
5.079004761964627e-8
8.175612740325797e-8
1.1450255101954035e-7
0.000015696929561341
1.4024488373748954e-6
2.3194826653829375e-8
8.547108902622107e-9
1.0097510238982418e-8
1.30315614452843e-8
6.338861920516324e-6
8.577527141447117e-7
3.9813556747842554e-9
1.4640435611349687e-9
8.912828095841566e-10
4.016912935744762e-6
7.971627933798588e-7
4.867144714329949e-9
1.6610591886651937e-9
3.3857192645636064e-6
5.235756137073988e-7
7.569359748145578e-9
3.526142118088217e-6
6.727651746765599e-7
2.9062928958609135e-6
2.840437787925686e-9
4.8608124978084795e-9
5.85472025248209e-9
6.243055624490772e-9
6.446425324381815e-9
6.585532905470438e-9
6.684312056822215e-9
1.1121212409531555e-8
1.5547607576107026e-8
1.7381026223955958e-8
1.834327075063093e-8
1.9001597402330642e-8
1.9467102981699977e-8
2.5285540755911033e-8
3.0205170733265695e-8
3.2797724353287667e-8
3.457321517686553e-8
3.582773189546948e-8
3.828670484106382e-8
4.284010568485416e-8
4.593786288020499e-8
4.812793619135047e-8
4.9208285443913055e-8
5.3581798696355737e-8
5.663203979229939e-8
5.9490104579088056e-8
6.340546655927574e-8
6.873435216156369e-8
2.9226427295815227e-7
8.118599470527781e-7
1.1445533778349574e-6
1.277991562906306e-6
1.347960701424458e-6
1.3957722161098573e-6
1.4295773305579658e-6
1.704149519529176e-8
1.5145949266943888e-7
4.288011173348616e-7
5.877446578473048e-7
6.720069005498151e-7
7.297264219037165e-7
7.704848615225867e-7
4.054480213997225e-10
2.981832036094433e-9
4.219618550364547e-8
1.5753520782761768e-7
2.365436896715986e-7
2.903927740685054e-7
3.284214753031944e-7
1.1097781786535294e-10
4.6403455257735055e-10
1.8418259498191551e-10
1.6434924767287578e-8
7.645435766070224e-8
1.2833402839798816e-7
1.6411739654066634e-7
1.1042094851169482e-10
4.226312638111709e-10
6.582989966295092e-10
-6.882101266721639e-10
2.496439866332731e-9
4.995279471429359e-8
8.745046574361677e-8
1.645845939382046e-10
6.491464022743789e-10
9.643882116536682e-10
1.1080066462837297e-9
-1.699709497064842e-9
-1.3702584368639052e-8
3.323875040269564e-8
2.19383101851034e-10
8.892675467036732e-10
1.307931498106418e-9
1.4832511356952466e-9
1.547541700888747e-9
-4.964338040295322e-9
-1.968163733647901e-8
0.00007076656334152986
9.925844972563682e-6
2.65378614353731e-7
4.7536460097200694e-8
4.538887179642753e-8
7.298728582659339e-8
1.0217940595080934e-7
0.000016002003564911462
1.489655663961053e-6
2.3652921684646208e-8
8.20572613689597e-9
9.436160423540689e-9
1.2077900096506338e-8
6.901001094267052e-6
9.470310446679369e-7
4.352713035877135e-9
1.5552715321711549e-9
9.121765105708818e-10
4.47600022439157e-6
8.946587174243218e-7
5.4372674200391015e-9
1.8340281762656752e-9
3.817497443374336e-6
5.929243338211427e-7
8.566878189901586e-9
4.0049644185911274e-6
7.673569702815602e-7
3.3231788831355837e-6
2.306384980613932e-9
4.007098077758509e-9
4.85702849836938e-9
5.190259235659162e-9
5.364733651769161e-9
5.48417606853097e-9
5.56892629808315e-9
9.433773898995774e-9
1.3405281375094247e-8
1.5062162788388877e-8
1.5931860273026944e-8
1.6527035651982248e-8
1.6947752255759353e-8
2.2505231553873874e-8
2.7207816763887438e-8
2.9686614274198176e-8
3.138452650470178e-8
3.258406954064557e-8
3.516771966235899e-8
3.96816183241532e-8
4.275049517407266e-8
4.49201675006306e-8
4.6122879134393966e-8
5.054737553355567e-8
5.362877934042953e-8
5.663718940112469e-8
6.064879202318635e-8
6.62212044987384e-8
2.449995448546875e-7
6.941895207252901e-7
9.875217899605837e-7
1.1057331747528936e-6
1.167725641840961e-6
1.2100944848715295e-6
1.2400453053181683e-6
1.5286474785468873e-8
1.4122534304961334e-7
4.128766969092906e-7
5.707829919864261e-7
6.545283066408754e-7
7.118952210855199e-7
7.524063252579053e-7
3.6057920521034855e-10
2.756861754507251e-9
4.363596303640702e-8
1.6628292499865433e-7
2.5062241308728354e-7
3.080991269390571e-7
3.486897458301958e-7
9.747303499566816e-11
4.0581363364056106e-10
3.848521883008387e-11
1.7656618510297608e-8
8.339766269233042e-8
1.4034697788326237e-7
1.79619020302013e-7
9.566397547378629e-11
3.6476565467831634e-10
5.763559027308905e-10
-9.382668628079494e-10
2.5087344820550305e-9
5.530163486193441e-8
9.707326662085506e-8
1.4094106730252901e-10
5.568814776826899e-10
8.335943272777218e-10
9.634808734977893e-10
-2.2012433415620827e-9
-1.5749312819246413e-8
3.699006243017586e-8
1.8662582395593136e-10
7.60627922838498e-10
1.125393930106354e-9
1.280406761742218e-9
1.3300351440207802e-9
-6.041676889450066e-9
-2.2753147413901507e-8
0.00006068557902056144
9.004570254519302e-6
2.456324130717651e-7
4.117555251124474e-8
3.895340255525381e-8
6.248442325794791e-8
8.732301401544172e-8
0.000015776308758678285
1.543507047562915e-6
2.3483083874611102e-8
7.604423549436496e-9
8.480282766785523e-9
1.0755521706384468e-8
7.364272612131531e-6
1.0280302330178944e-6
4.6778439016463455e-9
1.6223151787263626e-9
9.159519074871342e-10
4.912654135111363e-6
9.903568120197252e-7
5.993508430247365e-9
1.998983539963209e-9
4.2517369293743055e-6
6.643572677567576e-7
9.595254908751413e-9
4.502869033188694e-6
8.663337571894503e-7
3.7608000200766587e-6
1.8594607693340727e-9
3.2731887140023744e-9
3.988669140629197e-9
4.269920442799012e-9
4.417260779695878e-9
4.518089088622478e-9
4.589692272589326e-9
7.880511614011428e-9
1.1345006312652084e-8
1.2799785909916306e-8
1.3563616026432257e-8
1.4086305518510996e-8
1.4455826996420475e-8
1.9589461319792636e-8
2.3951169850799344e-8
2.625085866608561e-8
2.7826175329706354e-8
2.8939156710064095e-8
3.1575720217641464e-8
3.593181282763443e-8
3.889071606175069e-8
4.098291101005967e-8
4.228894446691031e-8
4.665606915678923e-8
4.969248829817867e-8
5.279649591723853e-8
5.681272059829076e-8
6.252546607326764e-8
2.0276003893377474e-7
5.828689332766779e-7
8.345390203265453e-7
9.364208805468011e-7
9.898604170812873e-7
1.0263840333858015e-6
1.0522028111364375e-6
1.3326806366866449e-8
1.2669683501480417e-7
3.8270060183879943e-7
5.339239717478233e-7
6.141616832373179e-7
6.691269175356059e-7
7.079439940927439e-7
3.139698856988639e-10
2.4641406098190457e-9
4.386105746375376e-8
1.7098998571045375e-7
2.5882732271499816e-7
3.1868035221888115e-7
3.6094923038220437e-7
8.487383594809882e-11
3.464319951568488e-10
-1.0715847014275677e-10
1.8596067704956238e-8
8.924778283172404e-8
1.5061368753723894e-7
1.9292086497776713e-7
8.224386236909773e-11
3.0857569022416994e-10
4.937527136973309e-10
-1.1788354180349145e-9
2.4744032656912207e-9
6.028375274273099e-8
1.0609921795198107e-7
1.1941393809082414e-10
4.682247765657083e-10
7.052026830710322e-10
8.202800071546382e-10
-2.6926954657023086e-9
-1.77830767302606e-8
4.0650924019303305e-8
1.565479964608832e-10
6.373395281245121e-10
9.47492424264729e-10
1.0814619015019175e-9
1.115840506113992e-9
-7.123454482121745e-9
-2.589119843139027e-8
0.000051034640985932084
7.873148938548515e-6
2.2123312273014547e-7
3.479873306206835e-8
3.270063087815827e-8
5.2316138802003234e-8
7.298266511186861e-8
0.000014950536443501425
1.5510729818932123e-6
2.2666392326227135e-8
6.832138600778914e-9
7.398799561407264e-9
9.309430084360333e-9
7.664476479404904e-6
1.0926405057729906e-6
4.924039982897041e-9
1.6583190657826543e-9
9.047087832327907e-10
5.292334130072244e-6
1.0780007939635374e-6
6.4986811128472085e-9
2.146670752757987e-9
4.6620046835385865e-6
7.336773072885831e-7
1.0607450773110363e-8
4.993294731167006e-6
9.659040259954253e-7
4.2063533052160345e-6
1.4764326223532043e-9
2.635617715508633e-9
3.229093694745783e-9
3.4629154513238344e-9
3.585458749352928e-9
3.6693266833491268e-9
3.728856986527608e-9
6.487707992466119e-9
9.438648148383655e-9
1.0684033579423034e-8
1.1338055487118096e-8
1.1785605606532704e-8
1.2101933415491764e-8
1.6683745561042692e-8
2.060344292137934e-8
2.2670294782354754e-8
2.4086226015110552e-8
2.508652395762343e-8
2.7685396595583074e-8
3.176537292636415e-8
3.4533673507520756e-8
3.649126945641938e-8
3.786717307884083e-8
4.2059076429687364e-8
4.496761864756956e-8
4.809712821501869e-8
5.2012432340102464e-8
5.773707234386755e-8
1.657935301130858e-7
4.844789655919841e-7
6.971118197195794e-7
7.834960656157785e-7
8.288161035888627e-7
8.597896400957009e-7
8.816806557434784e-7
1.1403695030334503e-8
1.0986649277298625e-7
3.4133170526163645e-7
4.803596023237693e-7
5.541634033559144e-7
6.047216308918334e-7
6.40428436894786e-7
2.710857720014211e-10
2.143446891254786e-9
4.2599074591084036e-8
1.7024391132311598e-7
2.589554627973275e-7
3.1939487182988587e-7
3.620779519622374e-7
7.44729186186796e-11
2.946718089261979e-10
-2.3270981078723513e-10
1.9107744461040598e-8
9.325818242043168e-8
1.5787426984949368e-7
2.0240855408446805e-7
7.12375504870766e-11
2.617608582351819e-10
4.222791164965105e-10
-1.3831943189735363e-9
2.3853541861233387e-9
6.446826510109256e-8
1.137689712289917e-7
1.0232424855907801e-10
3.966165282624744e-10
5.994346457634343e-10
7.010643980195456e-10
-3.1268691840904537e-9
-1.966431810955996e-8
4.3992870555615014e-8
1.336056161317213e-10
5.404483702210942e-10
8.050972790512124e-10
9.209838781483847e-10
9.416526433488654e-10
-8.120685504836142e-9
-2.8890872000691764e-8
0.0000427070071081532
6.717603622056331e-6
1.9587655727844862e-7
2.9474579701089236e-8
2.7632631290517142e-8
4.421159915897619e-8
6.176095406686903e-8
0.000013564044061121272
1.501612596295035e-6
2.1267122626414495e-8
6.011637943714303e-9
6.387411028381441e-9
8.007919037795813e-9
7.730898249928086e-6
1.131049315279747e-6
5.05275491641607e-9
1.6553701674814844e-9
8.80091825641367e-10
5.57040406310095e-6
1.1491652594283685e-6
6.904366900712585e-9
2.263416440819762e-9
5.014608728659001e-6
7.96059055401337e-7
1.1537730041555837e-8
5.444874386813967e-6
1.0601199548049443e-6
4.633979303767518e-6
1.1603839932124035e-9
2.095290024588274e-9
2.580085368067417e-9
2.7714092412847066e-9
2.8717358112790293e-9
2.9404204450189034e-9
2.989158497396445e-9
5.278964069303357e-9
7.750764732024e-9
8.79696966734647e-9
9.346462217907133e-9
9.722504823695899e-9
9.988240071711209e-9
1.395186157586495e-8
1.73684431478401e-8
1.9169804221279674e-8
2.0403966594326895e-8
2.127580457129924e-8
2.373659403762146e-8
2.7437937172910884e-8
2.994603862534845e-8
3.1719861209837114e-8
3.3117336117301145e-8
3.7018805778713185e-8
3.971904917077964e-8
4.279098005796626e-8
4.649531483715853e-8
5.208567993080549e-8
1.3366556963341563e-7
3.997882719586166e-7
5.785061195072915e-7
6.512683069098738e-7
6.894457822235414e-7
7.155387146748582e-7
7.339769892581387e-7
9.638455031453286e-9
9.314910823418116e-8
2.945056940691702e-7
4.1720246167022994e-7
4.823684331039473e-7
5.270091937920586e-7
5.585383182335234e-7
2.3192169035029366e-10
1.8287281393789937e-9
3.9713705537710533e-8
1.6295125984328049e-7
2.492126108043428e-7
3.0797160918333995e-7
3.4946808073195525e-7
6.536282820249517e-11
2.5158352830732644e-10
-3.2620178013464374e-10
1.902467384672277e-8
9.457312620391419e-8
1.606768630903743e-7
2.06219101571621e-7
6.183282560973554e-11
2.239539150556926e-10
3.6277025322990497e-10
-1.5332998221213176e-9
2.2212976705966122e-9
6.729725470574483e-8
1.191028202383628e-7
8.809145632736137e-11
3.4040758300564233e-10
5.156808129048672e-10
6.055244182314304e-10
-3.4725562602901838e-9
-2.1238218120751314e-8
4.667141874976976e-8
1.1541968094245247e-10
4.665192968591703e-10
6.955170825565288e-10
7.965543636296754e-10
8.054619931361345e-10
-8.970128154437538e-9
-3.155322485091388e-8
0.000035717084653472814
5.6898286196383154e-6
1.7151684995571643e-7
2.530935880897468e-8
2.373530029687407e-8
3.809850053356551e-8
5.3449629986040004e-8
0.000011805877828350699
1.3914078741457048e-6
1.9396158299269268e-8
5.224295185947155e-9
5.529802489181339e-9
6.940419887593563e-9
7.50096588894449e-6
1.1326989213372065e-6
5.023095991069642e-9
1.6028654815370058e-9
8.385242947550184e-10
5.695096696103047e-6
1.1935358019211602e-6
7.149683283763119e-9
2.330003557485646e-9
5.266415085298611e-6
8.450280602204584e-7
1.2297117635420728e-8
5.8152532168253495e-6
1.1413168930337868e-6
5.011730199204345e-6
9.081320853437086e-10
1.6485623648095936e-9
2.037970828447575e-9
2.191944389752702e-9
2.2726947898939575e-9
2.3279953582089516e-9
2.367262856328254e-9
4.2451966496113185e-9
6.2939203310979745e-9
7.16241533824712e-9
7.618569870025419e-9
7.930733021825095e-9
8.15135829864501e-9
1.1503063725752193e-8
1.4406047617548541e-8
1.593606245194944e-8
1.6984367251556417e-8
1.7724956144992077e-8
1.9955569082179463e-8
2.320850335508352e-8
2.5409430697738276e-8
2.696633201255303e-8
2.8325961859462986e-8
3.184045184336736e-8
3.4265740047884043e-8
3.7190649956563727e-8
4.058261925201138e-8
4.588720334419005e-8
1.05660785040103e-7
3.242003071557933e-7
4.72904950203673e-7
5.335488656489672e-7
5.653699235663826e-7
5.871161660724731e-7
6.024861339086259e-7
8.028306406967249e-9
7.833385497966551e-8
2.489157665599689e-7
3.5369636297168595e-7
4.0936751171649685e-7
4.4750364704984603e-7
4.7443908563415024e-7
1.933430313902065e-10
1.5355668231164602e-9
3.5358284855805425e-8
1.4896759824662366e-7
2.2914988799208315e-7
2.837560724000308e-7
3.2231985080493793e-7
5.5621555996806234e-11
2.1010375930829376e-10
-3.8685536233657994e-10
1.8197571258041203e-8
9.237587680990035e-8
1.5761143844811023e-7
2.0253427932701132e-7
5.214638046387177e-11
1.8652242952781828e-10
3.0374561636689504e-10
-1.622809753673718e-9
1.9516897600282078e-9
6.812721425265969e-8
1.2097186881472775e-7
7.318944271354605e-11
2.834921860105457e-10
4.3140010327117136e-10
5.086764657529444e-10
-3.7182553438286777e-9
-2.233789976069037e-8
4.8241105041213935e-8
9.496045921571683e-11
3.8793108509006156e-10
5.805197967365079e-10
6.659495152840788e-10
6.633295941655728e-10
-9.632936452113858e-9
-3.365674041523694e-8
0.000029237859191270805
4.8108156298358695e-6
1.4711871545203298e-7
2.124473078155047e-8
1.9822728829163028e-8
3.186871442757421e-8
4.4674823515363705e-8
9.987540589699723e-6
1.2298491193678612e-6
1.7159904832818512e-8
4.447869452870036e-9
4.701182712304228e-9
5.894487770269943e-9
6.948636902461711e-6
1.088822533991203e-6
4.8026644941972525e-9
1.49018658052566e-9
7.704520279286618e-10
5.614917181917706e-6
1.1998194442842947e-6
7.167002628536746e-9
2.3225423476627437e-9
5.367891745151709e-6
8.728285792557922e-7
1.2772599993926353e-8
6.052275569802312e-6
1.1996408694659497e-6
5.297535147111455e-6
7.114130016740245e-10
1.2898418682219108e-9
1.5980075600672273e-9
1.7201090185367195e-9
1.784187244001732e-9
1.828079440486991e-9
1.8592456615248782e-9
3.368008289860935e-9
5.04828643813293e-9
5.7623213134876104e-9
6.137423654207286e-9
6.3941325984520664e-9
6.575528531621378e-9
9.378177903187787e-9
1.1803687059287896e-8
1.3081513758774418e-8
1.3957089802932303e-8
1.4575602041527597e-8
1.651530209450279e-8
1.9295561572870493e-8
2.1173818796120248e-8
2.2502657067731557e-8
2.3763255808813707e-8
2.6829777046584623e-8
2.8938882765738643e-8
3.163184445969756e-8
3.463462796539838e-8
3.951422610602597e-8
8.199429725403131e-8
2.55162065092477e-7
3.75426596745773e-7
4.246078709800173e-7
4.504194844723922e-7
4.680608603332295e-7
4.805262845544058e-7
6.560725057213477e-9
6.573100912209e-8
2.0919161454413165e-7
2.972956823721625e-7
3.441139676953359e-7
3.7618610844033076e-7
3.988377802603472e-7
1.5606605407495553e-10
1.2688224190774163e-9
3.0134227953903114e-8
1.2986260159987523e-7
2.0084362451482377e-7
2.4917289151361204e-7
2.833038463394351e-7
4.5060851079749275e-11
1.6613793688191904e-10
-4.135176352178849e-10
1.6587434842399903e-8
8.622292017939823e-8
1.4783991787933248e-7
1.902467362760976e-7
4.159297670185696e-11
1.4478972377091336e-10
2.386486151421375e-10
-1.6415709397480598e-9
1.5687759946203023e-9
6.636436401474648e-8
1.18308212571361e-7
5.691760184779536e-11
2.1788136910612705e-10
3.341816679019868e-10
3.9664220473195955e-10
-3.8380350288425445e-9
-2.2759459791828494e-8
4.823332557764993e-8
7.212635088380924e-11
2.956143096720639e-10
4.4531154259161825e-10
5.123802990932521e-10
4.979273549925073e-10
-1.0029670624964214e-8
-3.4901265892270824e-8
0.00002285420392724574
3.991863544648438e-6
1.2152901695299858e-7
1.6574404916127512e-8
1.5209200783146243e-8
2.4329812683498145e-8
3.392915071729094e-8
8.40221948262997e-6
1.043125494217501e-6
1.4708567623764478e-8
3.6497650997779905e-9
3.772567143417366e-9
4.685314938832286e-9
6.122981678652651e-6
9.97130603017003e-7
4.390587253366954e-9
1.3205574046969847e-9
6.742776556996082e-10
5.2957985173276245e-6
1.1582513232628906e-6
6.900979716017119e-9
2.222875869998608e-9
5.27079715874902e-6
8.712100430830368e-7
1.2843174453606952e-8
6.098296717885386e-6
1.223753733579698e-6
5.4419395052980014e-6
5.591047317856377e-10
1.0083859899881852e-9
1.2496839795859892e-9
1.3455368907224793e-9
1.3958560092875706e-9
1.4303415310933564e-9
1.4548420406165131e-9
2.6375398657493658e-9
3.990608584663733e-9
4.568744141400829e-9
4.872503992195785e-9
5.080429537111962e-9
5.227342247246983e-9
7.55877386330498e-9
9.568765171246455e-9
1.0627378904479464e-8
1.1352830711956364e-8
1.1865275889357153e-8
1.3503732169726571e-8
1.5833686675174188e-8
1.7405774568783687e-8
1.8518162400965505e-8
1.9631567264774358e-8
2.2235906286034954e-8
2.40212102930244e-8
2.641521840609377e-8
2.8991684256996964e-8
3.3340312841878116e-8
6.350265646595627e-8
1.9737476438348538e-7
2.916948619309437e-7
3.3042468067506255e-7
3.507532161774686e-7
3.6465111198685446e-7
3.7446870831643993e-7
5.253080036321962e-9
5.4297050388768094e-8
1.7536399608907072e-7
2.4958084918576904e-7
2.8901970768475173e-7
3.160374689167979e-7
3.351190654452973e-7
1.241394980229266e-10
1.0337177310722044e-9
2.504145454871099e-8
1.0916939923452828e-7
1.6940950926821213e-7
2.1041936122145283e-7
2.3938118034143015e-7
3.6089701098876986e-11
1.2903864204030909e-10
-3.9447126357943097e-10
1.4380136338150155e-8
7.65300012158525e-8
1.3189480348279256e-7
1.6997480644367292e-7
3.322467741382869e-11
1.1129498299659708e-10
1.8549444094817853e-10
-1.5610973169896596e-9
1.1284766012289108e-9
6.172839937479965e-8
1.1053717456977037e-7
4.439031936523861e-11
1.6566512081621135e-10
2.5553636484829406e-10
3.05011461776982e-10
-3.760898005249684e-9
-2.225987816856347e-8
4.630689634431007e-8
5.567713839030757e-11
2.2498406571448992e-10
3.3996085795043653e-10
3.9186827338619216e-10
3.690396887496217e-10
-1.000183237442168e-8
-3.488803777547193e-8
0.00001753337838335239
3.194289142320646e-6
9.750590738296981e-8
1.264149742664216e-8
1.1530318414663221e-8
1.8349849219378586e-8
2.564953653571181e-8
7.125909823482574e-6
8.683910725680357e-7
1.2341597118644219e-8
2.9578212086339412e-9
2.964263876323363e-9
3.6515955325634722e-9
5.1722081629923965e-6
8.677848529840734e-7
3.841333031696298e-9
1.125602318191963e-9
5.720076700154666e-10
4.748606595971688e-6
1.0653949803450207e-6
6.341515747732268e-9
2.034218735295211e-9
4.945520426863689e-6
8.335813495787859e-7
1.241255718943392e-8
5.9023559495029595e-6
1.2025655740892307e-6
5.394167150102023e-6
4.412627524814696e-10
7.89824839100615e-10
9.774167219639247e-10
1.052095910076576e-9
1.0913140274876999e-9
1.1181956268850493e-9
1.1372997786738916e-9
2.050621183525031e-9
3.1129816999968065e-9
3.5699336082196985e-9
3.810074765104339e-9
3.974438976419977e-9
4.0905866970670796e-9
6.00416288492852e-9
7.656762861401813e-9
8.527290357942828e-9
9.123844682319049e-9
9.545273182220092e-9
1.0920093156752104e-8
1.2853651050751835e-8
1.415728475792801e-8
1.507985600167072e-8
1.6026861373585913e-8
1.820012502525262e-8
1.9686054720482204e-8
2.174612675363381e-8
2.390545569427041e-8
2.766817105931665e-8
4.93976930922344e-8
1.5304511954443886e-7
2.2617324348287025e-7
2.5631492711815737e-7
2.721388979376937e-7
2.8295383307681944e-7
2.9059572229342467e-7
4.1094893265776475e-9
4.310520347348732e-8
1.43898579052645e-7
2.0628328025559934e-7
2.3943882721594556e-7
2.6215232039882377e-7
2.781953335753809e-7
9.795793086553223e-11
8.282424510057071e-10
2.0995776565817618e-8
9.114069700428576e-8
1.4137528634799688e-7
1.755740777952941e-7
1.997257367259636e-7
2.9202963724387496e-11
1.0243399666847224e-10
-3.399182607255071e-10
1.1999130504991023e-8
6.491650130431451e-8
1.1232922700734412e-7
1.4492222323951492e-7
2.710076530305555e-11
8.886662158136836e-11
1.4903721559375431e-10
-1.3876938995382308e-9
7.197679673004731e-10
5.455752617033263e-8
9.81430068161538e-8
3.60520059378395e-11
1.328919935814561e-10
2.055263314625761e-10
2.4590060974931457e-10
-3.4662751749157834e-9
-2.072103385700464e-8
4.2366624876979053e-8
4.465759317303809e-11
1.8042368399359407e-10
2.732545605153079e-10
3.1517763154847873e-10
2.890875713008283e-10
-9.47341919349427e-9
-3.334308254265936e-8
0.000013665792712634775
2.479678469408092e-6
7.826992908194213e-8
1.00777205819382e-8
9.237720647823915e-9
1.4789963466282152e-8
2.069906291038285e-8
5.965516969557363e-6
7.339129927843695e-7
1.0267931256774785e-8
2.4208620783687585e-9
2.4061001571813975e-9
2.9673050803037632e-9
4.305206628368021e-6
7.260663526853743e-7
3.2552310791155963e-9
9.444927820107422e-10
4.829572565784711e-10
4.056379001877775e-6
9.306017109727356e-7
5.551552920532632e-9
1.7811893708063042e-9
4.408105566176704e-6
7.588500840862745e-7
1.1447660525548711e-8
5.444040115091103e-6
1.1291392816838952e-6
5.117343466904152e-6
3.5052350183253626e-10
6.214108045927701e-10
7.66780031637906e-10
8.246749733271634e-10
8.550817196408652e-10
8.75932230365513e-10
8.907579187654197e-10
1.5951001674401868e-9
2.4138421798102342e-9
2.7668213496220605e-9
2.95231763274298e-9
3.079300799886258e-9
3.169033512678958e-9
4.691762129610308e-9
6.023424528760674e-9
6.725189748966975e-9
7.206139552404332e-9
7.545903752254626e-9
8.709999968035556e-9
1.030464432280579e-8
1.1379534913864342e-8
1.2140260630021551e-8
1.2935581514491187e-8
1.473566742026644e-8
1.5964772754212067e-8
1.7695781510157712e-8
1.948487313179636e-8
2.266493349089603e-8
3.834252889822791e-8
1.1822143129342234e-7
1.7470502623617956e-7
1.980530213363024e-7
2.1030999433303055e-7
2.186896226926703e-7
2.2460987343318142e-7
3.15547212429732e-9
3.305704928822163e-8
1.1338361935082138e-7
1.641714475063153e-7
1.911760145991832e-7
2.0967570727600839e-7
2.227430075153961e-7
7.617310250438334e-11
6.475359895742789e-10
1.8049347447713333e-8
7.785228435935804e-8
1.2045996214746068e-7
1.4947118019390696e-7
1.6995921371843122e-7
2.2730298508532723e-11
7.771798889162274e-11
-2.9012177892605114e-10
9.955892561786938e-9
5.3913826780048635e-8
9.337246377818075e-8
1.2049266618373e-7
2.1003625571141682e-11
6.710813094830852e-11
1.1390161688074297e-10
-1.1786653901938053e-9
4.3776824990198415e-10
4.607467641039436e-8
8.317960775190735e-8
2.7482648478539163e-11
9.967880156840817e-11
1.5531748245639196e-10
1.8724332210479283e-10
-3.0301218370845616e-9
-1.829869224651944e-8
3.680103379675163e-8
3.351772050014291e-11
1.347808403458891e-10
2.053311012455437e-10
2.3755297124674716e-10
2.10954601547594e-10
-8.517226935585142e-9
-3.029400067195352e-8
0.00001049108474003002
1.9115118812653496e-6
6.32334907949103e-8
7.621358693386884e-9
6.924278080839126e-9
1.1032821805962045e-8
1.5403283748236655e-8
4.7514216613994485e-6
6.319430781388148e-7
8.445075878974988e-9
1.9031034934583423e-9
1.864895922737042e-9
2.290890104139082e-9
3.6659071994632185e-6
6.039976135283435e-7
2.734394250182647e-9
7.966763389312604e-10
4.0588917010281137e-10
3.36954557916643e-6
7.796962329254109e-7
4.677698412637648e-9
1.5076327662839199e-9
3.7453857011048422e-6
6.561783778621932e-7
1.0041213034494132e-8
4.766585091562107e-6
1.006902979238149e-6
4.614392726631518e-6
2.801921846065633e-10
4.917755531350876e-10
6.046459901626313e-10
6.495553314260259e-10
6.731492573958697e-10
6.893295321770009e-10
7.008397419004475e-10
1.2450538129438824e-9
1.8753148224049343e-9
2.146362221874344e-9
2.2888020977975233e-9
2.3862990017544972e-9
2.4552003716047235e-9
3.6272927595773646e-9
4.665435060161311e-9
5.212490421648644e-9
5.587414230377614e-9
5.852283557769427e-9
6.828519509073905e-9
8.122727909001272e-9
8.994693808484359e-9
9.611836806507957e-9
1.028903294335868e-8
1.1771097573876741e-8
1.2782633538223224e-8
1.4222508012959375e-8
1.5701012387026976e-8
1.834935202692361e-8
2.999548149566673e-8
9.148828739444757e-8
1.3500607265476045e-7
1.5301066682331258e-7
1.6246406674859932e-7
1.6892550586652735e-7
1.734910933246884e-7
2.4279098900145256e-9
2.5439358935839956e-8
8.685140844206688e-8
1.2609811324828712e-7
1.469774038875864e-7
1.6128031196125943e-7
1.7138322317422142e-7
5.893178303767167e-11
4.927066822987808e-10
1.5075678344611833e-8
6.653372554112823e-8
1.0323000573093174e-7
1.28215651759447e-7
1.458608561803525e-7
1.809421217796861e-11
5.997738089073538e-11
-2.620563607441221e-10
8.545531816736205e-9
4.5640458642624644e-8
7.881137859666562e-8
1.0161796133840967e-7
1.658702170256852e-11
5.191993998560321e-11
8.811851530198595e-11
-9.83897407563603e-10
3.595938654335888e-10
3.820024047145535e-8
6.899916163057647e-8
2.1568198952609915e-11
7.716811127433646e-11
1.201974502801724e-10
1.4566306685379687e-10
-2.5367039720002557e-9
-1.541982579680109e-8
3.071691588673802e-8
2.6117135372856498e-11
1.044258924604098e-10
1.5892517364612428e-10
1.8396640879716508e-10
1.6010938020968848e-10
-7.2700352999233745e-9
-2.612249849429333e-8
8.076893933127952e-6
1.4806216767529584e-6
5.024263166849087e-8
5.895901761220621e-9
5.3526249196914055e-9
8.541444599166524e-9
1.1945419712884816e-8
3.6184613372052314e-6
5.192767671997153e-7
6.852821378063563e-9
1.4697778878025068e-9
1.4380452271476038e-9
1.7685651583064711e-9
3.1711850219075666e-6
5.192312324811572e-7
2.3195159693312997e-9
6.783664741720162e-10
3.415267475039497e-10
2.834401264802222e-6
6.47365214657347e-7
3.909423305655061e-9
1.2712238815855766e-9
3.1054910182327308e-6
5.466565914352207e-7
8.459299098673658e-9
3.99789494461286e-6
8.555422135069053e-7
3.956600536453697e-6
2.2521277034840077e-10
3.918589529044887e-10
4.800989342828773e-10
5.151902426626354e-10
5.336305071453045e-10
5.462828128495381e-10
5.552856238439305e-10
9.753564917975095e-10
1.4621014022109506e-9
1.6714340569244531e-9
1.7814308944018559e-9
1.856735062320488e-9
1.9099546148661746e-9
2.80617442953825e-9
3.5977615309097988e-9
4.014341029729484e-9
4.299885494755431e-9
4.5016139933110004e-9
5.276539454245036e-9
6.2929005842344515e-9
6.976627210729477e-9
7.460623405819181e-9
8.039336200109121e-9
9.235488096799547e-9
1.0050863452651551e-8
1.1247555757833927e-8
1.245851188821409e-8
1.4645798025188455e-8
2.3658070523242548e-8
7.100789829884643e-8
1.0431337948976329e-7
1.1807924773251836e-7
1.2530602071095463e-7
1.3024685354357112e-7
1.337375817530016e-7
1.8614217600713619e-9
1.9559514294083207e-8
6.652070469778154e-8
9.626933385152944e-8
1.1209787098984406e-7
1.2294144272496534e-7
1.306007065117085e-7
4.533023114528729e-11
3.719008681656332e-10
1.1359489306699948e-8
5.2756501112714684e-8
8.276722313908783e-8
1.0319093546655521e-7
1.1761469869391763e-7
1.4491887440566671e-11
4.573671211045629e-11
-2.4938658737679124e-10
7.394788146831542e-9
3.963205062183904e-8
6.838055705010118e-8
8.815190500964055e-8
1.3101234272122839e-11
3.976810749036358e-11
6.724340674059064e-11
-8.510515203103421e-10
4.1368709511370593e-10
3.244671409987377e-8
5.8429137506222e-8
1.6701414533840618e-11
5.884294552838268e-11
9.152763986932564e-11
1.1128290564573558e-10
-2.121408467714636e-9
-1.2775434679086922e-8
2.5502373076732833e-8
1.9982072994438e-11
7.936653648942091e-11
1.205845510317886e-10
1.3961155067313487e-10
1.1920940916542367e-10
-6.040480988055913e-9
-2.173826723697419e-8
6.230814564951312e-6
1.121697603917918e-6
3.765330640212748e-8
4.481226918865701e-9
4.076431454498416e-9
6.493139929052003e-9
9.065784842604119e-9
2.7720470798556016e-6
3.8576595927712303e-7
5.381828715425065e-9
1.1196831188447933e-9
1.0885020681097755e-9
1.332262061936211e-9
2.572218620351555e-6
4.495634487909488e-7
1.949518524984265e-9
5.54690881816858e-10
2.7624392290589486e-10
2.4640835215401797e-6
5.554724095804601e-7
3.3430312796463767e-9
1.0900003172152054e-9
2.6225345184676286e-6
4.5540786925346124e-7
7.0494871177009104e-9
3.315963332323379e-6
7.090742104697151e-7
3.286035890112945e-6
1.8156310384251693e-10
3.14043279695821e-10
3.834737657176406e-10
4.110576856019417e-10
4.2555490784914103e-10
4.3550488561226285e-10
4.425889186161345e-10
7.688088701896137e-10
1.1435213742322122e-9
1.3047405336717338e-9
1.3894594157901331e-9
1.4474555931937678e-9
1.488446588488341e-9
2.1793398984538766e-9
2.7875486238146526e-9
3.1073343453293594e-9
3.3265239846744094e-9
3.4813789668820457e-9
4.063805214665574e-9
4.83788886403241e-9
5.357398018451905e-9
5.725262787894031e-9
6.1943430354273905e-9
7.12358933431847e-9
7.754431300769407e-9
8.737427335818495e-9
9.697213494706154e-9
1.1482972649279552e-8
1.8860962050592987e-8
5.5752028161939436e-8
8.153114110794406e-8
9.218266021228231e-8
9.777455859695874e-8
1.0159715390786993e-7
1.0429821319949016e-7
1.4304122952251414e-9
1.4914937719468827e-8
5.122333150170299e-8
7.429192195063895e-8
8.656555620247513e-8
9.497374255387988e-8
1.0091274639889745e-7
3.516942163827009e-11
2.910224555952386e-10
8.444762695447568e-9
3.907977244063239e-8
6.154330660008569e-8
7.682621136838829e-8
8.761922109708639e-8
1.1610375124748348e-11
3.557752383835063e-11
-2.0584846986041082e-10
5.822695585562232e-9
3.273046001464686e-8
5.69636962462858e-8
7.361503871954236e-8
1.0599112680355009e-11
3.1031613127364355e-11
5.2268076020647984e-11
-7.521514677097423e-10
3.4394370999913036e-10
2.8278957890836714e-8
5.089704187072349e-8
1.3246140373537036e-11
4.5861163884314724e-11
7.128452557212873e-11
8.641133648680662e-11
-1.844869654625034e-9
-1.0898923585974383e-8
2.19609254615921e-8
1.564619963784971e-11
6.181582614441751e-11
9.398193084006188e-11
1.0875551081334648e-10
9.06941388659905e-11
-5.1014920834411935e-9
-1.8154845383870884e-8
4.87119313780888e-6
8.632600503901638e-7
2.886452001652132e-8
3.4834039131092566e-9
3.1711771001315123e-9
5.054428100813232e-9
7.0616454956335056e-9
2.146745481229019e-6
2.9307494825972817e-7
4.1637516355207985e-9
8.703106548591347e-10
8.477842572897441e-10
1.0443720869238023e-9
1.897018288549568e-6
3.542187812457129e-7
1.5638076791276251e-9
4.2674129073296177e-10
2.148122145307635e-10
2.0766305909834594e-6
4.832106114179258e-7
2.863122219543064e-9
9.201060639176747e-10
2.2873820011394654e-6
3.9400760327243915e-7
6.0225888754670465e-9
2.8411677429768607e-6
5.986491097687948e-7
2.7529705378387285e-6
1.4636953508608146e-10
2.5268345127758895e-10
3.0780386445123366e-10
3.296546047117588e-10
3.4113440941988447e-10
3.4901445020402404e-10
3.5462831544884747e-10
6.107044974962089e-10
9.007114595378768e-10
1.025006829748223e-9
1.090313065879593e-9
1.1350185724016456e-9
1.1666218238861362e-9
1.6933345274216132e-9
2.1613805521977817e-9
2.4077331245484682e-9
2.5765806355608118e-9
2.6958798444509883e-9
3.142746349625726e-9
3.733575040882127e-9
4.129799865836452e-9
4.41041707271602e-9
4.761898323453493e-9
5.463437929260012e-9
5.93713688152585e-9
6.712258551334901e-9
7.438158891635534e-9
8.85979032373363e-9
1.5172302471544643e-8
4.417702512439142e-8
6.423038360422215e-8
7.250538425678024e-8
7.68492773772542e-8
7.981860353179298e-8
8.191707810528037e-8
1.1038614251203343e-9
1.1371072833763325e-8
3.8780919996824635e-8
5.630926571343944e-8
6.563577580653975e-8
7.202466855724339e-8
7.653764431832935e-8
2.7021131533620075e-11
2.1999182518332778e-10
6.79726198902197e-9
3.046512598908335e-8
4.7541092036345454e-8
5.9165397542151006e-8
6.737445975010795e-8
8.944975861598106e-12
2.7636663113723922e-11
-1.3998842602447789e-10
4.156390512689272e-9
2.41270545075927e-8
4.2401587819937557e-8
5.493954249131642e-8
8.50526996866087e-12
2.4324169370729276e-11
4.0812075206021986e-11
-6.083967373493499e-10
2.3254555902931767e-11
2.317209253431993e-8
4.208346358268082e-8
1.0638230463070825e-11
3.599653759231499e-11
5.5781147321222036e-11
6.732998495513473e-11
-1.6073570502869781e-9
-9.55269851703868e-9
1.9082751912721493e-8
1.2396570306450563e-11
4.845956718412636e-11
7.340556432118002e-11
8.463168874230201e-11
6.722497819393132e-11
-4.465422726236374e-9
-1.5768456032088757e-8
3.844866712646153e-6
6.620294099717612e-7
2.26482900949259e-8
2.7159426191734027e-9
2.4840030697355337e-9
3.9616193249571694e-9
5.536437309776333e-9
1.614364909028761e-6
2.3372813812942564e-7
3.153719301643823e-9
6.648369268756002e-10
6.505092470685505e-10
8.012961741377559e-10
1.4610203890559017e-6
2.5491253366552827e-7
1.1906093131126915e-9
3.257691673098792e-10
1.654476605238758e-10
1.550542098806365e-6
3.8388414371375953e-7
2.275662553901329e-9
7.19059141724071e-10
1.909314395787093e-6
3.4043606626985355e-7
5.192139045123359e-9
2.4774972449921083e-6
5.226393552873237e-7
2.394470483970612e-6
1.1757211561172558e-10
2.0349563110244013e-10
2.4764731042573143e-10
2.651239096392511e-10
2.74302845968975e-10
2.806013694286277e-10
2.8508921293499604e-10
4.882032809578481e-10
7.150338993322921e-10
8.120129778835384e-10
8.629604800011249e-10
8.978364423830798e-10
9.224926903729833e-10
1.3239930772373631e-9
1.6796138466032053e-9
1.8666937411921612e-9
1.9949227772994372e-9
2.085522699755663e-9
2.4300844485977098e-9
2.884689366376328e-9
3.1899053623953395e-9
3.4060319097306312e-9
3.672982663266619e-9
4.209340835746053e-9
4.57144687470248e-9
5.155862910139031e-9
5.699943181513085e-9
6.793330107109366e-9
1.2290016954479632e-8
3.539040004712962e-8
5.118478666899994e-8
5.768256032957003e-8
6.109308141489077e-8
6.342436431152544e-8
6.50720208540342e-8
8.623970704876039e-10
8.758460942931012e-9
2.955952558921675e-8
4.2752755436598875e-8
4.9773069114647515e-8
5.4582520491331406e-8
5.797952602350998e-8
2.1314997776318118e-11
1.6986540831610274e-10
4.986834124297125e-9
2.338498590198007e-8
3.678175022211021e-8
4.5897968015482454e-8
5.233619685315161e-8
6.9595301623086685e-12
2.1754236978052584e-11
-1.1269765462494443e-10
3.322958110529189e-9
1.8247125520452325e-8
3.175162917282635e-8
4.102627650583583e-8
6.612689665782443e-12
1.9279082409149885e-11
3.207448325236035e-11
-4.3107277032372186e-10
-9.364207763938727e-11
1.679563289570732e-8
3.076383162070053e-8
8.507067130278773e-12
2.8653852687432015e-11
4.419086010360206e-11
5.335682404395646e-11
-1.2417949452189573e-9
-7.777603168920261e-9
1.4954092838063595e-8
9.937375196091598e-12
3.8580329735585184e-11
5.825828271350161e-11
6.700036059800662e-11
5.1985387087540317e-11
-3.754221443359994e-9
-1.3575540778066904e-8
3.074789511158167e-6
5.143162334590679e-7
1.7106052164872572e-8
2.1486973935373303e-9
1.976119722330616e-9
3.15343287562476e-9
4.40797968881458e-9
1.225361812668486e-6
1.6968943322327305e-7
2.412082327328905e-9
5.108831993816991e-10
5.063224620918505e-10
6.278038881327786e-10
1.1441077001947396e-6
2.0356037254491062e-7
9.007177169278203e-10
2.521998928845958e-10
1.2940867811762715e-10
1.1461183851134031e-6
2.74498845775597e-7
1.6895038221132604e-9
5.509741496860966e-10
1.3993437471114675e-6
2.6208157410104803e-7
4.1536636930040834e-9
1.979181061411643e-6
4.367597496927073e-7
2.041533891532061e-6
9.37627606328905e-11
1.6346119141583615e-10
1.99044506228525e-10
2.1310447268724312e-10
2.2048799622342227e-10
2.2555382303517733e-10
2.2916180939077562e-10
3.920259095040944e-10
5.711390720122049e-10
6.474299634929589e-10
6.875045059517315e-10
7.1493579462723e-10
7.343297680699897e-10
1.0436194758128735e-9
1.3173250559201564e-9
1.4612160822690436e-9
1.5598357824805696e-9
1.629517202219549e-9
1.8847207162513945e-9
2.2279590876713428e-9
2.4582549362992328e-9
2.621343171789587e-9
2.829176600511345e-9
3.2405640036772615e-9
3.519044883700171e-9
3.963769714571887e-9
4.385471896002642e-9
5.212234052001437e-9
9.986001601816935e-9
2.8598364396884635e-8
4.119391003843123e-8
4.6362591904883976e-8
4.9075184163537875e-8
5.092932493682531e-8
5.223981411207102e-8
6.818829638409495e-10
6.812448321343092e-9
2.270661389312564e-8
3.2771843354138126e-8
3.812668130966143e-8
4.1794955198369955e-8
4.4386007444380024e-8
1.6778467127722483e-11
1.3243490176486629e-10
3.795173134477648e-9
1.73019764113551e-8
2.7171156894806352e-8
3.3886629871579434e-8
3.862899897931307e-8
5.607576075981282e-12
1.7422288275394536e-11
-8.767685922192463e-11
2.5512463615527187e-9
1.456008621622757e-8
2.5404664432056922e-8
3.2854764336617474e-8
5.242562731993769e-12
1.5499240313119407e-11
2.555615459092888e-11
-3.3764643055417786e-10
1.0830678721945675e-10
1.284021073349241e-8
2.3242650936027396e-8
6.74296007768311e-12
2.309288214517811e-11
3.544048119289596e-11
4.2572349066690636e-11
-8.790538601861972e-10
-5.537359873268318e-9
1.0604506112141002e-8
7.998025316489528e-12
3.1148647918135316e-11
4.6846688847653436e-11
5.375922488528541e-11
4.326974269637208e-11
-2.747461104381921e-9
-1.0302608545806896e-8
2.4869723932604675e-6
4.048024733200699e-7
1.3431856593985313e-8
1.7260212316787344e-9
1.5949893194676979e-9
2.547205086273991e-9
3.5612440101724083e-9
9.338693705532866e-7
1.3072548107495876e-7
1.8445241703009952e-9
3.9778288992883424e-10
3.983732069029966e-10
4.946826674562348e-10
8.353391256091098e-7
1.5481490857408096e-7
6.968100300861862e-10
1.9093922336107314e-10
9.8823358405533e-11
9.298216962873996e-7
2.1799332360506766e-7
1.3092920322701514e-9
4.356684572550108e-10
1.0456228296504564e-6
1.8713718895007745e-7
3.044660110907791e-9
1.4091076694775993e-6
3.1889338470876775e-7
1.529327854468854e-6
7.399195730934448e-11
1.3049188305272153e-10
1.5925904284105608e-10
1.7061273375281481e-10
1.7657236584681708e-10
1.8066128854302527e-10
1.835733038853195e-10
3.1522536044540214e-10
4.5819370387854043e-10
5.189015221722528e-10
5.507865418412992e-10
5.726114459971064e-10
5.880419892038267e-10
8.281577218726272e-10
1.039946041956529e-9
1.1513558673586056e-9
1.2277077056684892e-9
1.2816570420730492e-9
1.4746437326470868e-9
1.7362210379600042e-9
1.9116600369062826e-9
2.035912377893157e-9
2.1876906754702887e-9
2.4950342193964336e-9
2.7023807927247014e-9
3.042993741945805e-9
3.3602046067593914e-9
3.989842000150865e-9
8.10182970913597e-9
2.322566723089272e-8
3.3379400235769906e-8
3.7533818008879974e-8
3.971385072956754e-8
4.1203916190912884e-8
4.225712288060095e-8
5.459764307573057e-10
5.372333599857472e-9
1.7633503860778778e-8
2.5336626839591783e-8
2.9434156288030325e-8
3.224103674084879e-8
3.422367165326559e-8
1.346201827346169e-11
1.048602542569932e-10
2.837373169925497e-9
1.3059494836464466e-8
2.049155834896385e-8
2.554941841222801e-8
2.9121447599628603e-8
4.385291614524561e-12
1.4076122177584154e-11
-5.92532912742949e-11
1.8298067514826149e-9
1.0427160605622771e-8
1.830957190135385e-8
2.371616648079322e-8
4.2661774865021e-12
1.261673000138883e-11
2.0639497881430678e-11
-2.6324167140305766e-10
-3.3133389735254924e-11
1.0224435018188642e-8
1.8626402410502864e-8
5.490474586460466e-12
1.88442304507506e-11
2.878804909317762e-11
3.430817202870556e-11
-7.172811616224881e-10
-4.2920183298886615e-9
8.550186358005616e-9
6.515432256067935e-12
2.5440792900034645e-11
3.8142649053800946e-11
4.368882186666616e-11
3.5772061003392026e-11
-2.030221642060705e-9
-7.3682502190917245e-9
2.0267820531472688e-6
3.2298129318908923e-7
1.0444640614316384e-8
1.4011596814229752e-9
1.3016635678155142e-9
2.080834339034065e-9
2.9097675051591044e-9
7.195643444147402e-7
9.733447054412843e-8
1.3931064399689973e-9
3.1200771923608295e-10
3.1714773865440234e-10
3.957979531586123e-10
6.336393863242625e-7
1.1273194521710233e-7
5.157672806554049e-10
1.4153827408448568e-10
7.329270593440565e-11
6.650360789746522e-7
1.6696903074611812e-7
9.955119537992464e-10
3.1603438592847574e-10
8.485018081833861e-7
1.5272707085483174e-7
2.3529415017045918e-9
1.1128591538671075e-6
2.375559119081721e-7
1.1078397395488747e-6
5.761350152512977e-11
1.0317600681835517e-10
1.264059242825312e-10
1.3556782641498336e-10
1.40375810478679e-10
1.43672995282741e-10
1.4602055753703278e-10
2.5290349702835857e-10
3.6795869719843583e-10
4.1668661908997774e-10
4.4227741107527626e-10
4.597930975123346e-10
4.721766199635461e-10
6.609467465450484e-10
8.268163770087873e-10
9.140598064713256e-10
9.738473487116626e-10
1.0160912473794723e-9
1.160881496391455e-9
1.361342805129181e-9
1.4960012645425048e-9
1.5913512490731556e-9
1.705224616643054e-9
1.939833996184947e-9
2.098385770095953e-9
2.350491337281955e-9
2.5864124832257234e-9
3.060428778239407e-9
6.532723424641223e-9
1.8870297379014833e-8
2.7116418054466214e-8
3.048237183560395e-8
3.224849863996516e-8
3.3455618169584264e-8
3.4308832274809615e-8
4.4154416759243936e-10
4.292773977899385e-9
1.3870985460630131e-8
1.984172859685507e-8
2.3016877909029728e-8
2.519195399860015e-8
2.6728240427368283e-8
1.0832507704748459e-11
8.375364573387062e-11
2.1603765939958807e-9
9.771158272877622e-9
1.5301672662566253e-8
1.9065602356200465e-8
2.1723754570007686e-8
3.501174554316028e-12
1.1476882988412441e-11
-4.388954565884722e-11
1.3973685153479351e-9
7.94245687439044e-9
1.3862664886472011e-8
1.7929324937661213e-8
3.3525351084958317e-12
1.0293846540538487e-11
1.672840947162654e-11
-1.8301301065732966e-10
3.842112600915115e-12
7.179523545264738e-9
1.3116009866351381e-8
4.464171210865895e-12
1.5460422444730262e-11
2.35320952331011e-11
2.7995639953819105e-11
-5.229391382561515e-10
-3.394118913770708e-9
6.421153968078741e-9
5.3649121732386555e-12
2.090951443331873e-11
3.126257721996881e-11
3.5733898234100247e-11
2.9505644276136724e-11
-1.6572277041690264e-9
-6.054388277706603e-9
1.6561188502085794e-6
2.607453466338268e-7
8.2695732159515e-9
1.146545066726251e-9
1.0688094555464842e-9
1.7103723926019428e-9
2.392843175346904e-9
5.61137518297776e-7
7.401284871904985e-8
1.069188017666841e-9
2.4756779056975056e-10
2.5531072876948686e-10
3.198115560218816e-10
4.7040476859602756e-7
8.465779013360028e-8
3.852223845205816e-10
1.071914408536218e-10
5.649059553833156e-11
5.065942416338968e-7
1.1967627438491113e-7
7.342928078124724e-10
2.4394847415322973e-10
5.925343935733318e-7
1.1139988785946202e-7
1.805651357701827e-9
8.570998875819639e-7
1.9323665384809103e-7
9.091699000705064e-7
4.416344312597768e-11
8.055710731161281e-11
9.921359585875593e-11
1.0657129558722674e-10
1.104314375847308e-10
1.1307843179273063e-10
1.1496200256069175e-10
2.0169224065888702e-10
2.9471465558699654e-10
3.3404899168317813e-10
3.547055457933219e-10
3.688436050673785e-10
3.788383542450695e-10
5.289801467475749e-10
6.602045654069678e-10
7.29234126634009e-10
7.765378084159264e-10
8.099596990956679e-10
9.201073911335447e-10
1.0753008898775792e-9
1.1795883865637351e-9
1.2534274782127132e-9
1.3372253800839283e-9
1.5155852958137788e-9
1.63630803248051e-9
1.8257998309806926e-9
2.007036274263186e-9
2.360931552367883e-9
5.212440942994217e-9
1.5263075226799275e-8
2.197799761566681e-8
2.47144430326125e-8
2.6150188823830924e-8
2.7131472106846322e-8
2.7825037680489737e-8
3.5918168009693087e-10
3.4677005539707504e-9
1.1058023452972903e-8
1.575268120814924e-8
1.82485166107685e-8
1.995824768669797e-8
2.1165817290190563e-8
8.77283680684344e-12
6.766971251270879e-11
1.6535250558018815e-9
7.405090452456922e-9
1.1576598931541847e-8
1.4415551927945467e-8
1.64204327681413e-8
2.7708217431020305e-12
9.374576251493227e-12
-3.107459162315058e-11
1.0393531798275546e-9
5.807600803891508e-9
1.0146619591062032e-8
1.3124903035517995e-8
2.6961403760558872e-12
8.422245913518155e-12
1.3633697356778888e-11
-1.381557536222573e-10
-1.6140614776514263e-11
5.5024212822747864e-9
1.0026345356389884e-8
3.585192998915121e-12
1.2672335980970656e-11
1.9241556573709916e-11
2.2761538270216826e-11
-3.828291286161209e-10
-2.3422586611405943e-9
4.615431045942314e-9
4.365347976643431e-12
1.7175344329856635e-11
2.563658551475827e-11
2.927021575349786e-11
2.5065744326193048e-11
-1.1396101268259222e-9
-4.3057179860306616e-9
1.3493643562418377e-6
2.1221090789743e-7
6.6027740609103175e-9
9.39566191467525e-10
8.77680279874973e-10
1.4057173150710057e-9
1.9674026711212683e-9
4.4415226931457776e-7
5.6919459937680023e-8
8.280138855660581e-10
1.9856206344161572e-10
2.0685688942551376e-10
2.5961440113595845e-10
3.5501220315807165e-7
6.33334725861877e-8
2.874162923340447e-10
8.078964611608977e-11
4.27090919454178e-11
3.6773978904270355e-7
8.979792296817813e-8
5.425776782449608e-10
1.7669110953268531e-10
4.5653747913673436e-7
8.246158520264176e-8
1.3041119640421767e-9
6.052127814483328e-7
1.3326524462828815e-7
6.3899475704956e-7
3.327341221259648e-11
6.195940259919629e-11
7.680101267090206e-11
8.265758011081947e-11
8.572979088725498e-11
8.783584160324602e-11
8.93338343273667e-11
1.5932892562532567e-10
2.345490252855635e-10
2.663436554268611e-10
2.830408763025199e-10
2.9446867487055896e-10
3.0254661112449693e-10
4.2308614474863504e-10
5.278890693283744e-10
5.830400325231407e-10
6.208311323428957e-10
6.475308598963694e-10
7.322177706966842e-10
8.535392098267139e-10
9.351589215240636e-10
9.92939592440651e-10
1.055408033867912e-9
1.1932767333375341e-9
1.2868312078467035e-9
1.4284717354755785e-9
1.5658461193739287e-9
1.8313662573726512e-9
4.100329230660695e-9
1.2232762049064754e-8
1.7686278846104576e-8
1.9906976446381903e-8
2.1072113076714842e-8
2.1868429568636295e-8
2.2431228253677723e-8
2.923607146640657e-10
2.8198561308672854e-9
8.90936858630777e-9
1.2649727502052311e-8
1.4637674658548389e-8
1.5999485527699183e-8
1.6961303467123546e-8
7.10107392768268e-12
5.4987815887912634e-11
1.2846156198972331e-9
5.670804435351774e-9
8.83644000281248e-9
1.0991158734389294e-8
1.2512837854448069e-8
2.197474856221081e-12
7.639134661596948e-12
-2.1555097301583616e-11
7.738030204874449e-10
4.329837059091568e-9
7.560163361311957e-9
9.777878376316913e-9
2.124973695191367e-12
6.843878212547703e-12
1.1063353956021436e-11
-1.0008495419793953e-10
1.7187896047235937e-11
3.975201381835087e-9
7.223787633825032e-9
2.88379545408904e-12
1.0329175181849672e-11
1.5670126339542695e-11
1.849898674666624e-11
-2.7436051203833564e-10
-1.7884839029945959e-9
3.406237488683775e-9
3.554681015391301e-12
1.4025078405531991e-11
2.092312068313644e-11
2.387967903945315e-11
2.0879690394786e-11
-8.762029359175876e-10
-3.226983505687378e-9
1.0903953714879577e-6
1.731951756876521e-7
5.300612894168985e-9
7.666653265330548e-10
7.163139310033636e-10
1.148074121772141e-9
1.6073226318493198e-9
3.561549984959612e-7
4.435873843355538e-8
6.464725875335249e-10
1.601017750386712e-10
1.6796926478925167e-10
2.109887063922814e-10
2.701680629807009e-7
4.714114718562717e-8
2.151818831384295e-10
6.120932213308395e-11
3.263547209760077e-11
2.743829714628766e-7
6.639495993296014e-8
3.9969282057002825e-10
1.320866557852656e-10
3.262649377890059e-7
5.9396113732138365e-8
9.67239828417019e-10
4.535667779202736e-7
1.0274278477843677e-7
4.848278720679657e-7
2.4617075581599403e-11
4.686235806749214e-11
5.851654393443355e-11
6.312084312726517e-11
6.553603863444389e-11
6.719144025263103e-11
6.836836627253485e-11
1.2429023765702888e-10
1.8483416535721913e-10
2.1044741505642103e-10
2.238992224218744e-10
2.3310570210517984e-10
2.396126471530412e-10
3.3691809891474547e-10
4.2111434447773644e-10
4.6543662443980946e-10
4.958065813954344e-10
5.172620912081996e-10
5.833013659483006e-10
6.791641233604931e-10
7.43739927530465e-10
7.894462947029791e-10
8.363763830443899e-10
9.437029032569728e-10
1.0166712957723477e-9
1.1233902188617465e-9
1.2294322775822964e-9
1.4294315856772624e-9
3.1708121087861656e-9
9.674666781664753e-9
1.4068823932585187e-8
1.585847475905917e-8
1.679748789969759e-8
1.7439255085561683e-8
1.789278712204947e-8
2.3679781034252863e-10
2.2958049772150435e-9
7.2233919792564704e-9
1.0234897699104849e-8
1.1835105274833364e-8
1.2931303256307557e-8
1.370551388394538e-8
5.716047974906395e-12
4.468914623605765e-11
1.0124662962281701e-9
4.404207457495056e-9
6.840440205522773e-9
8.498895378124304e-9
9.67011288616553e-9
1.7297578230247953e-12
6.169461144828939e-12
-1.5305684377259945e-11
5.877379473367854e-10
3.24533499545117e-9
5.648371577367669e-9
7.2989047144506666e-9
1.6683790968969849e-12
5.502999120924198e-12
8.909256907130428e-12
-7.206125215705247e-11
8.9878934952981e-12
2.917679025059402e-9
5.311558321644829e-9
2.286863353242696e-12
8.317320382206367e-12
1.2627191064499806e-11
1.4889352975639286e-11
-2.0275576850146684e-10
-1.2906467873634282e-9
2.5198443829052998e-9
2.841075329052666e-12
1.1309628105753478e-11
1.6883526449251275e-11
1.927819416512532e-11
1.7284110098992896e-11
-6.133883977434166e-10
-2.2710062799348558e-9
8.696621263136907e-7
1.4092789848892193e-7
4.263337227498211e-9
6.192362894474955e-10
5.776462174432713e-10
9.262124307451607e-10
1.2970938275866381e-9
2.8826624527750944e-7
3.507683108390897e-8
5.102023483475295e-10
1.2930046988783442e-10
1.3593226029060073e-10
1.706250429192868e-10
2.0842596615504117e-7
3.5642359606733215e-8
1.625805715106721e-10
4.699765382579769e-11
2.5060392827352526e-11
2.0461471237280874e-7
4.863877838888141e-8
2.955331899307464e-10
9.699261836921115e-11
2.398877647951829e-7
4.4167146085091886e-8
6.987762096074073e-10
3.314529116184612e-7
7.239120213692464e-8
3.4073425309395197e-7
1.7881294511851354e-11
3.481702096395621e-11
4.3825231524172676e-11
4.739051362534443e-11
4.9260815161259486e-11
5.0542602867756546e-11
5.1453451867079995e-11
9.550724896633147e-11
1.437953943611884e-10
1.6426542440446042e-10
1.7501716983637886e-10
1.8237573450967873e-10
1.8757590012597857e-10
2.661747966972173e-10
3.3392100478584997e-10
3.6959640723556956e-10
3.940411275540959e-10
4.1130967403021815e-10
4.635199951097476e-10
5.398479756810736e-10
5.913199160148493e-10
6.277455885420646e-10
6.634543683734018e-10
7.478948336473555e-10
8.054706988014462e-10
8.86592680704934e-10
9.695569308088214e-10
1.1214541013529304e-9
2.4055926251838183e-9
7.525209344364232e-9
1.102138913440584e-8
1.2446908338809567e-8
1.3194922064200528e-8
1.3706154216364956e-8
1.4067402542513697e-8
1.898636081076754e-10
1.860772838007555e-9
5.862079085215565e-9
8.301304781373215e-9
9.59722396206591e-9
1.048497694492756e-8
1.1111965415136427e-8
4.554318287765166e-12
3.612945429609441e-11
8.079199971110651e-10
3.4700307181267773e-9
5.373161236875899e-9
6.6688651879095e-9
7.583905357306356e-9
1.3491308292470787e-12
4.914146248431557e-12
-1.1139510098524702e-11
4.5223828767787713e-10
2.459952334218541e-9
4.268433405291277e-9
5.511018081240832e-9
1.2934462081089286e-12
4.3552610023254975e-12
7.081586209930872e-12
-5.2885268344259084e-11
1.136141179413854e-11
2.1620586701893403e-9
3.925526835313647e-9
1.7827769666179338e-12
6.583790087972799e-12
1.0017845629467476e-11
1.1814287525597686e-11
-1.4615359115789481e-10
-9.239170691774305e-10
1.8181687409230555e-9
2.236737840252373e-12
8.96385003299574e-12
1.3405891625080123e-11
1.5321722232441178e-11
1.3983928115401159e-11
-4.431375568013994e-10
-1.6660647941107987e-9
6.818378118374792e-7
1.1368547044488926e-7
3.419085554648446e-9
4.925391175570448e-10
4.5794509664468386e-10
7.343467705923304e-10
1.0285702580840012e-9
2.3430846169847778e-7
2.808087135394488e-8
4.0578626992505923e-10
1.040544813173509e-10
1.0906257373276251e-10
1.3662546816180792e-10
1.632474388385955e-7
2.73385940387672e-8
1.244140582455149e-10
3.650991571112233e-11
1.9468706893762052e-11
1.5415078846329662e-7
3.6160230977451875e-8
2.1952339452816326e-10
7.237518451367761e-11
1.7712614212208686e-7
3.212978538982652e-8
5.091325051001676e-10
2.385672963084794e-7
5.239282126709969e-8
2.4911904353633943e-7
1.2758482662563038e-11
2.540109810109312e-11
3.224201200296264e-11
3.495580153332091e-11
3.6379660969158325e-11
3.735543093414821e-11
3.804854211552544e-11
7.215965034155437e-11
1.1017328130968225e-10
1.263374204871566e-10
1.348286834379668e-10
1.4064026221963613e-10
1.447466595977978e-10
2.0795280007315599e-10
2.6229152410011523e-10
2.9091631554937184e-10
3.10530091293954e-10
3.2438520966096934e-10
3.6611440342354737e-10
4.27126427871518e-10
4.683067353243946e-10
4.974452225476847e-10
5.25040576332467e-10
5.919957494706833e-10
6.377704714276583e-10
7.000933456617915e-10
7.654710176894984e-10
8.817277308582448e-10
1.788519333895405e-9
5.742374204259542e-9
8.478523448486263e-9
9.59638913354198e-9
1.0183031827401725e-8
1.0583982709957767e-8
1.0867274302093462e-8
1.50034949190961e-10
1.4933939629239648e-9
4.735396302844705e-9
6.712059174908759e-9
7.762156180696601e-9
8.481515816693726e-9
8.989574810749672e-9
3.5772093374559505e-12
2.89069626157373e-11
6.502926259751279e-10
2.767205844813582e-9
4.274265645187246e-9
5.3004189248522e-9
6.025099484016098e-9
1.0398332855045004e-12
3.844547424433e-12
-8.409104804664888e-12
3.52903251442662e-10
1.8919614600095883e-9
3.272396877411519e-9
4.221248063547394e-9
9.875405801701617e-13
3.3796925620615866e-12
5.533640279416303e-12
-3.9390767206594474e-11
1.3895891962485038e-11
1.615855745980976e-9
2.9243829884484284e-9
1.364943015953063e-12
5.1041232528167375e-12
7.79534383015641e-12
9.210419202780023e-12
-1.0625121722281564e-10
-6.718728923439475e-10
1.3296115542194349e-9
1.7233382592257376e-12
6.953986487771371e-12
1.0430461495109625e-11
1.1942555317998792e-11
1.1059911614100084e-11
-3.203540008003945e-10
-1.1956888629037848e-9
5.239016958289802e-7
9.046504151477799e-8
2.7218173998902327e-9
3.841915328451266e-10
3.5548015517105564e-10
5.698654034280163e-10
7.981570978094847e-10
1.9015120329729132e-7
2.2665240948410117e-8
3.2403097061000563e-10
8.303488578545926e-11
8.635205757810957e-11
1.078074312630979e-10
1.2961098394091022e-7
2.1287324789612353e-8
9.650271496742561e-11
2.869335051826229e-11
1.5211620969509218e-11
1.1783165465835074e-7
2.7215271347272695e-8
1.649742270984306e-10
5.440541718696969e-11
1.316708476694006e-7
2.3524695401875033e-8
3.714237660750169e-10
1.7397350279144735e-7
3.803281103804433e-8
1.7964812161202938e-7
8.95180098495864e-12
1.820304218483078e-11
2.3301474939656378e-11
2.532966735848559e-11
2.6394089288882826e-11
2.7123549535972624e-11
2.7641540068931686e-11
5.354416704403398e-11
8.298770158905033e-11
9.555711743690191e-11
1.0216107266526391e-10
1.0668108981782926e-10
1.0987450260602185e-10
1.602368073996924e-10
2.034889278341953e-10
2.262804271573622e-10
2.418976066434033e-10
2.529290882955203e-10
2.8649475895956423e-10
3.352414874275535e-10
3.681645625883571e-10
3.9145796944872803e-10
4.1310743906008517e-10
4.664022212709427e-10
5.029181166809596e-10
5.512794457101513e-10
6.031322285777797e-10
6.92900440299106e-10
1.3028801379767273e-9
4.292332074351155e-9
6.39251989976448e-9
7.252974993700975e-9
7.704592996226456e-9
8.01326971196578e-9
8.231342134234381e-9
1.1645288916832803e-10
1.1813173595420466e-9
3.787957249912853e-9
5.381649187611635e-9
6.22831242483165e-9
6.8083154798125795e-9
7.217955457079624e-9
2.761878958439919e-12
2.279184775127383e-11
5.252553536735334e-10
2.2240588411692956e-9
3.4296885191722904e-9
4.2506591189301565e-9
4.830437962746532e-9
7.906699360187906e-13
2.9456138763411484e-12
-6.631365423314509e-12
2.789456923977054e-10
1.4764619072209338e-9
2.5459028837775706e-9
3.2812870855009642e-9
7.418761669401023e-13
2.5652181923455037e-12
4.239457986601443e-12
-2.988375341335161e-11
1.466646528043737e-11
1.2235456246668973e-9
2.2070713236862175e-9
1.023649390560663e-12
3.865400918190505e-12
5.933407893462375e-12
7.034390367045156e-12
-7.835135939450984e-11
-4.921323282970855e-10
9.826286164561072e-10
1.2964490269619933e-12
5.266603418583529e-12
7.930571518616864e-12
9.102565787299943e-12
8.515778352891059e-12
-2.3221872050850697e-10
-8.580920006467151e-10
3.937552254455534e-7
7.072291169591429e-8
2.1424264831973062e-9
2.9304572327331596e-10
2.694810493722536e-10
4.316870634853675e-10
6.044772247468604e-10
1.5320335409145898e-7
1.8345158198727688e-8
2.5864175611810356e-10
6.543518774440547e-11
6.722745401124813e-11
8.355146674570371e-11
1.0391892803445347e-7
1.6807400786572908e-8
7.579153539826873e-11
2.2753115935771317e-11
1.1945825490823365e-11
9.143871024343991e-8
2.077549265044128e-8
1.256960762090429e-10
4.136759117007281e-11
9.913592865750076e-8
1.7430611923660912e-8
2.729072518294294e-10
1.2797074068810364e-7
2.767863619640038e-8
1.2958096358032474e-7
6.185837491586651e-12
1.282521129144662e-11
1.6553352185316594e-11
1.804112993748648e-11
1.8822208029045026e-11
1.9357541105389415e-11
1.973760101019476e-11
3.9003672505244336e-11
6.139049503449558e-11
7.09914681737753e-11
7.603667810246834e-11
7.948998118845172e-11
8.192950629586024e-11
1.2152748766219525e-10
1.5555679598004666e-10
1.7349289606404234e-10
1.8578356289145837e-10
1.9446504122581134e-10
2.2149224464203922e-10
2.602489127702293e-10
2.8643412816933133e-10
3.0495928655366953e-10
3.221507240513649e-10
3.6455546726113826e-10
3.9365642311731827e-10
4.314832026433388e-10
4.727188433843975e-10
5.425421976796728e-10
9.306015893717955e-10
3.141439315816183e-9
4.719772534254596e-9
5.3686930331428505e-9
5.7093380295958625e-9
5.942176732402482e-9
6.106654816766044e-9
8.858039033608737e-11
9.17654415653834e-10
2.987170843703432e-9
4.258968283653759e-9
4.9346936743310445e-9
5.397599846052212e-9
5.724542797570664e-9
2.092638786888661e-12
1.7650771197369166e-11
4.234497435185521e-10
1.7922073131361523e-9
2.7618186858322857e-9
3.422100478165975e-9
3.8883995746142255e-9
5.930161828054581e-13
2.2071693726046786e-12
-5.43675535765941e-12
2.225522969019603e-10
1.166397274279362e-9
2.006086048871023e-9
2.583690305466781e-9
5.485282357826107e-13
1.902800260257258e-12
3.1805705487443414e-12
-2.315251841285967e-11
1.4379713506938145e-11
9.398815172466716e-10
1.689996819853401e-9
7.519262929363537e-13
2.8573592423432602e-12
4.413334680802944e-12
5.257778675459979e-12
-5.88509000738585e-11
-3.6407041950639276e-10
7.354729041349775e-10
9.523120939813882e-13
3.891090285624788e-12
5.88733795382159e-12
6.778106165161969e-12
6.37675037907273e-12
-1.7005041556209048e-10
-6.21289784087693e-10
2.8930759728879917e-7
5.41612182309508e-8
1.6626826466350147e-9
2.1831930051199842e-10
1.9933370539190092e-10
3.1895864488987203e-10
4.464412370577479e-10
1.2191872716689896e-7
1.4805729100271214e-8
2.0545023793686854e-10
5.0765074268112336e-11
5.134867486033253e-11
6.347516518213495e-11
8.371844504693201e-8
1.3405521619411448e-8
6.008540764299732e-11
1.8130178504857194e-11
9.40078425890426e-12
7.190903670630565e-8
1.609792071750916e-8
9.713113231719311e-11
3.1856799368804545e-11
7.571971159464994e-8
1.3110977129915283e-8
2.0288460803721382e-10
9.522244857729648e-8
2.032298936133335e-8
9.429978679935048e-8
4.2173306992862915e-12
8.896265901839179e-12
1.1572173629835567e-11
1.2643694357276001e-11
1.3206482652662062e-11
1.3592274135021114e-11
1.38661399716258e-11
2.789888242813548e-11
4.4584151313753175e-11
5.177593368961734e-11
5.555580473749987e-11
5.814315696204503e-11
5.99707966053523e-11
9.059285559019013e-11
1.1696946132241257e-10
1.308744919738939e-10
1.4040338408556415e-10
1.4713396821960167e-10
1.688011380606133e-10
1.9934003891897087e-10
2.1997432982908652e-10
2.345721099745325e-10
2.483254260515462e-10
2.8190732280204224e-10
3.0497618465487763e-10
3.347093439889663e-10
3.674370485661933e-10
4.2199448323354125e-10
6.526768547043162e-10
2.2524073975485507e-9
3.4131292678604866e-9
3.892293119248217e-9
4.14386827940912e-9
4.315835144889731e-9
4.437301854991261e-9
6.595767790755772e-11
6.982118811074756e-10
2.31413795062778e-9
3.3142709244364103e-9
3.845753071801139e-9
4.209847805491672e-9
4.467007481835503e-9
1.5553294788778919e-12
1.339693436724382e-11
3.3889093015653376e-10
1.4400091346208804e-9
2.2197036239744805e-9
2.7506590478466204e-9
3.1256267819353167e-9
4.3919548044740575e-13
1.6175147790130865e-12
-4.580562623511861e-12
1.7839879434567566e-10
9.291183153890004e-10
1.595005323294496e-9
2.0531831495962216e-9
3.998641125973864e-13
1.3804159460148714e-12
2.3371684554529876e-12
-1.8270797078906668e-11
1.3290146427828263e-11
7.317937731876008e-10
1.3120217797152818e-9
5.418913304851506e-13
2.063712859507587e-12
3.210162814235741e-12
3.848374467753226e-12
-4.50006374633185e-11
-2.734184375150828e-10
5.586835575796862e-10
6.840297662562e-13
2.807443314637504e-12
4.2708324612047544e-12
4.934803430587992e-12
4.647541210865326e-12
-1.2617662811637885e-10
-4.5515863526576716e-10
2.0795077905516937e-7
4.056689935239818e-8
1.2698954138387907e-9
1.5893952304801397e-10
1.4399895322468914e-10
2.3009279331836326e-10
3.218912174400868e-10
9.542388490926002e-8
1.1849657585814197e-8
1.6177428957063733e-10
3.869469599482898e-11
3.8445906860285326e-11
4.724870774007317e-11
6.739046472244843e-8
1.0751111251661971e-8
4.7875915078935566e-11
1.4451831344994437e-11
7.388943459963377e-12
5.7105335685914296e-8
1.2631968793805086e-8
7.597466493883482e-11
2.48033128394455e-11
5.865930288202783e-8
1.0005651297304478e-8
1.5284975859403156e-10
7.190530342665172e-8
1.5100893628504607e-8
6.941307007566738e-8
2.842068784446795e-12
6.085377258395972e-12
7.972514242579977e-12
8.730855166427866e-12
9.12935878628961e-12
9.402606499783358e-12
9.596584690499235e-12
1.9612521399257533e-11
3.179660308178505e-11
3.707552477341067e-11
3.985050471113364e-11
4.175010997945476e-11
4.309186090203109e-11
6.632754043740217e-11
8.641964760521752e-11
9.701264899458623e-11
1.0427230828568781e-10
1.094000184588036e-10
1.2660746484818914e-10
1.503731299848976e-10
1.6642721232756247e-10
1.777849587008597e-10
1.8880980593354495e-10
2.1517666619446755e-10
2.3329565942374676e-10
2.5669282867413397e-10
2.825124090916515e-10
3.2518195818812555e-10
4.503370443761485e-10
1.584372866875969e-9
2.4201417907408083e-9
2.766694019587092e-9
2.948676044565461e-9
3.073078913452052e-9
3.16094223209911e-9
4.807233453032981e-11
5.196086089647568e-10
1.756759831606463e-9
2.529116072775972e-9
2.9396557275396124e-9
3.2208997494790605e-9
3.419547229112696e-9
1.1344242143265442e-12
9.954011195424563e-12
2.679774409661874e-10
1.1476128478027482e-9
1.771074917817513e-9
2.1956265015870737e-9
2.4954508978969503e-9
3.2179839302838244e-13
1.1606800023173613e-12
-3.905532523581847e-12
1.4290693131388976e-10
7.42631496484381e-10
1.2735901011717584e-9
1.6389924090993392e-9
2.8815427841614656e-13
9.812439273829698e-13
1.6841517632281296e-12
-1.461823877720538e-11
1.1717753770768421e-11
5.758836042696791e-10
1.0300484852063284e-9
3.8416083281567455e-13
1.4593649961313098e-12
2.287523075050142e-12
2.762800972959746e-12
-3.4979943476762275e-11
-2.0840696053264128e-10
4.302030041877123e-10
4.816685136398753e-13
1.9824874027989373e-12
3.0334697896883886e-12
3.51929431338122e-12
3.3019088471323386e-12
-9.510814540126284e-11
-3.3798040878193464e-10
1.4647648693838483e-7
2.970887893649124e-8
9.536240018455997e-10
1.1326397435358238e-10
1.0180466709830347e-10
1.62420355947627e-10
2.2709863163040597e-10
7.321856901010684e-8
9.360259870943128e-9
1.2585359733548045e-10
2.894675768889268e-11
2.822148274102168e-11
3.447884351034658e-11
5.3904326472513805e-8
8.621824325751604e-9
3.815356404662188e-11
1.1469830191927944e-11
5.780745204543282e-12
4.558501141174444e-8
1.0004103108306736e-8
5.995357913696992e-11
1.9468341398200485e-11
4.597878049250113e-8
7.739972366480737e-9
1.1674398652849483e-10
5.506880527922998e-8
1.138294944424738e-8
5.179365310813176e-8