5.003444240325798e-10
9.008159315284225e-10
1.0961201062412868e-9
1.2226629400676481e-9
1.2954132931669174e-9
1.3528391560752718e-9
1.4114058774934203e-9
1.9534640264749305e-9
2.613144227845635e-9
3.0533816075296756e-9
3.3086593401415794e-9
3.510231965364336e-9
3.7157070093427027e-9
3.860777266023571e-9
4.805333018127724e-9
5.366930504086786e-9
5.810850167551154e-9
6.2633024424476425e-9
6.3830432828570116e-9
7.407751785515469e-9
8.20917093504961e-9
9.026675646744388e-9
8.987917659857202e-9
1.026699801235765e-8
1.1555483753792614e-8
1.2173781737013401e-8
1.4106950446769139e-8
1.7219027671894217e-8
5.5342272069561443e-8
1.421670572946509e-7
1.9959594949204637e-7
2.3869281519206046e-7
2.6157725184312116e-7
2.796443076955163e-7
2.980671957829325e-7
6.626642841889053e-9
3.5302336819873566e-8
9.472374031184328e-8
1.5000854750080985e-7
1.8460132781643517e-7
2.120317445056958e-7
2.3996812372993966e-7
1.041016563326741e-9
5.0472681287753486e-9
2.321142071052989e-8
6.83814399691576e-8
1.086579641395385e-7
1.4066462016325202e-7
1.732956787014124e-7
7.009979336484372e-11
2.3632723913672465e-10
3.8660268348195934e-10
8.851678246108216e-9
4.49931312675684e-8
8.17031092109179e-8
1.1844286933327828e-7
4.183124323520515e-11
1.146048376934667e-10
1.4132663090438916e-10
-5.654274577238677e-10
6.01109502377542e-9
3.9060909969753386e-8
8.020809891414384e-8
3.7948718444527855e-11
9.863159520159593e-11
1.4570879314683219e-10
1.7591975628374362e-10
-7.325796247583929e-10
1.4090522023079149e-9
4.441728057574095e-8
5.052189019220551e-11
1.3036091116804137e-10
1.7730094495152323e-10
2.1338838103889893e-10
2.22221871434366e-10
-7.305923579033363e-10
5.7179422821052835e-9
0.000011867956021021838
3.1728634460092817e-6
5.906645249094877e-7
3.6363342129212404e-8
1.141039228858954e-8
9.336983588087824e-9
1.2337014916670715e-8
7.421721620716078e-6
2.2830787637799576e-6
1.0273925872381616e-7
9.642606655564932e-9
3.412044680656077e-9
2.1812525188235434e-9
5.070785420327743e-6
1.4068500972486844e-6
8.604655047573993e-8
3.3148973925087093e-9
1.1748412156077335e-9
4.321012537701843e-6
1.2320736111109021e-6
1.6876636628076908e-8
1.0067120548219534e-9
3.6465059488595035e-6
7.414062641147722e-7
1.1878442095490103e-8
3.431429126999887e-6
4.2503801832697214e-7
2.2823761457247224e-6
4.323514483852621e-10
7.961672730098759e-10
9.787362749422185e-10
1.097469799469759e-9
1.1658223595531177e-9
1.2197909521655136e-9
1.274842004540613e-9
1.7841173924803736e-9
2.425062218046871e-9
2.854778582002062e-9
3.1042741412129805e-9
3.3013098056756956e-9
3.50216449282885e-9
3.6702673237509477e-9
4.624059145458786e-9
5.1923520493173196e-9
5.641610307579024e-9
6.0995058223963035e-9
6.250099536837436e-9
7.313216623346317e-9
8.144021306158141e-9
8.991554792765883e-9
8.980787365914347e-9
1.0332464996229035e-8
1.1693021313341693e-8
1.2376795296590004e-8
1.444869544544531e-8
1.7837169005645564e-8
5.0232988303335283e-8
1.3293762537844592e-7
1.8921997611890399e-7
2.2777429231954817e-7
2.503848821594621e-7
2.6823781846316397e-7
2.864428284343724e-7
6.605914508203075e-9
3.5885510959722956e-8
9.810259372196935e-8
1.5641785714325273e-7
1.9296642381369154e-7
2.2194919013406755e-7
2.5146627498395873e-7
1.0372636749581599e-9
5.1283250110033524e-9
2.4524788776831325e-8
7.349909483058196e-8
1.1736896619406199e-7
1.5223724753065474e-7
1.877852682857271e-7
6.775159896417623e-11
2.3040987322791536e-10
3.7086204287329327e-10
9.661192865278693e-9
4.9722548267026385e-8
9.049946567955095e-8
1.3130624906747867e-7
4.037775010639658e-11
1.1002549932983831e-10
1.3188651754882348e-10
-6.699891192279013e-10
6.657145801716337e-9
4.374383724690741e-8
8.997802664843608e-8
3.627121443579683e-11
9.363872902574171e-11
1.4029134126700794e-10
1.6969038918131295e-10
-8.605073399200998e-10
1.5358683807903696e-9
5.024301104633546e-8
4.7508625847064936e-11
1.224246026539299e-10
1.6771771202770664e-10
2.0335512985166075e-10
2.1019557415462854e-10
-8.770475897596538e-10
6.44186257624978e-9
0.000011265232135086393
3.2209181407284103e-6
6.089826267399862e-7
3.717973526515619e-8
1.1045868011720505e-8
8.879820614247784e-9
1.1624402461697319e-8
7.824707006561926e-6
2.446084640538873e-6
1.1144116557622945e-7
1.0274851561217376e-8
3.5326101914544777e-9
2.1936572747227386e-9
5.5272913796981565e-6
1.5502504730984884e-6
9.540383198370152e-8
3.6169848320628485e-9
1.253795296172282e-9
4.79863294831868e-6
1.3770751347634017e-6
1.8935804293953942e-8
1.1196806008244184e-9
4.096669292168363e-6
8.3720478133349e-7
1.343608203771574e-8
3.887168427474095e-6
4.832116567272504e-7
2.6077373523180266e-6
3.668550633498777e-10
6.879159507221145e-10
8.535360370430223e-10
9.617155891994687e-10
1.0240828084717246e-9
1.073337139044903e-9
1.123591177249482e-9
1.5854957217817254e-9
2.1887003879321365e-9
2.5952625803950705e-9
2.831638277146445e-9
3.0183366847731384e-9
3.2086584989566753e-9
3.3953045526377713e-9
4.332036268934275e-9
4.891455871071365e-9
5.333735652214509e-9
5.784522449325303e-9
5.9662699215506054e-9
7.042933247592126e-9
7.883482989958835e-9
8.741026251388386e-9
8.765320962493137e-9
1.0163681669422662e-8
1.1569887277065866e-8
1.2314398077232484e-8
1.4493142426155891e-8
1.8123087154545755e-8
4.4267097344863466e-8
1.202521629486538e-7
1.7355411567797837e-7
2.1034177288783528e-7
2.3196583455055403e-7
2.4904182842619265e-7
2.664550429763397e-7
6.368591155305893e-9
3.5337409429113974e-8
9.872500633367071e-8
1.586673744517775e-7
1.963100515503113e-7
2.2616218578662464e-7
2.565644831416036e-7
1.0002430780132843e-9
5.050901671790048e-9
2.5288457925893668e-8
7.732189077358466e-8
1.2419214130914735e-7
1.6145327942761901e-7
1.9944016667042717e-7
6.318552555902601e-11
2.1621566049001772e-10
3.375703569770924e-10
1.03538950960067e-8
5.4067606701653405e-8
9.867539214137717e-8
1.433116540959152e-7
3.774389876129247e-11
1.0160891676212227e-10
1.164672574175833e-10
-7.821761282198201e-10
7.262510681434373e-9
4.833367339063814e-8
9.962022267985677e-8
3.353813789572546e-11
8.539871365645188e-11
1.3013024632685822e-10
1.5752447183199818e-10
-9.9780716390164e-10
1.6442775533465691e-9
5.623690440145871e-8
4.304955109554937e-11
1.1022808243231996e-10
1.5230304860081942e-10
1.864037209557774e-10
1.904972852653246e-10
-1.0387199625144735e-9
7.189536471702486e-9
0.000010306977876396402
3.1661440295740952e-6
6.106234393021234e-7
3.7023536738634646e-8
1.0296883501941069e-8
8.100729678287777e-9
1.0487549854805128e-8
8.034064546848326e-6
2.56131478997961e-6
1.1851205540880964e-7
1.0711811487409753e-8
3.5603622892416912e-9
2.1386173325864227e-9
5.909318087980723e-6
1.6794732800486693e-6
1.0414477953549986e-7
3.87733250872318e-9
1.3113969946120568e-9
5.247823092346516e-6
1.5177037573317638e-6
2.096970173509128e-8
1.2278245055286244e-9
4.543101419674591e-6
9.344927428819673e-7
1.503422214490891e-8
4.35864562927287e-6
5.441509070525667e-7
2.9513898901968985e-6
3.061868808850288e-10
5.825384188611979e-10
7.285332074642014e-10
8.243469205814304e-10
8.796602563370917e-10
9.23356647351697e-10
9.679529188249833e-10
1.3726202821139634e-9
1.921129328171162e-9
2.292972981654477e-9
2.509453586666853e-9
2.6804629119037032e-9
2.8547932260435376e-9
3.052041351803087e-9
3.9433537856688084e-9
4.476930336215444e-9
4.898809151734285e-9
5.328802816722557e-9
5.538513603494695e-9
6.598574052623135e-9
7.425123028878353e-9
8.268458870118205e-9
8.333024019634717e-9
9.743863488097446e-9
1.116095499891399e-8
1.1956255190950063e-8
1.4196218601973347e-8
1.8009637215796497e-8
3.800556944117252e-8
1.053071434853242e-7
1.5391540092561016e-7
1.8775979261942974e-7
2.0770589457820966e-7
2.2345897997238114e-7
2.3952330271797094e-7
5.916955052555666e-9
3.3512551448054386e-8
9.59945640866545e-8
1.5571079855676806e-7
1.9330092657547648e-7
2.231134997512605e-7
2.534752151003807e-7
9.314322887077293e-10
4.799074978314196e-9
2.5321020842840662e-8
7.922691441907043e-8
1.281124124523406e-7
1.6698640850210412e-7
2.0661669896087684e-7
5.69394839572617e-11
1.9459133523655933e-10
2.8662679675658587e-10
1.0847778454510237e-8
5.76190430859643e-8
1.05496090472615e-7
1.5339825676658637e-7
3.432463411670413e-11
9.024880598978311e-11
9.620126918117602e-11
-8.952133987086551e-10
7.777568550195217e-9
5.252049082701723e-8
1.0850490692098388e-7
3.0174291571312394e-11
7.491961917958258e-11
1.1632773708366572e-10
1.4054195628426845e-10
-1.1365466685721268e-9
1.7261535204225686e-9
6.2069332966844e-8
3.78005494982832e-11
9.533965998597098e-11
1.3295568312848363e-10
1.6457601605837182e-10
1.6532861962485352e-10
-1.2067334217149416e-9
7.921004769837221e-9
9.085007787044598e-6
2.9938651725455867e-6
5.925724526911586e-7
3.581505209233078e-8
9.232249175449908e-9
7.086710468432016e-9
9.063122742299389e-9
7.990623356236762e-6
2.607285947400232e-6
1.2298112692335526e-7
1.08784381097237e-8
3.477689984956535e-9
2.0151968525779597e-9
6.166075966402553e-6
1.7811359990889355e-6
1.1150283596266917e-7
4.067342824223925e-9
1.339738437155706e-9
5.629984767314178e-6
1.6437130356791487e-6
2.2845128676685938e-8
1.3230760314791789e-9
4.95748176120109e-6
1.027772411739065e-6
1.658546846784859e-8
4.8200646924518184e-6
6.048745919194446e-7
3.3019114554842536e-6
2.5255286079360426e-10
4.861813136618845e-10
6.117977767837843e-10
6.94609289774641e-10
7.424677781240435e-10
7.802893824679643e-10
8.189080312115936e-10
1.1636950264984068e-9
1.6460909644943607e-9
1.9749421661945653e-9
2.166609050274086e-9
2.318040210265528e-9
2.4724192621677828e-9
2.6689680192914263e-9
3.4881619571259785e-9
3.9797019148436965e-9
4.368360586661851e-9
4.764503566851981e-9
4.994593679901027e-9
6.005285405337584e-9
6.792101698389367e-9
7.594995282623435e-9
7.701257344728552e-9
9.083873286988444e-9
1.0470632648498835e-8
1.1300563731582009e-8
1.3543303855529043e-8
1.745811252000998e-8
3.203337445235685e-8
8.98885469392688e-8
1.3267291264549672e-7
1.6274403959892276e-7
1.80515445583161e-7
1.945530124046051e-7
2.0886807711597694e-7
5.296855955655112e-9
3.0474189006999896e-8
8.957998503694573e-8
1.4681290920011727e-7
1.8294532249667522e-7
2.1160404050697495e-7
2.407905253567031e-7
8.394764830533518e-10
4.390371789139351e-9
2.451381401293231e-8
7.868785759549947e-8
1.2820622399999915e-7
1.6759749904317504e-7
2.0775402754604994e-7
5.0109669861588985e-11
1.6884350025650797e-10
2.228745827829474e-10
1.1053013213306625e-8
5.988109377683705e-8
1.1005717773915165e-7
1.6025267992536073e-7
3.0802086514420755e-11
7.795071997451621e-11
7.401225316523823e-11
-9.979541617858351e-10
8.141126490028055e-9
5.589718006982579e-8
1.1580023991306725e-7
2.6887350263257105e-11
6.417087907487645e-11
1.0133692085489654e-10
1.2149681913889753e-10
-1.264910555804521e-9
1.7699642582042307e-9
6.732875487512568e-8
3.279985914542505e-11
8.059237309430924e-11
1.1330790395980928e-10
1.4194204602966353e-10
1.3910946793962592e-10
-1.3681816597812555e-9
8.592090977634184e-9
7.777377061488146e-6
2.715706357292269e-6
5.559271126266523e-7
3.373211089537319e-8
8.04451242198657e-9
6.0298041300221014e-9
7.627378891406182e-9
7.626501313444786e-6
2.565665084504537e-6
1.2388133320491708e-7
1.0718742968513797e-8
3.2817678906560934e-9
1.8395208348896547e-9
6.246615359238733e-6
1.8393008153634392e-6
1.1653854377022758e-7
4.158124364370652e-9
1.3334815081212567e-9
5.896582253594609e-6
1.7417468442572408e-6
2.4386880390647962e-8
1.3953829670282157e-9
5.301948586642315e-6
1.109797248932823e-6
1.797787430948241e-8
5.239617636750212e-6
6.616634281934396e-7
3.64012677444316e-6
2.052710720500209e-10
4.003383458895095e-10
5.064729965704602e-10
5.766774015859509e-10
6.172820961695546e-10
6.493863923737457e-10
6.821855362809877e-10
9.711503790629908e-10
1.3839179789449094e-9
1.6665090184424181e-9
1.8313434597967986e-9
1.9615958751655435e-9
2.094388797725098e-9
2.2781623917017264e-9
3.0048070049213135e-9
3.4416208134337943e-9
3.787003892681028e-9
4.1390465112911665e-9
4.377029557227604e-9
5.307057432662431e-9
6.029670180670139e-9
6.767153983665807e-9
6.9111132478976025e-9
8.222094344466258e-9
9.534726287832755e-9
1.0376633890963479e-8
1.255455759906907e-8
1.646649393700557e-8
2.671726324073484e-8
7.55810745974152e-8
1.1221202195468533e-7
1.3817564878279296e-7
1.535597069823998e-7
1.6571321442706565e-7
1.7810680731006052e-7
4.595254489622052e-9
2.6646048093777216e-8
8.005948321009112e-8
1.3248697141125555e-7
1.6569511295265638e-7
1.920363897164132e-7
2.1886285317214715e-7
7.354616388519242e-10
3.87140309222154e-9
2.277798619241765e-8
7.522083308778095e-8
1.2363401132320524e-7
1.6216267995812065e-7
2.0143856197731572e-7
4.367421230507797e-11
1.428521554963559e-10
1.534817308020726e-10
1.0909984091653706e-8
6.038396830411084e-8
1.114578675911072e-7
1.6254373709395967e-7
2.7705531995564108e-11
6.671667038443689e-11
5.3193877406775755e-11
-1.0758001213624881e-9
8.284066606415991e-9
5.797013126960596e-8
1.2048648605110857e-7
2.4187606384439948e-11
5.493043846413696e-11
8.753685941543812e-11
1.0321004312157743e-10
-1.3682395892328477e-9
1.7619058648296137e-9
7.147582242888601e-8
2.8788325214148925e-11
6.842138541587278e-11
9.661828725256863e-11
1.2221765274349406e-10
1.1596973236231171e-10
-1.5074635004981002e-9
9.141583005480389e-9
6.559048004472348e-6
2.3699071374925216e-6
5.036682450525535e-7
3.105252707535181e-8
6.938810374141944e-9
5.118710918218033e-9
6.441440743592728e-9
6.942104717586618e-6
2.416067370589102e-6
1.204920818924037e-7
1.020500720957552e-8
2.9853406155309663e-9
1.6341557282340789e-9
6.1051602080456086e-6
1.8412217794559843e-6
1.1829824563875901e-7
4.123092332384965e-9
1.2884407196796737e-9
5.995744234641172e-6
1.7959151082153312e-6
2.5382391861265603e-8
1.4337688197513779e-9
5.529574443200742e-6
1.1712514311605492e-6
1.9065860871852113e-8
5.5754243261120315e-6
7.095130275598153e-7
3.940701542433693e-6
1.641258452975527e-10
3.2507906886069397e-10
4.135825848058616e-10
4.722321509279839e-10
5.061807563656585e-10
5.330370917607996e-10
5.604896504550208e-10
8.01403903465256e-10
1.1485153213841363e-9
1.386679491688719e-9
1.5256665075541464e-9
1.635506712885544e-9
1.7474906134504497e-9
1.909733786686024e-9
2.53480215587557e-9
2.9109140492547767e-9
3.2082707683814045e-9
3.5113686070513363e-9
3.740858850210341e-9
4.5656717260391954e-9
5.2050426179748536e-9
5.8576758508472425e-9
6.028310929499346e-9
7.227191214962149e-9
8.425091276164922e-9
9.251059480664182e-9
1.1294513021363213e-8
1.5084126727176027e-8
2.2092241989219902e-8
6.316578976329636e-8
9.408570853154879e-8
1.1612048751203948e-7
1.2920238508125348e-7
1.3953781301697303e-7
1.5007714834552299e-7
3.901165017426501e-9
2.2611304966731396e-8
6.887449748941901e-8
1.1483663303358033e-7
1.4404106436440165e-7
1.6720814770488849e-7
1.908022664639504e-7
6.312849526281553e-10
3.3194949224259177e-9
2.0281952147147782e-8
6.867546916699684e-8
1.1386974459760481e-7
1.4985934140319315e-7
1.8654490749157376e-7
3.796665110471191e-11
1.1973390578320468e-10
8.399897482730028e-11
1.0297080645061794e-8
5.8653570067597457e-8
1.088700902202598e-7
1.590873866336688e-7
2.498389690489029e-11
5.726235137048338e-11
3.562853175066835e-11
-1.1198324675810624e-9
8.163251965827724e-9
5.830004984574676e-8
1.2160508978535295e-7
2.1937618054029814e-11
4.7452429101547595e-11
7.563056491633496e-11
8.674763041451882e-11
-1.4312486719138381e-9
1.686565693897715e-9
7.385886255176256e-8
2.5622132539870636e-11
5.900370878544692e-11
8.339104927691568e-11
1.060701559842921e-10
9.687770268810937e-11
-1.6092584406079736e-9
9.489008681289104e-9
5.5246301729914616e-6
2.012124875284804e-6
4.421669143986062e-7
2.7893775969880828e-8
6.0014419037856505e-9
4.400607661809153e-9
5.548266457599415e-9
6.0382132617261e-6
2.170711183440456e-6
1.1207846902063016e-7
9.36714364009327e-9
2.6281340562108548e-9
1.4245352210610652e-9
5.68174084871717e-6
1.7671641563940844e-6
1.1585052193824844e-7
3.93174084011974e-9
1.1982244788020106e-9
5.889734848071926e-6
1.7947590084290685e-6
2.5623161416062884e-8
1.4273463182304872e-9
5.594385278667997e-6
1.201220317941829e-6
1.967799824190005e-8
5.776608782900796e-6
7.421671259888102e-7
4.170854848005964e-6
1.291758006452524e-10
2.596729104672656e-10
3.3252443049357727e-10
3.8085956843240786e-10
4.088608251333458e-10
4.3101831003871365e-10
4.5368194614630447e-10
6.534928376560836e-10
9.432791846639792e-10
1.1422117395981309e-9
1.2583323413610018e-9
1.3500976166007892e-9
1.4436588680954444e-9
1.581542252974914e-9
2.108039227557073e-9
2.4248527411593885e-9
2.6752744638347738e-9
2.930545505618851e-9
3.1377550939513967e-9
3.846511026986299e-9
4.394596989057905e-9
4.954144713730835e-9
5.132395953706031e-9
6.189195121164521e-9
7.242656377587765e-9
8.02084615830748e-9
9.867840700645646e-9
1.3413722246530034e-8
1.7928613836938743e-8
5.223219315122186e-8
7.820947831978503e-8
9.676183182095818e-8
1.0778870443666402e-7
1.1650006691483127e-7
1.2538356832849378e-7
3.2738285383387258e-9
1.896820792802855e-8
5.78596774758004e-8
9.67678289359708e-8
1.2154714134102937e-7
1.4120480014968985e-7
1.6122542610560299e-7
5.31960417669833e-10
2.7986675329316217e-9
1.739049683754061e-8
6.004393009128836e-8
1.0030679340926426e-7
1.323932175259695e-7
1.6509837883165174e-7
3.234344489903514e-11
9.967340381739877e-11
3.261981026565327e-11
9.254843722864484e-9
5.422235417443213e-8
1.0127358167387384e-7
1.4831565490633444e-7
2.200570053568774e-11
4.8408554170045434e-11
2.1919720180099444e-11
-1.111055428542118e-9
7.665209469271582e-9
5.63571890985204e-8
1.1814577843691335e-7
1.9429961586844027e-11
4.011264342750116e-11
6.392078875264647e-11
7.07266657377632e-11
-1.4468663430873642e-9
1.5490352394156998e-9
7.397895248044364e-8
2.22724950370945e-11
4.9675310545664086e-11
7.034949434707987e-11
8.991837327774712e-11
7.823475439023255e-11
-1.6608767016643057e-9
9.544025604980257e-9
4.616487114180356e-6
1.6931372345379334e-6
3.7886706890915605e-7
2.4381442526324668e-8
5.113815832443305e-9
3.7110904079997088e-9
4.674394112812997e-9
5.072359751818704e-6
1.8666461959748646e-6
9.9701872779272e-8
8.296456012682054e-9
2.2485888705664464e-9
1.2121177039152037e-9
5.044255202073044e-6
1.6142495743634383e-6
1.0834100542195323e-7
3.5993903638727023e-9
1.0693926202218778e-9
5.50396013615773e-6
1.7159591733507777e-6
2.490883992765648e-8
1.3627993035936199e-9
5.454551590493415e-6
1.1930062578656757e-6
1.967668502808397e-8
5.802602166989541e-6
7.529416720496558e-7
4.2917124292680826e-6
1.0063656600549438e-10
2.0403445325836803e-10
2.629699430038518e-10
3.021583739199396e-10
3.248760241939308e-10
3.428584036725481e-10
3.6126894961925617e-10
5.233669527187788e-10
7.635674236472405e-10
9.286769044218067e-10
1.0250826525468833e-9
1.101271114503829e-9
1.1789634743449121e-9
1.296337795032216e-9
1.7359891632733136e-9
2.000385411420218e-9
2.2093440137987633e-9
2.4223688777446703e-9
2.599632519674157e-9
3.1955553704944033e-9
3.655501592520476e-9
4.125134218368531e-9
4.2930012901042096e-9
5.19680052606117e-9
6.095771290859839e-9
6.796549746828792e-9
8.406697574374312e-9
1.1601737630330411e-8
1.4128877422785993e-8
4.206724812432434e-8
6.366577759220952e-8
7.911618034808244e-8
8.83048666248162e-8
9.556427296866937e-8
1.0296778677711568e-7
2.731009569842011e-9
1.599573446826598e-8
4.8624334827371506e-8
8.121170299217305e-8
1.0197356182188056e-7
1.1844459993304259e-7
1.352201843128741e-7
4.405746482777239e-10
2.3447918486984097e-9
1.4548147130808982e-8
5.061474507565755e-8
8.495408232846937e-8
1.1234106918483136e-7
1.4025451228254723e-7
2.6553840580173584e-11
8.150270673283998e-11
-1.5394323371655767e-12
7.935310921605299e-9
4.782016159840357e-8
8.984965865672007e-8
1.3186308137110342e-7
1.843844274659631e-11
3.907738090891518e-11
1.1167600666713575e-11
-1.0418853291822824e-9
6.8548136124046115e-9
5.1795533067236386e-8
1.0914719320171542e-7
1.6352811542080453e-11
3.1921102444483215e-11
5.1385054685847426e-11
5.47232522786967e-11
-1.3917167828715697e-9
1.2889677195616014e-9
7.097977685131041e-8
1.8251715167666553e-11
3.8753164305350705e-11
5.531041152655953e-11
7.13930979220977e-11
5.795476688158513e-11
-1.6564752880876473e-9
9.259053519023401e-9
3.734545004864349e-6
1.4297220777190528e-6
3.1827741122218986e-7
2.053939504742675e-8
4.143351843791341e-9
2.923336948816442e-9
3.6198840793848184e-9
4.2439908864117475e-6
1.5611318329546445e-6
8.514562013783932e-8
7.1297990950909615e-9
1.8905976939430673e-9
9.996667211325697e-10
4.277764744465927e-6
1.4054450821735958e-6
9.658696468375312e-8
3.1560055282941653e-9
9.143456968164687e-10
4.905842186632565e-6
1.561242249855899e-6
2.3044337626165552e-8
1.242763872891543e-9
5.052252985702873e-6
1.129145061994868e-6
1.8838979440223997e-8
5.5898998670157515e-6
7.374013396120638e-7
4.2776374314474395e-6
7.816179751559441e-11
1.585385858807702e-10
2.0521314888801152e-10
2.3637407991718305e-10
2.54455815715089e-10
2.6877759494253676e-10
2.8344797357115635e-10
4.100381651844067e-10
6.049054286469825e-10
7.394655696893661e-10
8.181106209862834e-10
8.802792449704079e-10
9.436728205430803e-10
1.0462752087862235e-9
1.4120793884160518e-9
1.63217639926696e-9
1.8061366949754073e-9
1.98347729107124e-9
2.132997575934057e-9
2.630246270093138e-9
3.013691731607227e-9
3.4052183134363098e-9
3.5498471174407608e-9
4.307856537099105e-9
5.060550577818949e-9
5.666588764428409e-9
7.031933776350219e-9
9.811792009855634e-9
1.0947544535416517e-8
3.2933146780263525e-8
5.04164445318518e-8
6.298847117717187e-8
7.047443681391525e-8
7.638996934886048e-8
8.24225495711432e-8
2.2503039117890666e-9
1.3439679250620772e-8
4.126787576343072e-8
6.894068912150437e-8
8.655376780825829e-8
1.0052737169373925e-7
1.1475911952150083e-7
3.6010798272848793e-10
1.950510506834553e-9
1.2179025297515498e-8
4.221168401965565e-8
7.084205124087913e-8
9.368915473316e-8
1.169746374596303e-7
2.1277014580350898e-11
6.534281441260644e-11
-1.0955086345626849e-11
6.57960513267717e-9
4.035402154127283e-8
7.617627761988763e-8
1.1198067255086155e-7
1.5066998488303167e-11
3.0787701196668345e-11
5.0669789927870845e-12
-9.225526975948774e-10
5.840599462895605e-9
4.539398506154469e-8
9.616027706567592e-8
1.3538511836431601e-11
2.4988420127982714e-11
4.080969202546471e-11
4.211883843406943e-11
-1.271135186506483e-9
1.0298658969752853e-9
6.477478850224365e-8
1.4853651595781518e-11
2.9749556793147245e-11
4.278835617447166e-11
5.580371788487117e-11
4.2045583293096466e-11
-1.56224382045558e-9
8.495179666514176e-9
2.921147566030635e-6
1.1954689507560263e-6
2.6388178579103075e-7
1.6824073044404014e-8
3.2628210693214126e-9
2.2533813574172698e-9
2.7436553766489794e-9
3.6323629704936054e-6
1.3119655971269039e-6
7.112711106432014e-8
6.031044704859698e-9
1.5942758410745592e-9
8.202883903666355e-10
3.553936124285064e-6
1.176506578637964e-6
8.242918713587254e-8
2.6873378084159697e-9
7.649601374262964e-10
4.167198977422077e-6
1.3527828839499342e-6
2.033553621882821e-8
1.0837784194717974e-9
4.463108454164067e-6
1.0189531837240785e-6
1.717468479808531e-8
5.117504691874404e-6
6.858344986738874e-7
4.070084037729993e-6
6.078075492802518e-11
1.2283265683098162e-10
1.591408239339569e-10
1.8349171135373184e-10
1.976392082334382e-10
2.0884772346488925e-10
2.2033561061421298e-10
3.166778267239593e-10
4.693290326594636e-10
5.75412290800039e-10
6.375006318538023e-10
6.86585581352469e-10
7.366385277579086e-10
8.253003416112611e-10
1.1247799521357852e-9
1.3054443552814218e-9
1.4482533514550652e-9
1.5938328309660382e-9
1.7240969379561162e-9
2.13844073465158e-9
2.457967756378993e-9
2.784218909990816e-9
2.9058722779739318e-9
3.538198837209053e-9
4.1657015428115605e-9
4.674690963462538e-9
5.814922607746587e-9
8.169270954319269e-9
8.476769506631968e-9
2.541458567629483e-8
3.906580927177406e-8
4.897833049838394e-8
5.4896003495173285e-8
5.957255559626252e-8
6.434161801552887e-8
1.794114382556962e-9
1.0816108067106083e-8
3.425769962566911e-8
5.776204511623113e-8
7.273297299887156e-8
8.46111876229525e-8
9.670829788374707e-8
2.906370612814782e-10
1.5854240296038093e-9
1.0331059089608003e-8
3.581725895545891e-8
5.997921343683149e-8
7.925963558021954e-8
9.89104690222817e-8
1.6905015967180386e-11
5.11187230827916e-11
-6.3149471661661e-12
5.4893503079896635e-9
3.352476713156121e-8
6.330094002462953e-8
9.306459168745574e-8
1.2284206717010868e-11
2.4452824028203778e-11
2.94559138827912e-12
-7.72508062180372e-10
4.83047166548311e-9
3.811568958515452e-8
8.102630176242625e-8
1.1260009321706364e-11
2.0059862324389567e-11
3.3046925470394744e-11
3.3898102361833774e-11
-1.0977230661274858e-9
7.598571047687131e-10
5.6303780835029665e-8
1.242040997056573e-11
2.3965841613442156e-11
3.456338493196081e-11
4.53591885465533e-11
3.2782850461742706e-11
-1.398350406481265e-9
7.440830358030348e-9
2.2557729381911393e-6
9.557166736280828e-7
2.1712020359159073e-7
1.3749364155168768e-8
2.606081664920718e-9
1.800241728927224e-9
2.2042576793668338e-9
3.0966045518474342e-6
1.1262886093432432e-6
5.986448385434647e-8
5.067483757387098e-9
1.3408944681014598e-9
6.817139975557228e-10
3.0089423739281736e-6
9.801324260314866e-7
6.874942469191253e-8
2.2714269832537485e-9
6.471619642990108e-10
3.4567389243227903e-6
1.1283131222389184e-6
1.7176506566736577e-8
9.160784111524937e-10
3.7634806893404905e-6
8.741195041707464e-7
1.4916844743849773e-8
4.4634955557965055e-6
6.082890595563888e-7
3.6896621003693595e-6
4.744827134345283e-11
9.53776857330442e-11
1.2337604067017895e-10
1.4218906470213379e-10
1.5312388083836557e-10
1.6178912358012757e-10
1.7067470179739116e-10
2.4464318048941056e-10
3.616040692999052e-10
4.4307521023603883e-10
4.907710683965211e-10
5.284789644545156e-10
5.669305877229338e-10
6.375937428597583e-10
8.738991901873231e-10
1.0168243561410837e-9
1.129801407501813e-9
1.2449716605111588e-9
1.3606207617841203e-9
1.700464678890885e-9
1.9624203673746682e-9
2.229905093271664e-9
2.3391421011943596e-9
2.8653715315537794e-9
3.3876104252545146e-9
3.8136607602209775e-9
4.764417835090472e-9
6.731929460201096e-9
6.53053007412388e-9
1.9542511515038388e-8
3.001786165176608e-8
3.769246474944255e-8
4.228701370817945e-8
4.591810681521546e-8
4.9620811862486866e-8
1.3749340918715385e-9
8.229858647256558e-9
2.6657257060965664e-8
4.5559462732837255e-8
5.7654140830969245e-8
6.725067847692858e-8
7.702427591898374e-8
2.288756862299022e-10
1.2408152333040587e-9
8.594980205405773e-9
3.055373679366351e-8
5.1371487231842e-8
6.797484468509295e-8
8.489814633193724e-8
1.3188605337106761e-11
3.851880310849448e-11
-8.995659935716622e-12
4.747551054394892e-9
2.8503156472052428e-8
5.361449638666656e-8
7.872043035793733e-8
9.723330653766265e-12
1.8674180421012108e-11
7.170249355754305e-15
-6.3950373843022e-10
4.043508093220567e-9
3.166619786487792e-8
6.72794170589662e-8
8.923435213375033e-12
1.5271679397890224e-11
2.5423832539228162e-11
2.6045380519701108e-11
-9.141979093937697e-10
5.825949044427381e-10
4.702640453168008e-8
9.798783210789745e-12
1.8128328862668497e-11
2.631484637011369e-11
3.502342362418392e-11
2.4334940334011105e-11
-1.1895845782230929e-9
6.197091188682118e-9
1.7300939504596122e-6
7.305789164535301e-7
1.7677461145708498e-7
1.1377303218884996e-8
2.017595595395184e-9
1.3603342317841184e-9
1.6541037990647541e-9
2.446756013724731e-6
9.457432821930482e-7
5.119092496203363e-8
4.1996311147426244e-9
1.0720973644779467e-9
5.399363955490319e-10
2.612925051474636e-6
8.419159244850117e-7
5.8036409453168065e-8
1.929208056662416e-9
5.526506599567083e-10
2.919190759747364e-6
9.403033779833178e-7
1.4284241287390765e-8
7.71649646552768e-10
3.1201458416757436e-6
7.258783116833057e-7
1.2475687753803829e-8
3.7329913822699083e-6
5.14159171305195e-7
3.181052911802089e-6
3.725976165229033e-11
7.427147030744524e-11
9.58280471809059e-11
1.102899196572602e-10
1.1869429742660343e-10
1.2535706378067583e-10
1.3219269773765455e-10
1.8954558709826838e-10
2.7967567461033985e-10
3.422996732873982e-10
3.78937123881269e-10
4.0790250257703273e-10
4.3744279466475185e-10
4.902984694310976e-10
6.706804075734551e-10
7.796330516177548e-10
8.657301298296956e-10
9.535113493281231e-10
1.049126515196465e-9
1.3165515433534477e-9
1.5221317927413875e-9
1.7321076523454663e-9
1.8357027975639047e-9
2.26466691287381e-9
2.6900059442792e-9
3.051601445357069e-9
3.840688722944242e-9
5.482612411028271e-9
5.050531948707876e-9
1.5116690980383266e-8
2.322818544079429e-8
2.9173369296790016e-8
3.27364284908177e-8
3.555227582986273e-8
3.842396350987452e-8
1.0525696028863707e-9
6.3031589385933825e-9
2.011180145784563e-8
3.437683046548345e-8
4.3540744439634025e-8
5.0811690838752405e-8
5.8217502706963846e-8
1.7422991755433103e-10
9.442826422078213e-10
6.631342539958733e-9
2.44931349442392e-8
4.1743977858092057e-8
5.550499332134876e-8
6.953057162660653e-8
1.0406180703108852e-11
2.9004259673973137e-11
-3.1112525262456156e-11
4.0582072461347e-9
2.4717742410693312e-8
4.650598678088944e-8
6.828807716403071e-8
7.876403557705379e-12
1.4519485708672206e-11
-3.7576143219076865e-12
-5.554408541772587e-10
3.5163723294987006e-9
2.7065521834779165e-8
5.7298245773019556e-8
7.16452871125962e-12
1.1892335410479956e-11
1.9643398008309607e-11
1.943597234039014e-11
-7.654746069227192e-10
5.210768856977684e-10
3.913680434277907e-8
7.81684129859012e-12
1.4088504824915098e-11
2.038897289311817e-11
2.725998945333098e-11
1.8284958640565942e-11
-9.864350710934185e-10
5.087686974810257e-9
1.3400871012344562e-6
5.638802149803904e-7
1.3833620321654656e-7
9.31166896723305e-9
1.586296724159259e-9
1.0549664991286118e-9
1.2810090621119655e-9
1.817315049945814e-6
7.288080123348818e-7
4.2391429073360954e-8
3.3960001540052064e-9
8.206102678157515e-10
4.1187976377380655e-10
2.1557486298376636e-6
7.261757120606079e-7
4.996073883234633e-8
1.608174507149649e-9
4.545660908246701e-10
2.543272915323095e-6
8.111823605069517e-7
1.2144199124499247e-8
6.604334354866666e-10
2.653140407779565e-6
6.077344541666176e-7
1.0409813259280192e-8
3.1016644600012084e-6
4.2591412138264126e-7
2.648053123247582e-6
2.953414898378652e-11
5.822362073361094e-11
7.486935867139443e-11
8.603360710599312e-11
9.252263086272777e-11
9.766961434090376e-11
1.0295377114858186e-10
1.4676180713450562e-10
2.162071460217519e-10
2.644980505773675e-10
2.927558802137645e-10
3.1509814892138937e-10
3.3788291054634474e-10
3.789167234880474e-10
5.1718128601558e-10
6.004428748651825e-10
6.66219030766018e-10
7.332790363637308e-10
8.043910474932896e-10
1.0070729127927953e-9
1.162271539019444e-9
1.3208148404299436e-9
1.4096058210183888e-9
1.7438968372325932e-9
2.074294146322991e-9
2.3777828235634736e-9
3.0133641640466986e-9
4.373285603093601e-9
3.909069970886299e-9
1.157841908904221e-8
1.7766966907950417e-8
2.2294270676167715e-8
2.5006415760811146e-8
2.7149889721513073e-8
2.9335629613784558e-8
8.138017005691328e-10
4.907936485999148e-9
1.567752696623822e-8
2.66434139529149e-8
3.3673225556020956e-8
3.925155013681781e-8
4.493297164623807e-8
1.3266416431712027e-10
7.233878024458359e-10
4.93291965066481e-9
1.8168831636854782e-8
3.118338458028475e-8
4.158480256846686e-8
5.218407211738297e-8
8.165010547686424e-12
2.1883079865380598e-11
-4.622952174045046e-11
3.0848804388624733e-9
2.0087251324399842e-8
3.825883952866324e-8
5.641402915622471e-8
6.438053019605912e-12
1.1166343255978132e-11
-6.557328437902721e-12
-4.98914433819086e-10
2.9862738456470334e-9
2.3481058314699265e-8
4.9788163844345885e-8
5.829531445249096e-12
9.178102761922861e-12
1.5069849543577215e-11
1.3504551101537119e-11
-6.689286894438908e-10
4.990192457738424e-10
3.369057827168486e-8
6.19582824764878e-12
1.0787232836801827e-11
1.558887156506169e-11
2.0805169200031608e-11
1.2604075971438493e-11
-8.360805153666446e-10
4.32725150713657e-9
1.018281456078454e-6
4.3372197701250773e-7
1.0339901341163033e-7
7.019818014493882e-9
1.20561778254471e-9
8.00872685480599e-10
9.71688251346321e-10
1.4241455541704136e-6
5.434424023753998e-7
3.220929818987789e-8
2.670810101108685e-9
6.374742368596974e-10
3.151401901221014e-10
1.594577032786103e-6
5.714946471748753e-7
4.140253004896395e-8
1.2751344535680158e-9
3.455764268600784e-10
2.1160245524273555e-6
6.993799980756767e-7
1.0510806880262553e-8
5.555596731686026e-10
2.314616879386258e-6
5.281847840319531e-7
8.958248807141781e-9
2.664582814172657e-6
3.610901401721166e-7
2.2130943417001445e-6
2.3620888140637914e-11
4.605656583782929e-11
5.893298628151313e-11
6.757289687655436e-11
7.259410120841685e-11
7.657741813135196e-11
8.067092293328268e-11
1.1446450473996711e-10
1.6748996324455253e-10
2.0439684920341012e-10
2.2599564334372598e-10
2.430722133695591e-10
2.60490035468761e-10
2.921313743772578e-10
3.9893330473106495e-10
4.6338878759190733e-10
5.143075689153076e-10
5.662242808502569e-10
6.204618018650218e-10
7.756755252524402e-10
8.94476858555109e-10
1.0158380452904907e-9
1.0797892266499135e-9
1.3322525136182204e-9
1.5809511345868688e-9
1.8187864200646047e-9
2.30551587350278e-9
3.3938095136356168e-9
3.0635814917725754e-9
8.98311225849958e-9
1.372740484642683e-8
1.7204988353764055e-8
1.928786972813032e-8
2.0934008764502103e-8
2.261276674707024e-8
6.191155324245959e-10
3.7017774160150877e-9
1.198420190938694e-8
2.051340710636159e-8
2.5980688328314162e-8
3.0319530577005215e-8
3.473865473634248e-8
1.0328287709200401e-10
5.592116211209142e-10
3.898119507943081e-9
1.4035436384397746e-8
2.3837706379548105e-8
3.1679570120232024e-8
3.967082108346342e-8
6.307832400007458e-12
1.720017645381244e-11
-2.5112217552093746e-11
2.2204736291906726e-9
1.4714856003862542e-8
2.828487622017166e-8
4.184039954117971e-8
5.1297500551508735e-12
8.69216497870121e-12
-4.677275340017208e-12
-3.97581573780846e-10
2.2263961787059285e-9
1.8781615145262106e-8
4.030665688847346e-8
4.8238562304543294e-12
7.2142274728708494e-12
1.1814272619877131e-11
9.988372275539465e-12
-5.778944070730106e-10
3.577362381285299e-10
2.9135344539079544e-8
5.0594975156138125e-12
8.453912155203516e-12
1.2210632270106971e-11
1.6276212673028463e-11
8.564000698222717e-12
-7.350889964477983e-10
3.8190309784715386e-9
7.889018222708111e-7
3.2995693865844914e-7
8.038853095745516e-8
5.288651418677498e-9
9.32264765376861e-10
6.224941148621524e-10
7.555847197920564e-10
1.0981717000206737e-6
4.3021265891035696e-7
2.4148728580001082e-8
2.06287913474125e-9
5.006141860346499e-10
2.469009179498953e-10
1.2109662857681398e-6
4.1562509611398874e-7
3.133907309871111e-8
9.95069340794288e-10
2.64931461306979e-10
1.5605508882263478e-6
5.425478294495599e-7
8.541380323027827e-9
4.358990123103742e-10
1.886447158106183e-6
4.5025232343656677e-7
7.693658421733427e-9
2.314545953700074e-6
3.155732300179936e-7
1.9173084203098094e-6
1.904218442217892e-11
3.6781269720985456e-11
4.682692490504236e-11
5.354666946177811e-11
5.7448360328147495e-11
6.054224718725917e-11
6.372197173122069e-11
9.016915616109315e-11
1.310486919637161e-10
1.5941325684945774e-10
1.7600109095198527e-10
1.8911547723203407e-10
2.0249095101431217e-10
2.2587728484520163e-10
3.0683556702664533e-10
3.5569563595128833e-10
3.942987436194131e-10
4.336576799476917e-10
4.765100034513032e-10
5.964498115438284e-10
6.884314074685572e-10
7.823843331337187e-10
8.3109278639007e-10
1.0250092526124452e-9
1.2162046001380077e-9
1.3926809991477925e-9
1.7588106239855044e-9
2.5880312307186786e-9
2.423108829035328e-9
7.0143837879660324e-9
1.0655688465991516e-8
1.3321501313934802e-8
1.4918965985738396e-8
1.6181435177998992e-8
1.7468808254266354e-8
4.730208414691769e-10
2.824469161029046e-9
9.019224513760874e-9
1.5398500435456588e-8
1.9496797501125722e-8
2.274878897786615e-8
2.6061101772913845e-8
7.79842768373619e-11
4.2102913569812737e-10
2.9471941641206308e-9
1.0959888664977033e-8
1.8734761772390063e-8
2.4942790680222474e-8
3.127015874672601e-8
4.765546734155492e-12
1.2949685521527182e-11
-1.6579572711788472e-11
1.8257104872496811e-9
1.1328389488115354e-8
2.1486760184122773e-8
3.164389492340436e-8
3.846946877556164e-12
6.6737309279476135e-12
-2.605039245371694e-12
-2.775130059275113e-10
1.606425130205681e-9
1.35821802534626e-8
2.930134598454496e-8
3.786342270723518e-12
5.615380430751874e-12
9.126780890132045e-12
8.16612410614629e-12
-4.3854980227187175e-10
1.38268403577703e-10
2.275852473546147e-8
4.133575865248773e-12
6.654719380675044e-12
9.551092961337125e-12
1.2762199812578834e-11
6.571793112566419e-12
-6.133674978113948e-10
3.1121541269558776e-9
6.120811200582306e-7
2.5094906487373264e-7
6.153904752404077e-8
4.192744654354726e-9
7.20174779479909e-10
4.828315714441114e-10
5.895636191701963e-10
8.173123601715283e-7
3.24019458126724e-7
1.913837763625382e-8
1.5592639974757292e-9
3.7575177463145497e-10
1.8653386890619134e-10
9.697521307242153e-7
3.3054482886125673e-7
2.3463681161114248e-8
7.705905204288433e-10
2.1112550611978385e-10
1.1738481883400316e-6
3.9129467505175543e-7
6.273340132210237e-9
3.319548102996438e-10
1.3653977915314783e-6
3.3913045046580294e-7
5.9990650290678006e-9
1.8237444400183049e-6
2.5961634467694393e-7
1.6416505654207048e-6
1.5427028015029082e-11
2.961011992350037e-11
3.75352225514344e-11
4.282721256229441e-11
4.5898808575698786e-11
4.833413344597163e-11
5.0835018255687404e-11
7.173432780007696e-11
1.0350160159175188e-10
1.255088472416875e-10
1.3837366270041517e-10
1.485438106848891e-10
1.5891624376601623e-10
1.765610233661393e-10
2.385584774291049e-10
2.75870254054206e-10
3.053432344687021e-10
3.353930022592821e-10
3.6654620586402886e-10
4.5659722391406457e-10
5.255157769528466e-10
5.959227332438279e-10
6.355636791426268e-10
7.842878723542929e-10
9.310666797682849e-10
1.0681907438511383e-9
1.351200660467456e-9
1.9780664159041248e-9
1.9396223698934144e-9
5.548365097992289e-9
8.374621867477646e-9
1.0433720634407234e-8
1.1665454056089724e-8
1.2638837582788794e-8
1.363143504637748e-8
3.6462525459104213e-10
2.1600328731500008e-9
6.890096872416402e-9
1.1741841874326912e-8
1.4853698962959635e-8
1.732315940435739e-8
1.9838264094855474e-8
6.035691668685956e-11
3.237366946859639e-10
2.210620556106623e-9
8.058289776744035e-9
1.3799176376275075e-8
1.8389942219538892e-8
2.3067884979264307e-8
3.80578191526076e-12
1.013943301010942e-11
-2.1173480241491647e-11
1.345178455312438e-9
8.946877265780532e-9
1.7098931936846922e-8
2.524279380450585e-8
3.003078840648634e-12
5.22696147874182e-12
-2.823896405278932e-12
-2.270515299553713e-10
1.3405030802562899e-9
1.0650061673250414e-8
2.2673027542094266e-8
2.838827221266016e-12
4.379066542722179e-12
7.074866239699503e-12
6.283617620524561e-12
-3.1497000250727155e-10
1.2822265189927187e-10
1.6346259447101834e-8
3.2264440247976696e-12
5.261248523867475e-12
7.52366068003734e-12
9.968836828064062e-12
5.718712488834881e-12
-4.4443509107781775e-10
2.155688251985317e-9
4.820967849910644e-7
1.9236043496726072e-7
4.630444753024751e-8
3.1244627784978534e-9
5.597309474162116e-10
3.798859383438818e-10
4.671617814140069e-10
6.245439268945652e-7
2.434925332542373e-7
1.4176718923210066e-8
1.1912704509405272e-9
2.8593608038914423e-10
1.4400450547581572e-10
7.01469112239845e-7
2.5170781053204974e-7
1.8548170217639424e-8
5.72236692806099e-10
1.5608737414573578e-10
9.493545819093716e-7
3.1627487538155305e-7
4.80223534640385e-9
2.589575313804889e-10
1.0528498765307214e-6
2.466226340278527e-7
4.364855816841445e-9
1.3043144567747407e-6
1.8786960097317786e-7
1.2510757946364208e-6
1.2511170060486549e-11
2.3961090641194638e-11
3.0279631585209046e-11
3.4486643011343234e-11
3.692607860770056e-11
3.886002512116826e-11
4.084608078617988e-11
5.7602371292604297e-11
8.2586983677648e-11
9.984198646019378e-11
1.0992224824467454e-10
1.178905442368148e-10
1.2601751811440693e-10
1.3921207782530372e-10
1.8698891894247612e-10
2.1576599360223073e-10
2.38497354323462e-10
2.6167421884624374e-10
2.8514980840011035e-10
3.5401806387421416e-10
4.067507398636627e-10
4.606169145319075e-10
4.881736342149674e-10
5.99313711837281e-10
7.087492537541513e-10
8.133795507721002e-10
1.0275064409783166e-9
1.5110405959639262e-9
1.5676189022665928e-9
4.441544933388862e-9
6.6606485530102985e-9
8.270945496078195e-9
9.233238648514355e-9
9.993642490108005e-9
1.0769071133370334e-8
2.840414943389324e-10
1.671872952206119e-9
5.27015414912362e-9
8.949746107478648e-9
1.1309276955296691e-8
1.3181645452603446e-8
1.5088748310713764e-8
4.6704782943678234e-11
2.4912607559805234e-10
1.6833669357018068e-9
6.165581289607735e-9
1.0516380263764255e-8
1.3994868019072978e-8
1.7539884725653102e-8
2.9360533199277116e-12
8.051823449474047e-12
-9.271473296055322e-12
1.0059727808040474e-9
6.4514615278491314e-9
1.2357934446402721e-8
1.8260384534527883e-8
2.38663757151839e-12
4.159923696030374e-12
-1.4909519254626805e-12
-1.7167292537413574e-10
9.541439976583574e-10
8.260969395031788e-9
1.780677022371758e-8
2.2745551545553757e-12
3.502893431834826e-12
5.601712181006903e-12
4.823558678996558e-12
-2.6023923521849467e-10
1.573308966652895e-10
1.3124224168919973e-8
2.4834204016932106e-12
4.200662536812599e-12
5.9796713303068144e-12
7.865462897117284e-12
4.387366478712529e-12
-3.333563168794302e-10
1.6400542650038466e-9
3.847547508406885e-7
1.4883291179509158e-7
3.562904881678555e-8
2.4144852729988203e-9
4.42002026920476e-10
3.0370954894042123e-10
3.755168604400985e-10
4.7347275241436465e-7
1.841851199926644e-7
1.0745729037166423e-8
9.043340436473383e-10
2.1986770477312847e-10
1.1077017491123795e-10
5.401570161858612e-7
1.8543189544678672e-7
1.3714720605370754e-8
4.4347256835875677e-10
1.1908177300124488e-10
6.766391657592174e-7
2.3553354506954605e-7
3.7860493243456285e-9
1.9349721184517342e-10
8.353277543468817e-7
2.0251052628789068e-7
3.4696549629117002e-9
1.0429928132429308e-6
1.429877774150582e-7
9.058057191214418e-7
1.0112393165935078e-11
1.9413098557860508e-11
2.4498671427995664e-11
2.7877301277569267e-11
2.983526001865682e-11
3.138653738339868e-11
3.2979034365725096e-11
4.655473053092092e-11
6.644553672345893e-11
8.014597033073112e-11
8.814530850376424e-11
9.446799524470537e-11
1.0091642711678163e-10
1.1092747264649375e-10
1.4817750553063838e-10
1.7057527959495818e-10
1.8826834784550496e-10
2.0630804919836552e-10
2.2356282476303847e-10
2.762110758105308e-10
3.1657703216933597e-10
3.5781022934253267e-10
3.786468886698035e-10
4.635464584031757e-10
5.472923978060157e-10
6.24191453072346e-10
7.837910072124441e-10
1.1444889151308032e-9
1.2746008199041263e-9
3.590816092807761e-9
5.356807277148569e-9
6.631232047312685e-9
7.391400627544095e-9
7.992046348836718e-9
8.60455627533054e-9
2.2420955162634173e-10
1.3103432347539294e-9
4.086803775259821e-9
6.9106462271412165e-9
8.718666017033e-9
1.0153346131717444e-8
1.1614624019891665e-8
3.6815563387640803e-11
1.94965292858536e-10
1.2863436375211864e-9
4.633480938958823e-9
7.88981577632079e-9
1.0493132409671142e-8
1.314610195436169e-8
2.3455942590964316e-12
6.487960983434246e-12
-8.470406753422437e-12
7.533579853388889e-10
4.944174685883948e-9
9.441317408457184e-9
1.3934911444223825e-8
1.8143828215145345e-12
3.316186850859769e-12
-8.366909518818209e-13
-1.244777173387176e-10
7.307916767389142e-10
5.94433245882916e-9
1.2748061854000432e-8
1.7788104788853124e-12
2.814731056118383e-12
4.470448799707929e-12
4.1075777599549935e-12
-1.8592194728422669e-10
3.7032169514028914e-11
9.828326618825925e-9
2.0179718517298354e-12
3.4198574088791017e-12
4.842980508184049e-12
6.3251670757284724e-12
3.6934279265854e-12
-2.72055111557391e-10
1.369321533655417e-9
3.106775377464382e-7
1.1678144911089826e-7
2.743543614895963e-8
1.837661778864006e-9
3.509428970773998e-10
2.4531210114865903e-10
3.054228182687834e-10
3.641345830612467e-7
1.3998773170274403e-7
8.045653951034945e-9
6.807647208139806e-10
1.6843635980590544e-10
8.654776083190334e-11
4.0106331887386037e-7
1.399058252870154e-7
1.028530035614671e-8
3.26696083593624e-10
8.966852095581017e-11
5.225448967873777e-7
1.747008353269709e-7
2.717348700892295e-9
1.4604150013728645e-10
5.915008910279189e-7
1.44468216030449e-7
2.5990833058831876e-9
7.89648300982293e-7
1.1482821883713613e-7
7.359362452788103e-7
8.11083049709788e-12
1.5677886421651158e-11
1.979612125468257e-11
2.252693742387745e-11
2.4108458899882466e-11
2.5361233987661604e-11
2.664620168749896e-11
3.7721730528679425e-11
5.3729230188486525e-11
6.47277949499167e-11
7.114640105439587e-11
7.62193470032479e-11
8.13928607301763e-11
8.909837216288994e-11
1.1848230530026276e-10
1.3614008983347083e-10
1.50090103141331e-10
1.6431270342254522e-10
1.7720541645879918e-10
2.1807417672696402e-10
2.49445082941297e-10
2.8148471522980097e-10
2.962047119292411e-10
3.6076493928734434e-10
4.244665578962416e-10
4.824911290633257e-10
6.042257522967008e-10
8.747400649280018e-10
1.0377323815768039e-9
2.9207581091624124e-9
4.342423305497226e-9
5.363131672654867e-9
5.971003361089522e-9
6.451280849035616e-9
6.941044530076145e-9
1.793152403674984e-10
1.0418069883429204e-9
3.21333195339779e-9
5.407770976370111e-9
6.8106539583378915e-9
7.923805182731638e-9
9.057578632342701e-9
2.928790955667971e-11
1.543175344864693e-10
9.918707325286357e-10
3.541294021689208e-9
6.010985530878109e-9
7.98438630729059e-9
9.995565013253607e-9
1.85817269437731e-12
5.278319841918069e-12
-4.642092172884986e-12
5.758196189461816e-10
3.6602132386100103e-9
6.97572157347792e-9
1.0290103226056292e-8
1.434060045159902e-12
2.6855762784612927e-12
-2.144912647537942e-13
-9.224863537896646e-11
5.297693847227088e-10
4.513234397059243e-9
9.717334046606478e-9
1.3680196231632726e-12
2.2691965532277182e-12
3.582964474316051e-12
3.3102351132226015e-12
-1.4113747834761864e-10
7.98601401116549e-11
7.191476927916936e-9
1.572840479662495e-12
2.7782365556489268e-12
3.922382196042367e-12
5.08361572479347e-12
3.248916089483065e-12
-1.8656088159099104e-10
8.969827654969895e-10
2.5293732791112383e-7
9.290718106506054e-8
2.140752308928349e-8
1.427499690577662e-9
2.821641564528109e-10
2.0000626430455803e-10
2.502768801734147e-10
2.839753529260855e-7
1.0746986209000817e-7
6.1120765167734e-9
5.194307586937133e-10
1.3138269244649032e-10
6.828050460921978e-11
3.0464092321727726e-7
1.0513316722657394e-7
7.639739354921928e-9
2.481703624009588e-10
6.809397336953206e-11
3.8277347118070333e-7
1.294593784684865e-7
2.07131601433469e-9
1.0810352045254234e-10
4.545635053318117e-7
1.1041532745168841e-7
1.910174115497573e-9
5.718567847359821e-7
7.9873749260088e-8
5.308789448696868e-7
6.430220096511342e-12
1.2565464289379443e-11
1.5905716714896805e-11
1.811814405376241e-11
1.9399009941230943e-11
2.0413223672107855e-11
2.1453048266830658e-11
3.0502402970792546e-11
4.347817637181227e-11
5.2378154074070985e-11
5.757050461415508e-11
6.16740028790575e-11
6.585872868796761e-11
7.190361180277926e-11
9.536535472009005e-11
1.094584195664383e-10
1.2059286356949258e-10
1.3194463994575613e-10
1.416652875083199e-10
1.7370647121880881e-10
1.9833333750384748e-10
2.2348417384079834e-10
2.340927766627725e-10
2.840082225209472e-10
3.333550405388594e-10
3.7668282855070763e-10
4.690186780664787e-10
6.720283474487619e-10
8.416683872565866e-10
2.3783918187397754e-9
3.53226957111213e-9
4.3572662010457956e-9
4.847906785634248e-9
5.235541229390476e-9
5.63083362602082e-9
1.4491023114515456e-10
8.387634474081698e-10
2.5620161131844456e-9
4.292379045714249e-9
5.396715316436211e-9
6.272940464926323e-9
7.165384201567659e-9
2.355353190360385e-11
1.2370673265218218e-10
7.769465563559021e-10
2.7385653786137153e-9
4.6273912240044584e-9
6.136503903084916e-9
7.674488462885584e-9
1.4916130551704216e-12
4.338008014183059e-12
-2.2488394179602233e-12
4.3550019801214355e-10
2.7577579156441228e-9
5.254123634853852e-9
7.74865941231241e-9
1.115989726265851e-12
2.1776235239384193e-12
1.1365578438117762e-13
-6.888489177271392e-11
4.0792988975134086e-10
3.3408332991377206e-9
7.148419438714417e-9
1.0688067631420789e-12
1.8408329314484525e-12
2.898795151465959e-12
2.805478443614029e-12
-1.0084888303929244e-10
3.254432565265053e-11
5.317328341426413e-9
1.2417726928222879e-12
2.266372638220183e-12
3.193078316631905e-12
4.1139729238447116e-12
2.776682436999461e-12
-1.45274114159623e-10
7.259272129492946e-10
2.065865768090893e-7
7.482967487043365e-8
1.6928020027114234e-8
1.1174912005321303e-9
2.2818342609550708e-10
1.63543346576692e-10
2.0539739205207865e-10
2.247464321660483e-7
8.372449826151484e-8
4.682286395357718e-9
4.0043070127136414e-10
1.032695408818991e-10
5.450205156449748e-11
2.336134234920184e-7
7.93501799915102e-8
5.764021006233148e-9
1.8669523926210656e-10
5.236003016907325e-11
2.8806931709403386e-7
9.746417898142684e-8
1.5173823286791899e-9
8.127198545218994e-11
3.33241931401297e-7
7.935151944401929e-8
1.4135847930197997e-9
4.2536158960133255e-7
6.171352261089113e-8
3.9837355016991465e-7
5.022449774875839e-12
9.95523737571295e-12
1.2655569956139359e-11
1.4443671139788717e-11
1.5478776564474728e-11
1.6298190349319552e-11
1.7137834103062803e-11
2.4501218047052914e-11
3.504539423835041e-11
4.227161138211084e-11
4.648710241809596e-11
4.981847957150065e-11
5.3215673120706145e-11
5.8052119150925136e-11
7.695396967471661e-11
8.830574185375659e-11
9.727545507004951e-11
1.0641994918732703e-10
1.138763244192096e-10
1.3931711704013628e-10
1.5890554112419859e-10
1.7890840756278484e-10
1.865849236202916e-10
2.2557995717966534e-10
2.6417919195490657e-10
2.9681613683136155e-10
3.6795211275382457e-10
5.216746509708857e-10
6.766942806486635e-10
1.9286236600564903e-9
2.868204249007466e-9
3.5380951771969083e-9
3.936097378318408e-9
4.250532724767469e-9
4.571182956083515e-9
1.178223919549463e-10
6.812488030360846e-10
2.06669514840995e-9
3.450070963821668e-9
4.331561362016325e-9
5.030935890959975e-9
5.743247572139129e-9
1.9071177195415467e-11
1.0009124321685532e-10
6.170421157233835e-10
2.1476828485765726e-9
3.6129289743000947e-9
4.783053092967837e-9
5.975603739307691e-9
1.1982779809970201e-12
3.566706195320073e-12
-8.302382980767402e-13
3.3645481818069e-10
2.1016710752661278e-9
3.989986013570374e-9
5.877219030307717e-9
8.738857387983792e-13
1.7669800503492138e-12
3.36388149865514e-13
-5.060387448466632e-11
3.066411156297083e-10
2.4863217573742377e-9
5.320707873542281e-9
8.326618911401441e-13
1.48934022905937e-12
2.3449692851386294e-12
2.3440600544422313e-12
-7.541784852930426e-11
3.211557107917143e-11
3.952956091154232e-9
9.68428453512074e-13
1.8368273775972575e-12
2.5873510793363087e-12
3.3190345274852824e-12
2.375475638511453e-12
-1.0308964663602211e-10
5.053857310357124e-10
1.6831488889758557e-7
6.078387623958063e-8
1.3534385264140843e-8
8.834354947698927e-10
1.8476877407251538e-10
1.3343044770625302e-10
1.6776004613638865e-10
1.8034361534190725e-7
6.619760263684095e-8
3.6367422997115595e-9
3.116122385975997e-10
8.23196429223182e-11
4.379056070582211e-11
1.8158705298730317e-7
6.077790549500737e-8
4.357653955431303e-9
1.4293208240125745e-10
4.048227691053108e-11
2.1851904945546202e-7
7.284189209581403e-8
1.1316894717598323e-9
6.057474857741988e-11
2.47342780136419e-7
5.945924672528546e-8
1.0448548093979834e-9
3.1591673121008496e-7
4.4390481288876974e-8
2.8612320356191826e-7
3.855268075717173e-12
7.770967257117222e-12
9.936400269996122e-12
1.1371182957529295e-11
1.220190125001832e-11
1.2859420370613534e-11
1.3532884461644243e-11
1.946760658086131e-11
2.801160296056762e-11
3.3868015984384375e-11
3.728487866594943e-11
3.998511359525533e-11
4.2738611919792153e-11
4.667278343311251e-11
6.197160059902e-11
7.116102390395994e-11
7.84230176526358e-11
8.582629410488268e-11
9.166730593678506e-11
1.120652982309369e-10
1.2779501478441495e-10
1.438559165528654e-10
1.4949377332528016e-10
1.803209489339287e-10
2.108858828885929e-10
2.357992042935789e-10
2.913095323078034e-10
4.0849060426668196e-10
5.369588816629225e-10
1.5494548976774474e-9
2.3127828783466078e-9
2.856385719255541e-9
3.1792005300687007e-9
3.4342336471789766e-9
3.694310257035978e-9
9.586231953563753e-11
5.552669506949608e-10
1.6792091664895787e-9
2.7969225161442208e-9
3.508243424575103e-9
4.072581654002445e-9
4.647352212592612e-9
1.546615747417495e-11
8.133093765856166e-11
4.957015561071652e-10
1.7079089221321452e-9
2.8616981590552024e-9
3.782634055804476e-9
4.721253301106195e-9
9.600360186295444e-13
2.9165652828173658e-12
1.928226959067623e-14
2.641292532973862e-10
1.622806290464356e-9
3.0697457611062513e-9
4.516080499057193e-9
6.84853441757354e-13
1.4259927532723041e-12
4.2413188144675656e-13
-3.774688132802893e-11
2.3431304935388874e-10
1.877216736364678e-9
4.007619021730993e-9
6.439467350632198e-13
1.1950834412559426e-12
1.8872527932407034e-12
1.9398564159493304e-12
-5.5739127463281365e-11
2.918513672208997e-11
2.9111361750552337e-9
7.547731945299242e-13
1.4755857320386585e-12
2.081229047178401e-12
2.6650957246052147e-12
2.005788289746034e-12
-7.508537851151341e-11
3.7587479079989224e-10
1.3603614118298958e-7
4.953392804526475e-8
1.0907145674903755e-8
7.042173754399684e-10
1.4910068542692294e-10
1.0794223453396957e-10
1.355906835024467e-10
1.461740118234304e-7
5.303680480142614e-8
2.8662055742172514e-9
2.4561121201493717e-10
6.607125752612613e-11
3.533729682650386e-11
1.4332615100432309e-7
4.724802480021641e-8
3.3404463443606185e-9
1.1061827210423065e-10
3.177493358427943e-11
1.6775000539097857e-7
5.520517696938395e-8
8.519526492614234e-10
4.586682300104768e-11
1.8616458742685104e-7
4.427147494850983e-8
7.723957976719422e-10
2.3194264165836774e-7
3.247219704263076e-8
2.11030510541327e-7
2.9036230148672086e-12
5.961631271629868e-12
7.676869596213843e-12
8.815025227680424e-12
9.4742884331135e-12
9.996071211177407e-12
1.0530354409623512e-11
1.5245916385871536e-11
2.2114065520958944e-11
2.682714220340835e-11
2.957788960324532e-11
3.1751767763084797e-11
3.396848198989462e-11
3.720303646372829e-11
4.957983602969256e-11
5.701787156770011e-11
6.289648970068853e-11
6.888933282239869e-11
7.355981785140957e-11
9.000517072539778e-11
1.0270231897843273e-10
1.1566584927160404e-10
1.1991664768994703e-10
1.4452336935561188e-10
1.689586751976986e-10
1.8823181255000618e-10
2.3202363534559244e-10
3.2249643162030133e-10
4.1902853391859493e-10
1.227842702875214e-9
1.8431950214750778e-9
2.281672945197349e-9
2.542073737089306e-9
2.747801479432394e-9
2.9576000030311597e-9
7.760978953094692e-11
4.515418144730957e-10
1.3667077322275566e-9
2.274917697669865e-9
2.8524562814342736e-9
3.3106423144755577e-9
3.777292805220397e-9
1.249579530998989e-11
6.600453954316468e-11
4.011351262404905e-10
1.3730576050672227e-9
2.2936753730479365e-9
3.0281565308997827e-9
3.776763121251834e-9
7.639713369347184e-13
2.3586418059081347e-12
4.3151467727381663e-13
2.1019845005876778e-10
1.2719372586791394e-9
2.3976813523038162e-9
3.5230798505386527e-9
5.350659914813823e-13
1.138517206827237e-12
4.1944652152407656e-13
-2.8612704633032514e-11
1.8219407646740548e-10
1.435914074458203e-9
3.0555234438932896e-9
4.969606578261593e-13
9.478511662550055e-13
1.505629925358047e-12
1.5845318514059776e-12
-4.1531130686812745e-11
2.42994445026131e-11
2.1707195322577025e-9
5.816531405516189e-13
1.1673098017141784e-12
1.651371950272035e-12
2.1159237486078428e-12
1.6500734455196661e-12
-5.536740594803374e-11
2.8088762342839e-10
1.0852349535876625e-7
4.026172542913247e-8
8.817440217150905e-9
5.638121551583541e-10
1.1928012756643814e-10
8.613916076152037e-11
1.0786887598493483e-10
1.1905963507186092e-7
4.289203249766281e-8
2.287501405290164e-9
1.9554497069061797e-10
5.323365577851585e-11
2.8479759205954497e-11
1.1463236958487049e-7
3.7278956791234075e-8
2.5996934957678855e-9
8.668448366423556e-11
2.5200063072561177e-11
1.3075408090772964e-7
4.247841163301058e-8
6.488755114793961e-10
3.5156758463519155e-11
1.4177801951475132e-7
3.3233006693512897e-8
5.766577294137808e-10
1.7260615705409763e-7
2.406122301478098e-8
1.543294318162777e-7
2.1441442029964757e-12
4.487571806422009e-12
5.824981868104548e-12
6.714423649744357e-12
7.229968206410164e-12
7.638022473418777e-12
8.055791001724464e-12
1.1735505012676489e-11
1.718756489547675e-11
2.0936471952740635e-11
2.3125644615222855e-11
2.4855804557235473e-11
2.6620035498944474e-11
2.928799097955233e-11
3.924444611540913e-11
4.523270154818525e-11
4.996596776760832e-11
5.479111585666909e-11
5.858775986702153e-11
7.185394904565158e-11
8.210487779585568e-11
9.25704083530207e-11
9.588076155057091e-11
1.1563172951900729e-10
1.3526896869374026e-10
1.5037986916181193e-10
1.8524116545526787e-10
2.558988521694378e-10
3.2075127158873796e-10
9.562614809653077e-10
1.4461036289810353e-9
1.7959405619504258e-9
2.003820014168033e-9
2.1680601065987172e-9
2.3355517848701097e-9
6.219483716989227e-11
3.6427074613140894e-10
1.1077691218416541e-9
1.8456775579765275e-9
2.3148030656772746e-9
2.686974512867443e-9
3.066017470334777e-9
1.0007039402442545e-11
5.320420598404768e-11
3.2523805678246594e-10
1.1107215703711409e-9
1.8522373550472365e-9
2.44359815083955e-9
3.0463457108658997e-9
6.01345902851753e-13
1.876692465129545e-12
5.37667719135055e-13
1.690570694463802e-10
1.010387679963931e-9
1.8989176419232877e-9
2.787237257970414e-9
4.1585813824159553e-13
8.954367537184473e-13
3.5859701635025044e-13
-2.2090861740365562e-11
1.4380456475645412e-10
1.1146575180991208e-9
2.364226764724182e-9
3.8130034164780645e-13
7.397916342877616e-13
1.185190123911711e-12
1.2691770794266958e-12
-3.145701494347781e-11
2.081319493613825e-11
1.6402910132246874e-9
4.431716302108613e-13
9.061963189610533e-13
1.287809272635563e-12
1.6552615335522058e-12
1.3210459333745827e-12
-4.1157009238282205e-11
2.1176290990657244e-10
8.510054454352888e-8
3.245633435402667e-8
7.1131987374986476e-9
4.51442638875849e-10
9.418162140516407e-11
6.751423372550178e-11
8.410781520668981e-11
9.686788013022472e-8
3.4828648158966876e-8
1.8417800099623065e-9
1.5667151082411252e-10
4.284670150021043e-11
2.2808970310397185e-11
9.252846275090645e-8
2.978387100139816e-8
2.051958089919463e-9
6.870255080860363e-11
2.0130862355763983e-11
1.0338294733646834e-7
3.319340148855184e-8
5.015096421745057e-10
2.7305033881002576e-11
1.0955240411649483e-7
2.532726480706186e-8
4.360148572093216e-10
1.3012545434227647e-7
1.7984039388583356e-8
1.1348294524562093e-7
1.552551080210063e-12
3.3119255423701626e-12
4.335842958354978e-12
5.018799751597235e-12
5.415003797032989e-12
5.728646525796081e-12
6.04975598856525e-12
8.861767788230608e-12
1.311957162244982e-11
1.605547101508591e-11
1.777103952922911e-11
1.91269958932382e-11
2.0509648577155003e-11
2.2700459481256052e-11
3.062687575869384e-11
3.5399052485431677e-11
3.917140410451792e-11
4.3016939226820415e-11
4.6133799144864725e-11
5.6786637921987436e-11
6.502125947999856e-11
7.342815465639675e-11
7.609109933646095e-11
9.195610991686016e-11
1.077426279267535e-10
1.1972272382434489e-10
1.47614077345523e-10
2.0331605806275735e-10
2.4045241340259495e-10
7.300413375387586e-10
1.113538813393342e-9
1.3884759836013269e-9
1.5520229064841246e-9
1.6812446075138685e-9
1.8130257172090087e-9
4.9115381562379474e-11
2.9005512745350665e-10
8.892730879203058e-10
1.4852778323382846e-9
1.864297593562857e-9
2.1649851099686436e-9
2.471221806089054e-9
7.908805588327547e-12
4.23848121938002e-11
2.627187949463157e-10
8.990746341812519e-10
1.4988540416932594e-9
1.9770459503012127e-9
2.4644527154101467e-9
4.66725321298914e-13
1.4632755936764293e-12
4.588679000722676e-13
1.3672965780838025e-10
8.1046491989059e-10
1.5197708439521602e-9
2.228939717198118e-9
3.208623177829737e-13
6.915016209117236e-13
2.7074223558393057e-13
-1.7365222174298e-11
1.1484545620765035e-10
8.773595783350663e-10
1.8554088769975628e-9
2.904305168028233e-13
5.665758312826295e-13
9.17543191338135e-13
9.932246782718848e-13
-2.424159679472701e-11
1.803351050943272e-11
1.2578790183481048e-9
3.334325353063798e-13
6.885348102299458e-13
9.842850132905336e-13
1.2722171415994532e-12
1.0256898776113425e-12
-3.0998866200916246e-11
1.6212314923679822e-10
6.539403832445475e-8
2.58191305754897e-8
5.697054022860343e-9
3.598998395312597e-10
7.314326882152084e-11
5.1810644545500666e-11
6.40911691583985e-11
7.826143724748021e-8
2.8229337452220914e-8
1.488309357834019e-9
1.2571778135889393e-10
3.427535575746309e-11
1.8073912601978427e-11
7.496975812918416e-8
2.3990882147019398e-8
1.6374900902357031e-9
5.4863579575528996e-11
1.6132407516602494e-11
8.265711416415996e-8
2.628612267102753e-8
3.9308933590002945e-10
2.147467826126873e-11
8.587475043352677e-8
1.959858319730481e-8
3.345773238799322e-10
9.955593974567652e-8
1.3608705382395699e-8
8.444753998831866e-8
1.103299537715174e-12
2.396649012544232e-12
3.1651411674733873e-12
3.679527961440749e-12
3.978244145841801e-12
4.214772367127246e-12
4.456968179332694e-12
6.557869067605035e-12
9.819874384858103e-12
1.2076809602954964e-11
1.3396650806044271e-11
1.4439925930918409e-11
1.550374495754111e-11
1.728224209434014e-11
2.3501973783056877e-11
2.725103007268232e-11
3.021478276314899e-11
3.323601733379609e-11
3.579995698541245e-11
4.4274755847231494e-11
5.082523224509412e-11
5.7512853697770477e-11
5.9711737594805e-11
7.240128174175935e-11
8.503286118220242e-11
9.459992718255563e-11
1.1691943871773523e-10
1.610924205675925e-10
1.764447544918835e-10
5.455055060918955e-10
8.399097125523253e-10
1.0520750224854624e-9
1.1784713544319659e-9
1.278347107730435e-9
1.3802015851023295e-9
3.808784963093131e-11
2.2701205942599342e-10
7.036540266541408e-10
1.1796687553659756e-9
1.4826224028431537e-9
1.7229675154677507e-9
1.9677468425021195e-9
6.147537603452261e-12
3.32336382373745e-11
2.1030651885257016e-10
7.241115943807369e-10
1.2085075493404393e-9
1.5946479246427492e-9
1.9882314823530574e-9
3.564890453913103e-13
1.1148905032511734e-12
2.891489714801856e-13
1.1056548916705358e-10
6.531291054999445e-10
1.2231861678432743e-9
1.7931399916857155e-9
2.4550520788512533e-13
5.233620845666601e-13
1.7770993305610292e-13
-1.3857463753351447e-11
9.235235164163726e-11
6.98123718559421e-10
1.4728898497479202e-9
2.1955639649110243e-13
4.252246348311719e-13
6.972796974413023e-13
7.574599032046509e-13
-1.8980087242137234e-11
1.547812291401611e-11
9.786209536251978e-10
2.4771144896304387e-13
5.115178847951815e-13
7.363925708409184e-13
9.593085902224245e-13
7.711662551691649e-13
-2.3712433417732808e-11
1.259271909819546e-10
4.915086421484021e-8
2.018494362451467e-8
4.5096407861704095e-9
2.8453243100184747e-10
5.57535807971322e-11
3.8868712869122305e-11
4.7671036865286825e-11
6.24529720071328e-8
2.2708724652880075e-8
1.2002809792045636e-9
1.0052990306818941e-10
2.7126311171811046e-11
1.4119154607310904e-11
6.061664737978381e-8
1.9376972400222922e-8
1.3150755054477348e-9
4.393638927384312e-11
1.290500067179381e-11
6.651007469988586e-8
2.1015857496666515e-8
3.1168613426010285e-10
1.7045464477709745e-11
6.811914624241284e-8
1.537400500805252e-8
2.603503099352278e-10
7.729341701950675e-8
1.0444627401056505e-8
6.37083167158911e-8
7.706124734151238e-13
1.7019699572646372e-12
2.2670695004417242e-12
2.646799137913556e-12
2.8675650186030198e-12
3.0424316617619624e-12
3.221543686168666e-12
4.7554083644338555e-12
7.202660232063095e-12
8.902391183581745e-12
9.89720729672297e-12
1.068364750403836e-11
1.1485582860906609e-11
1.2904569634029567e-11
1.7699822109576734e-11
2.0593861834049655e-11
2.288175687976627e-11
2.5214030924631984e-11
2.7311032418208477e-11
3.3963193954428126e-11
3.910222781811135e-11
4.434908617848492e-11
4.619308822909044e-11
5.625325259593328e-11
6.626687498545401e-11
7.392448741293057e-11
9.17031308109837e-11
1.2678947894659024e-10
1.268094915866342e-10
3.988274896019234e-10
6.200373944662332e-10
7.804690824821066e-10
8.762238563156511e-10
9.518938487457108e-10
1.0290631366686406e-9
2.8933974349956588e-11
1.7408303266437296e-10
5.466863094908628e-10
9.209211106595687e-10
1.1593932434259708e-9
1.3485873767629862e-9
1.5412715573620118e-9
4.688683149921521e-12
2.5567968449605487e-11
1.6606620730949207e-10
5.772685562518644e-10
9.657135069792318e-10
1.2753595642177e-9
1.5909731333559996e-9
2.677771280856635e-13
8.287515909308991e-13
9.637309785816966e-14
8.888805938945925e-11
5.258227592560557e-10
9.845443197043303e-10
1.443173621222652e-9
1.8625043192099298e-13
3.880354184180459e-13
9.409712091700536e-14
-1.1168487085286204e-11
7.437178077704603e-11
5.589630011113351e-10
1.1774939507850364e-9
1.6486345191994743e-13
3.128255134317454e-13
5.198539648414375e-13
5.621554328933692e-13
-1.5055836869860726e-11
1.3100300139250944e-11
7.706028353739386e-10
1.8199439359995992e-13
3.7184023398735e-13
5.394901490962139e-13
7.097204260049029e-13
5.609265459828317e-13
-1.8431763041566767e-11
9.913575372863545e-11
3.6114486250051e-8
1.5460682255423447e-8
3.5152908190889558e-9
2.2234286866768973e-10
4.168285039713761e-11
2.8508750405487267e-11
3.463038740784451e-11
4.900353375919401e-8
1.8038528573439047e-8
9.60841636334718e-10
7.973527192745201e-11
2.1159619529841682e-11
1.0845383752691293e-11
4.863449122990515e-8
1.5602895538143434e-8
1.0571450514933469e-9
3.510626204794745e-11
1.0256190792170035e-11
5.356193653585261e-8
1.6877646709392678e-8
2.4893012956362826e-10
1.3594426895743485e-11
5.4442279629882934e-8
1.218863929869421e-8
2.0500020103953266e-10
6.076395878608875e-8
8.128998235528387e-9
4.8760275388728426e-8
5.300009467694365e-13
1.1878186034285559e-12
1.5950499873910302e-12
1.869827592171873e-12
2.0297652226324195e-12
2.1565065143527926e-12
2.2863866164891096e-12
3.381602409360869e-12
5.178215726581351e-12
6.431120273578143e-12
7.165032628040716e-12
7.745284366427774e-12
8.336980434412215e-12
9.444739839183303e-12
1.3069013196347336e-11
1.5259050686245165e-11
1.6990380130135273e-11
1.8755311403329495e-11
2.0448925299963256e-11
2.5583987382712014e-11
2.954731358190329e-11
3.359408132924894e-11
3.51458885393786e-11
4.3019990412802143e-11
5.085389748671252e-11
5.69655566388076e-11
7.10000722528071e-11
9.878764389738556e-11
8.938577290378992e-11
2.8550918932600594e-10
4.4808769702621166e-10
5.668473990025678e-10
6.378824891348934e-10
6.940229947086866e-10
7.512757703023728e-10
2.150338219204457e-11
1.305358449533585e-10
4.158502306229951e-10
7.044248216481191e-10
8.886097233254102e-10
1.034739747145778e-9
1.1835656083946577e-9
3.5039629900163578e-12
1.9260786666819157e-11
1.2886745963303582e-10
4.5350381113496314e-10
7.612719877274376e-10
1.0066337072888232e-9
1.2567209216221497e-9
1.9785876266655627e-13
6.008061382673176e-13
-7.562186149568674e-14
7.0681071388407e-11
4.2060334000520153e-10
7.881485609158394e-10
1.1556015981369102e-9
1.401472016664312e-13
2.820401554827827e-13
2.7819091786037778e-14
-9.033890146283948e-12
5.964533383974764e-11
4.4792897694242016e-10
9.430303603953195e-10
1.2312600917992623e-13
2.2590365830461493e-13
3.803867484761991e-13
4.056859672966269e-13
-1.2041327010610801e-11
1.0875871693574416e-11
6.117206296623541e-10
1.325693486840395e-13
2.650241204283296e-13
3.876233667274003e-13
5.157262220809636e-13
3.9452628678148945e-13
-1.4514739003485586e-11
7.879495205116232e-11
2.595891255505936e-8
1.1580702388639603e-8
2.691180998664451e-9
1.7129503033230638e-10
3.0577377846861343e-11
2.046990550172101e-11
2.4616038358978067e-11
3.767191861347895e-8
1.4088805891363194e-8
7.598304601647349e-10
6.247547475223983e-11
1.6220801197824887e-11
8.177260310359094e-12
3.85279048507585e-8
1.2458125097107909e-8
8.459720446273751e-10
2.7851209531371852e-11
8.06343892729125e-12
4.292933128869755e-8
1.3539947838490824e-8
1.992148404920834e-10
1.083888090877102e-11
4.361091653541368e-8
9.72145411872796e-9
1.626798305668423e-10
4.818504398594271e-8
6.396748786673622e-9
3.7819914339672967e-8