5.181924397976772e-9
7.890140387121157e-9
9.034176456398243e-9
9.76222397911285e-9
1.0178290109299674e-8
1.0506628622511438e-8
1.0841144855845472e-8
1.3808658133179589e-8
1.689879354108547e-8
1.891180190027978e-8
2.0071197165001513e-8
2.0986271262798828e-8
2.1918799520339905e-8
2.192396278712927e-8
2.5477895719203878e-8
2.7563284208017866e-8
2.9210835443064445e-8
3.0889821806046723e-8
3.067717590786857e-8
3.390397834256923e-8
3.644106026082074e-8
3.9027694381826616e-8
3.828387804823725e-8
4.17919815757968e-8
4.5346930791772226e-8
4.641868880520216e-8
5.112444338574969e-8
5.762604917658774e-8
3.7783105481072917e-7
8.25803930015236e-7
1.0814891600008284e-6
1.2493645888125133e-6
1.3463280301665664e-6
1.4228147959127317e-6
1.500805629499836e-6
1.6066555595448764e-8
1.0543834910026571e-7
2.8275313634849456e-7
4.3783315864500317e-7
5.318371838148266e-7
6.063271707985441e-7
6.821836878498627e-7
-2.925427101525351e-9
3.1473566943142677e-9
4.0282285527102056e-8
1.4284828666325336e-7
2.289150844969879e-7
2.951531010577059e-7
3.6270148312736386e-7
-2.671622316673469e-9
-4.821476133410247e-9
-8.448497401005415e-9
-6.758364310654922e-10
6.658621486803245e-8
1.3103405433652465e-7
1.9202773491639551e-7
3.0031124591652116e-9
6.081611357791061e-9
8.406145452610528e-9
7.131319370051296e-9
1.253811068367686e-8
6.71171606178758e-8
1.2980209688603452e-7
1.3616378239180726e-8
2.732286785158147e-8
3.803922143910144e-8
4.765840692559498e-8
5.1505533728827565e-8
5.41390193288564e-8
1.201925222997128e-7
4.9001232805336246e-8
9.922007052859024e-8
1.3976475368802645e-7
1.7650138248664863e-7
2.051385563329253e-7
2.2908689083072115e-7
2.621190343472387e-7
0.0000645181424403687
9.888863365897262e-6
9.87797694715763e-7
-3.198139690278746e-7
4.2669593706616927e-7
1.8689970247115327e-6
6.815264129413426e-6
0.000024200929522256805
4.156343131685633e-6
-3.7493452025178607e-7
1.6685354403428449e-7
7.859671979753529e-7
3.073760591822708e-6
0.00001438024397711452
1.2119658143493374e-6
-3.5347922485803046e-7
3.9493770986921093e-7
1.634513597043953e-6
0.00001114991511573272
9.603929750460246e-7
-4.674547002997581e-7
8.85401336454217e-7
8.5009850332402e-6
1.2851895592929749e-7
2.102573728632687e-7
7.108241603636102e-6
4.7597204339687273e-7
4.632783828946825e-6
4.386174573542485e-9
6.798443739621625e-9
7.841404551278837e-9
8.506756971579373e-9
8.887416924075692e-9
9.18783541134509e-9
9.493915906852677e-9
1.223799821024955e-8
1.5175673987709802e-8
1.7096909085604146e-8
1.8204914989380936e-8
1.907951298225121e-8
1.9970815743714093e-8
2.0084882609055096e-8
2.3594279866601548e-8
2.565854770264318e-8
2.7289640866107682e-8
2.8951874940841588e-8
2.8838918862456674e-8
3.2115536842086274e-8
3.469066418076598e-8
3.7316242444411346e-8
3.6641765702105517e-8
4.027145700594884e-8
4.394768206640737e-8
4.5131390345826215e-8
5.00732400761505e-8
5.701550085850395e-8
3.3517969442895873e-7
7.525551774507305e-7
9.977951669467294e-7
1.1597998976455605e-6
1.2535891925287477e-6
1.3275884542435822e-6
1.4030457215919919e-6
1.7438076378163376e-8
1.0992568192719038e-7
2.9355951068359515e-7
4.5538328709103275e-7
5.541916394865165e-7
6.325200244218734e-7
7.122841704633998e-7
-1.986136724101018e-9
5.221810250288198e-9
4.646428029260247e-8
1.5643868959234848e-7
2.489058232225601e-7
3.208671773271691e-7
3.942835293854445e-7
-2.289582481714775e-9
-4.2485032943725416e-9
-7.193127317002654e-9
3.2264528840923844e-9
7.68359011683322e-8
1.469500296882442e-7
2.1467372863317137e-7
2.6299089775088394e-9
5.526826523377449e-9
7.831574231720974e-9
7.186997754281824e-9
1.4434207921392043e-8
7.49596102413109e-8
1.43786194382051e-7
1.189089551913304e-8
2.4797581906588866e-8
3.546131280233474e-8
4.520645717163736e-8
4.9919289355735774e-8
5.340692079154556e-8
1.2700764369989035e-7
4.282501214359622e-8
9.020492916306027e-8
1.3068901518089348e-7
1.6834718413689675e-7
1.9826143274396085e-7
2.2407282612783906e-7
2.602515136744587e-7
0.00005940800925337302
0.000010262298112848336
1.1304106451094553e-6
-2.7672477266889054e-7
3.9731957323977867e-7
1.7393962581504945e-6
6.355441939920913e-6
0.00002443055732274076
4.768592436287376e-6
-2.2163014495440448e-7
1.7215909379605617e-7
8.170143338968732e-7
3.2015526550520466e-6
0.000014626030275012667
1.6049572489889351e-6
-1.1915942036456752e-7
4.171578964368059e-7
1.7711586840829143e-6
0.000011461219460535271
1.086318333714222e-6
-1.6486203703883526e-7
9.741259871097368e-7
8.924010050813619e-6
6.635255696657429e-8
4.5008738396683656e-7
7.708879774458408e-6
4.287917082795049e-7
4.983473024938368e-6
3.662430350143122e-9
5.757530483472322e-9
6.682710547762381e-9
7.274623139081033e-9
7.613642387409295e-9
7.881176680046964e-9
8.153773907553276e-9
1.060934264073624e-8
1.3316406709051591e-8
1.5094671027591928e-8
1.612160676454571e-8
1.6932242375276313e-8
1.7758383363197053e-8
1.7970308648034852e-8
2.1337933298296216e-8
2.3323950732120105e-8
2.4893379748796036e-8
2.6492787599142058e-8
2.6489266617934605e-8
2.97318405501554e-8
3.2278717372245794e-8
3.487565967183512e-8
3.430037750209924e-8
3.796912050816831e-8
4.168248775579816e-8
4.2966175268381663e-8
4.8046100115576664e-8
5.531957643790743e-8
2.899562765742355e-7
6.65865194035034e-7
8.93325628938599e-7
1.0445856343842615e-6
1.1323585841564303e-6
1.201626470993018e-6
1.2722555789157511e-6
1.76566945511185e-8
1.0965393534986149e-7
2.9462333683283885e-7
4.5928232247972105e-7
5.604217561913233e-7
6.40610739366542e-7
7.222702646288562e-7
-1.2526561444981981e-9
6.606629357182452e-9
5.0868213725902214e-8
1.6639042462608228e-7
2.6421014366884485e-7
3.4089586866108394e-7
4.191293861557883e-7
-1.932742208290442e-9
-3.679554752868908e-9
-6.065910770660064e-9
6.9608344132183234e-9
8.609782962685282e-8
1.6174631951445697e-7
2.3582410937168915e-7
2.258361878514675e-9
4.899213714490695e-9
7.104564593373497e-9
6.8162440156752675e-9
1.608544005575594e-8
8.197630210368564e-8
1.572018682550926e-7
1.0190257975092417e-8
2.1977148433827455e-8
3.2292598859967664e-8
4.193807971280501e-8
4.711468108804673e-8
5.175663388903602e-8
1.324770006276484e-7
3.672772647309494e-8
8.008373863568571e-8
1.193798287366089e-7
1.570482811525431e-7
1.876505548409474e-7
2.1465462959291845e-7
2.5368950910940676e-7
0.000052894884510261514
0.000010189781026097153
1.2109040852873587e-6
-2.330929530484851e-7
3.5800692396939265e-7
1.5710499620070588e-6
5.752038801502456e-6
0.00002414118325622971
5.263073194988043e-6
-1.156655393393562e-7
1.7391034950141515e-7
8.258295425140828e-7
3.2408090122388934e-6
0.000014708871842506242
2.0536786886254353e-6
2.0850636502640755e-8
4.3893316643961155e-7
1.879292311486714e-6
0.000011597300689381672
1.377017407291932e-6
2.6112590538629014e-8
1.0602051512303228e-6
9.159711945050905e-6
2.075289413316755e-7
6.216988580580391e-7
8.10931999613757e-6
4.914340757500379e-7
5.299194480353257e-6
3.0055146080312257e-9
4.786309387537358e-9
5.586729029170626e-9
6.1004211633204785e-9
6.394912049296721e-9
6.627309370645156e-9
6.8641008230777255e-9
8.995884291277779e-9
1.141304065292399e-8
1.3008308143560048e-8
1.3930690190814721e-8
1.4658844831027814e-8
1.54009168967359e-8
1.568599490347804e-8
1.8819333755444044e-8
2.0672017464513534e-8
2.2136251807407705e-8
2.362843691651238e-8
2.3732615317579897e-8
2.685117189295056e-8
2.9298826557279732e-8
3.1794749221498114e-8
3.134264565999361e-8
3.495544798856469e-8
3.860926479807426e-8
3.9972179869432875e-8
4.507043253255233e-8
5.2529754843662413e-8
2.4533971244877903e-7
5.731932394589571e-7
7.769747846279583e-7
9.134546521890905e-7
9.928358821463937e-7
1.0554914732680685e-6
1.1193756339409709e-6
1.6897625368740305e-8
1.0459524752261036e-7
2.84782958068884e-7
4.4714414406970797e-7
5.47385837047166e-7
6.268688918972771e-7
7.078102748559997e-7
-7.091238778598257e-10
7.285394220450023e-9
5.306273287902714e-8
1.715357258841251e-7
2.7286107838426954e-7
3.526603662540945e-7
4.340592470747773e-7
-1.6045467686983536e-9
-3.1277950585044225e-9
-5.065831610155146e-9
1.020811938377074e-8
9.367909676689236e-8
1.7414674815322865e-7
2.536184276986478e-7
1.900875287344708e-9
4.234582176153583e-9
6.273765712871597e-9
6.124950282240698e-9
1.7332101829035894e-8
8.781257207631416e-8
1.6920821130786483e-7
8.563648536906142e-9
1.9005354176803597e-8
2.8675931318973278e-8
3.7975496634330864e-8
4.325004488511857e-8
4.912054828848879e-8
1.3624323619142618e-7
3.088769289276626e-8
6.936972075039513e-8
1.0633186395787062e-7
1.4297525146057565e-7
1.7354287755937655e-7
2.0098185196581077e-7
2.4232749822560146e-7
0.00004562724393689095
9.67247553749783e-6
1.2268053451738798e-6
-1.9071056698334546e-7
3.130429829364912e-7
1.3774777882174588e-6
5.0534085426950215e-6
0.000023270043587388977
5.565059142232152e-6
-3.566576659717036e-8
1.708548881836054e-7
8.070570759762043e-7
3.1720005197531315e-6
0.000014612635208636823
2.473114005707419e-6
1.0687773461279035e-7
4.5338343085967486e-7
1.9439147911590424e-6
0.000011611184575561718
1.7330399014822637e-6
1.3267068841986528e-7
1.136189547016509e-6
9.270201603865342e-6
4.7378340127387445e-7
7.283602171693502e-7
8.332061017119973e-6
6.342309440504491e-7
5.566921249757986e-6
2.444463955665035e-9
3.935063445800433e-9
4.6140673226372665e-9
5.051066616059297e-9
5.3017282461362595e-9
5.4995706975583515e-9
5.701194872751275e-9
7.509060529834419e-9
9.606346933991429e-9
1.099649851832164e-8
1.180102105812404e-8
1.2436213473627285e-8
1.3083585446636602e-8
1.3406253122086956e-8
1.623039081266602e-8
1.790426500844036e-8
1.9227346036274807e-8
2.057571998271924e-8
2.0771164849319692e-8
2.3678953026368382e-8
2.595907205832073e-8
2.82843822106022e-8
2.7967959854211975e-8
3.142451254675469e-8
3.491696603219071e-8
3.6328217156741454e-8
4.1309670543524106e-8
4.877801812400552e-8
2.0441226082728348e-7
4.833982721199831e-7
6.604102827607649e-7
7.79800287480267e-7
8.493963664553157e-7
9.043350287692821e-7
9.60352022694212e-7
1.5389310413040078e-8
9.526436199794026e-8
2.639074093616785e-7
4.1797271400257e-7
5.135409600155831e-7
5.893237681129149e-7
6.664966917430547e-7
-3.497634025644428e-10
7.274791052979315e-9
5.2636921698171746e-8
1.7048396775583727e-7
2.7247678953616287e-7
3.5303288035884423e-7
4.351935435135883e-7
-1.3180698958251203e-9
-2.621326653255584e-9
-4.201518525605277e-9
1.2699268963973382e-8
9.880194513328139e-8
1.8265933986872346e-7
2.659024449967139e-7
1.5795844924351436e-9
3.5871320647658485e-9
5.408239667519122e-9
5.242626325290264e-9
1.8060559018206993e-8
9.202715444275808e-8
1.786345275814478e-7
7.104542418375071e-9
1.6111089674269447e-8
2.4882064655677055e-8
3.358562673790556e-8
3.864754297784979e-8
4.558556205054966e-8
1.3811145773469568e-7
2.563806207697402e-8
5.8882608188148576e-8
9.250611164059015e-8
1.2706096925623535e-7
1.5676736598798007e-7
1.8381201261384382e-7
2.2666312213360374e-7
0.00003846631325009688
8.768325555772658e-6
1.180478585889162e-6
-1.519785484602554e-7
2.6729017753707586e-7
1.1785833371247288e-6
4.33090955119557e-6
0.000021727589002134227
5.621075700541088e-6
2.5209994918153788e-8
1.6194626217699242e-7
7.580395365435069e-7
2.9842497507942315e-6
0.00001424968494003156
2.7976985825158054e-6
1.625445953234351e-7
4.541107916219356e-7
1.947445953520575e-6
0.000011500927904311811
2.067919695213107e-6
1.9034711915627418e-7
1.1897787189727565e-6
9.283108663187881e-6
7.743984065617744e-7
7.905900358020377e-7
8.437884799873677e-6
8.106648929889193e-7
5.771710144298382e-6
1.9581302538189107e-9
3.189196381285894e-9
3.756131343611761e-9
4.121798761712201e-9
4.331630412245028e-9
4.49726539567506e-9
4.6661052454480556e-9
6.177193086121844e-9
7.955604403246636e-9
9.138215731525592e-9
9.823058469780788e-9
1.0363818753912311e-8
1.091497398483044e-8
1.1237795800869023e-8
1.3706410152994652e-8
1.5172436630486534e-8
1.6331320800556556e-8
1.751238552097137e-8
1.7768781385637218e-8
2.0393438047752842e-8
2.244917009709085e-8
2.4545867330196363e-8
2.4361721070559817e-8
2.756667502810441e-8
3.0801190108423314e-8
3.2219937834555255e-8
3.6944679200852044e-8
4.422265218653179e-8
1.6837654315889304e-7
4.0250794850323746e-7
5.527959039689464e-7
6.547610201080413e-7
7.143127347857755e-7
7.613293071314833e-7
8.09268165758889e-7
1.3549597141885253e-8
8.334445611370404e-8
2.3439849816280295e-7
3.7436477375297695e-7
4.615715952623897e-7
5.307266691079369e-7
6.011523261358046e-7
-1.0120741412461303e-10
6.806060226322123e-9
4.972932407485927e-8
1.626746329613168e-7
2.6169552815069394e-7
3.4005672274058617e-7
4.1996941795134127e-7
-1.0653953587321969e-9
-2.1610124006538707e-9
-3.4579574416097184e-9
1.4206030033173593e-8
1.0053701451616453e-7
1.8552496591715875e-7
2.7014143915651627e-7
1.2961595848916111e-9
2.9909022467240173e-9
4.564709839459576e-9
4.2844050690636475e-9
1.8196115952912122e-8
9.408126470835469e-8
1.8414356875353158e-7
5.811996217237023e-9
1.342435682265109e-8
2.112544312699685e-8
2.9011770473628857e-8
3.361041445791952e-8
4.130122221956955e-8
1.377233844730212e-7
2.0977961836303695e-8
4.910221698615715e-8
7.869104966469151e-8
1.1019833526908814e-7
1.381857214761268e-7
1.6398838879198015e-7
2.0730717900084725e-7
0.00003208866798529895
7.63745337990003e-6
1.0861496626948607e-6
-1.1856192877930806e-7
2.2493206239239244e-7
9.916164658187809e-7
3.6474900207883116e-6
0.00001948434624381609
5.399367414988762e-6
6.846746869893657e-8
1.4735292796945923e-7
6.822888762354926e-7
2.69009601895503e-6
0.000013509494925219782
2.9763112105897717e-6
1.9672726504126844e-7
4.3787165051617457e-7
1.8783157130339828e-6
0.000011200442167184412
2.3261872732587387e-6
2.215482059001286e-7
1.2081491702463479e-6
9.182832993533025e-6
1.0460800253825077e-6
8.239338198313487e-7
8.442778039947312e-6
9.817007617926453e-7
5.897001012299711e-6
1.5497704819739325e-9
2.551947624614051e-9
3.0189565625219704e-9
3.3205065215430297e-9
3.4936480541824614e-9
3.6303811291793784e-9
3.769770103154887e-9
5.0227147242027205e-9
6.5086930095828166e-9
7.498404730395538e-9
8.071825770175674e-9
8.524681549812697e-9
8.986227951798445e-9
9.281413830544452e-9
1.1384176055497888e-8
1.2634544918666e-8
1.3623001034217664e-8
1.463036681002075e-8
1.49090870509499e-8
1.7204597930887493e-8
1.9000138264455765e-8
2.0831631179918512e-8
2.0757967501927898e-8
2.363440224752215e-8
2.6533454836275082e-8
2.7911115042401134e-8
3.225085522550624e-8
3.91338382147968e-8
1.3721393445948922e-7
3.328916551113854e-7
4.5926363331649867e-7
5.453126517966716e-7
5.956443099250904e-7
6.353855882274717e-7
6.759044456450485e-7
1.1673964871323615e-8
7.089020063724904e-8
2.007067749247689e-7
3.224703032333039e-7
3.986285899224448e-7
4.5902362818897863e-7
5.205302924597959e-7
6.619445470701247e-11
6.1011621196204875e-9
4.4775012383908174e-8
1.4835150496578493e-7
2.40400605777997e-7
3.1335130277543065e-7
3.8773886905123827e-7
-8.483342168366359e-10
-1.7561912495845331e-9
-2.830522848366951e-9
1.4569648343934113e-8
9.805255065816799e-8
1.811416076318121e-7
2.6400593768105464e-7
1.0517976423831215e-9
2.466334315593374e-9
3.78970922139585e-9
3.3639585300375113e-9
1.7676879770340517e-8
9.328915204167756e-8
1.841695783487339e-7
4.696145581896684e-9
1.1047147188851564e-8
1.7624715914137093e-8
2.454134420825826e-8
2.8503856958655798e-8
3.653033690636883e-8
1.346299227183344e-7
1.6949206087996335e-8
4.0422706148889827e-8
6.572776427212073e-8
9.349607929880862e-8
1.1898783667260098e-7
1.4276188044602564e-7
1.8533723739762024e-7
0.000026785682125712162
6.491495386853621e-6
9.649509125068064e-7
-9.16316549501597e-8
1.8816568316234515e-7
8.277348856159773e-7
3.0459617249943538e-6
0.00001671769857797751
4.9069425489786044e-6
9.309750090027137e-8
1.2882353740616355e-7
5.899514730408171e-7
2.3284772857879735e-6
0.00001232115402113081
2.9752934065745947e-6
2.1166722900435806e-7
4.039003486454694e-7
1.733547801474763e-6
0.000010621736770755107
2.464512701200854e-6
2.332117108010099e-7
1.1804337329953852e-6
8.909232873309915e-6
1.2522806105785811e-6
8.302187456498094e-7
8.318071095257266e-6
1.1192549266850762e-6
5.926051480310204e-6
1.2165204008438154e-9
2.017953366069544e-9
2.396964460919598e-9
2.6419691170193663e-9
2.782756287985205e-9
2.893929515430977e-9
3.007270387898561e-9
4.0346200089246285e-9
5.265089555353672e-9
6.085317879356752e-9
6.560774212147414e-9
6.936224886523531e-9
7.3188779226659275e-9
7.577138186373214e-9
9.337379563648525e-9
1.0384593979625069e-8
1.1212340014982356e-8
1.2055934550053375e-8
1.2322181966872424e-8
1.4276802034449223e-8
1.580349547032396e-8
1.736091918267972e-8
1.7361418413765417e-8
1.9863750932855604e-8
2.2382108919640853e-8
2.3667884400557543e-8
2.7525206355382417e-8
3.382787807831444e-8
1.0974751263976069e-7
2.7142403766117275e-7
3.76944840979685e-7
4.489271203021822e-7
4.910768156879423e-7
5.243556541003482e-7
5.582853559853848e-7
9.911009836959844e-9
5.970084047667628e-8
1.6855782396569963e-7
2.7136304607602624e-7
3.3583699109097977e-7
3.8696588951051194e-7
4.390385205853523e-7
1.620781497330303e-10
5.345418630181277e-9
3.867778141137113e-8
1.293026500986692e-7
2.1088771312256188e-7
2.756257951215921e-7
3.4163274525836143e-7
-6.684687935738268e-10
-1.4124461447197668e-9
-2.310018879899462e-9
1.3817642730639134e-8
9.105618214097082e-8
1.6878176145760787e-7
2.463687039210749e-7
8.419349007891256e-10
2.0097705026921585e-9
3.102935971980911e-9
2.5575304877311042e-9
1.648007119854986e-8
8.90733370618426e-8
1.7734915466278357e-7
3.746434476370931e-9
8.991094680226785e-9
1.4506739527043975e-8
2.0401913657655748e-8
2.3650429577979232e-8
3.1564748835080906e-8
1.2840800259853654e-7
1.3521788201125264e-8
3.291981091386695e-8
5.415309593612651e-8
7.790164546730158e-8
1.0033680748604395e-7
1.2146262958150504e-7
1.620015141545957e-7
0.00002208472400061032
5.4736372834376215e-6
8.34991793338511e-7
-7.055294934840596e-8
1.555102349349943e-7
6.831226097769442e-7
2.515528755880283e-6
0.00001392578415753732
4.2492995393392115e-6
1.004870060391701e-7
1.096491950846371e-7
4.972631861951411e-7
1.963481015911221e-6
0.00001073378038579587
2.7923707564716342e-6
2.0890873219215947e-7
3.5562339336934965e-7
1.5270470793739472e-6
9.705817845344278e-6
2.455296838605365e-6
2.2813277822969653e-7
1.1014472234853194e-6
8.396700257617077e-6
1.3709960154384822e-6
8.046442622107111e-7
8.016577734787793e-6
1.2040668196717688e-6
5.839489562038215e-6
9.518931066119448e-10
1.5813038218442283e-9
1.883662196842304e-9
2.079475024921163e-9
2.192047758851595e-9
2.280944216579129e-9
2.371624747530106e-9
3.194583551123181e-9
4.201693521478822e-9
4.87431260761327e-9
5.2643873164593195e-9
5.572416689015211e-9
5.886423068307136e-9
6.1155661777248945e-9
7.575677350570202e-9
8.4444131283847e-9
9.131043264371984e-9
9.830907594423083e-9
1.0066051664813397e-8
1.170081496268462e-8
1.2976242136992903e-8
1.4277521146385667e-8
1.4312014165015459e-8
1.643383846148743e-8
1.8566417471290455e-8
1.97167075201579e-8
2.304264962620456e-8
2.8627917800401027e-8
8.57503877518965e-8
2.1561327356716545e-7
3.023322018858881e-7
3.6163256952715497e-7
3.963858220795036e-7
4.238257498608266e-7
4.518058914586436e-7
8.303817109893132e-9
5.0420382431076613e-8
1.4172586420744995e-7
2.2783058124193875e-7
2.8187291962418877e-7
3.2472884607310134e-7
3.683775984264792e-7
1.9871062974070426e-10
4.6300735955894434e-9
3.259053639704098e-8
1.089009968804502e-7
1.782560122823617e-7
2.3334968707804436e-7
2.895181488669289e-7
-5.240565283366921e-10
-1.1259925788541366e-9
-1.876100668433266e-9
1.2216842339445599e-8
8.023826518174696e-8
1.494192874655815e-7
2.1851275060354728e-7
6.64123026530648e-10
1.6107361437047998e-9
2.5074073419270445e-9
1.9128614430340788e-9
1.4680731345844305e-8
8.12951964239088e-8
1.6318620951661398e-7
2.9525935453747827e-9
7.217802489622693e-9
1.1804848051841677e-8
1.673353597267442e-8
1.930059290183609e-8
2.6683288109460077e-8
1.1869531523249577e-7
1.0660597460125353e-8
2.6463452122697416e-8
4.413709477225737e-8
6.403699910322428e-8
8.318935277877949e-8
1.0132676207879772e-7
1.3860655426261337e-7
0.00001759093524910312
4.621223154382849e-6
7.089864278208325e-7
-5.401724432048952e-8
1.2528458979688822e-7
5.514996067083318e-7
2.0343862646414675e-6
0.000011573677678379378
3.565488633964611e-6
9.444045122194313e-8
9.255529535772166e-8
4.171796842688127e-7
1.6471033690186202e-6
8.983100217180918e-6
2.469171784625606e-6
1.9232174547359343e-7
3.0133933390648004e-7
1.2938883771784953e-6
8.48187024959635e-6
2.295607311515974e-6
2.0913432812393873e-7
9.768631396889138e-7
7.612247407473758e-6
1.3884814896994148e-6
7.44419335136845e-7
7.482696326370371e-6
1.2211793946460831e-6
5.607304044517323e-6
7.45669370957842e-10
1.234323246115129e-9
1.4715470940637386e-9
1.6255599954561552e-9
1.7141515718392128e-9
1.7841461822757259e-9
1.8555423109968661e-9
2.4958168902871568e-9
3.3019886247764355e-9
3.842566491941194e-9
4.156345189415767e-9
4.404203518648248e-9
4.656844155121273e-9
4.866731842147059e-9
6.067704005265847e-9
6.782969938430697e-9
7.348403896386612e-9
7.924697400306928e-9
8.131101115263037e-9
9.486875832362083e-9
1.0544161336938063e-8
1.1622858119065154e-8
1.1663952002808365e-8
1.343450389614341e-8
1.521220687584161e-8
1.6202226491493952e-8
1.9003585215722685e-8
2.3807373858642112e-8
6.640364896709141e-8
1.678067770084371e-7
2.371554327322814e-7
2.848055541785414e-7
3.127661297118752e-7
3.3484852596027766e-7
3.5736366356622815e-7
6.817019863765041e-9
4.214549708209147e-8
1.1987201332468035e-7
1.9302245500549968e-7
2.38924383664332e-7
2.7532624952183764e-7
3.124014160877609e-7
1.982037071462128e-10
3.943848167290392e-9
2.7457807257872207e-8
9.091160879941385e-8
1.4871374220877648e-7
1.9466766215501717e-7
2.41515357943201e-7
-4.0894669402917227e-10
-8.851485037616892e-10
-1.4917320956878655e-9
1.0333328776543523e-8
6.766265751214491e-8
1.2646982987667432e-7
1.852243492592627e-7
5.196792741434482e-10
1.2696957660578053e-9
2.0034736097069966e-9
1.4455192321718645e-9
1.2528524612402165e-8
7.071390430315787e-8
1.4294412702828814e-7
2.3095038005196286e-9
5.701133471613837e-9
9.493631569130598e-9
1.3584239582832103e-8
1.5595406891333874e-8
2.212850763469412e-8
1.0564277677862963e-7
8.33933243026862e-9
2.0927764350572238e-8
3.556428564066487e-8
5.211036776231308e-8
6.81315008194752e-8
8.329327148676845e-8
1.1637023235471623e-7
0.00001365517941900783
3.840352193677493e-6
5.916513048953191e-7
-4.070054567681799e-8
9.864752124407923e-8
4.353072918064118e-7
1.608325561948878e-6
9.850535887966357e-6
3.0087783086047294e-6
8.247119472413957e-8
7.854046010525778e-8
3.5360446958184514e-7
1.3965379259441073e-6
7.396252827868198e-6
2.0877209788539837e-6
1.6824639035969002e-7
2.515417412900697e-7
1.079229114729659e-6
7.104470045216115e-6
2.021169211513918e-6
1.8159288544943453e-7
8.280340349714185e-7
6.5961017452689255e-6
1.3068642506688268e-6
6.549475573914353e-7
6.7039999518954435e-6
1.1663167051965424e-6
5.201162261904616e-6
5.861549552012167e-10
9.646425767655935e-10
1.1487900727001363e-9
1.2686122357598948e-9
1.3375841715291776e-9
1.392082355256061e-9
1.4476787723429093e-9
1.938480302375107e-9
2.5663424963776868e-9
2.989176533437106e-9
3.234871001679619e-9
3.428956888154404e-9
3.6267873037820997e-9
3.812742546449e-9
4.782046105946641e-9
5.360799883883469e-9
5.81836680433638e-9
6.2847074599440675e-9
6.475726556197348e-9
7.592683195185603e-9
8.463650368741745e-9
9.352242874039131e-9
9.396281088561123e-9
1.0863115197935734e-8
1.233521355617559e-8
1.3166230684341773e-8
1.5495412230372927e-8
1.953577847993023e-8
5.152545645562978e-8
1.2972465883680985e-7
1.8359294312551424e-7
2.208484615071679e-7
2.427514036495084e-7
2.6004999550306577e-7
2.7768770579445034e-7
5.396697779381413e-9
3.366410666564888e-8
9.864545383172525e-8
1.604204712327153e-7
1.9924424080847506e-7
2.300354533455864e-7
2.6139465969586843e-7
1.7539330493068908e-10
3.2331273183643645e-9
2.3344411858441524e-8
7.717964732355071e-8
1.2603146962275337e-7
1.6488040442754056e-7
2.0448497220744726e-7
-3.1860301406065655e-10
-6.875134574359636e-10
-1.1517737481037224e-9
8.792670194807186e-9
5.626193379517352e-8
1.0511207821648013e-7
1.5394019048212722e-7
4.0648852250014547e-10
9.897366812300832e-10
1.5817032497328056e-9
1.1146856727207062e-9
1.0400938127306178e-8
5.9166403964003474e-8
1.2014112692366253e-7
1.8030947325117616e-9
4.4403777966779575e-9
7.517894039129406e-9
1.0901611675863613e-8
1.2516386663539402e-8
1.8070597967377645e-8
9.030158233189994e-8
6.5074268320367865e-9
1.6300638950065544e-8
2.8203966837991977e-8
4.192688194252583e-8
5.5237885395325425e-8
6.775423883770145e-8
9.613197609921116e-8
0.000010551009512803535
3.0449871042350418e-6
4.865054684834428e-7
-2.980810559254697e-8
7.679415185677768e-8
3.3824670599760016e-7
1.2499813312506329e-6
8.32099552539624e-6
2.582985488902937e-6
7.256589497668254e-8
6.563087335871775e-8
2.954009061888375e-7
1.1683939464602423e-6
6.229936336203041e-6
1.7531947997920091e-6
1.4397262957209544e-7
2.1310533905654748e-7
9.136789343461759e-7
5.836699245053252e-6
1.7050488679185546e-6
1.535044208745486e-7
6.881705441969156e-7
5.493082060531909e-6
1.1535556597082943e-6
5.522987904670548e-7
5.73994052640307e-6
1.049532667292338e-6
4.62441212605997e-6
4.6324162066805994e-10
7.569324930925363e-10
8.994278786407536e-10
9.922043847972143e-10
1.0456139014483646e-9
1.0878169050685406e-9
1.1308797112548107e-9
1.5094561929902454e-9
1.992020863540092e-9
2.31732273402502e-9
2.506356282941376e-9
2.655682032430833e-9
2.8078904873143284e-9
2.9555049050534522e-9
3.7141845301890114e-9
4.1681347350304426e-9
4.527038572477854e-9
4.892826143951606e-9
5.0712874970179454e-9
5.974324002373401e-9
6.678152197586589e-9
7.396264110759435e-9
7.456216931498184e-9
8.661818432620397e-9
9.871544556004853e-9
1.0567238480243689e-8
1.2493327589703075e-8
1.585170228101282e-8
3.985922466664743e-8
9.998173444379185e-8
1.4131990350313142e-7
1.7005371784646075e-7
1.8697448760881463e-7
2.0033861618264316e-7
2.1396395253411926e-7
4.114012133181559e-9
2.5565791677990964e-8
7.625338711901427e-8
1.2547435289200419e-7
1.5654561972603072e-7
1.8118959979233145e-7
2.0628841827844515e-7
1.3631358155274192e-10
2.5238554238059753e-9
1.9374897124012403e-8
6.55918811168609e-8
1.0761562855488597e-7
1.4102879833846046e-7
1.750931984220797e-7
-2.499130892411524e-10
-5.361752921223392e-10
-8.890705488837213e-10
7.786012548151328e-9
4.80135518963004e-8
8.928327331499102e-8
1.3055494643380542e-7
3.173474815437636e-10
7.652505963473485e-10
1.224636211893522e-9
8.357993019379108e-10
8.648237692353629e-9
4.9024796762323126e-8
9.963395223651386e-8
1.408370689240767e-9
3.4370796918233463e-9
5.846678313806706e-9
8.596683465554635e-9
9.922931288431406e-9
1.4577151305258777e-8
7.478218620549349e-8
5.082072399454807e-9
1.2616672178125812e-8
2.1952465431721274e-8
3.3150101440748775e-8
4.419352257496695e-8
5.4535021529027485e-8
7.826407912416145e-8
8.084737620862655e-6
2.3206265379322837e-6
3.944354608108338e-7
-2.129911468926242e-8
5.9084236029141524e-8
2.6040973935184816e-7
9.628302042733975e-7
6.500870721466655e-6
2.1584291598133028e-6
6.641680679239003e-8
5.198940936749084e-8
2.326687220559412e-7
9.220128324030597e-7
5.377081306282943e-6
1.5148939203586764e-6
1.2384777207783688e-7
1.822979470491743e-7
7.823028582741656e-7
4.90465988097403e-6
1.433624396848456e-6
1.3139518377325322e-7
5.836108973739342e-7
4.515972059903053e-6
9.78289908734194e-7
4.5891933337152585e-7
4.7434879166519665e-6
8.988019378674951e-7
3.934066391877822e-6
3.68287346111824e-10
5.96741037276416e-10
7.070778174936405e-10
7.788397435456122e-10
8.201426349567874e-10
8.527836592414767e-10
8.860943348115969e-10
1.1793667444393927e-9
1.5521407540611272e-9
1.8030096808848483e-9
1.9487247726843093e-9
2.0638321862924432e-9
2.1811704883029465e-9
2.2906223607391143e-9
2.871386021261861e-9
3.2185763701494914e-9
3.493028987228607e-9
3.772775792362465e-9
3.922035854155719e-9
4.6274426842819135e-9
5.176297541218674e-9
5.736404716324955e-9
5.815696012806821e-9
6.7846604701072885e-9
7.756219263329095e-9
8.344177064628624e-9
9.920515679851802e-9
1.2697032941353133e-8
3.1020144778149715e-8
7.747726307455056e-8
1.0947532894475798e-7
1.3171790867655078e-7
1.4482352456664508e-7
1.551743177762721e-7
1.6572845106366023e-7
3.14008675885259e-9
1.9629400930358346e-8
5.7692882341752186e-8
9.480892724518615e-8
1.1830927365468679e-7
1.369473901005969e-7
1.5593146275935723e-7
8.959064594739185e-11
1.908534220622459e-9
1.490805249755807e-8
5.2311072167945154e-8
8.695451009529037e-8
1.1450537899643815e-7
1.425922872181807e-7
-1.9652744370534445e-10
-4.193478016626318e-10
-7.213995293473055e-10
6.777325052317873e-9
4.17006743020944e-8
7.750410124348486e-8
1.1331372390355364e-7
2.4905466753050605e-10
5.947019303800019e-10
9.395550633770034e-10
5.613010076915174e-10
7.356387426851417e-9
4.1755515226873633e-8
8.477795338806823e-8
1.104050625908145e-9
2.670771178996238e-9
4.511033151495732e-9
6.661457876864331e-9
7.706649797049998e-9
1.1656632686322268e-8
6.159632885050466e-8
3.98181392934946e-9
9.800068410390927e-9
1.6926813423368074e-8
2.5709498136178723e-8
3.47196137883665e-8
4.324608196481093e-8
6.288009830137529e-8
6.250661504404024e-6
1.7951514288361267e-6
3.0777924645341535e-7
-1.5438797742765913e-8
4.579922616327888e-8
2.0168672182459482e-7
7.457368189709495e-7
4.821194344140971e-6
1.6574321490884074e-6
5.791154090584615e-8
3.9706821546517614e-8
1.7586767506123107e-7
6.969264277839494e-7
4.411728153753083e-6
1.3098179349636952e-6
1.0592245250586692e-7
1.4809289563875558e-7
6.370715217536435e-7
4.249392247071454e-6
1.2443453567007432e-6
1.1453546229505283e-7
5.06520040887934e-7
3.8235873751795665e-6
8.319587405812372e-7
3.907166318535448e-7
3.907445981302835e-6
7.538619725744252e-7
3.2485253399462807e-6
2.9471424377902635e-10
4.736216852293251e-10
5.594457499158331e-10
6.152401620104498e-10
6.473507653890571e-10
6.72730273706962e-10
6.986348079101642e-10
9.244172343646104e-10
1.2120919514047832e-9
1.4057897635679085e-9
1.5183112757324946e-9
1.607200037380692e-9
1.697806339108333e-9
1.7829168187518882e-9
2.2295924497097257e-9
2.49612781294657e-9
2.7067952362081086e-9
2.921512636341362e-9
3.0307441723014257e-9
3.567738126091081e-9
3.98466793572332e-9
4.4101694376609134e-9
4.485502115568649e-9
5.23670432603504e-9
5.988378550955501e-9
6.477202052061036e-9
7.730954311315502e-9
9.997786408590606e-9
2.4254027579404724e-8
5.981193440890184e-8
8.424616266471832e-8
1.0121407596658855e-7
1.1120929217096529e-7
1.1910362207435108e-7
1.2715220154658704e-7
2.4059263613599156e-9
1.521223729447844e-8
4.494626005956769e-8
7.359584061778823e-8
9.170195791201047e-8
1.0606298007178143e-7
1.206894823515613e-7
5.399026292309303e-11
1.4466697971037626e-9
1.1097584466667676e-8
3.8771204876644666e-8
6.48115994108517e-8
8.555175667367561e-8
1.0669159734305787e-7
-1.5592917431847596e-10
-3.2965141375355523e-10
-6.002455015590653e-10
5.155993986955493e-9
3.38033491539447e-8
6.356861813581511e-8
9.332259900921471e-8
1.9655636382509833e-10
4.6241440006460334e-10
7.218167337007275e-10
3.2686711540229815e-10
6.130013465317404e-9
3.597020602388144e-8
7.334272567596452e-8
8.708278166414647e-10
2.079099328177269e-9
3.494711484466969e-9
5.125040968085826e-9
5.845285203399547e-9
9.22522813684203e-9
5.202731449863965e-8
3.13891045908607e-9
7.627062965772429e-9
1.310613463779985e-8
1.9764261333526517e-8
2.68025014339969e-8
3.361697855847864e-8
4.9918697999773976e-8
4.772293868498669e-6
1.375966101140425e-6
2.2922754556690643e-7
-1.217983521121998e-8
3.510734797288922e-8
1.5475953041298765e-7
5.720872751874714e-7
3.7849547946417743e-6
1.2394653356787274e-6
4.3783045014129846e-8
3.0817129320326885e-8
1.3619939338694615e-7
5.393886735089313e-7
3.2492023040779915e-6
1.0297459121024238e-6
8.586375683225702e-8
1.1075465037844127e-7
4.766682854024932e-7
3.5177688095049543e-6
1.0746999749385932e-6
9.509083040926433e-8
4.1716839183304167e-7
3.318448152527854e-6
7.296756209569678e-7
3.382308181044133e-7
3.3414734595946443e-6
6.452132492075224e-7
2.695528301461226e-6
2.3692831705545906e-10
3.783622290175182e-10
4.4548467498484666e-10
4.891026600423292e-10
5.141991714353354e-10
5.340344660707038e-10
5.542859505695739e-10
7.300282152595134e-10
9.514245114356136e-10
1.1004578406452433e-9
1.1870175627008284e-9
1.2553928627646492e-9
1.325097182491707e-9
1.3896863453794748e-9
1.7344517176096684e-9
1.9404462334834604e-9
2.1032588390576273e-9
2.269213593032826e-9
2.3526635348565004e-9
2.7650551568724863e-9
3.0852052872367786e-9
3.4119426999163995e-9
3.462032301687063e-9
4.032359061417968e-9
4.6020361601522064e-9
4.98297011757657e-9
5.9428567856632664e-9
7.735791007769769e-9
1.9187897751982807e-8
4.677233632605277e-8
6.557162282302469e-8
7.86370409004371e-8
8.633207687175996e-8
9.24094906402084e-8
9.860619857443758e-8
1.815759347408693e-9
1.1457110019533427e-8
3.420952285506082e-8
5.638980347732743e-8
7.04157387975475e-8
8.154128233118539e-8
9.287285556812949e-8
3.3486113579764355e-11
1.1025425027564398e-9
8.756256290918457e-9
3.0022648467810775e-8
4.971652260402111e-8
6.541537498073646e-8
8.141704885157042e-8
-1.2457116216446054e-10
-2.5848814590611413e-10
-4.4725232669946283e-10
3.690436467268418e-9
2.4686430748517793e-8
4.6841049909590276e-8
6.898337669633909e-8
1.5597608153703475e-10
3.612482727055501e-10
5.616818405830085e-10
2.376480145921852e-10
4.621454311262327e-9
2.8643991637541376e-8
5.9131936068186797e-8
6.91365800198433e-10
1.6238917097607163e-9
2.7155231237645114e-9
3.967323556705177e-9
4.41906904474719e-9
7.1153423670894426e-9
4.399835456564896e-8
2.4902716877161715e-9
5.952576639630139e-9
1.0179862029597856e-8
1.5290853506141742e-8
2.05963003169402e-8
2.573461297712843e-8
3.9190389438994926e-8
3.7107014684704126e-6
1.0456807289566733e-6
1.7775295552944788e-7
-9.748229123753304e-9
2.7244238468806153e-8
1.2007392319956952e-7
4.4365247343529945e-7
2.8988534658556375e-6
9.813614226720398e-7
3.285956746577809e-8
2.3692002551740763e-8
1.0472451589754678e-7
4.150717164001594e-7
2.471236136056533e-6
7.495468709565915e-7
6.530990671243815e-8
8.471622420238413e-8
3.6374294859938614e-7
2.583334822173917e-6
8.333225808203381e-7
7.135927819207387e-8
3.0839519283580284e-7
2.6927614295776913e-6
6.233800024121416e-7
2.734069438729208e-7
2.8867339007865747e-6
5.607956246834465e-7
2.31237608855505e-6
1.9089122771740665e-10
3.0380929318798313e-10
3.56798218002217e-10
3.9116316974793633e-10
4.109239106091843e-10
4.2653892949012313e-10
4.4248130271950403e-10
5.808834435361112e-10
7.530122727839215e-10
8.685922490022106e-10
9.356805389803977e-10
9.886731937898361e-10
1.0426916699727554e-9
1.089336591374837e-9
1.3526300362274876e-9
1.5098709198381698e-9
1.634153635304209e-9
1.7608299614856737e-9
1.8264734630519192e-9
2.1444353952235426e-9
2.3915218254679437e-9
2.64367419188636e-9
2.681937594305014e-9
3.1203878128408627e-9
3.5586034270480446e-9
3.842306385283965e-9
4.569331627626698e-9
5.935273191766928e-9
1.531762463418447e-8
3.685939134321515e-8
5.137494149800086e-8
6.144658002588668e-8
6.737839078459708e-8
7.206315988041578e-8
7.683943180802126e-8
1.3798043930671345e-9
8.740807678592788e-9
2.580760075102977e-8
4.241358873855278e-8
5.293060438208954e-8
6.127204124450516e-8
6.976816012528864e-8
1.2900745565810343e-11
8.120390377873261e-10
6.583163286474665e-9
2.3315835247086173e-8
3.8899322403497366e-8
5.13035510659447e-8
6.39488164701528e-8
-1.0034965381666292e-10
-2.058800926071425e-10
-3.443507309463291e-10
3.0556509582522596e-9
1.90751811718703e-8
3.5723223915572044e-8
5.237910449632622e-8
1.241649869038204e-10
2.842605433026639e-10
4.38415585161968e-10
2.316377018231395e-10
3.403052410554458e-9
2.0764095607705516e-8
4.299741343907314e-8
5.520061815640103e-10
1.2786556289883302e-9
2.1097872217454587e-9
3.0758612699573876e-9
3.4315845483862927e-9
5.322604217513153e-9
3.4199709600985075e-8
1.9879186240159813e-9
4.683842088712456e-9
7.899478479849422e-9
1.1848174515111704e-8
1.5926576466529877e-8
1.9729906912357635e-8
3.0309880813229066e-8
2.8979517446788278e-6
7.960163598718892e-7
1.349310019582232e-7
-7.515267107893615e-9
2.1243450533616925e-8
9.363188811149874e-8
3.4572479546761e-7
2.1627808549952324e-6
7.368411535128224e-7
2.6740262473955443e-8
1.7840199546061164e-8
7.869215860346646e-8
3.1181185190725453e-7
1.9710692628271837e-6
5.986303149568024e-7
4.972556238228997e-8
6.643143086148106e-8
2.8570102382624954e-7
1.9457910165015016e-6
6.02704253437074e-7
5.4201699560720887e-8
2.341628984649794e-7
1.942887310436738e-6
4.696142665447566e-7
1.993584863514684e-7
2.263403522604132e-6
4.5434104712327444e-7
1.9605163249284307e-6
1.5362358071814356e-10
2.4454739796730606e-10
2.8678285372252834e-10
3.141391134208273e-10
3.2986426226567276e-10
3.422885059756559e-10
3.5497074193558346e-10
4.651190055925559e-10
6.001083882718266e-10
6.905972248360229e-10
7.43096484841795e-10
7.845613661621814e-10
8.268293305906559e-10
8.611538998259193e-10
1.0644153279116572e-9
1.1855565907225353e-9
1.2812923194088643e-9
1.3788721080743524e-9
1.42512586953532e-9
1.6660269583722705e-9
1.8530350672794512e-9
2.043891829345557e-9
2.0763003826948957e-9
2.4122239546396194e-9
2.7481163641987644e-9
2.9685150392015596e-9
3.5288924234514572e-9
4.56569099910727e-9
1.23403615792503e-8
2.938705227425961e-8
4.0728738816142764e-8
4.857103056036738e-8
5.318407192904565e-8
5.68270874254733e-8
6.054129430574191e-8
1.0592408074974844e-9
6.684859552523216e-9
1.97073929142969e-8
3.2344716859742946e-8
4.033775592351529e-8
4.667764394770042e-8
5.3134839219958724e-8
3.34741580701848e-12
6.123813637921909e-10
4.933174287299234e-9
1.7156265365492328e-8
2.8642744940998883e-8
3.779684421408996e-8
4.7127000585667256e-8
-8.073209408537866e-11
-1.643009635290546e-10
-2.867751341973422e-10
2.23065245434483e-9
1.5004108852527085e-8
2.8338653521187398e-8
4.1668580679342274e-8
9.951895361581091e-11
2.255804724086781e-10
3.428803376209633e-10
1.6113718075095713e-10
2.785128101669426e-9
1.631418241300358e-8
3.337876957179601e-8
4.426985961130624e-10
1.014584425211598e-9
1.6542627033165468e-9
2.3835012803013984e-9
2.6840021448371234e-9
4.136364992498562e-9
2.4882321577473897e-8
1.5946289534653108e-9
3.7142242706753212e-9
6.186325935076672e-9
9.160938529552244e-9
1.2300735654072228e-8
1.5271578955709555e-8
2.305582375040503e-8
2.2962353405615617e-6
6.107743606406469e-7
1.0109728237737895e-7
-6.328481436302004e-9
1.6751400108676323e-8
7.384020562569286e-8
2.724112179263488e-7
1.648556542102044e-6
5.546069717753427e-7
1.9532462056935044e-8
1.3596950798531444e-8
5.995104183277866e-8
2.3747884625519536e-7
1.423936501746289e-6
4.540407771656264e-7
3.867548054616074e-8
4.8950555718277997e-8
2.1054551900923453e-7
1.5688901688979342e-6
4.883589267767784e-7
4.2841388714798436e-8
1.8627342712108212e-7
1.5001552185329858e-6
3.442570976477197e-7
1.5443921318104316e-7
1.6159037961814565e-6
3.3021098602414353e-7
1.487375776560985e-6
1.2305042246141564e-10
1.9668296914302342e-10
2.3061835141415254e-10
2.5256314916197647e-10
2.651709889102708e-10
2.7513084280139653e-10
2.8529744637400943e-10
3.7396558037725305e-10
4.810261551922741e-10
5.526180052563861e-10
5.941291131353291e-10
6.269124402854461e-10
6.603308532252797e-10
6.852322888038015e-10
8.432793078575415e-10
9.374584937150492e-10
1.0118825453043689e-9
1.0877416872031806e-9
1.1217567378591852e-9
1.3071963140678248e-9
1.4512094823952015e-9
1.5981784046324135e-9
1.6176643296406554e-9
1.8712716343315936e-9
2.1245847102631115e-9
2.2921072413346046e-9
2.717079419837832e-9
3.5142239945674304e-9
1.0000377469227695e-8
2.365505156318336e-8
3.262294803323016e-8
3.8803949901090605e-8
4.243663658467725e-8
4.5305253636264044e-8
4.822992659178248e-8
8.254929919569899e-10
5.182855646384879e-9
1.511314129259957e-8
2.4714423958095624e-8
3.0785282283714445e-8
3.560032999435607e-8
4.0504765596418324e-8
-2.0694080772254978e-12
4.628913833720835e-10
3.742223776174956e-9
1.3104975459441474e-8
2.1823002353955835e-8
2.8769698301675696e-8
3.5850772082979644e-8
-6.512584860036254e-11
-1.3172953919307977e-10
-2.1488518236185925e-10
1.6588166541460133e-9
1.0808372330651501e-8
2.045508576906065e-8
3.010124348527329e-8
7.997015024035377e-11
1.8035561121705216e-10
2.7241222041685964e-10
1.3679674588361083e-10
2.0298500374381924e-9
1.2607694236935202e-8
2.6111076051931096e-8
3.558624309654944e-10
8.108058184580539e-10
1.306662075926275e-9
1.8668317359927162e-9
2.0612568206562056e-9
3.2743177136056706e-9
1.9867535200703623e-8
1.281566672930367e-9
2.9664625914361153e-9
4.880637668708958e-9
7.163932640441161e-9
9.510627540337597e-9
1.176892914823122e-8
1.772733216717299e-8
1.8419151711416228e-6
4.737754592764295e-7
7.730657441909459e-8
-5.215253208712007e-9
1.3361050266494339e-8
5.8878219686507736e-8
2.1703574142615554e-7
1.2518755751703488e-6
4.192248725303434e-7
1.4830275646503804e-8
1.0372149914558503e-8
4.5728741811110365e-8
1.8103534745610198e-7
1.0959435091341132e-6
3.3542589796575676e-7
2.879681644041818e-8
3.727115890697661e-8
1.6016766912397304e-7
1.1162969532909866e-6
3.626764854678164e-7
3.139351454545078e-8
1.34571355699877e-7
1.1860264023652764e-6
2.825010081540822e-7
1.2091736253640292e-7
1.2934112852105852e-6
2.5635523769031807e-7
1.0810262332890435e-6
9.775532108777295e-11
1.5748448011001917e-10
1.8489589701462097e-10
2.0260246627100047e-10
2.1277225207527733e-10
2.208039108018898e-10
2.2900135937446079e-10
3.0093153663968955e-10
3.8669948753659903e-10
4.439362804309793e-10
4.771080343226515e-10
5.033028928983009e-10
5.300047260746826e-10
5.483747088191324e-10
6.726787778486571e-10
7.466382432347105e-10
8.050821149952485e-10
8.646525052511052e-10
8.886536030835977e-10
1.0317939485545517e-9
1.1430506856835588e-9
1.2565879948703743e-9
1.270328910970444e-9
1.4651785544493469e-9
1.6600227517507628e-9
1.7837186991958298e-9
2.1040545862979966e-9
2.701899563027839e-9
8.11801342882047e-9
1.9165573240674864e-8
2.6344284168865165e-8
3.127330872393925e-8
3.416650403329686e-8
3.6451039991386614e-8
3.878018252521337e-8
6.546102428662404e-10
4.073523459180251e-9
1.1750839787686363e-8
1.913556306753409e-8
2.379845622709567e-8
2.7496696390813495e-8
3.126357847339644e-8
-2.846645022056064e-12
3.5853365037865974e-10
2.8563053897719223e-9
9.857287601444526e-9
1.6383693907912766e-8
2.158411205865484e-8
2.6884903140913564e-8
-5.2192115468366984e-11
-1.0574194056129394e-10
-1.7409498482481203e-10
1.2282636848234437e-9
8.264277089077511e-9
1.561431175015572e-8
2.2963527107380234e-8
6.407705466487942e-11
1.4488908625086558e-10
2.1758086952634326e-10
1.238719579641726e-10
1.5627375113389188e-9
9.124499207857297e-9
1.8761111105327783e-8
2.8559341905094924e-10
6.51068752743579e-10
1.0398602260970297e-9
1.4711754451718775e-9
1.6378924989053152e-9
2.437966839797816e-9
1.4927478864894135e-8
1.0288037747214469e-9
2.381255705695e-9
3.880155437930559e-9
5.633526736686165e-9
7.4321377282268635e-9
9.098492947991057e-9
1.3750795828870155e-8
1.49210840689043e-6
3.7280628309083177e-7
5.9337362945093594e-8
-4.41599325103338e-9
1.07536246422348e-8
4.73816813640463e-8
1.745319233399397e-7
9.636055489359462e-7
3.18969807814729e-7
1.094397519707507e-8
7.989751785182255e-9
3.531982465546943e-8
1.3973660798299733e-7
8.141344943604844e-7
2.526771852119825e-7
2.1637891559836027e-8
2.7954016251805652e-8
1.2011122159932167e-7
8.616536247813087e-7
2.696635089187511e-7
2.373820351360871e-8
1.0265785347337917e-7
8.399090702168102e-7
2.0163691560761636e-7
8.70123207792591e-8
9.756620445029853e-7
2.0137189135681807e-7
8.763145645379919e-7
7.678116124189602e-11
1.2509280589335112e-10
1.4726430547706325e-10
1.6157583293868554e-10
1.6979368549551489e-10
1.7628284882176902e-10
1.82904579340502e-10
2.4146552587095363e-10
3.1069722990924737e-10
3.5682327842372395e-10
3.835459474747458e-10
4.0464668387307675e-10
4.2615530374906073e-10
4.400034405541859e-10
5.387810318963034e-10
5.975028084912265e-10
6.439055879585951e-10
6.912016748770649e-10
7.084268982719696e-10
8.204454364957298e-10
9.075788506104029e-10
9.964890866551982e-10
1.0042270884944928e-9
1.153998550126818e-9
1.3038222949934828e-9
1.397210607565918e-9
1.642801476876318e-9
2.0944667730434845e-9
6.570799636106192e-9
1.556378767707051e-8
2.136606055527069e-8
2.5336592521669344e-8
2.766473772123012e-8
2.9503004545667473e-8
3.1377152844605515e-8
5.280711959590942e-10
3.250189654192411e-9
9.268521535062805e-9
1.502193759445072e-8
1.864971532240293e-8
2.1526865947500053e-8
2.4457403169454316e-8
-1.5208954426663555e-12
2.835547461287928e-10
2.2022087782942315e-9
7.537146049493952e-9
1.2491840837713853e-8
1.6438240288555675e-8
2.0461022968734195e-8
-4.153968615138111e-11
-8.472943260292027e-11
-1.362302465789477e-10
9.304828875606253e-10
6.112106386304489e-9
1.1531223899815004e-8
1.6952099556239095e-8
5.11825670489408e-11
1.1662762643156567e-10
1.7497894123619458e-10
1.0871601815289139e-10
1.1594563812925893e-9
6.928699148354026e-9
1.4294224307220216e-8
2.280229081389265e-10
5.235997393500373e-10
8.31904320290791e-10
1.1684679784591109e-9
1.2969453520096042e-9
1.970196843894136e-9
1.1073131896554961e-8
8.217800293282534e-10
1.914920413944408e-9
3.102191322594736e-9
4.468029769934432e-9
5.838466929329839e-9
7.134481214623432e-9
1.0474800117061752e-8
1.2158129727114987e-6
2.975189172971047e-7
4.623381109894989e-8
-3.6928805996640492e-9
8.709310422016578e-9
3.836040520698058e-8
1.4123172041898357e-7
7.522763814781185e-7
2.4509596455802034e-7
8.205951860823785e-9
6.238493002932671e-9
2.76526477486388e-8
1.0931895261386439e-7
6.18365717653287e-7
1.9009288797557302e-7
1.6176747577005453e-8
2.128901735782232e-8
9.141170091255645e-8
6.313013172941319e-7
1.9964560226077577e-7
1.7631074833408417e-8
7.578409967276457e-8
6.445801818357151e-7
1.5436797705701254e-7
6.621935938902652e-8
7.072884882899828e-7
1.4330918774263084e-7
6.3242208811104e-7
5.946643168603915e-11
9.825464734155233e-11
1.1613263880452533e-10
1.2767062667623392e-10
1.342955159365639e-10
1.3952595181875547e-10
1.4486265272419713e-10
1.9246544793814547e-10
2.4854665592309104e-10
2.858758755345777e-10
3.074985222469019e-10
3.245713226208117e-10
3.4197400653009033e-10
3.5275266257992386e-10
4.319710368032661e-10
4.790383547603176e-10
5.162313924435117e-10
5.541401428736051e-10
5.666397956500268e-10
6.551368402665731e-10
7.240297554075788e-10
7.943250414788085e-10
7.984602862566078e-10
9.152426691917598e-10
1.032210239993843e-9
1.1022441209645156e-9
1.290643103992921e-9
1.6326565149905403e-9
5.278591094782316e-9
1.2606566394149369e-8
1.7322764736931383e-8
2.0541908268375785e-8
2.2427906412680617e-8
2.3917014718386188e-8
2.543519222969515e-8
4.317242731046319e-10
2.6268750918703027e-9
7.412892385679294e-9
1.1960653798881307e-8
1.4823917929826081e-8
1.7094658625141594e-8
1.9407520245362876e-8
9.48407060002194e-13
2.2958773610638017e-10
1.7274682665962485e-9
5.837256129143549e-9
9.632246005111272e-9
1.265479940437878e-8
1.5735830604293926e-8
-3.2662849367156164e-11
-6.747613761253543e-11
-1.0674769141545747e-10
6.968449544798637e-10
4.5964735508876134e-9
8.676049135701474e-9
1.2755539858199557e-8
4.053127610856596e-11
9.366971772778944e-11
1.4087260485894836e-10
9.381858409991293e-11
8.984893378799125e-10
5.152475833220764e-9
1.0549711504654086e-8
1.805379502773249e-10
4.2014540602276415e-10
6.671593089981526e-10
9.326048469655553e-10
1.0433334881469243e-9
1.5128277075453206e-9
8.274496856225737e-9
6.509711289157512e-10
1.5368864497754134e-9
2.487353374076636e-9
3.5619977650926585e-9
4.62291450360341e-9
5.606989868958624e-9
8.191212610917085e-9
9.912575271320388e-7
2.403187500480258e-7
3.661354684162159e-8
-3.0641457913464764e-9
7.065076504458692e-9
3.1105929000746456e-8
1.1449936455148171e-7
5.959493168486506e-7
1.9110907342261877e-7
6.183041604934353e-9
4.938739316538508e-9
2.1958856095056935e-8
8.674922280518116e-8
4.744644670153781e-7
1.435275511530381e-7
1.2273442379606579e-8
1.6383258498190972e-8
7.030143045649827e-8
4.748741362082712e-7
1.5038016466140535e-7
1.3212576180536683e-8
5.7022977329246143e-8
4.7282538831770737e-7
1.1118135219581953e-7
4.887792218978566e-8
5.252190456646113e-7
1.0952932210781605e-7
4.769311434878057e-7
4.532098641916947e-11
7.610663349615634e-11
9.041560195013495e-11
9.965366795889998e-11
1.0495859399939173e-10
1.091465065982638e-10
1.1341901610951263e-10
1.5185668019072392e-10
1.9723118356267564e-10
2.2742913909773515e-10
2.449217739998773e-10
2.587333484099312e-10
2.728117584648161e-10
2.815066391763545e-10
3.4538952604927213e-10
3.833360872873856e-10
4.1332305283937905e-10
4.4388679976039614e-10
4.5321587220879156e-10
5.238235248973926e-10
5.788461278585413e-10
6.349848833763658e-10
6.368439320534149e-10
7.287923167215654e-10
8.209643303928837e-10
8.73954255633448e-10
1.0203970158725845e-9
1.2819338251905532e-9
4.191340698977907e-9
1.0136478439866148e-8
1.3971832081683854e-8
1.6585891134468315e-8
1.8116613824336566e-8
1.93251980293916e-8
2.0557388866789926e-8
3.5562355143770955e-10
2.141509011167401e-9
5.995812221803391e-9
9.63913319569481e-9
1.1929808649779701e-8
1.3746382875347969e-8
1.5596645563290697e-8
3.592224732927222e-12
1.8942438806105813e-10
1.3761368755495445e-9
4.587071142278364e-9
7.535535932002274e-9
9.88304873542144e-9
1.2276043773785898e-8
-2.5318595678240594e-11
-5.3247016668730147e-11
-8.356157300272029e-11
5.344570364508419e-10
3.499259321094062e-9
6.586907011837345e-9
9.675020400950775e-9
3.1749205280230826e-11
7.477462911598915e-11
1.132329185844906e-10
8.170528869399178e-11
6.865901719155896e-10
3.84951189556804e-9
7.868338860487271e-9
1.412963868548913e-10
3.3506170869643164e-10
5.34319955731136e-10
7.458850380573738e-10
8.372590550250686e-10
1.2044538667246985e-9
6.2322362116202514e-9
5.097693887953167e-10
1.226242589147833e-9
1.9926577150678225e-9
2.847706829356484e-9
3.6772873592362344e-9
4.446810465185842e-9
6.356795018452183e-9
8.042479152370711e-7
1.9565302311371265e-7
2.94032182535798e-8
-2.501872477048467e-9
5.712316146763369e-9
2.5140392900721262e-8
9.254979868573654e-8
4.786248147578933e-7
1.5122836767935398e-7
4.721152185538388e-9
3.9572044059048694e-9
1.765737241315828e-8
6.971582715427246e-8
3.6903565812508024e-7
1.0997730121628605e-7
9.363442473477873e-9
1.2790910274684261e-8
5.4844094848084606e-8
3.603127596476425e-7
1.1246237254098528e-7
1.0003567163734363e-8
4.325010935800844e-8
3.508197272119773e-7
8.331824156581119e-8
3.644617553507326e-8
3.902688184160744e-7
8.009832205157113e-8
3.441618845537984e-7
3.394216718237484e-11
5.801408386418763e-11
6.933693801820962e-11
7.665374906998532e-11
8.085661965067433e-11
8.4174401944576e-11
8.755894744860436e-11
1.1824501579053225e-10
1.547364913560842e-10
1.790383918223363e-10
1.9311918608594405e-10
2.0423702023532288e-10
2.155697079750457e-10
2.228078485015155e-10
2.743775478866888e-10
3.0501547385741863e-10
3.2922834878892595e-10
3.539068089086639e-10
3.6115386104953686e-10
4.178525537312312e-10
4.6207402681758296e-10
5.071900569634507e-10
5.077832333682728e-10
5.808544292128827e-10
6.541772618619372e-10
6.948130940258825e-10
8.099070357383344e-10
1.0114374573487795e-9
3.278138787096223e-9
8.05567301368103e-9
1.115951010420798e-8
1.3274447641678101e-8
1.4512742466550334e-8
1.5490450603317057e-8
1.6487272966969585e-8
2.9307994807290375e-10
1.7508067916777242e-9
4.88087337071507e-9
7.82876818642356e-9
9.680254728821151e-9
1.1148497677470047e-8
1.2643960493701625e-8
5.785528130322807e-12
1.5799736224757866e-10
1.110305252699605e-9
3.6562299586881045e-9
5.981428129303708e-9
7.83202309611137e-9
9.718526622786975e-9
-1.9305258175855036e-11
-4.15119599993131e-11
-6.49631615972058e-11
4.182340298859252e-10
2.7010513030455536e-9
5.068457003233044e-9
7.4366283842154894e-9
2.453430281175842e-11
5.910544928003389e-11
9.043726232950463e-11
6.914699172764088e-11
5.308752228146972e-10
2.9163560397196774e-9
5.9392674713087925e-9
1.0902974794274956e-10
2.6459832419700866e-10
4.25709030472683e-10
5.955876331842395e-10
6.73013340067527e-10
9.59964727564428e-10
4.666170703199455e-9
3.9362967657304587e-10
9.69080735832301e-10
1.5888273080662939e-9
2.2746817057054245e-9
2.9304526965284743e-9
3.5374209387071837e-9
4.986187082866043e-9
6.459999992595069e-7
1.5965215896215722e-7
2.385624295771884e-8
-1.999013348682375e-9
4.581312260787122e-9
2.0155890115835177e-8
7.423025531138394e-8
3.881957476564191e-7
1.2125297559458637e-7
3.6672213802383137e-9
3.1990367369962736e-9
1.4319473711840453e-8
5.651734988662543e-8
2.914520864289454e-7
8.553649883817915e-8
7.24524819066749e-9
1.0132777510456672e-8
4.341793281563907e-8
2.7669843874444893e-7
8.527198037302557e-8
7.671781613305831e-9
3.3242877207627455e-8
2.640364524179746e-7
6.212446837012169e-8
2.7491168929198503e-8
2.866464747199223e-7
5.9088524752087497e-8
2.551971924242851e-7
2.4962976159556923e-11
4.3457997468757603e-11
5.228767465438057e-11
5.800143419299493e-11
6.128500067006886e-11
6.387710835642507e-11
6.652129260388525e-11
9.064576631616729e-11
1.1968761778900177e-10
1.3905567674109437e-10
1.502827438044963e-10
1.5914768451622545e-10
1.6818404979208547e-10
1.7433688560741733e-10
2.158112535126448e-10
2.4046577457768273e-10
2.599515121755346e-10
2.7981189265938456e-10
2.8568772719458045e-10
3.3131224370840523e-10
3.669196663606978e-10
4.032460939577464e-10
4.0329459309286e-10
4.61731638053188e-10
5.204220964290175e-10
5.51995390991592e-10
6.43222099447188e-10
8.002359380191659e-10
2.5188398099503854e-9
6.30468044504472e-9
8.791723716745601e-9
1.0488018434922742e-8
1.14814530778023e-8
1.2265853759168782e-8
1.3065606514016434e-8
2.3998981311883755e-10
1.4266472655304312e-9
3.9758625140592095e-9
6.372618964453417e-9
7.877021925011047e-9
9.070006041794285e-9
1.0285097841616294e-8
7.218710787481126e-12
1.3203277195231142e-10
9.030021929695417e-10
2.9462693312410725e-9
4.80393939823968e-9
6.28193024686766e-9
7.788637451491602e-9
-1.4459114868980157e-11
-3.189756701802526e-11
-5.0074177676587046e-11
3.3336522283433723e-10
2.117961078120137e-9
3.961038846724827e-9
5.804955914069523e-9
1.8664421194689203e-11
4.610992686753575e-11
7.149604006286138e-11
5.6857868377173727e-11
4.151731007448234e-10
2.2369396001882934e-9
4.537152612973923e-9
8.279361169907633e-11
2.0626066456826405e-10
3.3618586983991745e-10
4.730200777319238e-10
5.385843059476033e-10
7.626492761919625e-10
3.530545615987664e-9
2.9912251539064466e-10
7.561410006790835e-10
1.2562064601999274e-9
1.8084871349143645e-9
2.331331144242156e-9
2.8142840572326638e-9
3.924213948320376e-9
5.114087478271401e-7
1.29798304673397e-7
1.9444013434596538e-8
-1.557261345098545e-9
3.628899064351356e-9
1.5962173709384442e-8
5.882576800691359e-8
3.1626719610191215e-7
9.811685373821709e-8
2.898568553210898e-9
2.5958410424856274e-9
1.16488138736057e-8
4.5972617107537163e-8
2.3322975523582505e-7
6.752140596103781e-8
5.687938603253827e-9
8.12452010289937e-9
3.479578941714331e-8
2.1574135340685508e-7
6.564751242767433e-8
5.9722008837552605e-9
2.5948225871241947e-8
2.011077778721297e-7
4.6711626088200245e-8
2.0984837348256048e-8
2.1338633508079794e-7
4.41212342924979e-8
1.8792561029954672e-7
1.8029041756061533e-11
3.1968052801898355e-11
3.873666464114498e-11
4.3124881507233106e-11
4.5648232968775935e-11
4.7640329404313636e-11
4.96724639145923e-11
6.829126136164807e-11
9.107680913939267e-11
1.063043701231869e-10
1.151366935469184e-10
1.2211114747674875e-10
1.2922058214762944e-10
1.3449148680714447e-10
1.6757032048763765e-10
1.8725239597426834e-10
2.028094843986654e-10
2.1866567710454835e-10
2.2360313247390504e-10
2.6022005072894715e-10
2.888090022293809e-10
3.1797477417380193e-10
3.179319965435679e-10
3.647619138726177e-10
4.118254571411909e-10
4.366666521001882e-10
5.093882935219866e-10
6.328229570226847e-10
1.8980546043546575e-9
4.84561416188199e-9
6.81013565825962e-9
8.152899714082252e-9
8.939776756477875e-9
9.561112579639523e-9
1.0194623828896844e-8
1.9407990658275345e-10
1.1519018513746645e-9
3.221609351326048e-9
5.1682128083427786e-9
6.389903268197571e-9
7.35869469582021e-9
8.345431202789986e-9
7.820754728336999e-12
1.0959349946201446e-10
7.358051127624086e-10
2.3881217655298093e-9
3.885703702279096e-9
5.0768595841488476e-9
6.291182757361686e-9
-1.0630393937763449e-11
-2.4117064718941168e-11
-3.8225224002984606e-11
2.697826266587456e-10
1.6845219901275511e-9
3.140181344254942e-9
4.596639520476115e-9
1.3959721142767837e-11
3.540860274342793e-11
5.5762246569390305e-11
4.529435840072987e-11
3.2746923154836464e-10
1.739154684729707e-9
3.5152957330157494e-9
6.17922913099278e-11
1.5830805727808404e-10
2.6230419758602094e-10
3.723338509687234e-10
4.271857413118381e-10
6.045090878770341e-10
2.698459776321915e-9
2.2340962234908344e-10
5.810020917694722e-10
9.816587675824166e-10
1.4259693750975114e-9
1.8447732607698083e-9
2.231709991802214e-9
3.0898795915907305e-9
3.9758394956694766e-7
1.0454194594134915e-7
1.5819780160166798e-8
-1.1788885372451144e-9
2.828931285293556e-9
1.2442786689344727e-8
4.589803339880403e-8
2.5724054565757747e-7
7.968401187536661e-8
2.3261806072914632e-9
2.1022958609776396e-9
9.450014817897565e-9
3.730149354316288e-8
1.8832855276673137e-7
5.397084106495677e-8
4.521088949252736e-9
6.56411935672309e-9
2.810564885393305e-8
1.7063021102888137e-7
5.132314721865461e-8
4.716668833902492e-9
2.05464170509417e-8
1.5541915981610673e-7
3.565234389809653e-8
1.6245455493430256e-8
1.609305733016506e-7
3.3250055867921035e-8
1.3914325067068836e-7
1.279532221305699e-11
2.3091778718547186e-11
2.8184016208448792e-11
3.149293821774581e-11
3.339706728745546e-11
3.490045857922257e-11
3.6434138077797546e-11
5.051039222075266e-11
6.808116792617249e-11
7.985514894785168e-11
8.668933868333606e-11
9.208637346394247e-11
9.758795831265736e-11
1.0208148157406828e-10
1.281406597796145e-10
1.4366483637597375e-10
1.5593652115586415e-10
1.6844415683557059e-10
1.7268516545019095e-10
2.018619536596738e-10
2.2464504419316175e-10
2.47887887681882e-10
2.4799661791838893e-10
2.854303899678767e-10
3.2306527943546864e-10
3.4280284296973063e-10
4.0086249565127967e-10
4.98492546649932e-10
1.4014689753421155e-9
3.650379228395268e-9
5.174812773185774e-9
6.2201093183048325e-9
6.833247104898531e-9
7.317424789304811e-9
7.811101627802747e-9
1.542625436485044e-10
9.169074078886198e-10
2.5825964688852806e-9
4.152885284779355e-9
5.1387503187595674e-9
5.9205412733977366e-9
6.716807013899618e-9
7.691971346940085e-12
8.971233281053443e-11
5.97059335567211e-10
1.9359160185231833e-9
3.1476722317725136e-9
4.111287497518107e-9
5.093657475199462e-9
-7.671895492174295e-12
-1.792363295453368e-11
-2.886901604683865e-11
2.203056905520863e-10
1.353642755656549e-9
2.5163325303868422e-9
3.6797329843667755e-9
1.0258480864454478e-11
2.6713804646337036e-11
4.279256663841024e-11
3.485268012124999e-11
2.5969211247224624e-10
1.3690396341846967e-9
2.7602235365133207e-9
4.5300926462917225e-11
1.1940811512955653e-10
2.0167419209470756e-10
2.8958070492862526e-10
3.347020244933634e-10
4.763490376508228e-10
2.0830330274299213e-9
1.639018580181647e-10
4.387833888098879e-10
7.561354456485592e-10
1.111537273656598e-9
1.4470247292944917e-9
1.75768538993466e-9
2.4275379478909486e-9
3.027625104923771e-7
8.300113960066852e-8
1.2771492732267863e-8
-8.649824467307107e-10
2.1646327475892303e-9
9.52221375561457e-9
3.51640560261609e-8
2.0766040340151471e-7
6.457315893936863e-8
1.8864209868335868e-9
1.6899570019695901e-9
7.602359744200012e-9
3.002084208712416e-8
1.5261304909119875e-7
4.348433966553706e-8
3.624116989950727e-9
5.314619852304897e-9
2.2755541515119253e-8
1.3645086811078157e-7
4.066199831996711e-8
3.767448681686253e-9
1.6447555104494097e-8
1.2185210350008526e-7
2.7623926102363534e-8
1.2746433177826384e-8
1.2316776023169833e-7
2.534860588018851e-8
1.0416158013805083e-7
8.934094031969677e-12
1.6389374059998213e-11
2.0146372438345052e-11
2.2594051441263545e-11
2.4003741348189887e-11
2.5116904310889732e-11
2.6252591292671082e-11
3.6666059096368836e-11
4.995553922177718e-11
5.88885867104104e-11
6.4078003131226e-11
6.817650618173202e-11
7.235447827317954e-11
7.612770722025385e-11
9.633845964648008e-11
1.0839564334922183e-10
1.1792751665054414e-10
1.2764267751276324e-10
1.3130851316483466e-10
1.5429670161106714e-10
1.722449804018505e-10
1.9055583250629118e-10
1.9090712387931862e-10
2.2062319246624588e-10
2.5050202824328165e-10
2.6627316060817164e-10
3.1249094383102163e-10
3.89891542039666e-10
1.014074926485696e-9
2.693133710900463e-9
3.852416727071481e-9
4.650616858337987e-9
5.119392132907813e-9
5.489598365883415e-9
5.867075491650411e-9
1.201035900348167e-10
7.166242189916217e-10
2.0387907638931006e-9
3.2903858187260375e-9
4.076799405909673e-9
4.700438072426783e-9
5.33561853981616e-9
7.025423832861962e-12
7.203319454114645e-11
4.797131999210771e-10
1.560489130236148e-9
2.5390046979980813e-9
3.3170517809186357e-9
4.110246651755363e-9
-5.438372996346419e-12
-1.3088842424705863e-11
-2.1563473545988734e-11
1.803066065170873e-10
1.0932231193821028e-9
2.0279770646444156e-9
2.963330003283886e-9
7.407569697034599e-12
1.97784344076338e-11
3.2250082991202405e-11
2.5823854927817923e-11
2.0622577265146624e-10
1.0877013162424071e-9
2.190171224981516e-9
3.2625967498952405e-11
8.841441510573062e-11
1.5249791920932432e-10
2.2198031256664921e-10
2.583272659521294e-10
3.718318706563826e-10
1.621873308331355e-9
1.1812076683485966e-10
3.2531834808909487e-10
5.729091541832989e-10
8.543304370950195e-10
1.1218426721874953e-9
1.3705543672100892e-9
1.8969955325399488e-9
2.2553351738201952e-7
6.470419500000479e-8
1.0178040312013951e-8
-6.138055317717111e-10
1.6232010043735482e-9
7.1425111642396e-9
2.640915604249795e-8
1.6550134854821546e-7
5.1916105729039633e-8
1.5363692498289588e-9
1.3418040890392823e-9
6.035068218624328e-9
2.3846518533585183e-8
1.2338890612544124e-7
3.5126396339135475e-8
2.9149228366226343e-9
4.2874689984530535e-9
1.836207599033182e-8
1.0979944575493446e-7
3.2515448984974064e-8
3.02921321778981e-9
1.324517192862183e-8
9.666481533043404e-8
2.169219185199952e-8
1.010767823024607e-8
9.565834001740341e-8
1.956245800123355e-8
7.89178263663193e-8
6.146858916594849e-12
1.1442823374511214e-11
1.4161248410047034e-11
1.5937354071108604e-11
1.6961165616495742e-11
1.776975875339629e-11
1.8594816997155907e-11
2.6133161766068105e-11
3.5980159795275535e-11
4.2621970024261586e-11
4.64836613300719e-11
4.9533847740494165e-11
5.2643228584648305e-11
5.574080754700546e-11
7.113454996816358e-11
8.033215397277565e-11
8.760391289903868e-11
9.501551831495894e-11
9.816026508242742e-11
1.1600922184184846e-10
1.2993948658177478e-10
1.4415170045730167e-10
1.4473730917275998e-10
1.6807232776763537e-10
1.9153115747223253e-10
2.041424021764379e-10
2.406715613285865e-10
3.019220078734644e-10
7.197483022556137e-10
1.9461362424740603e-9
2.808982329744317e-9
3.4059806980510244e-9
3.757104921802397e-9
4.0344212661251575e-9
4.317188883514239e-9
9.140557922093937e-11
5.483287325596764e-10
1.5791830596121448e-9
2.560541930388286e-9
3.17789724487972e-9
3.667484380967076e-9
4.1661292243443685e-9
6.041676654011661e-12
5.652644248088538e-11
3.7983107030816214e-10
1.2442540770461479e-9
2.0284624543610238e-9
2.6519986423075503e-9
3.2876734155075015e-9
-3.790622497358747e-12
-9.393684915317069e-12
-1.593363764962395e-11
1.4686042597150952e-10
8.821797310075698e-10
1.6345284546278185e-9
2.3873519278517364e-9
5.2599770224776366e-12
1.4366247934029811e-11
2.3839906095617894e-11
1.8342637403015537e-11
1.6337359456880883e-10
8.684681258597899e-10
1.7486980618481382e-9
2.3099952795433593e-11
6.424035079769562e-11
1.1326380498748916e-10
1.6740189161350052e-10
1.9596781614668541e-10
2.868000620507217e-10
1.2703618990666372e-9
8.367898379428809e-11
2.366796705324746e-10
4.264023249564975e-10
6.461730342670308e-10
8.575925355244631e-10
1.0552210941025225e-9
1.4704644450513997e-9
1.643291850143003e-7
4.938613872135761e-8
7.975135255353312e-9
-4.20591681530777e-10
1.1922323684673265e-9
5.248010388813615e-9
1.9429822829635283e-8
1.296431426626411e-7
4.120310582777695e-8
1.2481572353238246e-9
1.0480412436329433e-9
4.708410476286576e-9
1.861884087693258e-8
9.897354303772503e-8
2.828490628198385e-8
2.3398641227445873e-9
3.4278238367216934e-9
1.4687221241236633e-8
8.842130380174296e-8
2.6116236972304666e-8
2.4383915372745575e-9
1.0670630327217536e-8
7.725856402110123e-8
1.7206322812415e-8
8.066691247769304e-9
7.520262384330753e-8
1.526378263686896e-8
6.052208013715736e-8
4.174734386177197e-12
7.871128930724716e-12
9.801612659506963e-12
1.1066648130418809e-11
1.1796512570166984e-11
1.2373068329205939e-11
1.296146361007191e-11
1.8306717181764174e-11
2.5453109634065018e-11
3.029054534923284e-11
3.3105531249319237e-11
3.53291921520893e-11
3.759604289880217e-11
4.007015893703249e-11
5.156617840470699e-11
5.844569392194014e-11
6.388505482233658e-11
6.942904514356e-11
7.207873856329024e-11
8.570068644223398e-11
9.632510255975384e-11
1.0716514644792332e-10
1.0792068697883536e-10
1.2598841088895746e-10
1.4414409973074288e-10
1.541855892293361e-10
1.8274493036069378e-10
2.30933631192438e-10
5.018826661091076e-10
1.3788944266047407e-9
2.007329112351253e-9
2.44449493750458e-9
2.7020335426408056e-9
2.9054537076790746e-9
3.112875084772721e-9
6.794636804762175e-11
4.100520760174439e-10
1.1970809650735715e-9
1.951469908268164e-9
2.4267670537155896e-9
2.8037101036359717e-9
3.187625150411075e-9
4.9388011682665775e-12
4.326539057196964e-11
2.952703603176326e-10
9.770750351160725e-10
1.5977747257361755e-9
2.091339764364424e-9
2.5945087656955474e-9
-2.6015820040841888e-12
-6.6305219253504715e-12
-1.1654487670708803e-11
1.1831534122817904e-10
7.072266395791421e-10
1.3100343600585547e-9
1.9131955768554515e-9
3.677528994058183e-12
1.0241961990055706e-11
1.727750832417247e-11
1.2420870674258413e-11
1.2859151261475702e-10
6.93370201163374e-10
1.3978189432160005e-9
1.6097695146517147e-11
4.5818157387670194e-11
8.257962090680909e-11
1.240451987795179e-10
1.4587614370808707e-10
2.18142096868962e-10
9.979180516145846e-10
5.833718289269884e-11
1.6901618103681172e-10
3.1152829740218773e-10
4.802922596927341e-10
6.452853238678332e-10
8.005304409477498e-10
1.127961386719165e-9
1.172303314782092e-7
3.684847682091395e-8
6.127280887284571e-9
-2.7802005607223145e-10
8.581093012328413e-10
3.778482535640332e-9
1.400748993103711e-8
9.947153456383244e-8
3.214494080252519e-8
1.0050835762290193e-9
8.028302669302849e-10
3.599233318542156e-9
1.424517913955343e-8
7.837240170263046e-8
2.2581234467419727e-8
1.8647307871877758e-9
2.703380249494955e-9
1.1590548636143526e-8
7.085768253032162e-8
2.0950566386393747e-8
1.9539728460561506e-9
8.551306998932912e-9
6.188588837765415e-8
1.3725296840002055e-8
6.4466032196346305e-9
5.963140846613583e-8
1.2004404710826512e-8
4.690661354289853e-8