8.698834243632132e-9
1.2198873221543153e-8
1.33837259370183e-8
1.409529356155014e-8
1.460621573873142e-8
1.5012426351508015e-8
1.5360525562626457e-8
1.5680949626836195e-8
1.600614305899363e-8
1.6429968214575176e-8
1.883876080494636e-8
2.1522774914339133e-8
2.3172935134652527e-8
2.4358454846894012e-8
2.5300494155382788e-8
2.6107774579080297e-8
2.6850910173874004e-8
2.760509739752114e-8
2.858803201645708e-8
2.5222277903292867e-8
2.7603759882099396e-8
2.9329217420318346e-8
3.069827234267708e-8
3.1870793058173936e-8
3.295018071990952e-8
3.404563910024075e-8
3.54733572777316e-8
3.061068161880964e-8
3.284884404510116e-8
3.4630604958049486e-8
3.6153230734863206e-8
3.755398614691222e-8
3.897561506216278e-8
4.082847818716319e-8
3.557241977559075e-8
3.7778914019220577e-8
3.966499455372329e-8
4.139583779264773e-8
4.3151546169960366e-8
4.544003075809355e-8
4.04031491196369e-8
4.26726755462751e-8
4.4752329065982985e-8
4.685603504163453e-8
4.959777601853492e-8
4.533732126854884e-8
4.7802662291980747e-8
5.0284123076604665e-8
5.3508811242660026e-8
5.070185243158786e-8
5.363796105530217e-8
5.740452401150761e-8
5.7176206844727325e-8
6.16745317916762e-8
6.761723266869533e-8
2.8518649487633093e-7
5.902550444012594e-7
7.462709210134341e-7
8.448229043033369e-7
9.15966238123325e-7
9.725308864699627e-7
1.0209982265485618e-6
1.0656138331687464e-6
1.1108921281037692e-6
1.1699035186327798e-6
1.0657337089770344e-9
6.331409048555942e-8
1.557178661107276e-7
2.3844126358832186e-7
3.0375664896201537e-7
3.5614173379936553e-7
4.0093577357375906e-7
4.421460119646243e-7
4.839656430815002e-7
5.384690998005229e-7
-9.829003750934498e-9
-6.503895539798867e-9
2.319824373437445e-8
7.39007281322511e-8
1.2836149210883567e-7
1.759629473667585e-7
2.1680682268477495e-7
2.542364098817019e-7
2.921860340950176e-7
3.416425175398347e-7
-9.705490533575397e-9
-1.554725910917101e-8
-1.3152841693552342e-8
5.371248669685826e-9
4.057723749671916e-8
8.099252088026332e-8
1.1862226103002357e-7
1.5324273549471593e-7
1.8819069314380477e-7
2.3369646833528146e-7
-6.920450082361708e-9
-1.1627022277685126e-8
-1.4054131604472655e-8
-1.1804552533772085e-8
2.1605075692040497e-9
2.8806249502511858e-8
6.129251585159863e-8
9.381082512857079e-8
1.2661587703514703e-7
1.691072483515042e-7
-2.159396824712117e-9
-3.5950703087821598e-9
-4.509024300147625e-9
-5.119208119864273e-9
-2.710025940851437e-9
8.146425631999122e-9
3.0185085960578726e-8
5.9391771434533186e-8
9.098433997274477e-8
1.3138531556077465e-7
4.275235911915884e-9
7.33633075719403e-9
8.982127193285336e-9
1.0058929208472905e-8
1.0818343673698418e-8
1.3104291346960828e-8
2.2121643298061815e-8
4.2815107919480715e-8
7.295652355245179e-8
1.1260807205838873e-7
1.355494226591995e-8
2.3287604196860822e-8
2.8641418200591023e-8
3.2680050320725606e-8
3.59073098316296e-8
3.83246007741372e-8
4.0889696781008026e-8
4.899619095386531e-8
7.226901868895083e-8
1.1331129529704764e-7
2.7649126357295152e-8
4.7752008196965805e-8
5.895000970330279e-8
6.754284277203384e-8
7.482596609269657e-8
8.118079370621362e-8
8.646696331871755e-8
9.038064991442403e-8
9.901357765513888e-8
1.3746524597461557e-7
4.583583320043937e-8
7.98199166646681e-8
9.910008206072559e-8
1.14116643830203e-7
1.27066679947727e-7
1.387565306450843e-7
1.4973691563896618e-7
1.6035056406308348e-7
1.698230721699574e-7
1.8893646885894974e-7
0.000030415413928666282
7.480252337475071e-6
6.314722979795258e-7
-4.423618797522379e-7
-4.1469688920911154e-7
-1.3053637868848198e-7
2.9266239650641435e-7
9.302054121268699e-7
1.926803708506716e-6
3.271499514762374e-6
0.000015101999349177741
7.326141269007968e-6
1.8233783723430893e-6
2.0321481307240998e-7
-2.64095270165036e-9
1.2576813138356398e-7
3.9502996258829014e-7
8.470390533819538e-7
1.513101904076365e-6
9.649524073693913e-6
5.659834974094438e-6
1.85117924648549e-6
3.632192077046723e-7
1.1379352572163598e-7
2.3461261403257992e-7
5.15789792394039e-7
9.640085177823292e-7
6.844335634872905e-6
4.339471356878738e-6
1.5595150370793738e-6
3.4724023183400026e-7
1.7143851349316605e-7
3.364584871411093e-7
6.625514506324583e-7
5.10940962367255e-6
3.3194864782903527e-6
1.1778955486578036e-6
2.743672076661061e-7
2.374606216293999e-7
4.820234856840339e-7
3.909473029918084e-6
2.5014880930105587e-6
7.974031989332655e-7
2.3426749486765283e-7
3.7695038429510026e-7
3.017949048555116e-6
1.8172508222571533e-6
4.830198186638841e-7
3.3083819885484544e-7
2.3259369804827825e-6
1.2257583938030136e-6
3.940755032374259e-7
1.7826146408761487e-6
8.06548773544598e-7
1.2715543616966712e-6
6.822964569649242e-9
9.813482099225831e-9
1.0855359904252389e-8
1.1481714978958173e-8
1.1931439208133433e-8
1.2288990803557979e-8
1.2595392092416948e-8
1.2877435426651232e-8
1.3163675651171785e-8
1.3536733206277977e-8
1.5757717878589474e-8
1.827230450077133e-8
1.9825896990959553e-8
2.0942083265549716e-8
2.1828909081589665e-8
2.2588878733622014e-8
2.3288471712156044e-8
2.3998466893643655e-8
2.4923806169431567e-8
2.1840059509923e-8
2.4163027051515758e-8
2.5848507714171168e-8
2.7185285366939434e-8
2.8330035165099848e-8
2.938387643983266e-8
3.045341153840399e-8
3.1847344946211126e-8
2.7160270915957318e-8
2.9403561592967237e-8
3.118974621568244e-8
3.271540580376005e-8
3.4118800544928944e-8
3.554311946614e-8
3.7399500088113254e-8
3.2184258075034336e-8
3.444353516131559e-8
3.637401187181011e-8
3.8144676527988384e-8
3.994062645261765e-8
4.228162099809797e-8
3.7173990499099556e-8
3.9538779617663856e-8
4.170420693613312e-8
4.3893499282179125e-8
4.674680017795391e-8
4.235583723047524e-8
4.4964208077482575e-8
4.7586274648910917e-8
5.0992101900926e-8
4.807626046747885e-8
5.122691928997928e-8
5.525895911281693e-8
5.508723523899715e-8
5.997762219355205e-8
6.659675988530781e-8
2.4736508164405767e-7
5.376208030386395e-7
6.921916380992491e-7
7.904113720777716e-7
8.613653522513762e-7
9.177797526976076e-7
9.661176457191677e-7
1.0106141029035085e-6
1.0557714176117489e-6
1.114625133408051e-6
3.57851428571841e-9
7.122561596074188e-8
1.7235710519732818e-7
2.6368703711806363e-7
3.3603729878251485e-7
3.940926559694303e-7
4.4373095964935764e-7
4.893962991876535e-7
5.357367389679953e-7
5.961321498605865e-7
-7.79288229478493e-9
-2.90510983205988e-9
3.080438693810605e-8
8.85232729913157e-8
1.508343477389006e-7
2.0541489706767993e-7
2.522597240041658e-7
2.9518438479975553e-7
3.3870394541688203e-7
3.9541906596651443e-7
-7.881643480951238e-9
-1.3178340703075314e-8
-1.001612465951638e-8
1.1562264145182962e-8
5.2571490727631754e-8
9.979494677585194e-8
1.4383412601459096e-7
1.8436090759154716e-7
2.252672059831315e-7
2.785298955325697e-7
-5.6314585134805615e-9
-9.999407746427878e-9
-1.2432024778643298e-8
-9.604779338413124e-9
6.896092021038496e-9
3.838979013526611e-8
7.688700288682163e-8
1.1547348947233857e-7
1.544029030960553e-7
2.0482134738251007e-7
-1.7553160439898424e-9
-3.0810523324204372e-9
-4.021903382249095e-9
-4.672769392895327e-9
-1.8010962106912663e-9
1.1092707520956717e-8
3.73763637823882e-8
7.231731779607535e-8
1.1015168674919906e-7
1.5852555918137857e-7
3.502082387925731e-9
6.348206444324369e-9
7.982393926845164e-9
9.052396771863666e-9
9.787054529596638e-9
1.2357824693050431e-8
2.3023740130854525e-8
4.7811019015847066e-8
8.408067575520385e-8
1.3181613488567396e-7
1.110557014939437e-8
2.0159015133251362e-8
2.5500046211312583e-8
2.9643039881330994e-8
3.299036773424805e-8
3.5456528943604755e-8
3.813896936940138e-8
4.754619491056346e-8
7.543458021261117e-8
1.249376020331014e-7
2.2677201627276585e-8
4.140717223119023e-8
5.2602508625284546e-8
6.145307794130192e-8
6.910365126999183e-8
7.584975814649218e-8
8.142150126289779e-8
8.535445101791646e-8
9.500163433579193e-8
1.410869727082166e-7
3.765731016809769e-8
6.939836687477696e-8
8.873300311476049e-8
1.0426109893353066e-7
1.1793600171944432e-7
1.3045900274080477e-7
1.4234463893172767e-7
1.538892723671906e-7
1.6397043249575704e-7
1.8541981051876705e-7
0.000029293877148295155
8.058494080735307e-6
7.997062555836452e-7
-3.861909096676389e-7
-3.8574164627956974e-7
-1.2181784989644575e-7
2.769290160694974e-7
8.804085422631065e-7
1.8264286471316097e-6
3.1082598090690266e-6
0.000016574744882489786
8.21385827842684e-6
2.0820173229141706e-6
2.410793231498489e-7
-6.132822422638877e-10
1.3896055557891501e-7
4.3595690010687324e-7
9.348483719329198e-7
1.6701178247698026e-6
0.000010963108573165683
6.504938880776106e-6
2.14923225486449e-6
4.255911867772946e-7
1.327015463044641e-7
2.714415563940162e-7
5.959496179584495e-7
1.11225648553398e-6
7.934928583646207e-6
5.07152242942538e-6
1.8366757243410063e-6
4.1261642486955137e-7
2.0508861768891167e-7
4.0122471414792026e-7
7.870258649037694e-7
6.010878813103159e-6
3.93053214922417e-6
1.4046269092205936e-6
3.310871429802657e-7
2.8826311518844835e-7
5.817893389473607e-7
4.6537496568179125e-6
2.9938254287645022e-6
9.598297929065332e-7
2.8283965436690135e-7
4.5335919113354846e-7
3.6260625684389126e-6
2.1905152982342087e-6
5.780092658411216e-7
3.86838378929284e-7
2.80913444701683e-6
1.4709741775395494e-6
4.4289974978639806e-7
2.1356208781482876e-6
9.127697822473483e-7
1.4372343876859422e-6
5.097083236309691e-9
7.4773492895435e-9
8.327134522357771e-9
8.83864322054333e-9
9.205890870625895e-9
9.497866132571034e-9
9.748072706755125e-9
9.978389821176805e-9
1.0212133463874922e-8
1.0516772213329467e-8
1.2396528952057342e-8
1.4570946521634768e-8
1.5922428764825603e-8
1.6893421303742322e-8
1.7664740669893645e-8
1.8325731524402986e-8
1.8934217681253084e-8
1.9551750547037116e-8
2.0356583507624927e-8
1.7751989785468176e-8
1.9852215955536383e-8
2.137882793611084e-8
2.2588904406665104e-8
2.3624987401339554e-8
2.4578809696478307e-8
2.5546842528253705e-8
2.6808488580787173e-8
2.2629116564088203e-8
2.472215722019405e-8
2.638912481260049e-8
2.7812003972025022e-8
2.9120646726709342e-8
3.0448815548369455e-8
3.217989400572557e-8
2.737323099645925e-8
2.95353717479284e-8
3.1381963150109525e-8
3.307447604133484e-8
3.479094858350323e-8
3.702841822686819e-8
3.219875003120074e-8
3.4509932950546125e-8
3.6624300640749654e-8
3.876037693338922e-8
4.154432376414118e-8
3.731158382328204e-8
3.9908429812355786e-8
4.251439559709154e-8
4.589709858199652e-8
4.306170646820333e-8
4.6252806406552927e-8
5.032316998552086e-8
5.024353242579455e-8
5.527533768872297e-8
6.229463843055749e-8
1.9931832788672823e-7
4.5175596561933254e-7
5.921716056080096e-7
6.820876666429594e-7
7.471071094244488e-7
7.988036787117719e-7
8.430982785087927e-7
8.838727229687619e-7
9.252526975910041e-7
9.791833844411173e-7
5.030492715537648e-9
7.280336441129648e-8
1.7573421628580204e-7
2.698421395228015e-7
3.4474727919008297e-7
4.04897188404557e-7
4.563207228253219e-7
5.03626122903372e-7
5.516306117858086e-7
6.141947624558875e-7
-5.821845766170395e-9
2.903170670133621e-10
3.615129818922597e-8
9.803740293897366e-8
1.653626157059028e-7
2.2452667808487787e-7
2.753291212733831e-7
3.2187466463523526e-7
3.690630997064622e-7
4.3055925614197957e-7
-6.059355304198307e-9
-1.0495643072072279e-8
-6.66852373454029e-9
1.712012994856495e-8
6.24864013464402e-8
1.1499017606188194e-7
1.6407528794210551e-7
2.0926430118360675e-7
2.5487137964090343e-7
3.142526149291535e-7
-4.335940646192865e-9
-8.100054575480002e-9
-1.0383048291217013e-8
-7.036460660307266e-9
1.1543670146974415e-8
4.710312805779445e-8
9.075126119397402e-8
1.3459098231296e-7
1.7882868705437504e-7
2.3611401517158298e-7
-1.3501192476964013e-9
-2.4853490838510894e-9
-3.398974749605509e-9
-4.0608249838723425e-9
-7.942384907425266e-10
1.3872690983419299e-8
4.3954565414950306e-8
8.412406671172713e-8
1.2769210196514674e-7
1.8338725540200348e-7
2.71026242133446e-9
5.155515373439426e-9
6.658259211972634e-9
7.636876698992962e-9
8.277103722139436e-9
1.1034680709731107e-8
2.3159374858526935e-8
5.1762002525773e-8
9.386793035482631e-8
1.493315087349432e-7
8.59583962698371e-9
1.6378438583980278e-8
2.1322404129832876e-8
2.5289861171813267e-8
2.8536457151666677e-8
3.0866825978480154e-8
3.3487596288277094e-8
4.398882341655007e-8
7.629449467057417e-8
1.34091055202038e-7
1.7567489267540715e-8
3.3692448327015094e-8
4.407871921480669e-8
5.2594765463374585e-8
6.014001570408651e-8
6.688113125495694e-8
7.238738161206196e-8
7.599502176614019e-8
8.629826570282438e-8
1.3982554561550143e-7
2.921181744799384e-8
5.660075315207703e-8
7.459391838167858e-8
8.95975643557418e-8
1.0316260665933478e-7
1.1581403852142521e-7
1.2798201884174153e-7
1.3987166106194e-7
1.499307725788539e-7
1.7295398081580627e-7
0.000025786235717873768
8.028360869486837e-6
9.219240479381862e-7
-3.019639925911759e-7
-3.305961671057211e-7
-1.0494706070392054e-7
2.41975552720189e-7
7.694581880787445e-7
1.5986131081537904e-6
2.7266488168850778e-6
0.00001701293286857555
8.674972273925177e-6
2.2556887171088267e-6
2.755661781332039e-7
3.2652211332769028e-9
1.430627863217977e-7
4.4802337721039783e-7
9.61091746613162e-7
1.717969463868535e-6
0.00001179053200332601
7.109475345408418e-6
2.3830303544696007e-6
4.780944209564698e-7
1.467513540911269e-7
2.955404263543027e-7
6.482164950284202e-7
1.2090306516119401e-6
8.776227516702915e-6
5.671703417509469e-6
2.0756655716388166e-6
4.7062159371169473e-7
2.3272837151086716e-7
4.529994040062068e-7
8.863082131508366e-7
6.782262153486895e-6
4.473795588438763e-6
1.6131845040873858e-6
3.8367040417282053e-7
3.331539376327094e-7
6.693449731963704e-7
5.33503184395576e-6
3.45734156076371e-6
1.1165558888371272e-6
3.2854542724338327e-7
5.235412771512623e-7
4.211796771788059e-6
2.558103412464082e-6
6.715893240329405e-7
4.383724659442885e-7
3.29345251916006e-6
1.7186106197472832e-6
4.859162105823089e-7
2.4964028016407083e-6
1.011923907602445e-6
1.5931707803072391e-6
3.680205646437748e-9
5.481705522123374e-9
6.134553625913706e-9
6.527948103108045e-9
6.810375266673855e-9
7.034911622786591e-9
7.227327528900652e-9
7.40444849501902e-9
7.5842042735997e-9
7.818480486578328e-9
9.294987800922274e-9
1.1033980346597997e-8
1.2121271253643032e-8
1.2902404838465307e-8
1.3522750122809052e-8
1.4054366984936307e-8
1.4543763317921952e-8
1.504043584481969e-8
1.5687751042461948e-8
1.3644754503202992e-8
1.5394246458471165e-8
1.6668527125176597e-8
1.767781996743555e-8
1.8541799498482877e-8
1.9337198875982098e-8
2.014445691780716e-8
2.1196565111884547e-8
1.776458618223313e-8
1.9566300126941014e-8
2.100167364354471e-8
2.2225790881214e-8
2.3351377215753615e-8
2.4493775243171084e-8
2.5982745471512437e-8
2.1902243287332007e-8
2.3816454934039585e-8
2.54503272471113e-8
2.6946433937656295e-8
2.8463459070697e-8
3.044103057462016e-8
2.6225356715457843e-8
2.8321064981877565e-8
3.023597766896381e-8
3.21685779053204e-8
3.46873215754593e-8
3.0912979694173216e-8
3.331884838485837e-8
3.5727552534940796e-8
3.88513399403935e-8
3.630136396577961e-8
3.9318090151189343e-8
4.3148734286083584e-8
4.318508622047199e-8
4.8030116565602814e-8
5.504456618358063e-8
1.5195239729827418e-7
3.5323410046085045e-7
4.6906592096071586e-7
5.438751732501244e-7
5.980390735497952e-7
6.411054182408799e-7
6.780045172817247e-7
7.119710985340799e-7
7.464420805375067e-7
7.913682403469307e-7
5.039669242542486e-9
6.557258773384175e-8
1.600751246127048e-7
2.480929593623458e-7
3.186492532638239e-7
3.7537050954294235e-7
4.2385544718660876e-7
4.684544562473679e-7
5.137121937281711e-7
5.726964916697394e-7
-4.184171928624639e-9
2.2399627166973572e-9
3.709134714885041e-8
9.819243504375297e-8
1.6542061193906477e-7
2.2477233463418777e-7
2.757726036442203e-7
3.224925120661138e-7
3.6985466015848697e-7
4.3157679823345963e-7
-4.475107998005321e-9
-7.945711813172388e-9
-3.808215167778378e-9
2.048123411749763e-8
6.71796171615265e-8
1.216288951890169e-7
1.7271918053220667e-7
2.1978533644798464e-7
2.6727999776899626e-7
3.2911568482731406e-7
-3.2047177504445076e-9
-6.234928988698994e-9
-8.23206004806779e-9
-4.596639035765424e-9
1.49340454138895e-8
5.2558578474853736e-8
9.90417745896944e-8
1.458748957477493e-7
1.9314851581107274e-7
2.5435335627183473e-7
-9.969342820521048e-10
-1.904110341421566e-9
-2.7357233139058362e-9
-3.376515164274376e-9
9.170261442532265e-11
1.5779376861459734e-8
4.825921447335702e-8
9.19131787551898e-8
1.3937672658036625e-7
2.000402354606572e-7
2.009893325665821e-9
3.95756774719418e-9
5.2221527587779855e-9
6.029289506635647e-9
6.507868809871915e-9
9.282549875889622e-9
2.2322492002905913e-8
5.3640516412501057e-8
1.0010648423050901e-7
1.6139277630532266e-7
6.375219117615906e-9
1.2577901852238999e-8
1.677673074700982e-8
2.027701540727941e-8
2.317892485129767e-8
2.5174222376480763e-8
2.7518144317653325e-8
3.8642884492293326e-8
7.433170894991898e-8
1.3879311302404356e-7
1.3037102632333179e-8
2.5902347068223085e-8
3.474103751230055e-8
4.229509674234e-8
4.9188728993601805e-8
5.544420374798856e-8
6.046443790211251e-8
6.336650890040999e-8
7.374935124923488e-8
1.3331900346259912e-7
2.169938358101787e-8
4.358702855274498e-8
5.894013759322307e-8
7.230197762447241e-8
8.477004280388951e-8
9.666204120381197e-8
1.0829114569533706e-7
1.1973413821901567e-7
1.2896515237369615e-7
1.523290287409976e-7
0.000020697694705448656
7.147622594996105e-6
9.34888827765297e-7
-2.1100985153329832e-7
-2.6116573112974626e-7
-8.353019175947305e-8
1.948474433059421e-7
6.196915416868415e-7
1.2888789637158941e-6
2.202021522101594e-6
0.000015850154688134686
8.425095087305866e-6
2.27007726939264e-6
2.9728256025291186e-7
8.839269657109116e-9
1.33404711554677e-7
4.1660631990696975e-7
8.944080590059382e-7
1.6006190305840205e-6
0.000011745248000437218
7.236381577906902e-6
2.4723926620849075e-6
5.049189006699501e-7
1.5082449523290333e-7
2.9611926786259005e-7
6.490483332166369e-7
1.2108140444898644e-6
9.072045589339921e-6
5.949789037669222e-6
2.208826507501785e-6
5.060975426057531e-7
2.4570458486390043e-7
4.7456760953935824e-7
9.272941468613234e-7
7.20103301672822e-6
4.807478379226114e-6
1.7542219838524172e-6
4.1975249410891587e-7
3.5976068558765694e-7
7.202659234981431e-7
5.789958604658833e-6
3.79008754995461e-6
1.2355505456917792e-6
3.6113055829306627e-7
5.705766848064242e-7
4.65525162879e-6
2.850121539058459e-6
7.466175884274912e-7
4.7432119559997453e-7
3.6931907299017045e-6
1.928093174815416e-6
5.148769380432752e-7
2.8110460107152267e-6
1.0892594579461156e-6
1.7199973264417862e-6
2.57670645388196e-9
3.897291834278513e-9
4.381018945009024e-9
4.67265574684758e-9
4.882014342533795e-9
5.048456798756924e-9
5.1910897319526855e-9
5.322385317298184e-9
5.455633851542481e-9
5.629297044728628e-9
6.740988363873846e-9
8.057654338494091e-9
8.883759538672313e-9
9.477126462348267e-9
9.948227981938433e-9
1.035194996814774e-8
1.0723614528244598e-8
1.110080524615944e-8
1.159239937168782e-8
1.006206174392034e-8
1.141909579100689e-8
1.2408995535979904e-8
1.3192369855101919e-8
1.3862783801997205e-8
1.4479993871125905e-8
1.510641443350363e-8
1.59228366697989e-8
1.3289857037184632e-8
1.4722719635395583e-8
1.586453839777029e-8
1.6837317459319225e-8
1.773154246669871e-8
1.863913959500179e-8
1.9822095040164474e-8
1.661777811911238e-8
1.8178908915432595e-8
1.9510576616923694e-8
2.0728509185491198e-8
2.1963190137442763e-8
2.3572793671886256e-8
2.0184089564769345e-8
2.1934156621297002e-8
2.3530881640043988e-8
2.5140215503383704e-8
2.7237616772672996e-8
2.414384820580434e-8
2.6198730753893004e-8
2.8249852126842923e-8
3.0906597050070355e-8
2.8804289815542625e-8
3.143797687523535e-8
3.4762131934411367e-8
3.491049909501722e-8
3.9224955981495945e-8
4.575267231359829e-8
1.1225837951341961e-7
2.6487071094983654e-7
3.5377687345301786e-7
4.115182978348403e-7
4.5337013106086386e-7
4.866481532939359e-7
5.151599474734411e-7
5.414057039210454e-7
5.680411947013085e-7
6.027553261171168e-7
4.1490332347655e-9
5.213012303378059e-8
1.2906626373005172e-7
2.021203479372869e-7
2.611744828771331e-7
3.0872400790016717e-7
3.4936263324527736e-7
3.8674064364418696e-7
4.246702860067868e-7
4.741038735027045e-7
-2.9413481941929793e-9
2.6362216973106257e-9
3.249927445819327e-8
8.60825946630426e-8
1.4600727448925884e-7
1.9929096289445308e-7
2.4513319975103604e-7
2.8711907981531383e-7
3.2967787092097027e-7
3.851397292549558e-7
-3.2053329271283393e-9
-5.830014118406628e-9
-2.047606829187474e-9
2.0072348187850673e-8
6.338962427462743e-8
1.1454585152064344e-7
1.6282572579020833e-7
2.0734790608422712e-7
2.522653930883247e-7
3.107411126946583e-7
-2.296373187930009e-9
-4.6234160386390016e-9
-6.2748654163554585e-9
-2.7997065679022665e-9
1.5840444500154828e-8
5.2246190713497625e-8
9.767935083555766e-8
1.4366434115734323e-7
1.901035382789717e-7
2.5021170417812076e-7
-7.137148549525509e-10
-1.4056342082277196e-9
-2.1160552712154795e-9
-2.709373261720966e-9
6.368999877144846e-10
1.606669826842889e-8
4.8461137418506744e-8
9.239135245491979e-8
1.4031467907641709e-7
2.015529150521721e-7
1.4443792298944042e-9
2.9167926024094256e-9
3.896294362076171e-9
4.488556269017092e-9
4.76865675056038e-9
7.337817883302791e-9
2.03474433632476e-8
5.2246138945190144e-8
1.0003857229119936e-7
1.6319369028814185e-7
4.581883686398545e-9
9.273794049539678e-9
1.2563965020881183e-8
1.5391212619224707e-8
1.775305339596657e-8
1.9264626830208055e-8
2.113809233310248e-8
3.2119933083938405e-8
6.902688013609539e-8
1.364754171545101e-7
9.374876157628245e-9
1.9111833760934092e-8
2.604683792012179e-8
3.2182212494653475e-8
3.7950797986762134e-8
4.3273021390962426e-8
4.74261741702055e-8
4.932886139596794e-8
5.9040904183408496e-8
1.2158144614870009e-7
1.56171696913734e-8
3.219613652623214e-8
4.426092346842384e-8
5.514416707441822e-8
6.563234718487363e-8
7.589561898386995e-8
8.61329522384036e-8
9.628070564165822e-8
1.0388191223362776e-7
1.2599440195964998e-7
0.000015709414015032606
5.656525129114887e-6
8.074119433452906e-7
-1.4151670759685897e-7
-1.9575190554068476e-7
-6.307143950510548e-8
1.4813862747551823e-7
4.7116580066366505e-7
9.804903146914728e-7
1.6765030361554699e-6
0.000013085558480079261
7.263464720173074e-6
2.0419422284744043e-6
2.8939806843562906e-7
1.3933490520222381e-8
1.1061592019660294e-7
3.4400312290448307e-7
7.391929303423403e-7
1.3245728000960379e-6
0.000010445764048272808
6.632084063577107e-6
2.333176468795271e-6
4.894876251775621e-7
1.4014841831095543e-7
2.6403048474436337e-7
5.783810193952348e-7
1.0801016167430639e-6
8.512909817674315e-6
5.710391668479748e-6
2.164123868429361e-6
5.019332414234087e-7
2.347148240058698e-7
4.4781315220742596e-7
8.751168192824333e-7
7.032470891645662e-6
4.773295901780209e-6
1.7689425143465995e-6
4.244528936326559e-7
3.5465695447793515e-7
7.08165533531684e-7
5.825715709460176e-6
3.863942615397618e-6
1.2742002904892505e-6
3.680183497622867e-7
5.746908928745411e-7
4.796901301006016e-6
2.9687307076788242e-6
7.78902942444871e-7
4.804379958147678e-7
3.884193603228977e-6
2.039100746578819e-6
5.184996053075699e-7
2.9970250780517503e-6
1.122934751805269e-6
1.787422263642609e-6
1.7488552141560444e-9
2.677449454387888e-9
3.0240874857935457e-9
3.2331497536195563e-9
3.3832227038207442e-9
3.5025308642046645e-9
3.604772246377153e-9
3.6988871752989577e-9
3.794401872111877e-9
3.918886488481222e-9
4.7354714276004375e-9
5.707362448531671e-9
6.317624482386719e-9
6.755846740291383e-9
7.10371108063566e-9
7.401821631668605e-9
7.67626390451187e-9
7.95478686034294e-9
8.317787030921193e-9
7.19827314256543e-9
8.210209034587569e-9
8.948601981926603e-9
9.532591431904575e-9
1.003227086417578e-8
1.0492299324117802e-8
1.0959197612749528e-8
1.1567713532421191e-8
9.614928923642426e-9
1.0694758535584385e-8
1.1555314769466614e-8
1.2287893282609622e-8
1.2961140728966169e-8
1.364446300512614e-8
1.4535113863984692e-8
1.2137658918167457e-8
1.3330661756683334e-8
1.4347821779042286e-8
1.5277094572860375e-8
1.621891559057872e-8
1.7446799829320783e-8
1.488287841304099e-8
1.6241399994700464e-8
1.7479143273785645e-8
1.8724874508093706e-8
2.0348348032846386e-8
1.798301736273554e-8
1.9605624086107758e-8
2.1219844540106738e-8
2.3307550596976173e-8
2.1702825807267364e-8
2.3821083827571603e-8
2.6475023244826348e-8
2.669186596272588e-8
3.02218039157608e-8
3.582280866227299e-8
7.992432597279857e-8
1.9407122857113044e-7
2.611290443750492e-7
3.0468399762783675e-7
3.36262173498467e-7
3.6137193189786866e-7
3.828851444556214e-7
4.026885241506765e-7
4.2278596176709866e-7
4.4897902953915316e-7
3.3972856829510894e-9
3.9616680457144205e-8
9.760518588363514e-8
1.5305655882482253e-7
1.9811345723896534e-7
2.3444025540064492e-7
2.6548519851837964e-7
2.940371454303809e-7
3.230101618910378e-7
3.607705881654173e-7
-2.0063475225775687e-9
2.233239492346046e-9
2.50563348364873e-8
6.680527355458706e-8
1.1418404819284058e-7
1.566076468238461e-7
1.9315873547943328e-7
2.2662987092852296e-7
2.605541509879921e-7
3.047631272672685e-7
-2.2192120483657786e-9
-4.166138169764684e-9
-1.2269672733076628e-9
1.6497698706251674e-8
5.1922828048952263e-8
9.43327939567745e-8
1.3462808841443388e-7
1.7183944787835754e-7
2.0937281126639724e-7
2.582305585714173e-7
-1.5908180874069396e-9
-3.3192275109787373e-9
-4.621419490154822e-9
-1.7707610853828225e-9
1.3863766642625905e-8
4.4945836052454876e-8
8.423691709650993e-8
1.2425618420545804e-7
1.6470463177467273e-7
2.1703909375459305e-7
-4.940242141568782e-10
-1.0057267177024087e-9
-1.5740798204426864e-9
-2.090157274790651e-9
7.269806177537877e-10
1.4141713371675843e-8
4.285929678685977e-8
8.231994114568314e-8
1.256014261891701e-7
1.8089370661031738e-7
1.003788396605066e-9
2.0876307102884302e-9
2.8145519344540025e-9
3.2192016565081027e-9
3.3304533931171613e-9
5.439884775256988e-9
1.70404719473083e-8
4.6287896667988424e-8
9.07631757382705e-8
1.4970951873964077e-7
3.1845408277245428e-9
6.639954640852757e-9
9.105801039021403e-9
1.1244968698890321e-8
1.3019748224060104e-8
1.4030425852038069e-8
1.532236582307566e-8
2.5161979096707158e-8
6.00539987133703e-8
1.247788753926386e-7
6.519469143744568e-9
1.3694608095230257e-8
1.8895301387276362e-8
2.3558170687629694e-8
2.8021404566933157e-8
3.2178218949478216e-8
3.527759542867221e-8
3.612942225065985e-8
4.441677568654797e-8
1.0518879003464408e-7
1.0870084667860608e-8
2.309795744353722e-8
3.215043651361416e-8
4.043140232464253e-8
4.857282058020408e-8
5.669811126765938e-8
6.494467066603922e-8
7.315438059655694e-8
7.862706103586199e-8
9.789057945577225e-8
0.000011834281200140678
4.266211468308067e-6
6.15344720396878e-7
-9.988527415959089e-8
-1.443235275920296e-7
-4.664868710040548e-8
1.1018209016858389e-7
3.504628230145053e-7
7.296648817373726e-7
1.2485452859674876e-6
9.865721452451653e-6
5.589552992604349e-6
1.6214475411472808e-6
2.4285396404925964e-7
1.4481240327742172e-8
8.441939860367793e-8
2.6153860002209274e-7
5.621324632211437e-7
1.0077060190036889e-6
8.235704643741896e-6
5.372306587830351e-6
1.943937624324418e-6
4.194209807089907e-7
1.158584143581688e-7
2.0883258549537507e-7
4.5709437710543376e-7
8.545474534859895e-7
7.054544657287729e-6
4.842960280056954e-6
1.878808843886835e-6
4.42796947676511e-7
1.9803016632089428e-7
3.7177496776875256e-7
7.271113139493079e-7
6.081785673281081e-6
4.212849149376888e-6
1.5938477177226528e-6
3.83902871878446e-7
3.084009293748488e-7
6.141709678427518e-7
5.233501051100155e-6
3.5381765390702978e-6
1.1882810874421129e-6
3.365934651447316e-7
5.158129233343758e-7
4.468271505544627e-6
2.8156432245035965e-6
7.436834191129414e-7
4.418237410098968e-7
3.741656524206294e-6
1.9880276821344564e-6
4.855623243912143e-7
2.9618565209673563e-6
1.0881007977021472e-6
1.7568304972252793e-6
1.175223949526705e-9
1.7964093108108978e-9
2.0317850740385404e-9
2.173941260833461e-9
2.275983975129711e-9
2.3571073426488136e-9
2.426626291365979e-9
2.4906197375783017e-9
2.555564926074649e-9
2.6402081973176784e-9
3.2047961650681416e-9
3.893337097176104e-9
4.3277000179868375e-9
4.639631305733969e-9
4.887222335950052e-9
5.0994006642802345e-9
5.294734307124779e-9
5.492972333537939e-9
5.75133677409615e-9
4.973057477167431e-9
5.710971945702768e-9
6.249659392891449e-9
6.675613249505054e-9
7.0400407207400685e-9
7.375548537866437e-9
7.71606789666331e-9
8.159872501597169e-9
6.745466189737234e-9
7.541432738610434e-9
8.175699461352016e-9
8.715485028817397e-9
9.211490871171392e-9
9.714918478000017e-9
1.0371097661016151e-8
8.610385726953347e-9
9.494775496276213e-9
1.0248643471791446e-8
1.0937013845640805e-8
1.1634571877243005e-8
1.2544030551784312e-8
1.065049176464308e-8
1.1663052910213585e-8
1.2584907973327356e-8
1.3511863754694858e-8
1.471984439407288e-8
1.29689275992941e-8
1.4186856502833304e-8
1.539569064171388e-8
1.6957215388015165e-8
1.5776301404577725e-8
1.7380709457573033e-8
1.93783741257527e-8
1.9593698877506347e-8
2.228910745536164e-8
2.672812131491042e-8
5.3649717450817404e-8
1.3402314119655354e-7
1.830858728134588e-7
2.150978132396757e-7
2.383123809954424e-7
2.5677171604257565e-7
2.725870232442268e-7
2.8714535900217367e-7
3.0191986078329786e-7
3.211755204028522e-7
2.8203779363253763e-9
3.123743910565335e-8
7.631695327983892e-8
1.1903376358620481e-7
1.536241457898487e-7
1.8150394535998603e-7
2.0533296217866606e-7
2.2724893493552817e-7
2.4948811936025523e-7
2.78472362924886e-7
-1.309654260021324e-9
2.13770292473318e-9
1.9531360290891016e-8
5.096937265537992e-8
8.65406615064002e-8
1.18411846345103e-7
1.458906506161315e-7
1.710562224378469e-7
1.9656169024996167e-7
2.2979934388414515e-7
-1.4924083308374914e-9
-2.8367170846821544e-9
-6.147891032653168e-10
1.261286141272181e-8
3.913144102568171e-8
7.104737551121192e-8
1.0149391200183187e-7
1.2964471716920002e-7
1.580365584785549e-7
1.949917905554685e-7
-1.0702372580218507e-9
-2.288553954105177e-9
-3.257825958389073e-9
-1.1465096437677312e-9
1.0624172282582359e-8
3.43020387242367e-8
6.453496894614062e-8
9.550061733708366e-8
1.2682641279981153e-7
1.6734410333434786e-7
-3.32222283652101e-10
-6.919287642208619e-10
-1.1180880912862226e-9
-1.5278398325571787e-9
5.785025055819949e-10
1.0914531299967669e-8
3.34357325311114e-8
6.476848403003062e-8
9.931956595245591e-8
1.4345153674612445e-7
6.758517127709122e-10
1.4400646278796621e-9
1.975282460316636e-9
2.2608635400743983e-9
2.2920077607293745e-9
3.8545151287505016e-9
1.3022593195913214e-8
3.6712953985279796e-8
7.325618412158172e-8
1.2185391407417172e-7
2.1442246888025815e-9
4.581645136118114e-9
6.404408228109494e-9
7.992543715951837e-9
9.291264369784571e-9
9.951479164688766e-9
1.0771952098910075e-8
1.8631359524117526e-8
4.783385647914123e-8
1.0287542791027308e-7
4.390500179287771e-9
9.457117664960847e-9
1.3305767847232533e-8
1.6776646083479347e-8
2.0102066133786404e-8
2.3191881624451322e-8
2.5386982842613343e-8
2.5552917134604256e-8
3.1916678272127834e-8
8.471959055238878e-8
7.3224739420289376e-9
1.597074349081772e-8
2.267953654766847e-8
2.884996000367187e-8
3.492526444685368e-8
4.101738234224266e-8
4.724425410093692e-8
5.342593691316924e-8
5.696196767304143e-8
7.218254895066699e-8
8.418738446449186e-6
3.3437812531626423e-6
4.878067182017717e-7
-6.538183626194026e-8
-1.0172452152826577e-7
-3.294067054681972e-8
7.859745077445713e-8
2.5004103124409326e-7
5.211376723675051e-7
8.931513000942862e-7
7.632484619792462e-6
4.229071464398906e-6
1.2094760908819348e-6
1.7924256228271184e-7
1.0419914770273443e-8
6.521303030278574e-8
2.020448662958364e-7
4.340720616636344e-7
7.776743744749087e-7
6.16319416559816e-6
4.012627871837419e-6
1.4616440796809715e-6
3.1986876126169916e-7
8.863349708640084e-8
1.576820489372743e-7
3.4475435436114894e-7
6.442319125140524e-7
5.297259460108469e-6
3.6760594558144144e-6
1.4487441872559902e-6
3.467770815505685e-7
1.5133116667421735e-7
2.8067288275544937e-7
5.489843745202787e-7
4.676256997823655e-6
3.292374475063427e-6
1.2689372001546448e-6
3.072921021166436e-7
2.383704328542119e-7
4.73525349715673e-7
4.1548385306669785e-6
2.859422036447944e-6
9.772866410372242e-7
2.720806050089481e-7
4.091338084308026e-7
3.6703880917512934e-6
2.354419767699686e-6
6.281962304424182e-7
3.6055031019517613e-7
3.1814475515694467e-6
1.7188884145434964e-6
4.0898667543484275e-7
2.609322920444205e-6
9.566356283056674e-7
1.587393359023794e-6
7.952936030829677e-10
1.2063683642505705e-9
1.3616018681492932e-9
1.4553981010632342e-9
1.5227217784504402e-9
1.5762427840270187e-9
1.622108047154367e-9
1.6643278539968833e-9
1.707175602058113e-9
1.7630192101920647e-9
2.1336675638304468e-9
2.5891008121360618e-9
2.878085809127078e-9
3.0856251810811315e-9
3.250312563017381e-9
3.3914471813914904e-9
3.521378964828506e-9
3.653242885571787e-9
3.825101690506352e-9
3.314861198291755e-9
3.819265842068027e-9
4.1885163967360735e-9
4.4803082453134255e-9
4.729911003428437e-9
4.9597103000048735e-9
5.1929439330743685e-9
5.496921524147278e-9
4.542683553503229e-9
5.104140026515142e-9
5.551695489500529e-9
5.932374031574935e-9
6.28213712622123e-9
6.637135492121668e-9
7.0998509248423625e-9
5.872440439635558e-9
6.509745918610286e-9
7.052775320179867e-9
7.548448861758489e-9
8.050703638666161e-9
8.705537891285834e-9
7.352839323302909e-9
8.091723280262155e-9
8.764151724636516e-9
9.440099905829015e-9
1.0320947654509077e-8
9.051804923769977e-9
9.947189988002009e-9
1.0835299945621724e-8
1.1982020068068971e-8
1.1121779497455435e-8
1.2307002022525774e-8
1.3779231351648965e-8
1.3952131133225614e-8
1.594691579036864e-8
1.9283846453368164e-8
3.5378140936647676e-8
8.792716299687208e-8
1.2036875651388237e-7
1.4175313476241835e-7
1.5728809695205045e-7
1.6964105807535457e-7
1.80224285503715e-7
1.8996634032579194e-7
1.9985304540999654e-7
2.1273842242120564e-7
1.8160314729651494e-9
2.1361799409896834e-8
5.4055563515528366e-8
8.587943468808658e-8
1.1182208667470456e-7
1.3273856075769487e-7
1.5061264469608596e-7
1.6705131773834696e-7
1.837324095262033e-7
2.0547281385275753e-7
-8.687538452301097e-10
1.849682924249422e-9
1.546478923099497e-8
4.024005440227642e-8
6.821425808764247e-8
9.320319463198272e-8
1.1472908514770187e-7
1.3444397904917668e-7
1.5442621679773444e-7
1.8046637183118032e-7
-1.000656991948081e-9
-1.8733717470298226e-9
1.1649374462720408e-11
1.0515271521542831e-8
3.1242884494660776e-8
5.595588756217641e-8
7.943458009171818e-8
1.0113020769691469e-7
1.2301555071322191e-7
1.5150310204110341e-7
-7.166724298231522e-10
-1.5364345533008955e-9
-2.2067902120074444e-9
-4.96037862034214e-10
8.584525567197142e-9
2.660267851270623e-8
4.945687530733738e-8
7.281962336138999e-8
9.645675033329048e-8
1.270330457721064e-7
-2.2239892529982792e-10
-4.6276309294345e-10
-7.680751095245417e-10
-1.0581498666459544e-9
5.589022150119479e-10
8.33168238502537e-9
2.5164314661320928e-8
4.855327921152458e-8
7.436400872929851e-8
1.073394929495935e-7
4.5154331962858363e-10
9.574807367726674e-10
1.325570432055828e-9
1.5264032542265968e-9
1.5468430224201065e-9
2.7064718456515217e-9
9.513696557810646e-9
2.7160781338684672e-8
5.450903785898689e-8
9.095118552787046e-8
1.432527113793221e-9
3.046886434348998e-9
4.307765043209212e-9
5.452388432689123e-9
6.403851468629e-9
6.879009206088598e-9
7.445943143125062e-9
1.3247173320808597e-8
3.524639544601653e-8
7.714657878420012e-8
2.932539034605597e-9
6.289211687695031e-9
8.955516453802011e-9
1.1464412340475838e-8
1.3913996603316028e-8
1.6197873418165048e-8
1.779282378112582e-8
1.7767895675381936e-8
2.233628312972843e-8
6.330372311949279e-8
4.889074482166446e-9
1.0621004624483995e-8
1.5278273534387826e-8
1.9752173259851483e-8
2.4242479410810245e-8
2.876620143670915e-8
3.3387493276812e-8
3.794452492229218e-8
4.0278567492576225e-8
5.149146620702796e-8
5.487725558951302e-6
2.2955085982269933e-6
3.8192192839144143e-7
-3.286068653777547e-8
-6.615937232299815e-8
-2.16655371417549e-8
5.2005221564318465e-8
1.6544997987219943e-7
3.449717210720699e-7
5.915890896981363e-7
5.680732079214531e-6
3.3113540796386444e-6
9.60416980826227e-7
1.4353265473041274e-7
8.808707466457307e-9
4.800282693537271e-8
1.486421437828082e-7
3.19745806590927e-7
5.738620776588596e-7
4.869174975553054e-6
3.145209663674914e-6
1.1272704394640983e-6
2.424997441604291e-7
6.817853695780761e-8
1.2380568081735402e-7
2.7081035673946765e-7
5.058730630157389e-7
4.097197317867064e-6
2.8019242865501716e-6
1.09041629285603e-6
2.600950272757275e-7
1.1687923847124637e-7
2.1836131391556858e-7
4.26451814388706e-7
3.5260787441341425e-6
2.4625308004830045e-6
9.456710359836177e-7
2.3062844450229786e-7
1.811221371220575e-7
3.59383158221239e-7
3.0958849268435597e-6
2.130064429373029e-6
7.311558709866141e-7
2.043503821241882e-7
3.061226794973631e-7
2.742087879838736e-6
1.7706826081099263e-6
4.761153582700564e-7
2.694921787183233e-7
2.414194862201361e-6
1.3207940465889508e-6
3.109760403564611e-7
2.0376963315602783e-6
7.527267661250595e-7
1.2849524801378309e-6
5.452921317198277e-10
8.181800348503793e-10
9.209676535092316e-10
9.830522014300403e-10
1.027610825333972e-9
1.0630335809552063e-9
1.0933894836392786e-9
1.1213326350645277e-9
1.1496914074483857e-9
1.1866514812624406e-9
1.4312031382599277e-9
1.7314130888783917e-9
1.921306224160178e-9
2.057568823524721e-9
2.1656654741044168e-9
2.2583025068341996e-9
2.3435876626783216e-9
2.4301412839018837e-9
2.542946982201927e-9
2.2066362655210646e-9
2.535217202617822e-9
2.7755310192432135e-9
2.965225786215684e-9
3.1274385745080112e-9
3.2767851619109913e-9
3.428366919880957e-9
3.625926637150094e-9
3.006111538088757e-9
3.3732534039030116e-9
3.6659988393096352e-9
3.9146785295930365e-9
4.143077727289975e-9
4.3749033382759946e-9
4.677077818336809e-9
3.8820521354111244e-9
4.307089424027174e-9
4.6690650681956735e-9
4.998990052569259e-9
5.333214351917536e-9
5.769002239393115e-9
4.880504398744521e-9
5.3853057928185095e-9
5.844002732798624e-9
6.304513542358718e-9
6.904627299920142e-9
6.055012608593185e-9
6.680823589450348e-9
7.300139727625912e-9
8.09918395681839e-9
7.518175752771373e-9
8.362877263937102e-9
9.409313104141408e-9
9.556387968369468e-9
1.100027267050906e-8
1.3455447178263034e-8
2.3375968964291262e-8
5.805492254815206e-8
7.943183920430278e-8
9.346846948846384e-8
1.0366549457482188e-7
1.1177453382575427e-7
1.1872174553208165e-7
1.2511675406034877e-7
1.3160671443505702e-7
1.4006510112953834e-7
1.2016931178019589e-9
1.3890528105175327e-8
3.465131275654984e-8
5.4939925805378845e-8
7.164116723267303e-8
8.514642838101681e-8
9.668534008762526e-8
1.0729581700028944e-7
1.1806254118943129e-7
1.3209476143166856e-7
-5.969550992410625e-10
1.035225113429841e-9
9.624120229243147e-9
2.5980205613185105e-8
4.509381359571584e-8
6.242079878900424e-8
7.73781115142611e-8
9.106983109018814e-8
1.0494469143136501e-7
1.2302565731181565e-7
-6.769597453814703e-10
-1.2865830699519633e-9
-9.85349779678529e-11
7.27724133186219e-9
2.2491288607772373e-8
4.1035498016237856e-8
5.878072219921512e-8
7.518514741058281e-8
9.172702267307133e-8
1.1325792991308484e-7
-4.840181011711131e-10
-1.036045918624984e-9
-1.521942601767428e-9
-2.5658092747269436e-10
6.725784970476087e-9
2.0821508829537185e-8
3.881049196288559e-8
5.7204958899754245e-8
7.580511442361468e-8
9.986566677402108e-8
-1.5020278482547314e-10
-3.1107176094524976e-10
-5.325067850092391e-10
-7.555810761921378e-10
5.221501525741982e-10
6.705938268575781e-9
2.0086600468662295e-8
3.8599204514503614e-8
5.8966952256741125e-8
8.498731632797292e-8
3.041644684914391e-10
6.368877350147379e-10
8.715399996333345e-10
9.801524276574336e-10
9.594547443347991e-10
1.8693976505239497e-9
7.25940506203528e-9
2.1093529760435275e-8
4.234647015521083e-8
7.060420607596362e-8
9.64918967853528e-10
2.0272358837977313e-9
2.844678984800133e-9
3.591061736881289e-9
4.216741729068709e-9
4.506005908423727e-9
4.916718456715894e-9
9.406745582473404e-9
2.6204203694395e-8
5.7971731988256085e-8
1.974654046257924e-9
4.183015359928319e-9
5.911329760646974e-9
7.555626121747478e-9
9.215625695511552e-9
1.0804793825794284e-8
1.1912091861221965e-8
1.1843217962805058e-8
1.5276622894318026e-8
4.584353665550696e-8
3.2904280153851454e-9
7.060213953381548e-9
1.007677376695096e-8
1.3010632166134559e-8
1.606485387590117e-8
1.9246205224747184e-8
2.2570381943350306e-8
2.5887274787603518e-8
2.7567211111598853e-8
3.576942210255239e-8
3.6300019052434466e-6
1.494669039657484e-6
2.3697242932523398e-7
-2.2063981293854452e-8
-4.3363778359937306e-8
-1.425227364052975e-8
3.42499902775515e-8
1.0895664167359785e-7
2.2715325365527693e-7
3.8947387771903376e-7
3.5745762575801496e-6
2.129148083008328e-6
6.607829396429041e-7
1.0962682489659322e-7
8.608094792359507e-9
3.10661832872996e-8
9.549535508516478e-8
2.0546959960913602e-7
3.689248392837983e-7
3.3039587239181853e-6
2.268641976695109e-6
8.56970422866011e-7
1.9082741976414773e-7
4.9734783187843455e-8
8.418281981735033e-8
1.841326237256814e-7
3.4493168749952824e-7
3.0863312959899855e-6
2.178873086069997e-6
8.629915045655893e-7
2.051640521767016e-7
8.799317725625459e-8
1.6290877930465894e-7
3.188481798023003e-7
2.785178315234848e-6
1.9567936312023396e-6
7.488959883918429e-7
1.807924512403017e-7
1.4220990704780499e-7
2.8251852799801045e-7
2.455204421079972e-6
1.6761737291375533e-6
5.688165289206925e-7
1.6002208408691015e-7
2.423181810259361e-7
2.1361990928381244e-6
1.3621993809451987e-6
3.6292242125086084e-7
2.089457533480166e-7
1.8359655898250786e-6
9.93006413484332e-7
2.3320977899388196e-7
1.5190919806484102e-6
5.564644805045616e-7
9.533364609594686e-7
3.803610512494202e-10
5.643514975317986e-10
6.328237983361629e-10
6.741729627268766e-10
7.038513535185253e-10
7.274450296901442e-10
7.476638347987007e-10
7.662755673522119e-10
7.851641435846585e-10
8.097816829929202e-10
9.700730901578334e-10
1.1664827152130334e-9
1.2909522268621147e-9
1.380322860711511e-9
1.4512301067337694e-9
1.5119954805385195e-9
1.5679377698080795e-9
1.624712098113423e-9
1.6987063225788577e-9
1.4775618982952519e-9
1.6937546378476366e-9
1.8520236897883486e-9
1.977006213045868e-9
2.0838848087491852e-9
2.182281549889052e-9
2.2821505405675794e-9
2.4123120361589015e-9
2.0041959191482775e-9
2.2456995467285876e-9
2.438143358639707e-9
2.601637746295517e-9
2.751780416969796e-9
2.9041716017005386e-9
3.102808980134714e-9
2.57825176330894e-9
2.8550740218502875e-9
3.0907501264897117e-9
3.305441568150623e-9
3.522871524660292e-9
3.806388659820473e-9
3.2259077177744e-9
3.5523817619814504e-9
3.8487223591395304e-9
4.145737274165183e-9
4.532762964994911e-9
3.985478851401654e-9
4.390973945381131e-9
4.790511535124365e-9
5.304853726564469e-9
4.939775023464084e-9
5.492958121934448e-9
6.1709017823826085e-9
6.296511990414925e-9
7.255797987021968e-9
8.974036323478315e-9
1.5625902135012336e-8
3.8115498932718755e-8
5.191673752013577e-8
6.101185516423172e-8
6.762130083226706e-8
7.287708987441602e-8
7.737987873824572e-8
8.152476808995018e-8
8.573120070662089e-8
9.121345832411629e-8
7.277946369816149e-10
8.946257973187125e-9
2.2768281252150862e-8
3.6350267439654715e-8
4.747446946965206e-8
5.64548222219518e-8
6.412938885155193e-8
7.11871749520702e-8
7.834893714246342e-8
8.768282676187785e-8
-4.128369932161982e-10
7.256816140011318e-10
6.600533706344322e-9
1.744415423502047e-8
2.982035172820492e-8
4.0960365518048214e-8
5.058303919134031e-8
5.939669542404461e-8
6.832840658753835e-8
7.996761885327743e-8
-4.6372441869673545e-10
-8.477614456462924e-10
-3.079071554645478e-11
4.639650308618758e-9
1.406393811185218e-8
2.554413778163001e-8
3.660229124682891e-8
4.6857806058612343e-8
5.7198851748812036e-8
7.065638240760341e-8
-3.3151235265998057e-10
-6.898302397078534e-10
-9.968598459171219e-10
-2.425754589598202e-10
4.007751239604978e-9
1.2778431527615298e-8
2.4240571254168678e-8
3.613111484500908e-8
4.8182466878376565e-8
6.375838555426432e-8
-1.0295023434504875e-10
-2.0802257108716533e-10
-3.503775456674158e-10
-5.099168660789189e-10
2.379853897497041e-10
4.168527021455863e-9
1.3078671145749297e-8
2.5797867958327095e-8
3.99619004091654e-8
5.804350022482003e-8
2.0780567470481364e-10
4.260244949292756e-10
5.804223276165905e-10
6.46644492400906e-10
5.971412533910316e-10
1.1291637454891682e-9
4.8172738736690675e-9
1.4810494631491782e-8
3.0572135278079895e-8
5.161510262594298e-8
6.591827143952719e-10
1.3558160871346415e-9
1.893976160211617e-9
2.383045031213019e-9
2.772560182510914e-9
2.8900939200991405e-9
3.0443505094072694e-9
6.277569411655136e-9
1.9180476687467845e-8
4.3904008626685025e-8
1.3483645946753862e-9
2.7961871685600837e-9
3.9345293892837625e-9
5.014891854724253e-9
6.084545043411882e-9
7.086612678144404e-9
7.70744650697805e-9
7.381736516519579e-9
9.831261092685944e-9
3.383612028849283e-8
2.2452055318693224e-9
4.715802087161397e-9
6.703538273235304e-9
8.630668430505008e-9
1.0598269346728859e-8
1.2632359971324432e-8
1.477579296213299e-8
1.6918314585759498e-8
1.77642038468006e-8
2.3761613866598115e-8
2.3437337932861394e-6
9.662448427424333e-7
1.6209386165568688e-7
-1.3742450341474548e-8
-2.836281792720379e-8
-9.31086539443756e-9
2.2314129399565706e-8
7.098470634104892e-8
1.4796145104164872e-7
2.5362120458945795e-7
2.4081099837560686e-6
1.438450832244814e-6
4.2667264115084126e-7
6.667465902401009e-8
4.885001218744802e-9
2.0579285190472008e-8
6.33641614169181e-8
1.3635685284612075e-7
2.4488725006262215e-7
2.1516758031421157e-6
1.4178688576750738e-6
5.255941031676165e-7
1.1888304391661291e-7
3.244064426899315e-8
5.491449422414734e-8
1.1985092908794027e-7
2.241728751520988e-7
1.8963928963805753e-6
1.3486586539925839e-6
5.513511856941602e-7
1.3672623791072166e-7
5.64227568427149e-8
1.0165524649939429e-7
1.989169734625475e-7
1.7678110717092326e-6
1.2918876152508631e-6
5.181287362854226e-7
1.2664233786275714e-7
9.129072279359941e-8
1.8042794168258193e-7
1.6866611405897272e-6
1.2019759155158294e-6
4.2288304102096915e-7
1.1377112981453864e-7
1.656234320042512e-7
1.5862855275224043e-6
1.0433939697379168e-6
2.8052515571874397e-7
1.532636295905515e-7
1.4364334389650597e-6
7.857885052959398e-7
1.7934905561951443e-7
1.2067611049773873e-6
4.3403641014585964e-7
7.307035727401785e-7
2.682298176525792e-10
3.9547770723539695e-10
4.4222472636229823e-10
4.704381196735269e-10
4.906885750344841e-10
5.067872526222499e-10
5.205831417446751e-10
5.332824635274633e-10
5.46170692717057e-10
5.629679619463674e-10
6.705147916545778e-10
8.012202954241693e-10
8.837997487516541e-10
9.4306680052245e-10
9.900864176461966e-10
1.0303808477667383e-9
1.0674772080391095e-9
1.1051253558009327e-9
1.1541923483192745e-9
1.0057052780106984e-9
1.1467628401702051e-9
1.2498425303472465e-9
1.331211873927898e-9
1.4007920357461907e-9
1.4648527708090206e-9
1.5298723929660105e-9
1.614613882677221e-9
1.347437447144573e-9
1.5034082561954605e-9
1.627733859210182e-9
1.733341102760626e-9
1.8303295698348186e-9
1.928772703305945e-9
2.0570896435674166e-9
1.718312695337552e-9
1.8978521331616007e-9
2.0507706612166722e-9
2.190097567246057e-9
2.331218240676314e-9
2.5152256063654833e-9
2.13986050514354e-9
2.353184173432733e-9
2.5469032371161046e-9
2.74119840338296e-9
2.9943601942516527e-9
2.6369641903795334e-9
2.902326378395916e-9
3.164199110079628e-9
3.5014227367005162e-9
3.2597668339770177e-9
3.6198306389467227e-9
4.061201748729237e-9
4.138316062221705e-9
4.754035149525046e-9
5.862776897152489e-9
1.0720443086808157e-8
2.561718069116661e-8
3.4635236684343846e-8
4.0558643768706965e-8
4.486108428173683e-8
4.828251062536553e-8
5.1213757032555126e-8
5.391201132572079e-8
5.665033000797921e-8
6.02191900283857e-8
4.449298426615725e-10
5.706317447106042e-9
1.4458121459883423e-8
2.2999350026300832e-8
3.000894396023582e-8
3.567721999803343e-8
4.0521079620588375e-8
4.49752048074903e-8
4.949490637960292e-8
5.5385410375050705e-8
-2.928290412721682e-10
3.9890515348178086e-10
4.019314067234719e-9
1.0800389980720398e-8
1.8703471030446917e-8
2.5889971297089685e-8
3.2101704489841844e-8
3.778763412566394e-8
4.354926100545395e-8
5.10574462365775e-8
-3.235106568089715e-10
-5.903457978516962e-10
-1.1295513888658414e-10
2.8976769100886423e-9
9.19778378206345e-9
1.6967696491922195e-8
2.4441505547214067e-8
3.135607663511691e-8
3.832753205594649e-8
4.7400996780398825e-8
-2.3115588347413045e-10
-4.722223499706767e-10
-6.840456188132805e-10
-1.7366082599260252e-10
2.7683534173759786e-9
8.800683785337634e-9
1.6557677783514825e-8
2.451476914247912e-8
3.2566844954369564e-8
4.2980973261052055e-8
-7.181658740042748e-11
-1.4239948662999634e-10
-2.3786205517699793e-10
-3.381405428833334e-10
2.0447935527318035e-10
2.8824303478877344e-9
8.72505115142316e-9
1.6866775257636254e-8
2.5871772782568137e-8
3.738088927651874e-8
1.4459535680171953e-10
2.8995272244436486e-10
3.8959264667619387e-10
4.3284696382572927e-10
4.155817647764559e-10
7.961511798320257e-10
3.1436998261477894e-9
9.297450946378035e-9
1.893835909247386e-8
3.18489132359608e-8
4.586464419513303e-10
9.226606628117452e-10
1.2705815798111677e-9
1.5847538027686485e-9
1.8428449517453798e-9
1.9424398286788536e-9
2.0602064575489255e-9
3.996273922694851e-9
1.1831506360151885e-8
2.7173073200296956e-8
9.378426275296752e-10
1.9016039216138755e-9
2.6368762970511174e-9
3.3296380160877016e-9
4.025966136002051e-9
4.689778749648166e-9
5.111639677880448e-9
4.879241421971143e-9
6.214977047349267e-9
2.1849345973687197e-8
1.560784639617374e-9
3.2038078365937077e-9
4.4861376781603445e-9
5.720961290206174e-9
7.0022621891079236e-9
8.344235238031813e-9
9.751909047863254e-9
1.112602914703789e-8
1.149125702249379e-8
1.5101754709474326e-8
1.5443306096766651e-6
6.191293306076507e-7
1.00084702763627e-7
-1.0300872638835888e-8
-1.8877995902319645e-8
-6.1834260480895e-9
1.4752285522037723e-8
4.692447685862366e-8
9.775612684318233e-8
1.674253798230012e-7
1.51755175260938e-6
8.938883232565636e-7
2.7141849020842834e-7
4.518640014577713e-8
3.6896779132174902e-9
1.3038710779740883e-8
4.003069554246972e-8
8.613728820131235e-8
1.5468126727391523e-7
1.3603597242873239e-6
9.340888082322934e-7
3.595901583414392e-7
8.188687503590845e-8
2.1128572097761654e-8
3.496468572114615e-8
7.640952754071773e-8
1.4314783668432204e-7
1.2905233311272764e-6
9.290920564010242e-7
3.738029115973352e-7
8.938541571533716e-8
3.719360406541555e-8
6.810704299991872e-8
1.334571333157355e-7
1.2038335565372167e-6
8.541186846523181e-7
3.297244747325676e-7
7.991734476195752e-8
6.13301764216604e-8
1.2160548533748397e-7
1.0795610284006232e-6
7.45173423126832e-7
2.577075635694141e-7
7.201045955227782e-8
1.0662520517580469e-7
9.64900103513962e-7
6.317908136833377e-7
1.7302668660187994e-7
9.47229522885434e-8
8.795733519495394e-7
4.959840887873544e-7
1.1362217786899704e-7
7.949078307057468e-7
2.9794159377020297e-7
5.36195750753993e-7
1.8890258816928358e-10
2.7890411823348315e-10
3.1162535110545353e-10
3.313590998271536e-10
3.4552371595389875e-10
3.5678442763175173e-10
3.664343617728133e-10
3.7531726146515974e-10
3.843322978490732e-10
3.9608162327323286e-10
4.703448623727441e-10
5.595014494718043e-10
6.156369177343563e-10
6.559278389835527e-10
6.878987973003716e-10
7.152971725973095e-10
7.405207206694157e-10
7.661194267305645e-10
7.994823298634372e-10
6.969775918425674e-10
7.911609301451942e-10
8.599500679111126e-10
9.14284179898796e-10
9.607549942251649e-10
1.0035385041084206e-9
1.0469619064421908e-9
1.1035565390242676e-9
9.238278182429653e-10
1.0266749000291797e-9
1.108662900286189e-9
1.1783434636904508e-9
1.2423413530824061e-9
1.3072966994365988e-9
1.391963428133521e-9
1.1671577147515093e-9
1.2841851074012992e-9
1.383841267453188e-9
1.4746527184201392e-9
1.566624212509929e-9
1.6865469633354913e-9
1.4403390746683297e-9
1.5776410125431566e-9
1.702274072082328e-9
1.8272052704604083e-9
1.989987584583237e-9
1.7587404715323946e-9
1.928042160980143e-9
2.0948151718466454e-9
2.3094384250335783e-9
2.1558811449815525e-9
2.3854108196057846e-9
2.666058592090397e-9
2.7188782729608537e-9
3.115444164037417e-9
3.8351620073486896e-9
7.550228372827863e-9
1.7711255657799365e-8
2.374336662562709e-8
2.768936945089491e-8
3.05541230830091e-8
3.283222132312088e-8
3.4783957584945705e-8
3.658056129717047e-8
3.8403842331102314e-8
4.078013085062896e-8
2.7690280452286075e-10
3.6728081839537997e-9
9.278623775444292e-9
1.4738621309980355e-8
1.9217437321674205e-8
2.2837297304012612e-8
2.5930388752633183e-8
2.877470625260315e-8
3.1660917702414146e-8
3.5422502901480476e-8
-2.094486782980946e-10
2.1582826439745744e-10
2.517858106989538e-9
6.841384164451719e-9
1.1864394005779376e-8
1.641274401797204e-8
2.0339301804268422e-8
2.3934268044903685e-8
2.7577372439833037e-8
3.232483485026677e-8
-2.277288118142706e-10
-4.1153462638346273e-10
-1.0720743875626949e-10
1.8095961210773487e-9
5.76694591515317e-9
1.0592669215942429e-8
1.5218114163299665e-8
1.950140902959996e-8
2.382145921364893e-8
2.94437832923583e-8
-1.6271500645512396e-10
-3.2611328903233496e-10
-4.606227034997877e-10
-1.3741542265990617e-10
1.6722890751368582e-9
5.3410386445009384e-9
1.0067440418505127e-8
1.4949959004953735e-8
1.9901761719139573e-8
2.6302998923562573e-8
-5.057169947353041e-11
-9.857698291786886e-11
-1.5884138291653928e-10
-2.2095274677445218e-10
9.962066384393752e-11
1.7064756535244343e-9
5.2952294869442916e-9
1.0419140751876462e-8
1.6148332167496398e-8
2.3464744143931024e-8
1.0175898601603531e-10
2.0114433555348164e-10
2.6754468454894743e-10
2.9714717913596865e-10
2.8073949015236647e-10
4.910275798631339e-10
1.9553802667322963e-9
5.9928164330325426e-9
1.2457396420620485e-8
2.1118516679243893e-8
3.2276553251735147e-10
6.398556011701003e-10
8.700414822142098e-10
1.0751651113430093e-9
1.2395557390379948e-9
1.2880312079219887e-9
1.3321960330006377e-9
2.6367747577818162e-9
8.051078759219988e-9
1.8540041258043782e-8
6.599230319561823e-10
1.318091591405896e-9
1.8041561660567721e-9
2.2561602055512834e-9
2.704399936757252e-9
3.1228713381119224e-9
3.3722839924939107e-9
3.2009922437862755e-9
4.204288561090539e-9
1.4555609045016995e-8
1.0980797936728266e-9
2.2190224163723697e-9
3.0658128259338173e-9
3.87058074914998e-9
4.694308759851766e-9
5.543902811211592e-9
6.429997931628158e-9
7.304790506106991e-9
7.597668512554608e-9
1.0022248494547058e-8
1.0475159945921094e-6
4.0016700649805993e-7
6.24569653836422e-8
-7.810350565956258e-9
-1.294592245510165e-8
-4.224605924250813e-9
1.000628674611851e-8
3.182564829474793e-8
6.62581300535157e-8
1.133680731536807e-7
9.680645276104017e-7
5.693943549319819e-7
1.7285369926343486e-7
2.8285368500122064e-8
2.1716770588539005e-9
8.323685352795763e-9
2.5608637430278974e-8
5.5098273152814166e-8
9.892634853318745e-8
8.672408483671088e-7
5.906108483341807e-7
2.2302997144012812e-7
4.9797431764347544e-8
1.312933200786157e-8
2.2142754924533818e-8
4.8384151835512006e-8
9.06257181385864e-8
8.033582721959303e-7
5.679568848719123e-7
2.2674382377693915e-7
5.519236005198405e-8
2.331043464287874e-8
4.233848208082728e-8
8.28945408279829e-8
7.300619549767541e-7
5.223764854795954e-7
2.0775788090141375e-7
5.160265080054162e-8
3.7715958114019004e-8
7.442645751074836e-8
6.759298273291936e-7
4.839691973493703e-7
1.73307644471659e-7
4.667416317554711e-8
6.696523316274697e-8
6.477020831449234e-7
4.347537255384498e-7
1.1843821655387124e-7
6.28402961078343e-8
6.090342357885075e-7
3.3768768576394253e-7
7.638802679217169e-8
5.232583774993731e-7
1.892267336681635e-7
3.2718963100751307e-7
1.309281072069215e-10
1.9516227415296338e-10
2.1842690336739154e-10
2.3245031072987472e-10
2.425166616469137e-10
2.50519405645554e-10
2.573773808923698e-10
2.6369024456182465e-10
2.700970098941292e-10
2.784469680662841e-10
3.3102729638301847e-10
3.934618062733635e-10
4.3265501983812905e-10
4.6079186136297706e-10
4.831232665200746e-10
5.022605789237662e-10
5.19878608279253e-10
5.377586541634472e-10
5.610617946936845e-10
4.885671763444033e-10
5.53244547526243e-10
6.004429890408443e-10
6.377449245158463e-10
6.696534152903481e-10
6.990296300298833e-10
7.288449697145535e-10
7.677038866032382e-10
6.432628575153011e-10
7.127003270902426e-10
7.680363370169793e-10
8.150928884608915e-10
8.583187322870782e-10
9.02191188356913e-10
9.59376733891661e-10
8.063371234009839e-10
8.840953830551024e-10
9.50335406193963e-10
1.0107326230731989e-9
1.0719115375649692e-9
1.1516816609617495e-9
9.867199486169127e-10
1.0768611258377483e-9
1.158750352753339e-9
1.2409076634214907e-9
1.3479647044762073e-9
1.1947494527301595e-9
1.3049340683200627e-9
1.4137169158512129e-9
1.5538675386011562e-9
1.4520059608808934e-9
1.6003539657002764e-9
1.7826045743397312e-9
1.8131578067793174e-9
2.0670057013854305e-9
2.519251935038367e-9
5.3953354563537785e-9
1.2542839295946708e-8
1.6713901187524738e-8
1.9430262859021312e-8
2.1400847252536664e-8
2.2967838947751665e-8
2.43103667994902e-8
2.554618779594222e-8
2.680035971480349e-8
2.843492648390044e-8
1.8433215281249536e-10
2.451709404811268e-9
6.14876405268986e-9
9.721518118248603e-9
1.2640695100986265e-8
1.4997997770554146e-8
1.7012511161986526e-8
1.8865092162214992e-8
2.074496798451159e-8
2.3195001298685933e-8
-1.4789930213286384e-10
1.2152545481253778e-10
1.6106700849624365e-9
4.379825831540135e-9
7.569593234159014e-9
1.0450464198395554e-8
1.2937751647059063e-8
1.52152891903771e-8
1.752335223058182e-8
2.0531075827029283e-8
-1.5959482382556633e-10
-2.88069050476812e-10
-9.569471328592044e-11
1.1087426378216813e-9
3.579761172605407e-9
6.592206801408007e-9
9.482642978630836e-9
1.2159976948447719e-8
1.4860092623199599e-8
1.837412046015856e-8
-1.1412837327127121e-10
-2.2733396845098295e-10
-3.1630794604011847e-10
-1.1929071248244958e-10
1.0041960160867102e-9
3.2943178662131114e-9
6.254006081362273e-9
9.31342290202967e-9
1.2414780191859554e-8
1.6423774817542816e-8
-3.547644856670705e-11
-6.893834626418963e-11
-1.0833651801326562e-10
-1.4890865151744972e-10
4.97532264103346e-11
1.0583551791683343e-9
3.3179754065703034e-9
6.538623786745484e-9
1.0127674131636567e-8
1.4709443617919537e-8
7.150032250518959e-11
1.412293403977197e-10
1.867480963864163e-10
2.0781531942368528e-10
1.9937239783751446e-10
3.3596589543026414e-10
1.2665122173819274e-9
3.796468168707039e-9
7.793294489554931e-9
1.3130498034727721e-8
2.2679592802735027e-10
4.491709568909368e-10
6.059034786796501e-10
7.428734387527777e-10
8.521733909444655e-10
8.905297406712057e-10
9.360654279818356e-10
1.7631474195623056e-9
5.042541118642705e-9
1.1347504482185904e-8
4.637965613321935e-10
9.251684337118864e-10
1.2558221834965902e-9
1.5567119866398686e-9
1.8501486768971158e-9
2.1233472269466923e-9
2.2963276986957303e-9
2.220974265842551e-9
2.81108180957995e-9
9.032336988082213e-9
7.71975792598624e-10
1.557233657082026e-9
2.132629782707236e-9
2.667382188995886e-9
3.204999229274491e-9
3.754482951468407e-9
4.326013285881623e-9
4.890826739400931e-9
5.0675876935733075e-9
6.464691568255141e-9
7.340314016280945e-7
2.6737634850384356e-7
3.983385715482851e-8
-6.126906254486459e-9
-9.147896233497336e-9
-2.9680678056219216e-9
6.985999189836659e-9
2.221806409252442e-8
4.623224576631306e-8
7.904237565980585e-8
6.341719322060763e-7
3.672784609789761e-7
1.0953690594448206e-7
1.7409409715048037e-8
1.2669065821251794e-9
5.446658067710206e-9
1.678424714506622e-8
3.609768886739883e-8
6.477422238972336e-8
5.522073566155292e-7
3.7039530151134197e-7
1.3885046077671963e-7
3.1094517562987294e-8
8.299352162210628e-9
1.4070929556538445e-8
3.074195570143573e-8
5.755856893862109e-8
5.004982288458506e-7
3.5430988981723636e-7
1.4217390235107006e-7
3.470881047416394e-8
1.455814411941665e-8
2.6411686159442753e-8
5.173083729477437e-8
4.573892559432947e-7
3.2856685657875613e-7
1.3072795707754664e-7
3.2199951330928895e-8
2.3503355361874166e-8
4.6475193092162104e-8
4.2557034216431104e-7
3.034357535121862e-7
1.0726592457857809e-7
2.8863174717485605e-8
4.197228982616814e-8
4.0203958588045385e-7
2.6517911008604563e-7
7.135504581732942e-8
3.900316687109725e-8
3.652306456207984e-7
2.0085325943657104e-7
4.6562903918675686e-8
3.145516900514325e-7
1.1821287776899042e-7
2.1750621367189652e-7
8.812111760914231e-11
1.3353527291986757e-10
1.5005309478943807e-10
1.600080651253795e-10
1.671542626880555e-10
1.7283553674343494e-10
1.7770410941737458e-10
1.8218570662330454e-10
1.8673395965585378e-10
1.9266171338144e-10
2.3025897256636065e-10
2.746187509888963e-10
3.0241606219913287e-10
3.223751937416298e-10
3.3821906132734007e-10
3.51796711780618e-10
3.642963428022196e-10
3.769818473234029e-10
3.935149199838528e-10
3.417921195665991e-10
3.8722316524631585e-10
4.20353785128503e-10
4.4655286617829414e-10
4.689675637647855e-10
4.896032765404698e-10
5.105472674608726e-10
5.37843939516745e-10
4.4989129033577044e-10
4.980261529164149e-10
5.363777545567256e-10
5.690124760102978e-10
5.989976594991653e-10
6.294312940443983e-10
6.690994636391882e-10
5.622159867999676e-10
6.15343411102148e-10
6.606245876699304e-10
7.019514873429495e-10
7.438220444318196e-10
7.984134446123492e-10
6.846674855660514e-10
7.454652537534339e-10
8.007662010670211e-10
8.563083512308564e-10
9.286834527617607e-10
8.240865566352318e-10
8.974711035782902e-10
9.70080408064893e-10
1.0637116980016236e-9
9.940750932947356e-10
1.0915152188281256e-9
1.2116815506328868e-9
1.2289961626749851e-9
1.3936287065204787e-9
1.6808754128726063e-9
3.839921773010532e-9
8.960110241593853e-9
1.1921976365100734e-8
1.3844152547310806e-8
1.523767021694344e-8
1.6345753610285392e-8
1.7295123880790654e-8
1.8169038553028603e-8
1.9055930326344165e-8
2.021181964409483e-8
1.3348206985671826e-10
1.7079518722653085e-9
4.239425982430064e-9
6.661893620764789e-9
8.632399648997771e-9
1.0222023151677134e-8
1.1580598734745216e-8
1.2830042005436883e-8
1.4097902316815424e-8
1.575029920707014e-8
-1.0146300196607513e-10
7.779429404654742e-11
1.0726016144907819e-9
2.9017040938118938e-9
4.989907579363533e-9
6.86814785506976e-9
8.489006871760674e-9
9.973341729949597e-9
1.1477631966409291e-8
1.3437942371235372e-8
-1.097684976547484e-10
-2.005731888738225e-10
-7.508639906798038e-11
7.062544190323622e-10
2.2912937609948903e-9
4.2136866490516895e-9
6.0553571302870105e-9
7.760040550356259e-9
9.479219737131874e-9
1.1716746943454109e-8
-7.860033653339044e-11
-1.581170663171035e-10
-2.179799661659739e-10
-9.355182379231356e-11
6.180323992697439e-10
2.0667017089205925e-9
3.9324260169883345e-9
5.853477306438907e-9
7.79952892868903e-9
1.0315765740282155e-8
-2.4427301659450853e-11
-4.8026320799190303e-11
-7.42284068757798e-11
-1.003981286020004e-10
2.634786086281382e-11
6.643794362044544e-10
2.075793685264183e-9
4.067530887988367e-9
6.281584980725191e-9
9.109447983581136e-9
4.9411176521000265e-11
9.899337200335842e-11
1.3109834717784753e-10
1.4715264420201116e-10
1.4559164906858596e-10
2.3614326964669716e-10
8.117758420770139e-10
2.353977009117809e-9
4.786987528159266e-9
8.03911251604859e-9
1.5674210679260168e-10
3.1480992381445336e-10
4.2442677499676087e-10
5.187410149787884e-10
5.943855519005901e-10
6.259347184587335e-10
6.599151129134861e-10
1.164120416180088e-9
3.163977524822286e-9
7.02313130990769e-9
3.2069007935098324e-10
6.486162182327378e-10
8.797078343712045e-10
1.08602571664471e-9
1.2838909400227306e-9
1.4668971222644503e-9
1.5865008284136645e-9
1.5501198067430274e-9
1.9169914061238878e-9
5.766990931543063e-9
5.341809132284371e-10
1.0922536034164252e-9
1.494110845869787e-9
1.8602553980499303e-9
2.2217019694326986e-9
2.5863172428612458e-9
2.9612473433890243e-9
3.3286139601418416e-9
3.454134185725281e-9
4.365457381598499e-9
5.255628223134576e-7
1.856649973204534e-7
2.648967156462648e-8
-4.7170573042364024e-9
-6.556320209257864e-9
-2.1173953061925374e-9
4.968016009268088e-9
1.579998658445107e-8
3.287090974944163e-8
5.618238275578735e-8
4.3108065494232226e-7
2.4443874141905793e-7
7.144957079186156e-8
1.0963449659977597e-8
7.23426129024615e-10
3.6933303684251663e-9
1.141034871590706e-8
2.4527970951794386e-8
4.3981104452534613e-8
3.620953565704051e-7
2.3910401785428633e-7
8.831652049209639e-8
1.96349066396119e-8
5.330821607507964e-9
9.210950397539637e-9
2.0132922039424378e-8
3.767079081056958e-8
3.191134552945072e-7
2.2424257641441378e-7
8.965007325853493e-8
2.1704045639239693e-8
9.205947590958449e-9
1.6843910480309622e-8
3.298660385864268e-8
2.886609202458838e-7
2.0595851830056522e-7
8.075241558130428e-8
1.976400916378737e-8
1.4738539319371676e-8
2.9190453159083628e-8
2.635958782449078e-7
1.8531719934171575e-7
6.51089437087627e-8
1.777473150668421e-8
2.599016878664796e-8
2.4379528047525587e-7
1.6092281814036746e-7
4.362773663686929e-8
2.388104392099215e-8
2.2276092976572022e-7
1.2341478122262466e-7
2.8799778711604934e-8
1.9449442379557823e-7
7.370284344341597e-8
1.338484992350255e-7
5.701827990548187e-11
8.82635550394132e-11
9.975925656348163e-11
1.0668905554884924e-10
1.1166371982351494e-10
1.1561862228097324e-10
1.1900777479481242e-10
1.2212755070320293e-10
1.2529372203979445e-10
1.2942020459046473e-10
1.5602615085900335e-10
1.874183780935915e-10
2.0708909545913196e-10
2.212152391662963e-10
2.3242992915630143e-10
2.4204054827682117e-10
2.5088808296839587e-10
2.5986716696403484e-10
2.715696461746171e-10
2.350589373335152e-10
2.67224277115239e-10
2.906745984481989e-10
3.092260387398911e-10
3.250999857323659e-10
3.3971403844030165e-10
3.5454629225688217e-10
3.738774072822467e-10
3.1146076329239184e-10
3.45351383180304e-10
3.723533418766955e-10
3.953426890134144e-10
4.1646941254703735e-10
4.3791202061291896e-10
4.658606945772194e-10
3.902622202375083e-10
4.2734301356086495e-10
4.589570792722594e-10
4.878328614201082e-10
5.170944940502142e-10
5.552445612360422e-10
4.753231821759927e-10
5.173213879126004e-10
5.555645776716552e-10
5.94018444373292e-10
6.441271341034939e-10
5.710943979466518e-10
6.212340760213161e-10
6.709699103053101e-10
7.351735626182036e-10
6.864012110536637e-10
7.521387014044806e-10
8.33631369392058e-10
8.431209893220765e-10
9.529477283479488e-10
1.138903130479367e-9
2.6701191827257673e-9
6.328974404603932e-9
8.450272025287257e-9
9.825007709244676e-9
1.0821269910918698e-8
1.1613451667136724e-8
1.2292173943375923e-8
1.2916952896998248e-8
1.355100940068056e-8
1.4377377614964918e-8
1.0250810589250208e-10
1.2280433136665723e-9
3.0184045269338226e-9
4.718109555864407e-9
6.095232700473592e-9
7.205189556171523e-9
8.153859710395263e-9
9.026368415306503e-9
9.911744638454448e-9
1.1065652049599817e-8
-6.674073575510455e-11
5.974085505239248e-11
7.504309752580516e-10
2.00494231802635e-9
3.4248651663390857e-9
4.696695117280094e-9
5.7931871339395856e-9
6.797406666766521e-9
7.815193302987898e-9
9.141528571265602e-9
-7.315037844812413e-11
-1.3661996465197882e-10
-5.0826601032689186e-11
4.76105027650333e-10
1.533060805428917e-9
2.8045207486512526e-9
4.017614427739217e-9
5.139584931952841e-9
6.2712118094895285e-9
7.74412413148132e-9
-5.246524866715022e-11
-1.0817962570614772e-10
-1.4919202599383523e-10
-6.637273828137594e-11
4.0120322604026483e-10
1.3430462896206062e-9
2.5479378763452727e-9
3.784491938666494e-9
5.036207592243569e-9
6.65502996853805e-9
-1.629611594816485e-11
-3.28556577691753e-11
-5.0601620579886305e-11
-6.749678863721685e-11
1.5433255353778838e-11
4.26327718089342e-10
1.3274040359606345e-9
2.5889621467391233e-9
3.985542826807482e-9
5.769822439597687e-9
3.313322749762575e-11
6.82040294867386e-11
9.112715720629051e-11
1.0337729934108515e-10
1.0465639365771592e-10
1.6585752166496907e-10
5.33315881597096e-10
1.497004585929413e-9
3.0034223119215915e-9
5.016549016169905e-9
1.0511698205067635e-10
2.16901532567074e-10
2.946193088402667e-10
3.6096325615100645e-10
4.1460720078426614e-10
4.4072599521875627e-10
4.69163266529829e-10
7.840864316540434e-10
2.0128925468968618e-9
4.382746850599079e-9
2.1521394941126474e-10
4.471945836828078e-10
6.11005986776318e-10
7.556778152720319e-10
8.927347840040916e-10
1.0188477833592984e-9
1.1047960001082882e-9
1.0941634062204773e-9
1.3373700864337374e-9
3.70221407485668e-9
3.588733681122434e-10
7.538553895519343e-10
1.0387116775598193e-9
1.2952899703837438e-9
1.5450978356282016e-9
1.7938434164274245e-9
2.0468471736932657e-9
2.294250844467798e-9
2.401826313509239e-9
2.992558762048425e-9
3.7669788758891976e-7
1.3264090751960988e-7
1.8498362648895233e-8
-3.448588295382192e-9
-4.669852121293126e-9
-1.5042329775469917e-9
3.5321835403169187e-9
1.1234080505661051e-8
2.337621966022014e-8
3.9965567121456795e-8
3.032106830966598e-7
1.6887874343667064e-7
4.83854083710258e-8
7.170066796663415e-9
4.183742185203641e-10
2.590288158777856e-9
8.024720962578117e-9
1.724268424519155e-8
3.089780426503068e-8
2.4646421199997245e-7
1.6026600678552164e-7
5.825582185431034e-8
1.2738509447191546e-8
3.5298226010490285e-9
6.267846131795179e-9
1.3706261836346926e-8
2.5624637460342842e-8
2.111644435425043e-7
1.463610560466804e-7
5.774284176203041e-8
1.3879618384351394e-8
6.028005761710633e-9
1.1138942704070304e-8
2.1800710615532392e-8
1.862997513162539e-7
1.3162084588108204e-7
5.111070364735791e-8
1.2441287563700608e-8
9.489934917182161e-9
1.8830397321508367e-8
1.671095749119741e-7
1.1614175665950324e-7
4.023441238726041e-8
1.1124833917962113e-8
1.6458941342913036e-8
1.508432448377741e-7
9.851129241341685e-8
2.6806416803705037e-8
1.488788187740041e-8
1.3613409586932206e-7
7.574202949839482e-8
1.781524854368662e-8
1.1875342905654846e-7
4.469101989843035e-8
8.001757485594347e-8
3.52615613462472e-11
5.589452540021239e-11
6.3615228149068e-11
6.8272144319731e-11
7.161516699713183e-11
7.427289200557966e-11
7.655042863243381e-11
7.86469488360612e-11
8.077464312011275e-11
8.354767525579152e-11
1.0183008859919561e-10
1.235430966841996e-10
1.3717199719276732e-10
1.4696037581953366e-10
1.547314357449179e-10
1.6139099971344613e-10
1.6752180062275524e-10
1.7374374799916137e-10
1.818528394406333e-10
1.568169509340658e-10
1.7933778725988636e-10
1.9576160111335419e-10
2.0875621915582894e-10
2.19876015491175e-10
2.3011329591524098e-10
2.405033842883818e-10
2.540449444520882e-10
2.1042656919614388e-10
2.342396107454288e-10
2.5321326448394654e-10
2.693716895895361e-10
2.8422262622097973e-10
2.992955883756958e-10
3.189418164388969e-10
2.657942964132219e-10
2.9181917450082165e-10
3.140115910802669e-10
3.3429202206513616e-10
3.5484619267208884e-10
3.8164310981065555e-10
3.2539674310004974e-10
3.547528632981723e-10
3.8150318535413794e-10
4.0842290074729375e-10
4.435031942711479e-10
3.921362369804081e-10
4.2695860608646444e-10
4.6157281380020887e-10
5.063050466821211e-10
4.718188166943648e-10
5.171035525195541e-10
5.735518855786136e-10
5.788171453163271e-10
6.538930312036944e-10
7.770222414031529e-10
1.7860315749333183e-9
4.339125605061422e-9
5.83809148687378e-9
6.810457027131695e-9
7.51511683658343e-9
8.075423523907353e-9
8.555481537332407e-9
8.99738612458675e-9
9.445852563376118e-9
1.0030340552905405e-8
7.958995878815828e-11
8.901086169286234e-10
2.1737891868363453e-9
3.3880582984530183e-9
4.369663994167034e-9
5.160365268032694e-9
5.836180792023934e-9
6.457760525549098e-9
7.0885104361665955e-9
7.910564577619018e-9
-4.1710621800668214e-11
5.123401535574294e-11
5.433699582328619e-10
1.4294056884930787e-9
2.4258091486267475e-9
3.315298452572141e-9
4.081533871963464e-9
4.78331945075692e-9
5.494625325365797e-9
6.421575012602382e-9
-4.6803535144873144e-11
-8.993331622512768e-11
-2.8530979966341608e-11
3.3963287557472114e-10
1.070440779232793e-9
1.9431771902307197e-9
2.772602599463429e-9
3.5389890477326277e-9
4.312055917350448e-9
5.3183367293069155e-9
-3.3625567244547455e-11
-7.188904376944531e-11
-1.0011745261005709e-10
-4.247629518650978e-11
2.7700167550484254e-10
9.136866534375792e-10
1.721710720960994e-9
2.5474962518356993e-9
3.3828844034807946e-9
4.463536602216626e-9
-1.0435649853904815e-11
-2.1798694552414165e-11
-3.398465466617236e-11
-4.510976314505244e-11
1.1654171076687007e-11
2.8664302941482013e-10
8.819243133718051e-10
1.7081620589102405e-9
2.619513056953239e-9
3.783913874037146e-9
2.134494968410611e-11
4.5561311787357976e-11
6.178284376216786e-11
7.089671935023928e-11
7.3135219138813e-11
1.1552114134797425e-10
3.5712687815620107e-10
9.802324240106361e-10
1.9446405783294956e-9
3.2300077976017964e-9
6.772705190756992e-11
1.449164409069795e-10
1.9970377211679092e-10
2.4657397021455536e-10
2.8485027232500356e-10
3.054550081109094e-10
3.287775755407284e-10
5.356812002210017e-10
1.3127457067943976e-9
2.794403999599167e-9
1.3877426866228475e-10
2.990632439897427e-10
4.145832094863207e-10
5.166223717682606e-10
6.128422373247717e-10
7.012895980374295e-10
7.643103521128458e-10
7.689538374749411e-10
9.32741535578658e-10
2.3947228725819896e-9
2.3170096906592474e-10
5.048812086095471e-10
7.058993058415965e-10
8.869292285211469e-10
1.0621643416629787e-9
1.2352872598758904e-9
1.4099794429919564e-9
1.58113359058896e-9
1.669861067882052e-9
2.067128015012197e-9
2.6437308505872855e-7
9.541615135230359e-8
1.3373910844696398e-8
-2.3441153718217886e-9
-3.239437683212885e-9
-1.0433887242276506e-9
2.460969117565462e-9
7.82781251152554e-9
1.6296819527836266e-8
2.7883985383988234e-8
2.1697118616724245e-7
1.1976877023626711e-7
3.386785403019051e-8
4.890660038119895e-9
2.5680360855170475e-10
1.8491850838681895e-9
5.7399583292379325e-9
1.233048216326438e-8
2.2087315506995044e-8
1.7308863698580196e-7
1.1123136778679897e-7
3.98788939927953e-8
8.58828141628664e-9
2.4204092941018822e-9
4.40415232145033e-9
9.634904745529944e-9
1.799905414653496e-8
1.4495430914356277e-7
9.923712418523745e-8
3.862817973378878e-8
9.190556457178863e-9
4.099120217739872e-9
7.655624861790323e-9
1.4970393988612847e-8
1.2491610676552145e-7
8.716799964063319e-8
3.340440578897541e-8
8.112679757375544e-9
6.354802886772469e-9
1.2628116577691002e-8
1.0942442554098485e-7
7.513398842576099e-8
2.5740185796047573e-8
7.1966253830958036e-9
1.0791004292033629e-8
9.657192468316569e-8
6.232554356453877e-8
1.681683718563977e-8
9.567242862719784e-9
8.507289173159126e-8
4.677981623518606e-8
1.1207696436996802e-8
7.272662306754407e-8
2.7482051428871727e-8
4.821159980940476e-8
2.081409134255521e-11
3.378342629832223e-11
3.873449395674053e-11
4.172352822681738e-11
4.3869176831940115e-11
4.557496644311823e-11
4.703674439380372e-11
4.8382346295930775e-11
4.9747954055451304e-11
5.152775621026997e-11
6.355343521174566e-11
7.80093310149883e-11
8.71122057034551e-11
9.3650281178875e-11
9.884050128705613e-11
1.0328838649322342e-10
1.0738313826872751e-10
1.1153876290244565e-10
1.1695480707280855e-10
1.0050859946944087e-10
1.1583123771746557e-10
1.2701457413203e-10
1.3586171987343922e-10
1.4343224469304053e-10
1.5040200535182686e-10
1.5747580243389023e-10
1.666951889822235e-10
1.3718751175733794e-10
1.535810639822782e-10
1.6664461852854424e-10
1.7776933926823064e-10
1.8799410097346247e-10
1.983717614817928e-10
2.1189806629790338e-10
1.7543598585273198e-10
1.9346881105342025e-10
2.08846080605314e-10
2.229004479640011e-10
2.3714539238490837e-10
2.557166497658025e-10
2.1680609089425028e-10
2.37203308642012e-10
2.5579509012162986e-10
2.7451238205544034e-10
2.9890455608145407e-10
2.6318785067305353e-10
2.873812463652375e-10
3.1145898600854586e-10
3.4259651363143316e-10
3.1846164321278157e-10
3.4984878935342856e-10
3.8912477913916884e-10
3.9225086171981527e-10
4.4417375705029133e-10
5.273541961699818e-10
1.1377211573561108e-9
2.8476658694406224e-9
3.872302154218016e-9
4.5390547502561425e-9
5.02241151698721e-9
5.406749962484517e-9
5.736040263174178e-9
6.039159670865387e-9
6.346779961722376e-9
6.7477026223623305e-9
5.986066448176613e-11
6.334771552261784e-10
1.5446035747268674e-9
2.4076734690657125e-9
3.1053269984431935e-9
3.6672015677312165e-9
4.147427420979968e-9
4.589117527633406e-9
5.037324813283757e-9
5.62147187242485e-9
-2.465886136027823e-11
4.415512209227971e-11
3.9596682695789065e-10
1.0273575034393954e-9
1.735592485715056e-9
2.366788350305081e-9
2.9102455108260048e-9
3.4079914313755305e-9
3.912505338305473e-9
4.569973842423422e-9
-2.8614471081261216e-11
-5.6750937417396e-11
-1.1885467155152495e-11
2.5002829908891085e-10
7.665235242254994e-10
1.3804894920569834e-9
1.96241541364607e-9
2.4997211378495122e-9
3.041745424050081e-9
3.7473187073903305e-9
-2.058908755739326e-11
-4.599244099531884e-11
-6.52282346620774e-11
-2.3904586524284973e-11
2.0055234001332081e-10
6.441962669311488e-10
1.2037362268313657e-9
1.7736167844221845e-9
2.3497846194879194e-9
3.0952610404739613e-9
-6.382982736087409e-12
-1.3903044757339913e-11
-2.226794603592227e-11
-2.9722953051904815e-11
1.030974747178443e-11
2.0054206235208858e-10
6.079256597093404e-10
1.1689639724500473e-9
1.7855735993776e-9
2.573428449236246e-9
1.3136172935751089e-11
2.9217498064840866e-11
4.037373893423062e-11
4.681644226651401e-11
4.8875757858776925e-11
7.885936047195643e-11
2.4344388895651284e-10
6.612250750300419e-10
1.301379663856288e-9
2.152353837530615e-9
4.168662144175303e-11
9.295778203837021e-11
1.30634584683681e-10
1.6324218162685872e-10
1.901716628047139e-10
2.0556002565994942e-10
2.2372386490164322e-10
3.6380327182651e-10
8.727672573884022e-10
1.8316651525454486e-9
8.54880269402675e-11
1.9204573815067258e-10
2.715517421824583e-10
3.425478846989176e-10
4.0974989907271386e-10
4.717225456409742e-10
5.172720195737014e-10
5.266687366014097e-10
6.412662676120052e-10
1.571226944699038e-9
1.4291931865255717e-10
3.247571178110731e-10
4.6327469527271077e-10
5.893827668842136e-10
7.118581718169016e-10
8.327409593349323e-10
9.543862498507428e-10
1.0740820247261444e-9
1.14513616131917e-9
1.4166094883574147e-9
1.783655067175383e-7
6.744736048155091e-8
9.7380108575042e-9
-1.4573416858519987e-9
-2.1540124686383016e-9
-6.955234569489619e-10
1.6524425101630035e-9
5.2566914321659575e-9
1.0952177469880454e-8
1.8760422339407607e-8
1.542978450468317e-7
8.534617249738625e-8
2.4067992278104288e-8
3.446241060053418e-9
1.7388356568561804e-10
1.3130560614292027e-9
4.078961004982753e-9
8.762428009446204e-9
1.5695861628952485e-8
1.2307543254691362e-7
7.87079176870601e-8
2.8005472714709083e-8
5.970621344316094e-9
1.6974815293754834e-9
3.1348726272213017e-9
6.859913278378042e-9
1.2808603838291789e-8
1.0196078608678821e-7
6.925429308338985e-8
2.6693788384671102e-8
6.298800651052962e-9
2.867199228281744e-9
5.398202270842512e-9
1.0547266120411286e-8
8.647516869802361e-8
5.975705297117538e-8
2.2644410804669775e-8
5.4859243993492415e-9
4.401457798205536e-9
8.755929024893324e-9
7.430076955791209e-8
5.04443755903492e-8
1.707989316839162e-8
4.829179367090486e-9
7.336911513198978e-9
6.41350445770625e-8
4.0866725026233146e-8
1.0929720819799451e-8
6.363100460914859e-9
5.5084856599397505e-8
2.988655075843551e-8
7.247865806936979e-9
4.577282960564258e-8
1.720109307275305e-8
2.95507639008938e-8
1.1760594387539933e-11
1.9501976203794278e-11
2.2518591320605022e-11
2.434180519396973e-11
2.5650506966499604e-11
2.669090896757061e-11
2.7582485019917688e-11
2.8403205112935614e-11
2.92361260425035e-11
3.0321675446157224e-11
3.7831563951800785e-11
4.7003279380509304e-11
5.2803705244707556e-11
5.6969726786242276e-11
6.027635831365466e-11
6.311007540177722e-11
6.571884054695931e-11
6.836638734096255e-11
7.181694705751358e-11
6.155285073836144e-11
7.155150071413059e-11
7.885783111875952e-11
8.463561137358428e-11
8.957914881169546e-11
9.41304490430311e-11
9.874970748753538e-11
1.0477005987747615e-10
8.568241790451986e-11
9.657492239011534e-11
1.0525638622152641e-10
1.126468039476359e-10
1.1943887813794955e-10
1.2633257480446374e-10
1.3531788818995815e-10
1.112564588136153e-10
1.2339289798401226e-10
1.3374019094535224e-10
1.431951004259838e-10
1.5277805614128723e-10
1.6527154428099266e-10
1.3922893587670188e-10
1.5307863247166884e-10
1.6570012518498537e-10
1.78406414469238e-10
1.9496550740341076e-10
1.7082515180591994e-10
1.8735038419874738e-10
2.037996667972036e-10
2.2507721519551377e-10
2.0865372099703003e-10
2.3017108554585115e-10
2.571427600704407e-10
2.592271224225873e-10
2.949375082704894e-10
3.515470681147967e-10
6.875000453452409e-10
1.77468815464191e-9
2.4425959036749254e-9
2.8793260390394596e-9
3.1961425664957798e-9
3.448060061227409e-9
3.6638928918799682e-9
3.862571826436639e-9
4.064200744683701e-9
4.326984436262435e-9
4.241687983852164e-11
4.330001192399921e-10
1.0593557457690039e-9
1.656242100020307e-9
2.1397104271081484e-9
2.529183729842729e-9
2.8620425859812794e-9
3.1681860107411586e-9
3.4788462092512337e-9
3.8837286055505736e-9
-1.3805410771316981e-11
3.5847472037434406e-11
2.822137109535449e-10
7.256402384987755e-10
1.2238880668900243e-9
1.6680747893585362e-9
2.050474770755443e-9
2.4006952616652413e-9
2.75567844573013e-9
3.2182832806823288e-9
-1.6711404417581678e-11
-3.4213693659320195e-11
-1.7632942906471859e-12
1.8352280886165483e-10
5.484270130576009e-10
9.817793081290845e-10
1.392150498979375e-9
1.7709220308567592e-9
2.15302186823929e-9
2.650426537621272e-9
-1.2037743074767145e-11
-2.819763357843521e-11
-4.1005474304952715e-11
-1.1286730104900732e-11
1.4748670342360557e-10
4.6012473060375617e-10
8.532719717417582e-10
1.2529351313886783e-9
1.6568481080504643e-9
2.1795100974154395e-9
-3.727276153604779e-12
-8.486002163547036e-12
-1.4142403969716547e-11
-1.9179302463362607e-11
9.28707665378108e-12
1.430114849105702e-10
4.276306932428262e-10
8.176859033723106e-10
1.2453039426736188e-9
1.791673451048266e-9
7.714479493297521e-12
1.7887023315940568e-11
2.5233131380340115e-11
2.9492792271077855e-11
3.09059062065483e-11
5.2096791752092745e-11
1.6667116537187789e-10
4.5461634465617833e-10
8.925623691383918e-10
1.4734667914344187e-9
2.448456657868436e-11
5.693086980729132e-11
8.182997127682657e-11
1.0379217157668515e-10
1.2213048630739942e-10
1.3282906776621387e-10
1.4606210783834728e-10
2.4292420770151474e-10
5.871197663532233e-10
1.2289214827080104e-9
5.025044857411217e-11
1.177466045177831e-10
1.7034706351779718e-10
2.1824709129501994e-10
2.6410267206420844e-10
3.0668309067177947e-10
3.3850392473895294e-10
3.4724303511388587e-10
4.279531284046022e-10
1.0391521289466428e-9
8.411151392706402e-11
1.9945269695379283e-10
2.9123422714365235e-10
3.764717692368855e-10
4.602098408196991e-10
5.433419283645268e-10
6.272324736612463e-10
7.102486869404303e-10
7.636483914875107e-10
9.517236554694038e-10
1.1426956810120564e-7
4.587598183155028e-8
6.936385330554148e-9
-8.16206274262257e-10
-1.358988358568239e-9
-4.4102322830233293e-10
1.0573424519257353e-9
3.3640099534581595e-9
7.014885214593046e-9
1.2031691550796249e-8
1.0664168811205189e-7
5.970620635645551e-8
1.6967701132489026e-8
2.4548310570161826e-9
1.2919492530011898e-10
9.070577591072038e-10
2.816474851712513e-9
6.051837100773176e-9
1.0844209756705393e-8
8.657941051711448e-8
5.5525923627974175e-8
1.9760205443862382e-8
4.201986402866117e-9
1.192554552693772e-9
2.2077281219394036e-9
4.831478880884931e-9
9.020012631283851e-9
7.194883741578985e-8
4.878878461889757e-8
1.8735536324616097e-8
4.401588194047886e-9
2.0213158795892015e-9
3.820070288660034e-9
7.459496589312417e-9
6.074141482458663e-8
4.17778893509904e-8
1.5729192415532285e-8
3.803447681139679e-9
3.0975524958541227e-9
6.164805733380158e-9
5.166318420772054e-8
3.48190035260072e-8
1.1688345459143124e-8
3.329824810320069e-9
5.107034684443393e-9
4.392097454406846e-8
2.7704387169023044e-8
7.346064177976164e-9
4.349843350514715e-9
3.694176656514847e-8
1.977596569987205e-8
4.817301857656843e-9
2.982475164924222e-8
1.1081128651264548e-8
1.8556905424869594e-8
6.399128689170261e-12
1.0800890968745958e-11
1.254853821030768e-11
1.3606067436321869e-11
1.4365098232702972e-11
1.4968506319474383e-11
1.5485601226731925e-11
1.5961602730028375e-11
1.6444679898012954e-11
1.7074276500773752e-11
2.1519193451047283e-11
2.704153078471946e-11
3.05511569514052e-11
3.307158402642499e-11
3.507159299464742e-11
3.678557335526895e-11
3.8363513424614985e-11
3.996491203191469e-11
4.205202215655795e-11
3.5979762215708185e-11
4.2188802883956266e-11
4.67325142594109e-11
5.032339342434357e-11
5.339523223965589e-11
5.6223385933539816e-11
5.909379447838793e-11
6.283484738934273e-11
5.110865338744009e-11
5.8023476113102435e-11
6.353584620210366e-11
6.82255467394694e-11
7.25348810260205e-11
7.69087435607913e-11
8.26097256548263e-11
6.74784761814634e-11
7.53181656926505e-11
8.19998598193346e-11
8.810179519887624e-11
9.428579545113407e-11
1.0234820815341875e-10
8.567196883069114e-11
9.47402951341672e-11
1.0299944211165652e-10
1.11310242473608e-10
1.2214117832413145e-10
1.0647904834507903e-10
1.1741722108956475e-10
1.2829640238435184e-10
1.4236593314598295e-10
1.3164378532699652e-10
1.460125342799888e-10
1.640142258324728e-10
1.6555867766404116e-10
1.8959280336972994e-10
2.2781713654615566e-10
3.9491833071932244e-10
1.0485524311151875e-9
1.4605692159343954e-9
1.7315802610601784e-9
1.928361031661526e-9
2.0848351244290197e-9
2.2188932293638606e-9
2.3422964258734045e-9
2.4675318426328596e-9
2.630751592248235e-9
2.79323813565657e-11
2.7998791158421644e-10
6.901902832008752e-10
1.0848935498353402e-9
1.4058166237385473e-9
1.66451161387897e-9
1.8855847989780803e-9
2.0889066286411553e-9
2.295227321953814e-9
2.5641243513743376e-9
-7.371906499889415e-12
2.6673728756438883e-11
1.9236168867523194e-10
4.930822435464346e-10
8.328475522585704e-10
1.136388490222206e-9
1.3977786368996924e-9
1.6371536910321038e-9
1.8797777331420405e-9
2.195958422362802e-9
-9.357758752654517e-12
-1.973643695569936e-11
2.8796353861090916e-12
1.3036063541231354e-10
3.8241369232865004e-10
6.825396188842491e-10
9.670206674284319e-10
1.2296108724145133e-9
1.494494516458843e-9
1.8393088309842205e-9
-6.744012811879388e-12
-1.6560759747823872e-11
-2.481732685996669e-11
-3.938468625958433e-12
1.0657052253065229e-10
3.2443505260612635e-10
5.985970548376974e-10
8.77290953948691e-10
1.1589088298013022e-9
1.523322746273244e-9
-2.085328336685962e-12
-4.956250342572385e-12
-8.678824717221056e-12
-1.206951305861946e-11
7.854983016616761e-12
1.0127699997944093e-10
3.000239212963799e-10
5.721018419268343e-10
8.701040579627746e-10
1.2508349470590061e-9
4.336596789765611e-12
1.0443418377407822e-11
1.503104215801122e-11
1.7633109307239294e-11
1.8356251793894586e-11
3.300861833586326e-11
1.128796903372811e-10
3.131694299657414e-10
6.168078447106458e-10
1.0190466337377415e-9
1.3765296016281391e-11
3.32551146793545e-11
4.891607013898861e-11
6.306240475117482e-11
7.498580024769648e-11
8.18287760620724e-11
9.075226687750968e-11
1.5791298288131152e-10
3.9485810735282396e-10
8.339720937011309e-10
2.8269775140221307e-11
6.88494927437228e-11
1.0197537238645837e-10
1.3292351523146265e-10
1.6306118736334485e-10
1.9131580315579477e-10
2.1247480724448637e-10
2.1843089332844952e-10
2.7456231339869694e-10
6.865910959734049e-10
4.736846459724878e-11
1.168061966001327e-10
1.746997003412098e-10
2.2988831223149094e-10
2.8508216701212236e-10
3.4051040775939655e-10
3.968747005953391e-10
4.530109268629205e-10
4.903372743843513e-10
6.20010807820045e-10
6.91660411413631e-8
2.9579813950383326e-8
4.721526927894998e-9
-4.058792261989073e-10
-8.104254713651935e-10
-2.6494333905499145e-10
6.414683558776232e-10
2.041116560417732e-9
4.259970385165666e-9
7.316034665782821e-9
7.03908780265614e-8
4.02109769155504e-8
1.1616077342327192e-8
1.7241786253888414e-9
1.0023401328505888e-10
5.992116190751479e-10
1.8576194254086188e-9
3.9932659033639915e-9
7.160011113674073e-9
5.901535836826019e-8
3.821448358857611e-8
1.370040320157492e-8
2.9279733373434277e-9
8.215167957084018e-10
1.5062008919780884e-9
3.29594520213579e-9
6.15484150566379e-9
4.9817408230820124e-8
3.3934047163090863e-8
1.3067064102864848e-8
3.0702947757231437e-9
1.4041608440454844e-9
2.6515227416841626e-9
5.176546524752237e-9
4.235068546946316e-8
2.9160334986848945e-8
1.0972556736455143e-8
2.6503692952085807e-9
2.165206835434599e-9
4.308515752313282e-9
3.60467691986458e-8
2.4248361393753853e-8
8.111052891012993e-9
2.3152819219015345e-9
3.5650468959736604e-9
3.049201060439997e-8
1.913473821934151e-8
5.041485430277802e-9
3.006331714950094e-9
2.5349630306088018e-8
1.3436824942238691e-8
3.2581487817728825e-9
2.002195880444965e-8
7.323089155629268e-9
1.1967378946682096e-8
3.378046623513417e-12
5.779205958649454e-12
6.747275146527192e-12
7.333720824937726e-12
7.754591794082279e-12
8.089164122554104e-12
8.37587988794194e-12
8.639811194681529e-12
8.907665558573759e-12
9.256761355154397e-12
1.1760973630366141e-11
1.4921905105619484e-11
1.694044991602838e-11
1.8389747230044583e-11
1.9539435992825422e-11
2.0524710257350185e-11
2.1431798040911446e-11
2.2352372412702317e-11
2.355216126008061e-11
2.0134394047670386e-11
2.3795664854676283e-11
2.647895493068225e-11
2.85978126870692e-11
3.040994939485608e-11
3.2078359671919274e-11
3.3771719332212614e-11
3.597870795034541e-11
2.9144417907424e-11
3.331803325528816e-11
3.6645886834292434e-11
3.94746951258353e-11
4.207345228812277e-11
4.471116261190796e-11
4.814925206172688e-11
3.911686852986426e-11
4.394380713874363e-11
4.8055864309761623e-11
5.1807844634346164e-11
5.5609661760834104e-11
6.056650356718327e-11
5.041139563875784e-11
5.608816048312897e-11
6.125338810295204e-11
6.644647897176281e-11
7.321429904017626e-11
6.353420324210269e-11
7.048030840505531e-11
7.737722867274011e-11
8.62909743962544e-11
7.963258678083807e-11
8.887390059245977e-11
1.0042147081025117e-10
1.0161968807904107e-10
1.1725199690356888e-10
1.42505640366914e-10
2.1710247118379642e-10
5.898859343361282e-10
8.303539832599258e-10
9.895038529386333e-10
1.1051857423738853e-9
1.1971754290595253e-9
1.275985091153731e-9
1.3485307463194042e-9
1.422153479148e-9
1.518106229773626e-9
1.708009110221721e-11
1.7018696374116103e-10
4.236814483954458e-10
6.705271071636857e-10
8.722584174137525e-10
1.0350296562114921e-9
1.174116409438375e-9
1.3020277475581475e-9
1.4318247776292062e-9
1.6009887413880079e-9
-3.800399058188626e-12
1.8048766902728828e-11
1.2358658273640228e-10
3.175908310970482e-10
5.386645455449814e-10
7.368844941657165e-10
9.076854729332918e-10
1.0640850619073103e-9
1.2225995086108972e-9
1.4291699429725408e-9
-5.0564764856615235e-12
-1.0957428356191997e-11
3.9359863042274305e-12
8.777682917641854e-11
2.5497174773592657e-10
4.551987382823359e-10
6.454765399492443e-10
8.211889870660964e-10
9.984182987167863e-10
1.2291203521017608e-9
-3.643416358407814e-12
-9.346970925920336e-12
-1.447650258444388e-11
-4.4608809656995613e-13
7.377873833967054e-11
2.2095651920597748e-10
4.069121968111673e-10
5.962566771553612e-10
7.876097625069915e-10
1.035196956301503e-9
-1.1250120676072884e-12
-2.779885946150739e-12
-5.144430219339254e-12
-7.392039528999238e-12
6.058275969026723e-12
6.959903259894918e-11
2.0543802570927641e-10
3.9188865015015754e-10
5.962443160535027e-10
8.572997896471921e-10
2.3479011177984553e-12
5.834178757403134e-12
8.541690386801673e-12
9.995836835378336e-12
1.0196774379529713e-11
1.994047710998489e-11
7.456189726618931e-11
2.1226432846138704e-10
4.212728195114578e-10
6.980920444932305e-10
7.453453883670239e-12
1.8587981843378985e-11
2.7927845536608036e-11
3.658145113339472e-11
4.3919641944190527e-11
4.789738088161659e-11
5.340805912060885e-11
9.921536413746665e-11
2.620879111115745e-10
5.636174698242714e-10
1.5315139979934073e-11
3.851605089868571e-11
5.82963358231799e-11
7.730660146361615e-11
9.620689440854087e-11
1.1412262632920074e-10
1.273706178609909e-10
1.3038622916557554e-10
1.682961674850828e-10
4.488779839747341e-10
2.5682721280720542e-11
6.542810473204965e-11
1.0004887763546389e-10
1.3402159401776398e-10
1.6875219072189977e-10
2.0418104738568465e-10
2.4062327696043486e-10
2.771539665126986e-10
3.0122761700306953e-10
3.888039558723622e-10
3.9657198102121e-8
1.7957627627600074e-8
3.02520951531022e-9
-1.7720258945481004e-10
-4.5812660489598914e-10
-1.5114306249407925e-10
3.6946442578131324e-10
1.1757233955576087e-9
2.45571359233147e-9
4.222274231557275e-9
4.3889721340903264e-8
2.5707663250695093e-8
7.595498780773545e-9
1.168075263939653e-9
7.657272632865995e-11
3.7463468765822137e-10
1.1583636188011536e-9
2.4914799172819174e-9
4.470908138711438e-9
3.836867856784531e-8
2.5218199613201672e-8
9.161431501610456e-9
1.9802238747324637e-9
5.453474088266554e-10
9.799901483608917e-10
2.1439233929632097e-9
4.005895012482844e-9
3.322957520361592e-8
2.28542958952938e-8
8.87440222341955e-9
2.0941483337934243e-9
9.42938241536875e-10
1.7716246594825528e-9
3.459307952288709e-9
2.8725486815994295e-8
1.99028626968937e-8
7.526671561684572e-9
1.817598739020783e-9
1.472389984467143e-9
2.927903951403456e-9
2.4711589880221767e-8
1.6681632284794158e-8
5.5900981764589566e-9
1.5897587946180913e-9
2.44345199323896e-9
2.1017394623197194e-8
1.3195973041971584e-8
3.4664816111505753e-9
2.0597607055652043e-9
1.7463277435264398e-8
9.216122071422406e-9
2.208159918871685e-9
1.3648920904445814e-8
4.911227769791578e-9
7.879181864152182e-9