4.056211154430837e-9
6.701461465876739e-9
7.952071314573948e-9
8.437775278690117e-9
8.691946449402373e-9
8.865854031555947e-9
8.989352849788814e-9
1.4252341830197658e-8
1.9192735437878913e-8
2.1212055449666832e-8
2.2271201519526982e-8
2.299581038463351e-8
2.3508381425675862e-8
2.9240896655004328e-8
3.412331128779257e-8
3.669435711823764e-8
3.845481605581233e-8
3.9698983200602146e-8
4.174168860708871e-8
4.5989952632840174e-8
4.8883084555538816e-8
5.092848635748629e-8
5.173488968835791e-8
5.5679984204595827e-8
5.843729160375122e-8
6.084749296477807e-8
6.430610241447725e-8
6.88571938373183e-8
0.00002705237055440481
0.0001087987545177458
0.00014084277446315687
0.0001500210286339938
0.0001547280304876537
0.00015781923367470905
0.0001600614751227839
-3.920922682524787e-6
-5.5135795323643376e-6
0.00004316093807288398
0.00005994655824892426
0.00006686527290058947
0.00007155983777438812
0.00007488701256804829
-2.176775472160188e-7
-3.605789371228753e-6
-0.00002798972068399882
3.364085130144111e-6
0.000014953596698959817
0.000018820260069390925
0.000021826351718539202
1.495838119007071e-9
5.227167081354181e-8
-3.084034523314847e-6
-0.000028781287238918236
-6.1845952599279524e-6
5.8721623150137415e-6
5.844031044885248e-6
1.0867673182212245e-8
5.99275508130095e-8
3.3266940866666347e-7
-5.4116761645753875e-6
-0.0000313344311209578
-7.698940724610372e-6
4.999596894001992e-6
2.1377107893051143e-8
9.721331294316944e-8
1.4511983344470134e-7
1.1335380452943176e-6
-5.0445592963609196e-6
-0.00003608118517517373
-0.000011532123246710742
3.518359084290731e-8
1.454933312729886e-7
2.233962393368348e-7
2.8670727439177335e-7
3.105862614457527e-6
-6.039214347422873e-6
-0.000032047666116473503
6.906980242735037
-0.046509683023831024
0.009970232098712136
0.039233554712397235
0.010626360650793504
0.015665551859952664
0.018962390706823175
3.092091175235122
-2.2473108034678897
0.5075843427883239
0.016387179497160162
0.0029411378420749435
0.0028564452001604798
4.979159910963919
-3.401100193297462
0.5628620334249592
0.22483715797617232
0.004567298491747764
5.862237776922492
-3.0837554856420004
-0.6018576992418985
0.527772918926861
5.523322537691579
-2.038138921169067
-1.4357594021061537
4.502818502096515
-0.6363903448089474
2.3736774288071083
3.398532669463933e-9
5.726342521457316e-9
6.850198419264868e-9
7.2879080919655675e-9
7.51709609349293e-9
7.673815155078495e-9
7.785155453537965e-9
1.267297819562739e-8
1.7399939515230373e-8
1.9344303918214914e-8
2.0364527322938377e-8
2.106241475894197e-8
2.155604526359915e-8
2.7388386717349213e-8
3.233158816809261e-8
3.493568659594998e-8
3.671881070121721e-8
3.797890941997885e-8
4.0234271259012734e-8
4.466233477081813e-8
4.767642273438168e-8
4.98073626315449e-8
5.074524098622924e-8
5.492263593337226e-8
5.7839492769416364e-8
6.047302028855634e-8
6.417163848483268e-8
6.911430755347898e-8
0.000020178038844585035
0.00007899984621731571
0.0001019529139653865
0.00010852590052055478
0.00011190510890684739
0.00011412364241175662
0.0001157304547023883
-2.2566556881284273e-6
-1.054652328794868e-6
0.00003896117534971255
0.000052396254474228315
0.00005819336074389918
0.00006211148430499857
0.00006490628802649491
-1.4711644481124853e-7
-2.5557244903592682e-6
-0.0000212110538915628
6.0875967887027576e-6
0.000014921044595633006
0.000018462989031003882
0.000021102654378418313
2.885771094182046e-9
4.157682341665022e-8
-1.9022371336868009e-6
-0.000023621770890739162
-1.9690218940223864e-6
5.833954537529192e-6
6.4796428650598324e-6
1.0508181145170802e-8
4.936147682130098e-8
2.1764555066657157e-7
-3.377226513605404e-6
-0.000027938614607688123
-1.7019923372634044e-6
5.341498159223293e-6
1.9676050140168104e-8
7.936741027681985e-8
1.2271955136550656e-7
7.907754191636622e-7
-1.9365891663737276e-6
-0.00003543339372864812
-4.8899837186678e-6
3.218448656763742e-8
1.2342284509184275e-7
1.9702797718316498e-7
2.474932421300407e-7
2.6212423430905186e-6
-2.2494794543845784e-6
-0.00003163835297414974
4.698046030037377
0.3522137443940774
-0.0070846778572940285
0.023173430819209938
0.006961762101166235
0.01050713243963979
0.013185814758627122
2.3569420074155123
-1.4170854162342865
0.24900538095859315
0.006505336543114808
0.002025326940322233
0.0023675543872427735
3.497385164577349
-2.492665365497422
0.6556695202636026
0.043540117251440434
0.0001989511030025914
4.595312978405197
-2.95039679229221
0.20460812794856645
0.32855480149389193
5.127974301454873
-2.7022573360435502
-0.6955827674350936
4.816063889816599
-1.2782014593204103
2.464977350222187
2.8153620403796532e-9
4.817925812821638e-9
5.8030668136782864e-9
6.187976310817572e-9
6.389551787017402e-9
6.527432085831773e-9
6.625339712575148e-9
1.102308815780825e-8
1.541043457304673e-8
1.7227682181748096e-8
1.8181437402416697e-8
1.8833955973077052e-8
1.9295354615412405e-8
2.5062370485926826e-8
2.9938669952449326e-8
3.250836663810256e-8
3.426819326419283e-8
3.551164199416944e-8
3.794881309824206e-8
4.2462112346098485e-8
4.5532576030932365e-8
4.77033275064047e-8
4.8773781537016636e-8
5.3108948805534526e-8
5.6132399797307846e-8
5.896386976416712e-8
6.284556123102388e-8
6.812535830014906e-8
0.00001429588672906159
0.00005431780147996094
0.0000697782363803362
0.00007415656691904842
0.00007640168299704565
0.0000778831075695987
0.00007895259216428833
-1.2384051858764347e-6
1.284131362891432e-6
0.000033044759531070786
0.000043582145950089244
0.00004827330972753835
0.00005144452671786579
0.000053691157372657255
-9.892861395084807e-8
-1.7880165741112993e-6
-0.0000155146914044748
7.327325633161815e-6
0.000014138422189140018
0.00001726484669401172
0.000019523805802049333
3.113363991061152e-9
3.019057910070433e-8
-1.1653018456413474e-6
-0.000018715725821366852
7.743278441596927e-7
5.730771611572156e-6
6.926689021902489e-6
9.226977964401727e-9
3.862866315407257e-8
1.4222302068925126e-7
-2.0111859521942e-6
-0.00002399627738198581
2.5496283617637336e-6
4.570571206919589e-6
1.7298889454728188e-8
6.465730061411433e-8
1.0448791232645026e-7
5.083179747885671e-7
3.7057523320734233e-7
-0.00003390408132182527
5.462877837346829e-7
2.854618877812328e-8
1.0109933915601488e-7
1.6850418023747368e-7
2.1519159245099762e-7
1.8272379251799546e-6
7.74810680266837e-7
-0.000030109816985142233
3.1097106125704634
0.3609215304907453
-0.004309170250969057
0.011626855597887696
0.00402637831860094
0.006381003591352131
0.00786786498050039
1.5637935796625742
-0.8408935962710293
0.10386096161384141
0.003002522989002716
0.0012675520816550266
0.001545148316668616
2.360021346770312
-1.655111830338166
0.488352318535748
0.006297611319272
-0.000033184913044912096
3.2829705076747038
-2.4037715267171382
0.5554556984593552
0.12662014234953767
4.298038977676027
-2.8560856589392802
-0.027502671392186814
4.879226717212883
-1.7351176310212928
2.3797060430537407
2.292427480933726e-9
3.982863421730997e-9
4.827655048933484e-9
5.158870693885666e-9
5.332289963572523e-9
5.451010037182843e-9
5.5352476965324e-9
9.376717155200028e-9
1.332420862156612e-8
1.4971073006932603e-8
1.583551098691888e-8
1.6427086991988842e-8
1.6845259262057177e-8
2.236906373729614e-8
2.7043263278690496e-8
2.950708188193186e-8
3.1194725884472536e-8
3.238701456108484e-8
3.4954958512430367e-8
3.9441612251246376e-8
4.249195755636432e-8
4.4648508652842406e-8
4.5843667676429804e-8
5.024158966483751e-8
5.330445136679411e-8
5.6293600731036966e-8
6.028161625907387e-8
6.581871339966574e-8
9.849239636516876e-6
0.00003591847216482482
0.00004583317895022412
0.000048585518623751613
0.00004998877330810415
0.000050920740198846004
0.000051587994756197735
-5.949894096498252e-7
2.4512206365124137e-6
0.00002690279074521881
0.00003499008390078781
0.000038668011425229106
0.000041161297182970135
0.00004290629234295632
-6.535801682842281e-8
-1.218294727597494e-6
-0.000010832073649341887
7.726286119359578e-6
0.000013060591943308074
0.000015757326136039787
0.000017672118439105938
2.9267026868082037e-9
2.282116065584247e-8
-7.082426928407472e-7
-0.000014323270669821392
2.315882842226296e-6
5.543446169538982e-6
6.943798428266644e-6
7.693184816492827e-9
2.9447918622993435e-8
9.535957168006659e-8
-1.1556742390673792e-6
-0.00001975516619659463
5.106236053721528e-6
3.7645507658472146e-6
1.4186036509727118e-8
5.038795037460648e-8
8.655618155544312e-8
3.2309094515738815e-7
1.8293857043515733e-6
-0.00003117630928702547
4.20757467239313e-6
2.336360340314887e-8
8.159795781658271e-8
1.4441995597149484e-7
1.89882151912845e-7
1.181854104105756e-6
2.5463077142321212e-6
-0.000027232527570856114
1.9356287931790843
0.27718188073143735
0.0002599228711450732
0.005200850542380542
0.0021596557081117883
0.0035086131458164057
0.004019917921961577
1.0628197026731703
-0.48610292599338595
0.04066262074355439
0.0013759741738545693
0.000649704802174948
0.0007843189704327501
1.54145061727636
-0.9988857595615621
0.2844983033473052
0.0010521268615576547
-0.00001054800267584036
2.18243387594585
-1.7121400314165862
0.5121243935270129
0.03213234521653284
3.2099890224660474
-2.548185548926279
0.30144010895685774
4.565150936520398
-1.8202150730329962
2.0700325861175006
1.8517615693208012e-9
3.2596446568909625e-9
3.972165433049689e-9
4.252253126348913e-9
4.398983826408891e-9
4.499394942439683e-9
4.570701832026703e-9
7.847901561491588e-9
1.1298062744783108e-8
1.274682519811565e-8
1.3507494922054192e-8
1.4028021723021742e-8
1.4396014250185936e-8
1.950836049575839e-8
2.385206031524162e-8
2.6142242516849133e-8
2.7711041147262917e-8
2.881941741640025e-8
3.144501161659805e-8
3.578311960229693e-8
3.8729800751419464e-8
4.081333902352531e-8
4.21137583272748e-8
4.646295105609547e-8
4.9486877045641704e-8
5.2577229473532894e-8
5.65773473231015e-8
6.226521493946027e-8
6.67541304055425e-6
0.000023985749942434116
0.00003090843310291367
0.0000328941710620978
0.00003391119316457377
0.000034586980541339195
0.00003506549340881104
-2.491157078121311e-7
2.5806554267066254e-6
0.00002067020929324262
0.000026652264948953156
0.000029409354974814583
0.00003127726314220994
0.0000325838179784519
-4.3970329529172344e-8
-8.164850980726538e-7
-7.206694663188741e-6
7.450093158764364e-6
0.000011622722114770755
0.00001387627076191889
0.00001545828686958821
2.2538837131734667e-9
1.4979238405238883e-8
-4.3233107074430434e-7
-0.000010559960042169452
3.0493756180438715e-6
5.299436687812311e-6
6.673219363628335e-6
6.136403068594057e-9
2.2456608403275286e-8
6.642873552225459e-8
-6.497724782434159e-7
-0.000015663498508555625
6.108652859766652e-6
3.2159185609016932e-6
1.1653167370247267e-8
4.0617434875081753e-8
7.372947260656638e-8
2.133231932156142e-7
2.513261771652082e-6
-0.000027383111661868952
5.73875782392256e-6
1.887126468437469e-8
6.448082452481725e-8
1.2087625229574938e-7
1.646952583321334e-7
7.409694443604945e-7
3.2566540711718626e-6
-0.000023163276361972886
1.0945359404036559
0.17999989434650954
0.0053827621719344625
0.0021226720463630145
0.0011015280006074321
0.0018992783197324308
0.0016884496694045952
0.8506175179778445
-0.2629107527314067
0.01607559753601342
0.0006246480905175579
0.0002977478572360498
0.0003099422454018522
0.9778309777206754
-0.5592468680298128
0.14630409394206076
0.00028608676246918014
0.000024374123255506317
1.370054660289932
-1.0900511090045186
0.33327001588454014
0.00654318695026559
2.1729031704628086
-1.9908652021112407
0.3496690062006195
3.9070264541046864
-1.5179012689532698
1.5840819760127038
1.472256417270593e-9
2.6281677755516713e-9
3.219966754341084e-9
3.453127693697031e-9
3.575324630356527e-9
3.6589555133065387e-9
3.7183175362944234e-9
6.469368577994136e-9
9.41196877361929e-9
1.0653835665227032e-8
1.1306009045996715e-8
1.1752294187523702e-8
1.2067727903666942e-8
1.663655705937211e-8
2.0545202186699354e-8
2.2606218309353956e-8
2.4018147505660165e-8
2.5015618144256568e-8
2.760710172109204e-8
3.167557436436094e-8
3.4436065629885704e-8
3.638812855511397e-8
3.775998809840927e-8
4.1940144366730084e-8
4.484051801826871e-8
4.7960575799077034e-8
5.186519349191689e-8
5.757271646848358e-8
4.3460169708379594e-6
0.000015236204891058275
0.000019657792714735676
0.000020937972844810182
0.00002159494696701628
0.00002202933815489764
0.00002233494755763801
-8.315436304871764e-8
2.1537444930658307e-6
0.000014745633261343686
0.000018876484829880666
0.00002079082479227639
0.000022084611514873085
0.000022993916556904146
-2.8557700272835844e-8
-5.300468523301545e-7
-4.559852179531115e-6
6.622007391324056e-6
9.820131283082578e-6
0.000011623226616440411
0.00001288365326669747
1.9251537897499353e-9
1.1678557399877163e-8
-2.6637973689532227e-7
-7.469820543599629e-6
3.265116883261363e-6
4.950868302362299e-6
6.191210033575312e-6
4.912358226563661e-9
1.779393607835858e-8
4.855116871756985e-8
-3.59849984236764e-7
-0.000011999228221291993
6.130890307193889e-6
2.9217894215363287e-6
9.087655624678028e-9
3.1690579484991416e-8
6.080994630281268e-8
1.477406753333663e-7
2.609606029960806e-6
-0.000022833193057228176
6.015745215739665e-6
1.5646694932320297e-8
5.4177759198823325e-8
1.0550751771983379e-7
1.4771776924931696e-7
4.797841031804127e-7
3.442386699306278e-6
-0.000019040548798849444
0.5995913387325491
0.11019358777849586
0.008445637724344358
0.0008726306433505355
0.0005598193165732497
0.0009508865729327058
0.000614265363576532
0.8714641273942222
-0.1013035622701428
0.006955708418494876
0.00025238876206371366
0.00015089296157093227
0.000031482615850199356
0.6424661055054478
-0.28890761599779746
0.06827590607233579
0.00018267898521363182
0.000052782464612102884
0.8133262449181661
-0.6329150069817288
0.17915440769020977
0.001674796487254519
1.3934395335948
-1.4048497977788863
0.2729084432196235
3.0055920588410054
-1.1160883681561682
1.1346114601095731
1.1581446289493984e-9
2.09124940355091e-9
2.5751101691279994e-9
2.76606515791243e-9
2.866198269815223e-9
2.9347504577796313e-9
2.9833945135923155e-9
5.268783322878169e-9
7.735818024128101e-9
8.78000653194388e-9
9.328439523492257e-9
9.703757009773753e-9
9.96897983689521e-9
1.3924936425208176e-8
1.7334947537334308e-8
1.9132839248739452e-8
2.0364621813158745e-8
2.1234778623877508e-8
2.369079250329289e-8
2.738501795358269e-8
2.988829382280049e-8
3.165869597580996e-8
3.3053364484133204e-8
3.694738342324682e-8
3.964245788610176e-8
4.270802228908382e-8
4.640549024176357e-8
5.198438225068863e-8
2.941621286781483e-6
0.00001049951643548884
0.00001398983366132731
0.000015099104578622287
0.000015672257155997612
0.000016054523034884703
0.000016323047982302457
-1.4221904745280692e-9
1.6735019330126372e-6
9.951657961470885e-6
0.000012604478419313192
0.00001383115954149462
0.000014656796777150057
0.00001524257733574034
-1.738283064802499e-8
-3.2559459118541326e-7
-2.6653128054999276e-6
5.562030911917184e-6
7.951634263167038e-6
9.335300903335675e-6
0.000010304657657777635
1.626807397993958e-9
8.897811404141904e-9
-1.6465763534871906e-7
-5.045168341154379e-6
3.1091828622341204e-6
4.409471825262181e-6
5.45663934861032e-6
3.7956861972479624e-9
1.3725517510090035e-8
3.5844775868786896e-8
-2.0185821083109528e-7
-8.89181336935288e-6
5.5257398413094655e-6
2.6423606320219244e-6
7.18333971920858e-9
2.4987369174157342e-8
4.981705750791796e-8
1.0687948651970972e-7
2.3534317874005856e-6
-0.000017952443797342825
5.624363781737967e-6
1.255131637529171e-8
4.3832118851848134e-8
8.815605693037018e-8
1.269343434894974e-7
3.2828171451609013e-7
3.1193227442053698e-6
-0.000015347753028396885
0.3111084047449342
0.06526670649066872
0.007713531446613004
0.00036379189244414037
0.00028384844211851065
0.00048239812858962965
0.0002032545041839627
0.865828226570439
-0.014254991380409093
0.0033061361421125456
0.00008800275020308587
0.00011664844293809373
-0.00006861969944222522
0.4391193235571253
-0.13454255331976026
0.030002367911022128
0.00015443963060795163
0.00006666704005113395
0.45765338308906356
-0.3392619310379608
0.0839529678897111
0.0005706710770057578
0.8722737019066341
-0.9182588859450819
0.15487941642654138
2.0439855250967525
-0.7293524144447304
0.7986505091974228
9.069376593725646e-10
1.6463957483365536e-9
2.035292615854054e-9
2.1890638604371614e-9
2.2697081434150995e-9
2.3249360375650902e-9
2.364151921359039e-9
4.2396170493889226e-9
6.285648612991294e-9
7.153002885169062e-9
7.608557979009491e-9
7.920310903626539e-9
8.140646242795343e-9
1.1487933057375876e-8
1.4387113248475346e-8
1.5915120171317422e-8
1.6962047358336936e-8
1.7701663005023263e-8
1.9929324015170274e-8
2.317799656235342e-8
2.5376038970888928e-8
2.6930894302116016e-8
2.8288659448053704e-8
3.179858117676406e-8
3.422070894245736e-8
3.7141460164854074e-8
4.052916714761481e-8
4.5826279202337956e-8
2.003716604042567e-6
7.1243980678643105e-6
9.661164467379312e-6
0.000010510664497216708
0.000010950967390438018
0.000011246666050510305
0.000011454431427358559
1.762613673904919e-8
1.1832313966939397e-6
6.831678781270039e-6
8.792642120589859e-6
9.72085014076008e-6
0.000010346141302326492
0.000010788503757608088
-1.0487881575932627e-8
-1.918216736007116e-7
-1.4599486601101724e-6
4.2861694281749405e-6
5.979675701092118e-6
6.977041315028541e-6
7.676783215598478e-6
1.064576345692214e-9
5.1534626501555945e-9
-1.0366143491554673e-7
-3.2294438575192703e-6
2.7444131251068985e-6
3.755232067872736e-6
4.600273659399976e-6
3.096500168938071e-9
1.0923884798317962e-8
2.6932263284263046e-8
-1.1332727317586298e-7
-6.341437994407405e-6
4.653682683022248e-6
2.3618520730758657e-6
5.84492614499396e-9
2.0456909160418676e-8
4.160200587448865e-8
8.111192448657492e-8
1.9157683619095968e-6
-0.00001340418312942565
4.65586392414222e-6
9.681615834545286e-9
3.351055211189596e-8
6.990484338082117e-8
1.0387193097091534e-7
2.29554775803546e-7
2.4396503737128794e-6
-0.000012605170292581423
0.15177642423110582
0.03751712430456198
0.005443930105903032
0.00013974214760030128
0.00014307918250501916
0.00024595176663861083
0.000054678145851581627
0.677544337289388
0.016043931128856156
0.001686911693858317
0.00003734248615321105
0.0001058437731577336
-0.00004561368785782707
0.29500268802822227
-0.052990117375219005
0.012729549939704033
0.00013853659229845397
0.00008562754944065172
0.24413056462787708
-0.16988042620426613
0.036406095123019094
0.00025822670286602056
0.5624007891153845
-0.5554696554690745
0.07566555448865153
1.2435665315492368
-0.4091322917307666
0.6679588643141453
7.107758838678294e-10
1.2886876042946892e-9
1.5965776243348957e-9
1.7185698401161059e-9
1.782590727715014e-9
1.8264436479448947e-9
1.8575819730803575e-9
3.3649940882713664e-9
5.043768803512261e-9
5.757165097522835e-9
6.131931800188148e-9
6.388411037492064e-9
6.569644651838094e-9
9.369777683613032e-9
1.1793123227293289e-8
1.3069808224973599e-8
1.3944600797502175e-8
1.4562559577491919e-8
1.650051066094864e-8
1.927829068093332e-8
2.1154872094530537e-8
2.248252130599321e-8
2.3741939622685487e-8
2.680575047000077e-8
2.891298713083845e-8
3.160332244998399e-8
3.460355230985305e-8
3.9478432312623175e-8
1.295284798641613e-6
4.480213424592792e-6
6.1250087912606024e-6
6.692119457078099e-6
6.986373515340699e-6
7.185333145335339e-6
7.32446506676459e-6
2.9235916763824772e-8
8.959520007970696e-7
4.4823580205191705e-6
5.749655819240308e-6
6.355157986286599e-6
6.760785888683195e-6
7.051156257768374e-6
-6.056689120749421e-9
-1.0864410695409199e-7
-7.634789220640238e-7
3.0545402432432057e-6
4.203617396008199e-6
4.8877326908273e-6
5.370447516402602e-6
8.76745867065669e-10
3.832256863579511e-9
-6.312307289284443e-8
-1.9505903730485123e-6
2.2272702300935303e-6
2.9953817959999553e-6
3.6402867345064262e-6
2.3923096321176363e-9
8.179790240603292e-9
1.9748444692222848e-8
-6.652152636850876e-8
-4.31942225924994e-6
3.6649255450577584e-6
2.0246587614490707e-6
4.579132174845283e-9
1.6212879409676616e-8
3.385492129127214e-8
6.225304148289245e-8
1.422088682138874e-6
-9.678023720241642e-6
3.49642331523883e-6
7.685423687333797e-9
2.732727992865271e-8
5.799791610990448e-8
8.736040322943353e-8
1.6636546999982366e-7
1.6693210544867862e-6
-0.000010085031728964365
0.0664859244135415
0.019773895825088362
0.003076326544459192
0.00006462446690702105
0.00006423249511351323
0.00011750150368019015
0.00004404122098894572
0.4501444307674453
0.019786585704342385
0.0008766009844341177
0.000019933045926469527
0.00008636402716714953
-0.00001714436450473632
0.1840929430305693
-0.01643800003411113
0.005242635810228338
0.00009908985989187142
0.00008376755612861809
0.12348693228972334
-0.07811302125732476
0.014736546135494388
0.00013988240910822232
0.36343191358234656
-0.3047766234757918
0.033351968607431844
0.7190942775528029
-0.18848006696270922
0.5932893944029268
5.587640425973503e-10
1.0077719828554614e-9
1.2489231011236353e-9
1.3447176609515751e-9
1.3950061428749348e-9
1.4294706675896715e-9
1.453956254567403e-9
2.6359337376415175e-9
3.988178702020225e-9
4.565962458280188e-9
4.869537370213098e-9
5.0773363196432675e-9
5.2241595798755756e-9
7.554166792554922e-9
9.562938209745282e-9
1.0620908423729183e-8
1.134591854393388e-8
1.1858051715765666e-8
1.349550225759857e-8
1.582404323046485e-8
1.7395177026518085e-8
1.850688758242787e-8
1.9619580858234496e-8
2.2222355619464158e-8
2.400658451196196e-8
2.6398991887348097e-8
2.8973976269703967e-8
3.3319718863959285e-8
8.44049468457966e-7
2.8460870662284724e-6
3.91668767536467e-6
4.29517027190395e-6
4.491739218093468e-6
4.625603196027807e-6
4.7186462933561055e-6
3.2019316412631285e-8
6.401212721544618e-7
3.039153209722505e-6
3.9775146844034705e-6
4.437454126531444e-6
4.747205563659478e-6
4.967684661689319e-6
-3.4878490280964276e-9
-6.147374617375869e-8
-3.9944705481609126e-7
1.997629026167019e-6
2.741587333280587e-6
3.1893157128643166e-6
3.506099585943008e-6
6.769343846809266e-10
2.7944573250627734e-9
-3.65411472745771e-8
-1.1178050963738706e-6
1.6454206276993861e-6
2.1868185222649934e-6
2.6395187905470305e-6
1.86213668739731e-9
6.449138314940904e-9
1.5100402069371292e-8
-3.895321020051165e-8
-2.7788847361040935e-6
2.6975890762407577e-6
1.5985509113799946e-6
3.4541191646018978e-9
1.2203348535874283e-8
2.65117827352637e-8
4.713101976190338e-8
9.721688703969621e-7
-6.7686755075807845e-6
2.481927101081616e-6
5.973397560100165e-9
2.16009976590684e-8
4.703046772573813e-8
7.172196045336607e-8
1.2335973061372308e-7
1.0486579610624336e-6
-7.545732214437373e-6
0.026390329414491286
0.010020456158560266
0.0016689236201257506
0.00002966763386120694
0.00002667557020504797
0.00005010266839052325
0.00003198835326788037
0.2501744800862334
0.013362963014120073
0.0004296938121278384
0.000011596073213675388
0.00005632529921372667
2.481798474350471e-7
0.10410240295802188
-0.0036653858166812653
0.002090276457538664
0.00006099371785914126
0.00006109611673567028
0.05978269302038562
-0.03181818381322938
0.005771967749334653
0.00008830011114870602
0.22022150558685147
-0.14944874968906163
0.013980911126604033
0.4415445711756361
-0.05050959605667131
0.46602525605844913
4.4107990936146687e-10
7.894978018436211e-10
9.77012039523654e-10
1.0516603133394704e-9
1.0908621934433388e-9
1.1177326627345628e-9
1.1368289013186119e-9
2.049772017515341e-9
3.1116927247780104e-9
3.5684555546338916e-9
3.808497289427191e-9
3.972793449359363e-9
4.088893080240776e-9
6.001674219978271e-9
7.653592168746307e-9
8.523759822053714e-9
9.120067158673635e-9
9.541321173221444e-9
1.0915567166692918e-8
1.2848327429848765e-8
1.4151423225716527e-8
1.5073612498844413e-8
1.6020205221040867e-8
1.8192582009126693e-8
1.9677903846246515e-8
2.1737032849763843e-8
2.389552202607415e-8
2.7656524976632285e-8
5.641757279410618e-7
1.9068693879426561e-6
2.6694060347493293e-6
2.9502062118204254e-6
3.0963144887174623e-6
3.1961317882500864e-6
3.265890076719317e-6
3.080057434692204e-8
4.7136533946578633e-7
2.142411634225581e-6
2.881355121521358e-6
3.25232937928917e-6
3.5040114961206967e-6
3.6817933303709015e-6
-1.946116313032507e-9
-3.467796063797868e-8
-2.012265631120984e-7
1.263507480907355e-6
1.7416802451109706e-6
2.0340080638535712e-6
2.240664651105694e-6
5.947799260489084e-10
2.4727488198755353e-9
-2.0722246720517066e-8
-6.067470562969944e-7
1.140859781015327e-6
1.5220803406785105e-6
1.8352569835851076e-6
1.4897534211342008e-9
5.1947401094377174e-9
1.1823031235915265e-8
-2.1124019154036396e-8
-1.6888597872659704e-6
1.8558854863511817e-6
1.2101000369023253e-6
2.7043716446806715e-9
9.458455149129806e-9
2.1148939364635412e-8
3.64280633882542e-8
6.117185292190622e-7
-4.5179888266691295e-6
1.6668909039367812e-6
4.712665562266592e-9
1.711077258234006e-8
3.812561841785935e-8
5.876865912045995e-8
9.329526935055178e-8
6.015835523349007e-7
-5.309756359245901e-6
0.01076201993050923
0.0048832850156899765
0.0008479676645068482
0.000014309469569683336
0.000012631474195372811
0.000023016010202188606
0.000023104670885408443
0.12933716866777392
0.007606906890988683
0.0001940373026622579
6.877429179524408e-6
0.000033580546309172874
6.578594122528447e-6
0.05463373957309832
-0.0001882257564037108
0.0007937350978845952
0.00003532491589887901
0.00003726363487698105
0.027932049551187166
-0.011062370603419322
0.0021508332841597777
0.00005278849682297818
0.12264430353858118
-0.06153366856420806
0.005870827126518207
0.2960939469746408
0.009524962011584226
0.3245237372476008
3.504247847840659e-10
6.212359198605964e-10
7.665642509534472e-10
8.244429034582157e-10
8.548410931207929e-10
8.756857361170184e-10
8.905072502283964e-10
1.5946512076561673e-9
2.413162838648237e-9
2.766042743372136e-9
2.9514868281032213e-9
3.078434261160456e-9
3.168141721602038e-9
4.690440237263098e-9
6.021729162136413e-9
6.72329722753542e-9
7.204111689217682e-9
7.543780275337344e-9
8.707546209735324e-9
1.030174345771971e-8
1.1376332610123062e-8
1.213684425114392e-8
1.2931929386590625e-8
1.473151617510758e-8
1.5960279958752005e-8
1.7690747787469383e-8
1.947936794286135e-8
2.2658438162879176e-8
3.6402478086910014e-7
1.2530683863048798e-6
1.7988545110224471e-6
2.0078131015663292e-6
2.1166797606088907e-6
2.1913484455938603e-6
2.2435089514887987e-6
2.3937828530864387e-8
3.2588548243000987e-7
1.3529805473624463e-6
1.8143968781728655e-6
2.047107946565868e-6
2.2057601359945793e-6
2.316520212399061e-6
-1.1216059280951537e-9
-1.9612733485660335e-8
-1.2614404132079296e-7
7.874362077744954e-7
1.1288986054120517e-6
1.3422940474644976e-6
1.493182472587618e-6
4.150101070141503e-10
1.7169251380746696e-9
-1.1708860404370992e-8
-3.3926803954999207e-7
7.137544927814847e-7
9.735992650877448e-7
1.1823287949292078e-6
1.121808483902843e-9
3.889703767243012e-9
8.87093926451742e-9
-9.553218155990333e-9
-9.907291305823416e-7
1.160769421118436e-6
8.027665663071944e-7
2.0703248689813353e-9
7.066295038373856e-9
1.6307238764074158e-8
2.7854897495040992e-8
3.571795310480412e-7
-2.8574203609413565e-6
1.0631870941826464e-6
3.6049794598365394e-9
1.2879671047332487e-8
2.9567820588645682e-8
4.670861093544423e-8
7.040138784268662e-8
3.243156365817562e-7
-3.595380480741868e-6
0.004262439179860634
0.001954325651140698
0.00042440558583382225
6.689867659229683e-6
5.676687026241422e-6
9.40780201173554e-6
0.000014015203878159639
0.05991974384571368
0.003929704618366123
0.00008414586032818158
3.7353551483969677e-6
0.00001784987472522608
7.832803194281622e-6
0.027705167432885123
0.0004131134067774528
0.00029712252899748745
0.00001991707972403309
0.000021259338942282763
0.01323780109148634
-0.003629934934774981
0.0008037440488157128
0.000024482360456251053
0.06557853094581594
-0.018426507551661392
0.0023412723410399247
0.19743543138755465
0.02034042214216618
0.20286019229191668
2.8013857423723053e-10
4.916815222305873e-10
6.045303856044365e-10
6.49431142261772e-10
6.730205573070244e-10
6.891977384269452e-10
7.007057461796932e-10
1.2448157240864153e-9
1.874956239960792e-9
2.1459518557593383e-9
2.2883644994379634e-9
2.3858427628294255e-9
2.4547309588357743e-9
3.6265983119969993e-9
4.664542878820695e-9
5.211493839323708e-9
5.5863459666601486e-9
5.8511646525283215e-9
6.827212421381815e-9
8.12117431919446e-9
8.992974094845028e-9
9.609999099770587e-9
1.0287059031026258e-8
1.176884448645926e-8
1.2780189505132512e-8
1.421975795748949e-8
1.5697997756631233e-8
1.8345775309870796e-8
2.401215366990053e-7
8.309469925318404e-7
1.206847324059681e-6
1.3518293215227128e-6
1.42759358021153e-6
1.4793105305072656e-6
1.515635160233899e-6
1.8266653657745647e-8
2.3769770346945136e-7
8.885999246058935e-7
1.1807029975491682e-6
1.3286648744289489e-6
1.4297326901021368e-6
1.4998869786521629e-6
-5.995617997410893e-10
-9.657488065600272e-9
-3.422322584844201e-8
5.778641333818733e-7
8.335702421164353e-7
9.966804790771407e-7
1.1121577746884595e-6
3.0483192224527046e-10
1.2838522260416598e-9
-7.3239086851714415e-9
-1.9053633968151458e-7
4.556446688104833e-7
6.465339748582579e-7
7.953106572227058e-7
8.568143428426754e-10
2.9454912793023772e-9
6.648698879696328e-9
-4.287282339470554e-9
-5.735833369207313e-7
7.113381214849705e-7
5.513687083588631e-7
1.6297281302371114e-9
5.492311686447694e-9
1.2666382913366773e-8
2.1462069364954223e-8
2.0029325084677287e-7
-1.721702379525153e-6
6.372140209767925e-7
2.8215174740628606e-9
9.945900611251959e-9
2.288685018413414e-8
3.693762799709036e-8
5.365017074453701e-8
1.665779364372505e-7
-2.3683227332010895e-6
0.0017180151404456484
0.0006619876571222718
0.00020367071977121174
3.1914753250790985e-6
2.858957406808562e-6
4.664047773501757e-6
7.579091602496734e-6
0.024740282391346177
0.0018223861505421918
0.000034224759299273836
2.414146473906659e-6
8.776862112915411e-6
6.434632607524949e-6
0.013905423430456792
0.00040695827654408973
0.00011118409454230161
0.000010907286310706394
0.000011781079830334122
0.006634421572979449
-0.0015632347618821534
0.0003027816835388047
9.505776973475548e-6
0.03626413391523171
-0.0015508298418668797
0.0008872607966112058
0.11899312544961531
0.01513329177080425
0.12964219762097517
2.2518350459779006e-10
3.9180806445007505e-10
4.800365907162376e-10
5.151233432037424e-10
5.335612131590722e-10
5.462118758344833e-10
5.552135170268236e-10
9.752298146803216e-10
1.461911522235201e-9
1.6712170141946123e-9
1.7811995687222692e-9
1.8564939580844895e-9
1.9097065995694097e-9
2.8058095046633503e-9
3.5972942345129656e-9
4.01381975142188e-9
4.299327137789062e-9
4.501029440614462e-9
5.275853370192944e-9
6.292083079804311e-9
6.975721263557035e-9
7.459654609371813e-9
8.038288413295553e-9
9.23428738640498e-9
1.0049558247894835e-8
1.1246077854535848e-8
1.245688692736418e-8
1.4643857543031108e-8
1.5838853729990032e-7
5.339242174515688e-7
7.723324237251515e-7
8.640539628893009e-7
9.119998051144327e-7
9.447128096357414e-7
9.677312332282347e-7
1.2977657127507246e-8
1.708139738835081e-7
6.176683829902927e-7
8.32141935816115e-7
9.420915503549061e-7
1.017398608309733e-6
1.0697815797469049e-6
-3.2808500954210213e-10
-4.449267483467353e-9
9.962855338499887e-9
4.1154737958715426e-7
5.872541309813226e-7
7.002739172567352e-7
7.805599310175002e-7
2.1620023569808052e-10
8.838489916980349e-10
-4.057081432204604e-9
-1.0411473479026284e-7
3.1479765501858634e-7
4.6879099006696663e-7
5.84968307705585e-7
6.458013424776152e-10
2.179651739202713e-9
4.89354665220555e-9
-8.635004279098687e-10
-3.4623770798249496e-7
4.135730630823556e-7
3.481080907216447e-7
1.2586060171814188e-9
4.163274257560073e-9
9.586455165402033e-9
1.6228804168188367e-8
1.1209185156487297e-7
-1.0241185274302079e-6
3.75872404703569e-7
2.197016395396927e-9
7.592240213917939e-9
1.740077285863623e-8
2.8464076510154766e-8
4.062565984907691e-8
8.669061104563341e-8
-1.5141726785112621e-6
0.000812671137160623
0.00020178387977088858
0.00008693938441795285
1.5013645601999183e-6
1.5137415254118441e-6
2.6071941572436525e-6
4.65875807373026e-6
0.010523201750445096
0.000760819424444549
0.000012961312654746174
1.7345138459617083e-6
4.750847505858934e-6
5.058779098040044e-6
0.006561392230740522
0.00028054320328991535
0.00004396393949017082
5.774356386962474e-6
6.770133473069049e-6
0.0034534509626595665
-0.000891400233359793
0.00012237946998559053
1.3958031562081468e-6
0.022551646294585788
0.00309030494234488
0.00035932385938303575
0.06453862209537595
0.009517244756023061
0.0846201302066342
1.8154708421316846e-10
3.140155882118376e-10
3.834399541915044e-10
4.110214424124712e-10
4.2551738643798016e-10
4.3546648686194153e-10
4.4254989483884064e-10
7.687410715704085e-10
1.1434205390969995e-9
1.3046254936874467e-9
1.3893369063929236e-9
1.4473279702311422e-9
1.488315351159873e-9
2.179147476937882e-9
2.7873027834126263e-9
3.1070603696014433e-9
3.326230683102007e-9
3.4810720113756497e-9
4.063446383745376e-9
4.8374620993862475e-9
5.356925650708371e-9
5.724757985106215e-9
6.193794601334529e-9
7.1229603952118966e-9
7.753747553282484e-9
8.736646877802121e-9
9.696354383846061e-9
1.1481938230991792e-8
1.0581436567957875e-7
3.508386261524756e-7
5.110642850726479e-7
5.744474848614268e-7
6.076531774513822e-7
6.302962576092978e-7
6.462561900794597e-7
8.762709661994719e-9
1.1574373329597555e-7
4.306580075724862e-7
5.963273919984721e-7
6.822702037682392e-7
7.413151255370083e-7
7.823699204772667e-7
-1.979817370243709e-10
-2.1010029316861106e-9
5.293166206366505e-9
2.4050501536964825e-7
3.4973809930683164e-7
4.203635251398504e-7
4.7048421820169127e-7
1.5638319265079708e-10
6.13365510143656e-10
-2.059188682954077e-9
-4.617895646973642e-8
2.3018914143373734e-7
3.443292971824576e-7
4.292314862335406e-7
5.006379183157637e-10
1.6487535015867053e-9
3.669281204253068e-9
-3.0999270938106785e-10
-2.051961043212811e-7
2.8386993464964705e-7
2.7949884836510533e-7
9.913589706840192e-10
3.2265077371604036e-9
7.4055910265507405e-9
1.2341782973320331e-8
6.562824020763951e-8
-6.320556131876309e-7
2.3161186947458552e-7
1.7322625089377204e-9
5.859211371887291e-9
1.3395344137174531e-8
2.1809247402678027e-8
3.073302744890205e-8
4.6488966961637864e-8
-9.701712775275797e-7
0.00038838456745036884
0.00006980384860582876
0.00003617905411811322
7.0565045052353e-7
8.6128025799736e-7
1.626972106318397e-6
2.8272504977900436e-6
0.004743458289841557
0.0003146103521645869
4.670426366998185e-6
1.1043206559794096e-6
2.823084709901501e-6
3.4419426717606728e-6
0.00278142096922999
0.00014548518519384842
0.000016550376809927992
2.705866374782247e-6
3.644590001109107e-6
0.0017881764934806438
-0.0005516291536863813
0.000051369464947233216
-2.126697525071906e-6
0.014481250024853225
0.003400933479025758
0.00015454023971517712
0.03443412940880397
0.005732695420346831
0.05519132505285826
1.4636076831394472e-10
2.526683260116803e-10
3.0778544086847754e-10
3.2963487350580005e-10
3.4111399110268156e-10
3.489935602076547e-10
3.5460708919234694e-10
6.106679378762879e-10
9.006575426377123e-10
1.0249454786703613e-9
1.0902478060982232e-9
1.1349506368023584e-9
1.1665519966025456e-9
1.6932330375400524e-9
2.1612511549199596e-9
2.407589011494831e-9
2.576426416393356e-9
2.6957184845596045e-9
3.142557974354136e-9
3.7333514588484004e-9
4.1295526783420244e-9
4.4101530889714386e-9
4.7616119971687166e-9
5.463110420838044e-9
5.9367814984804125e-9
6.711850824904017e-9
7.437711258081759e-9
8.859247082548416e-9
7.1398714294798e-8
2.3189512937048098e-7
3.384188324685087e-7
3.8164545006197305e-7
4.043228197793505e-7
4.1978227850773365e-7
4.3068771518993006e-7
5.536013145598324e-9
7.230500765105701e-8
2.728164834876131e-7
3.8220163792030085e-7
4.392056828271585e-7
4.783977753258372e-7
5.057564899837225e-7
-1.3414740033256845e-10
-9.328870808503434e-10
5.201301523155527e-9
1.4168456569979474e-7
2.1064603239797666e-7
2.557214263073044e-7
2.87658129946452e-7
1.097978882463389e-10
4.145652151550654e-10
-1.1102673026263786e-9
-1.8447931205659522e-8
1.4422440556235933e-7
2.1572052091965213e-7
2.684311596323302e-7
3.913720613529725e-10
1.264629440382252e-9
2.7712169677475738e-9
1.104339687688579e-9
-1.1720800435392949e-7
1.8203358875915883e-7
1.9008969282776223e-7
7.891782639480704e-10
2.5255256303012334e-9
5.740745064967666e-9
9.440124894311112e-9
3.7938265829681974e-8
-3.8318019918929757e-7
1.514867041902666e-7
1.3744428838507018e-9
4.544529578914029e-9
1.0315296790312306e-8
1.6750804315227837e-8
2.321892517819446e-8
2.4012348225171197e-8
-6.446288437325055e-7
0.00019134175341586253
0.000028521566885861427
0.00001663188612104
3.444265443670228e-7
5.120359358455674e-7
1.0601599224977842e-6
1.723848344557513e-6
0.0018780070603298584
0.00012688165722465083
1.832836428698187e-6
6.458223157940724e-7
1.515270440922264e-6
2.0241983963698084e-6
0.0011519432743719296
0.00006890491432079187
5.441033692836675e-6
1.22325885297516e-6
1.8580312377948904e-6
0.0008065931640249081
-0.000292376108684308
0.00002055983522069052
-3.2610477907649183e-6
0.008581386618613036
0.002329342251139478
0.00007002413838663
0.017463669529807588
0.0035508834139957985
0.035723619237707234
1.1756733611579086e-10
2.034873636788722e-10
2.4763724983644296e-10
2.651131391936645e-10
2.742917026379987e-10
2.805899702101753e-10
2.850776312556337e-10
4.881834448639485e-10
7.150048488509232e-10
8.119799904369868e-10
8.629254229325526e-10
8.977999685019455e-10
9.224552147939331e-10
1.3239392164333433e-9
1.679545597611656e-9
1.866617908178296e-9
1.9948417351369837e-9
2.085437976942918e-9
2.429985595166895e-9
2.88457212374107e-9
3.189775774141261e-9
3.4058935413452262e-9
3.672832792244888e-9
4.2091695720486805e-9
4.571261151578734e-9
5.155650189978e-9
5.6997102384280146e-9
6.793046609876964e-9
4.895120287849762e-8
1.5613379687462612e-7
2.280131719917372e-7
2.57593807253589e-7
2.7312845571341177e-7
2.8371590433936065e-7
2.911884287090351e-7
3.5926747642225224e-9
4.594369140515503e-8
1.710992954157829e-7
2.4023517269752035e-7
2.7637879187156906e-7
3.012925114344349e-7
3.186518595910829e-7
-9.560370877457914e-11
-4.091673302588967e-10
1.171117746819307e-9
7.652809683986698e-8
1.1847760285805614e-7
1.4603997520651989e-7
1.6557482878874907e-7
7.843778454847255e-11
2.886599840455912e-10
-6.392530825206049e-10
-9.099189426600173e-9
8.219944369964287e-8
1.2850424485062964e-7
1.6203637864826502e-7
3.068084521704609e-10
9.779307424188826e-10
2.1014692371769353e-9
1.4778215555114397e-9
-5.9242302027991884e-8
1.0442361143314241e-7
1.1222416640450465e-7
6.315911864877777e-10
1.9916043766066716e-9
4.435174287969359e-9
7.222577336001162e-9
2.064079955012144e-8
-2.1298858725602255e-7
1.0208745058155579e-7
1.0946185816836748e-9
3.559653700011407e-9
7.937282084007979e-9
1.2896713678831708e-8
1.7629630585336478e-8
1.2133422628191266e-8
-4.2181615897175806e-7
0.00009557908721366758
0.000014040774649185644
6.224985411870731e-6
1.7827276371229294e-7
3.26085033908562e-7
7.049072696948389e-7
1.1303299546932465e-6
0.0007975557114779181
0.000049088259927043405
8.04065694955305e-7
3.542292035854425e-7
8.388237747494276e-7
1.1685446391783468e-6
0.00048641027723677797
0.000038111088100484734
1.6642839097341167e-6
5.70652083337672e-7
9.001679645955041e-7
0.0003352956011252474
-0.00013380223463371833
6.579058446564174e-6
-2.9936469975953826e-6
0.004178838946694925
0.0011956864083251422
0.000024163869412604344
0.00812196095360504
0.0020819372420878847
0.022782034647851213
9.376017399008263e-11
1.6345668477464606e-10
1.9903901886518944e-10
2.130985977762562e-10
2.2048191776267062e-10
2.2554760491074793e-10
2.2915549172201957e-10
3.920151003741543e-10
5.711233252928544e-10
6.474121149642909e-10
6.874855526800949e-10
7.149160851215046e-10
7.343095238763672e-10
1.043590668645666e-9
1.3172887313187675e-9
1.4611757991000269e-9
1.5597927805709747e-9
1.6294722792629589e-9
1.884668684452096e-9
2.2278976378165322e-9
2.458187166134283e-9
2.621270905467097e-9
2.8290982770341723e-9
3.240474540117563e-9
3.5189478639294083e-9
3.96365885747407e-9
4.385350303177667e-9
5.212086504755437e-9
3.4113691070081674e-8
1.0728512384990684e-7
1.5700606773034333e-7
1.7772110657740843e-7
1.886110291953219e-7
1.9602978309755773e-7
2.0126359033827162e-7
2.413761959184646e-9
3.056708886260785e-8
1.120936474626138e-7
1.5796287696650932e-7
1.8202401689285467e-7
1.9862005407094118e-7
2.101806940534072e-7
-7.761499161222214e-11
-1.9236298769078584e-10
-2.9962505238659546e-10
3.514778886488953e-8
5.434106607489111e-8
6.683375344923405e-8
7.569932874755788e-8
5.6672085037944557e-11
2.0002850921518387e-10
-3.1894404704471444e-10
-2.8397896554305595e-9
5.568205350748046e-8
8.920299277800641e-8
1.1322726219473606e-7
2.4292914969187816e-10
7.648332891947513e-10
1.6177746446556366e-9
1.0921323996246755e-9
-2.9524951455377372e-8
6.391004705230793e-8
7.600394930016644e-8
5.069771881449347e-10
1.5895124406814975e-9
3.4730044519064525e-9
5.550708107102229e-9
1.1516770731395535e-8
-1.0389105297543364e-7
5.945878924780023e-8
8.714684398100281e-10
2.8087432974730536e-9
6.169958493219054e-9
9.891764093830862e-9
1.3415833479450811e-8
7.763430151989348e-9
-2.3670709606548174e-7
0.000049206398004786046
7.443260005781438e-6
2.323703096213068e-6
9.308797575669115e-8
2.196658167611988e-7
4.863904185648127e-7
9.046498999174873e-7
0.0003033257509706602
0.000019482354330927705
3.234472936843054e-7
2.096340318067508e-7
4.974686150186994e-7
7.514716395077475e-7
0.00018749531939316213
0.00001872168739318943
5.915058242150468e-7
2.448020628404164e-7
3.594123955085268e-7
0.00014655546499376046
-0.000055652246870438034
2.018265622128551e-6
-1.8065123863309127e-6
0.0017997291651252812
0.0004601363309012537
7.134974492345954e-6
0.003353387536618753
0.0010025090484102161
0.012572261371295341
7.399057224392573e-11
1.3048944192301348e-10
1.5925606373067098e-10
1.7060954229225483e-10
1.765690629065194e-10
1.8065790911197976e-10
1.8356986994457335e-10
3.152194630186092e-10
4.5818513223863287e-10
5.188918156466179e-10
5.507762388986933e-10
5.726007347995343e-10
5.880309893497011e-10
8.281422115184027e-10
1.039926584764081e-9
1.1513343302166252e-9
1.2276847403138417e-9
1.2816330675232003e-9
1.4746161120968762e-9
1.7361885451242566e-9
1.911624277390656e-9
2.0358742940971168e-9
2.187649570455507e-9
2.494987477629213e-9
2.7023302393461443e-9
3.0429359811277397e-9
3.3601414043115495e-9
3.989765482253977e-9
2.3851226717243586e-8
7.402590823530376e-8
1.0840307885939421e-7
1.2277472251949807e-7
1.303334025117975e-7
1.354823674338059e-7
1.3911243519872936e-7
1.646328998935557e-9
2.0724691735552207e-8
7.603114332719933e-8
1.0766562782019032e-7
1.2432116769196762e-7
1.3581366325354568e-7
1.4380958258078522e-7
-6.421245232845638e-11
-1.1977180154013792e-10
-3.3050419326182575e-10
1.8541850563411542e-8
2.9645347309788622e-8
3.691175733835506e-8
4.2074960763063115e-8
4.020418332383079e-11
1.4038006347814294e-10
-1.1723581110943534e-10
-1.4949981735715645e-9
3.161718483475941e-8
5.157445445336741e-8
6.57791686523323e-8
1.9265696410922735e-10
6.042104525531971e-10
1.2582259700652326e-9
1.0052633607873121e-9
-1.5046293468243987e-8
4.2841242634170316e-8
5.62170221168147e-8
4.064817212079923e-10
1.2800187031796141e-9
2.7442234463794397e-9
4.317555393684995e-9
7.607996478496512e-9
-5.7252480011463575e-8
3.5559959869506034e-8
6.928517353991636e-10
2.232456225071418e-9
4.831341195728512e-9
7.657121028782493e-9
1.0233576350477001e-8
6.590472863275588e-9
-1.2708023738062498e-7
0.000026151046157711836
4.125839405331133e-6
5.866370834501538e-7
4.924747422422301e-8
1.4904105441441257e-7
3.382665653464937e-7
7.288576495295487e-7
0.00011009240831740181
6.283529780058619e-6
1.2928739681669108e-7
1.354988562490778e-7
3.218859836787014e-7
5.322465121610796e-7
0.00007188335542089687
8.928679381015182e-6
1.8243464494620633e-7
1.1549046356466826e-7
2.022013677034352e-7
0.00005840962263746436
-0.00002270107856917109
6.459691933765902e-7
-7.755175832563752e-7
0.0008125651958245138
0.00020555346976069766
2.5293323754438803e-6
0.0014882114038275397
0.0004646785675892292
0.006290468304349693
5.7612769795520234e-11
1.0317469730251383e-10
1.264043200250985e-10
1.3556610589790065e-10
1.4037402894277275e-10
1.4367117189953233e-10
1.4601870434008397e-10
2.529002869335831e-10
3.679540269935599e-10
4.1668133083158585e-10
4.4227179804961525e-10
4.5978726219109393e-10
4.721706274726066e-10
6.609383488965591e-10
8.268058816382362e-10
9.140482059536772e-10
9.738349894258581e-10
1.0160783519540022e-9
1.1608667449943367e-9
1.3613255207114541e-9
1.4959822783821638e-9
1.5913310527813012e-9
1.705202888413813e-9
1.9398093423919194e-9
2.09835913745393e-9
2.3504610625431597e-9
2.5863794662984803e-9
3.060388890032177e-9
1.6934208755770902e-8
5.263593391203187e-8
7.729282756670676e-8
8.758664860714744e-8
9.300028631043975e-8
9.668941926979873e-8
9.92922545914364e-8
1.1150859855424538e-9
1.3771132933504554e-8
5.0166813359921126e-8
7.135514413885496e-8
8.254203735488979e-8
9.025561884472723e-8
9.562655599042645e-8
-5.3692181692411406e-11
-9.542779748318932e-11
3.73446466100105e-10
1.2012614198693396e-8
1.9515838022050755e-8
2.446707125288232e-8
2.797032278350219e-8
2.9017714841081524e-11
9.911658731100954e-11
-3.315004573381558e-11
-2.472829255034086e-10
2.0004351656715203e-8
3.3771917641508254e-8
4.346172264583549e-8
1.5168439776863113e-10
4.815597522748679e-10
9.91224397561569e-10
1.0738150271848503e-9
-7.29033698964124e-9
2.3095934531698975e-8
3.1251600872841623e-8
3.237204798873318e-10
1.0326369903305775e-9
2.1836780332174834e-9
3.376503457934119e-9
4.962108358214703e-9
-3.005513186871186e-8
2.4549672888541727e-8
5.481145308408605e-10
1.7802403516875634e-9
3.812902730198224e-9
5.964388805641444e-9
7.894057140837703e-9
5.286999808546461e-9
-7.264050139491505e-8
0.000015204765748153797
2.464336547274222e-6
1.947485202917607e-7
2.812274558175822e-8
1.0594180337083223e-7
2.394245493692015e-7
5.283083569432754e-7
0.00003799398138322935
1.7467238156282564e-6
5.116249138857617e-8
8.8868934434203e-8
2.062039096559515e-7
3.6034161607139296e-7
0.000027714421410197976
4.1722504606397785e-6
5.060249162041956e-8
6.757343202947742e-8
1.331889692325414e-7
0.000022709390000321082
-7.492078255140779e-6
2.003228842290596e-7
-3.077826990639891e-7
0.00030994525890505836
0.00009105280142567763
7.981337806707766e-7
0.000637349010250316
0.00022034242907142455
0.00327375869343726
4.416306258769413e-11
8.055641368746449e-11
9.921274164808217e-11
1.0657037803694041e-10
1.1043048679976527e-10
1.1307745821680385e-10
1.1496101275720449e-10
2.016905039055867e-10
2.9471211798172717e-10
3.3404611560629186e-10
3.5470249187428286e-10
3.6884042942315375e-10
3.788350925446866e-10
5.289755875438126e-10
6.601988801651476e-10
7.292278481183128e-10
7.765311226319808e-10
8.099527255510528e-10
9.200994601551324e-10
1.0752916280416734e-9
1.179578230563654e-9
1.2534166864651855e-9
1.3372138217188826e-9
1.5155722296271067e-9
1.6362939435215834e-9
1.82578390046527e-9
2.007018903839504e-9
2.3609107211409825e-9
1.2005159391809168e-8
3.747417186079627e-8
5.513214791701491e-8
6.247153971877307e-8
6.633009168017262e-8
6.896049166437388e-8
7.081728957954645e-8
7.397171707617991e-10
8.755717035266887e-9
3.026146071668887e-8
4.30553188481062e-8
4.9823323563104766e-8
5.447490697831191e-8
5.773295342523077e-8
-4.412124193312579e-11
-8.442223234936224e-11
6.483819312608893e-10
8.685302943182291e-9
1.4168562462037992e-8
1.7825360865119e-8
2.0409920300493825e-8
2.0814153595261377e-11
7.031667844588216e-11
6.332350809807408e-12
1.1498128672463954e-10
1.2265756456274755e-8
2.125497996490994e-8
2.7528433389375513e-8
1.1870958563916278e-10
3.839034159509497e-10
7.854032409889535e-10
9.800907928317615e-10
-3.511488417072106e-9
1.3992487305689575e-8
2.02602638627588e-8
2.5512536609931456e-10
8.317278873488081e-10
1.7460483513265314e-9
2.662790431048586e-9
3.507533906470728e-9
-1.484047900882085e-8
1.624026102035694e-8
4.293509976024448e-10
1.4191170201797235e-9
3.025526069580674e-9
4.680890797743902e-9
6.127093654938962e-9
4.7890820000940856e-9
-3.6097153012299866e-8
9.100084581390024e-6
1.4595045087068835e-6
7.906731103238083e-8
1.6523084852759766e-8
7.509689610946667e-8
1.7022218801144667e-7
3.818195505615143e-7
0.00001170640053902318
4.937765957793067e-7
2.0691351631430308e-8
5.374856941379612e-8
1.241843569326742e-7
2.25194658890267e-7
0.000011786723715348116
1.8358324683557088e-6
1.8717933978044567e-8
4.676080850173873e-8
1.0326699927461978e-7
8.879824343423342e-6
-2.3820791473231006e-6
8.898433753804553e-8
-3.479131128497101e-8
0.0001251364189526045
0.00003914426196373459
4.318326307077842e-7
0.0002491440626674033
0.00008797564005982084
0.0014285872079876846
3.3273217714085953e-11
6.195904070133116e-11
7.680056411400474e-11
8.265709735324451e-11
8.572929018664329e-11
8.783532860182611e-11
8.93333125719444e-11
1.59327994945255e-10
2.3454765531367054e-10
2.663420998573889e-10
2.8303922321642096e-10
2.944669550408055e-10
3.025448441139638e-10
4.230836712546776e-10
5.278859856842944e-10
5.830366273036572e-10
6.208275064081552e-10
6.475270780196515e-10
7.322134896042312e-10
8.535342228894804e-10
9.35153459743735e-10
9.929337931885895e-10
1.0554018480067018e-9
1.1932697555008845e-9
1.2868236917721168e-9
1.428463284348401e-9
1.565836927027409e-9
1.8313553040923226e-9
8.472609091890232e-9
2.6608064821951322e-8
3.9182966135110374e-8
4.438722637266543e-8
4.7122120724793456e-8
4.898736646953126e-8
5.030485649010929e-8
5.157454497850012e-10
5.930526966311214e-9
1.918974285640978e-8
2.7174743032810282e-8
3.140665953092629e-8
3.4304396482112394e-8
3.635012557113991e-8
-3.50865543759237e-11
-7.225032940567398e-11
6.352899768492836e-10
6.5485908312529265e-9
1.0678260609603706e-8
1.3449290190636124e-8
1.540818321253539e-8
1.521505399367666e-11
5.133407044862206e-11
1.6796377352227895e-11
2.95530264644325e-10
8.14131517304109e-9
1.4687649254974005e-8
1.9205272677225843e-8
9.165477596650727e-11
3.0477520704475066e-10
6.250289317923334e-10
8.490085367936573e-10
-1.5536511125387735e-9
7.89608108447734e-9
1.1296590279531919e-8
1.985186683141339e-10
6.663383360500082e-10
1.3991653300849166e-9
2.1113645247290527e-9
2.465249669932461e-9
-6.741054940492998e-9
1.1763176276244338e-8
3.3289008178700493e-10
1.1292355310578857e-9
2.412403704029064e-9
3.699857799265858e-9
4.803827846170497e-9
3.906893106898025e-9
-1.8702732812227003e-8
5.550009610308205e-6
8.853854650705852e-7
2.709112530817242e-8
1.0095479557763017e-8
5.272702210110867e-8
1.1855854155851093e-7
2.494331206524575e-7
3.1314356171803584e-6
1.7501440522477101e-7
8.520133464490188e-9
3.354832904704697e-8
7.766428267753315e-8
1.425168511250506e-7
5.5169354432143014e-6
8.437464924367263e-7
1.2506511580903067e-8
3.365878773811022e-8
7.437079331451216e-8
3.8132479274428806e-6
-4.541107307794475e-7
4.3864273651849126e-8
3.52241799338625e-8
0.000047875749524773056
0.000014404910879174304
1.9574696185620907e-7
0.00010210736897565735
0.000035178210217173626
0.0005954884963300302
2.4616977966314196e-11
4.686217239956129e-11
5.851631210901973e-11
6.312059306345263e-11
6.553577900246156e-11
6.719117406223867e-11
6.83680954170194e-11
1.2428974519127592e-10
1.848334330528246e-10
2.1044658133249878e-10
2.238983354077451e-10
2.3310477861796777e-10
2.3961169788649944e-10
3.369167628668866e-10
4.211126758891236e-10
4.6543478053330155e-10
4.958046171741932e-10
5.172600419856532e-10
5.832990527798182e-10
6.79161431803667e-10
7.437369810651324e-10
7.894431671614145e-10
8.363730586711626e-10
9.436991603080211e-10
1.0166672678655733e-9
1.1233857151297326e-9
1.2294273845211292e-9
1.4294257996384265e-9
5.927457527337032e-9
1.878329252145686e-8
2.769552637723565e-8
3.137765411323985e-8
3.3311815879257e-8
3.463184503483232e-8
3.556428395670139e-8
3.747954807895627e-10
4.195966334893375e-9
1.29927899683555e-8
1.8347651158297727e-8
2.1191715125816637e-8
2.313432820919785e-8
2.4513396840201454e-8
-2.6671652342040173e-11
-5.709989019000823e-11
6.055327573161738e-10
5.044416048897062e-9
8.181428119936277e-9
1.0294433497796724e-8
1.1787192526619716e-8
1.1516403977608031e-11
3.9871620591454926e-11
2.1342201373085506e-11
3.6712111054433287e-10
5.633623928237601e-9
1.0215562567520617e-8
1.3369022611678316e-8
6.98666166860852e-11
2.400781454160499e-10
4.971169271235404e-10
6.874425594152047e-10
-6.569770740713924e-10
5.145339228724965e-9
7.50190632392911e-9
1.5202161831858158e-10
5.285864579765873e-10
1.118893143829367e-9
1.6791770212409175e-9
1.8381761634226953e-9
-2.5912011343118727e-9
8.315354902551286e-9
2.5511274180072516e-10
8.958270445151459e-10
1.929200360456676e-9
2.943449821681525e-9
3.795487324852667e-9
3.3507770489697645e-9
-7.913469799814249e-9
3.430431504945838e-6
5.519666709609705e-7
1.0402691223518262e-8
6.79840261777818e-9
3.683696775677179e-8
8.220960616988019e-8
1.6167121663621905e-7
1.2285593734637443e-6
6.267803580635646e-8
4.138378480140762e-9
2.2486744519126204e-8
5.223335872062184e-8
9.472923963934777e-8
2.725807741313376e-6
4.1512679144497705e-7
9.124157694263787e-9
2.4706867747337525e-8
5.1644352500022364e-8
1.8843000203047692e-6
-1.2855680984413596e-7
2.59980735023425e-8
3.7362227354445275e-8
0.00001918511664683797
4.9899356554721986e-6
8.760047774021503e-8
0.000040660313765208504
0.000012507256259460965
0.00023465317093614534
1.7881246414113407e-11
3.4816927397976134e-11
4.3825113758813865e-11
4.7390386280852614e-11
4.926068279104144e-11
5.0542467053080836e-11
5.145331360359219e-11
9.550699228801103e-11
1.437950079358147e-10
1.6426498300123425e-10
1.750166995425373e-10
1.8237524444238288e-10
1.8757539608467935e-10
2.661740807692376e-10
3.3392010735441625e-10
3.69595414081233e-10
3.940400687141048e-10
4.113085687865516e-10
4.635187483889409e-10
5.398465245686728e-10
5.913183270538764e-10
6.277439016991557e-10
6.634525801317216e-10
7.47892821834264e-10
8.054685343014831e-10
8.865902723479843e-10
9.695543144223433e-10
1.1214510266961827e-9
4.106888925929799e-9
1.319117663453137e-8
1.9511370132667542e-8
2.2118694823426913e-8
2.3487779505248152e-8
2.4422742060685838e-8
2.5083161067291406e-8
2.7746637045869774e-10
3.0881899198502107e-9
9.669873223737325e-9
1.3695604152308383e-8
1.583549034000998e-8
1.7298197938500224e-8
1.8335469722615e-8
-1.9801327145742386e-11
-4.2828891009553066e-11
5.699166762845251e-10
4.005568198419767e-9
6.448378904724423e-9
8.098277723734194e-9
9.262958078956876e-9
8.595672466524042e-12
3.0725093608679895e-11
2.164378306321725e-11
3.681506066210703e-10
3.986414034726782e-9
7.127187050026703e-9
9.291208914563708e-9
5.243457335742205e-11
1.8699802899569796e-10
3.935182783146774e-10
5.361963787820811e-10
-1.5133431185520678e-10
3.771942402167637e-9
5.615642305335558e-9
1.1433738709309991e-10
4.131995840484116e-10
8.884669962878946e-10
1.3332553392579478e-9
1.4382080889950377e-9
-8.506112129315352e-10
5.835265006018223e-9
1.9231945645151146e-10
7.022988287003555e-10
1.5356014304076872e-9
2.3420319879023436e-9
3.006921532212369e-9
2.7269631647341526e-9
-3.140720787353225e-9
2.1570473309183305e-6
3.538073511454302e-7
2.9526515831934533e-9
4.619246171652402e-9
2.5693609369841686e-8
5.691604648990979e-8
1.0445030709185055e-7
7.611780008424294e-7
3.9279274815933926e-8
2.688372471160901e-9
1.6732274172993458e-8
3.8887351699558065e-8
6.951592150100226e-8
1.404535183862064e-6
2.14672010647349e-7
6.947120612649277e-9
1.8868412430377807e-8
3.726223380177055e-8
9.95098628517695e-7
-3.274358041823325e-8
1.7436560152757232e-8
2.918631504831402e-8
7.552024497636532e-6
1.2573867826654917e-6
3.5553382397173726e-8
0.00001606636050811506
4.360383825099312e-6
0.00009422704508456576
1.2758459384090081e-11
2.5401051801509124e-11
3.22419532390521e-11
3.495573782402497e-11
3.637959466479294e-11
3.7355362851314885e-11
3.804847276885308e-11
7.215951880490532e-11
1.1017308049604191e-10
1.263371902284061e-10
1.3482843770370667e-10
1.4064000589336965e-10
1.44746395787115e-10
2.0795242069996304e-10
2.6229104598120147e-10
2.9091578533457073e-10
3.1052952533199407e-10
3.243846184467257e-10
3.661137355450179e-10
4.2712564916530095e-10
4.683058818003681e-10
4.974443159162043e-10
5.250396166753503e-10
5.919946694661993e-10
6.377693090016487e-10
7.000920568590745e-10
7.654696171322875e-10
8.817260940081871e-10
2.8200455474339817e-9
9.249947308254046e-9
1.3770894466066609e-8
1.56348605676048e-8
1.6613527377890178e-8
1.7282113436227657e-8
1.7754302461041368e-8
2.0493226871185812e-10
2.2819859971074754e-9
7.26377350176573e-9
1.0319376154496421e-8
1.1943691207636098e-8
1.3054692361775234e-8
1.3841730662456222e-8
-1.4384438720134521e-11
-3.124724212559328e-11
5.175057131933039e-10
3.225310527285598e-9
5.160066691940283e-9
6.469640335816108e-9
7.393459624198615e-9
6.334128333930018e-12
2.3448455227203664e-11
1.9797963318388402e-11
3.364267436585214e-10
2.892226134152738e-9
5.113532825654888e-9
6.6439883513007095e-9
3.8661385790744654e-11
1.436074970932224e-10
3.0890023180719156e-10
4.1818045849886145e-10
1.3152695096420993e-10
2.718085624199631e-9
4.044152908066055e-9
8.449025734065099e-11
3.183876011274919e-10
6.99573955840233e-10
1.0548293884537702e-9
1.1475807285656258e-9
-1.905795645414549e-11
4.121857784878552e-9
1.423977711406471e-10
5.425956426964182e-10
1.212044600851143e-9
1.8568902908104985e-9
2.3813210545075203e-9
2.293134129893052e-9
-3.7283790952896916e-10
1.3834140346397047e-6
2.335909825197734e-7
4.327956126130552e-11
3.181399737747685e-9
1.8016516250800086e-8
3.9852334958896405e-8
7.03831234121301e-8
4.987493691370351e-7
2.99919457471842e-8
2.0612456419275034e-9
1.2590003203164015e-8
2.9270298201363103e-8
5.1898040608319474e-8
7.57359108603177e-7
1.1641990268207183e-7
5.50235862921675e-9
1.481714128441958e-8
2.8403236268335216e-8
5.567244502322457e-7
7.595020731368647e-9
1.231980228202099e-8
2.2360271927530287e-8
2.8830471522444797e-6
1.410020098080766e-7
1.641366791849716e-8
6.410680399477422e-6
1.652678817220809e-6
0.00003636117141391001
8.9517899064928e-12
1.8203019681252217e-11
2.3301446135731056e-11
2.532963604783018e-11
2.6394056662473538e-11
2.7123516007828602e-11
2.7641505900196618e-11
5.35441008452674e-11
8.298759899736206e-11
9.555699931611418e-11
1.021609463813656e-10
1.0668095794661531e-10
1.0987436678723599e-10
1.6023660912891047e-10
2.0348867625615372e-10
2.2628014744615194e-10
2.41897307627538e-10
2.529287756431651e-10
2.8649440449594905e-10
3.3524107290321327e-10
3.6816410748888305e-10
3.9145748555543087e-10
4.13106927017381e-10
4.664016442112384e-10
5.029174949881109e-10
5.512787578661777e-10
6.03131480355755e-10
6.928995692206224e-10
1.9128121489119084e-9
6.408642018548444e-9
9.610328260862922e-9
1.0930755422247948e-8
1.1623998055739903e-8
1.209776496431504e-8
1.2432329081300041e-8
1.5081389984200165e-10
1.6913621820030899e-9
5.488632231462718e-9
7.830206509794016e-9
9.075109828080959e-9
9.927099316445691e-9
1.0530005884891395e-8
-1.0210849765335889e-11
-2.18040726113627e-11
4.5257871545946447e-10
2.591317103386575e-9
4.124399608233711e-9
5.163760820467758e-9
5.896595757941093e-9
4.605351353769872e-12
1.770652529926965e-11
1.6905582915500165e-11
2.949620763513607e-10
2.144086288633028e-9
3.75237897224761e-9
4.860362985466343e-9
2.8015597603049193e-11
1.0851481900116113e-10
2.3967155681891605e-10
3.247132217702243e-10
2.3760538898514866e-10
1.991385149185956e-9
2.989253313434608e-9
6.133228566543954e-11
2.413206606250726e-10
5.445087499850487e-10
8.285877259890491e-10
9.309611238221348e-10
2.872427870405845e-10
2.8852473030712394e-9
1.0357034196402926e-10
4.1226701289763347e-10
9.455621877409913e-10
1.4618228261132444e-9
1.8781799282979143e-9
1.8675571654322757e-9
5.909477406652197e-10
8.854213806903657e-7
1.5595391678848127e-7
-8.250803956695447e-10
2.1929534781234785e-9
1.2519441841072827e-8
2.772578734456632e-8
4.806103981326546e-8
3.4295809623838797e-7
2.394213690857077e-8
1.6157182025221057e-9
9.551670039437312e-9
2.222045391096817e-8
3.927929776778463e-8
4.3211662670060263e-7
6.679093132081505e-8
4.399554133742358e-9
1.172630767956587e-8
2.2195994281800368e-8
3.2635790252966625e-7
1.798803898544431e-8
8.930032035513588e-9
1.7061166909140003e-8
1.100486154796016e-6
2.653951188764668e-8
1.0132851798882187e-8
2.6756434596480383e-6
6.121140323048717e-7
0.000013816618796497429
6.185832299168297e-12
1.2825200538051009e-11
1.6553338307400745e-11
1.8041114812475736e-11
1.8822192249210582e-11
1.935752487673692e-11
1.973758446277322e-11
3.90036397997874e-11
6.139044356236278e-11
7.099140865708343e-11
7.603661435617411e-11
7.948991454703458e-11
8.19294376091817e-11
1.2152738567013004e-10
1.5555666554533444e-10
1.7349275061399886e-10
1.857834071374567e-10
1.9446487819349066e-10
2.2149205878107133e-10
2.6024869452243915e-10
2.8643388803275504e-10
3.049590308862036e-10
3.221504532556857e-10
3.6455516136273475e-10
3.9365609307918233e-10
4.3148283768611855e-10
4.727184457464682e-10
5.425417356618035e-10
1.2852005477867979e-9
4.398088163461882e-9
6.644785268705117e-9
7.572026080016703e-9
8.058853971979099e-9
8.391624060297112e-9
8.626617321962003e-9
1.0909731468547052e-10
1.2442852020509097e-9
4.129167394115487e-9
5.920130097087282e-9
6.8724860116376475e-9
7.52456388751685e-9
7.985555695546503e-9
-7.129172410635691e-12
-1.4775992936405382e-11
3.724205072584536e-10
2.0286892572201445e-9
3.221859178418156e-9
4.031450542472074e-9
4.602223334177527e-9
3.2944155898027233e-12
1.3109715539229914e-11
1.335427530870263e-11
2.5249653579041376e-10
1.6180169038429697e-9
2.8076688137601848e-9
3.627078695912496e-9
1.997521082395354e-11
8.06152657119582e-11
1.8343989715310077e-10
2.4884587195168026e-10
2.4859508564539963e-10
1.5137398839944193e-9
2.340794565477899e-9
4.377014074839145e-11
1.7967821948976879e-10
4.1787239047750844e-10
6.44195801828148e-10
7.306156736148486e-10
3.7567605873343306e-10
2.1262712280205637e-9
7.401210896739102e-11
3.074914084009501e-10
7.270070477217161e-10
1.1388048168172505e-9
1.4700947272020417e-9
1.5093444911883538e-9
7.872658290548324e-10
5.697129428064234e-7
1.0437522268475158e-7
-9.116320681327052e-10
1.5004091563086411e-9
8.644791713266647e-9
1.9167236927405668e-8
3.293220899663216e-8
2.43308740345051e-7
1.895932611116184e-8
1.2513437010641733e-9
7.225624821734095e-9
1.6825188899394126e-8
2.972896578317898e-8
2.5452118636259833e-7
4.077472740270668e-8
3.455844161184763e-9
9.124922659740533e-9
1.721236706065652e-8
2.0053944174519524e-7
1.782772820737933e-8
6.6322003962157434e-9
1.3153560620657552e-8
4.3922028202024885e-7
2.1509201098859378e-8
7.926862892367705e-9
1.1461648900463054e-6
2.2014464317944975e-7
5.26294786888526e-6
4.217328298267296e-12
8.896260843005223e-12
1.157216705005596e-11
1.2643687168364374e-11
1.3206475143763715e-11
1.359226640676339e-11
1.3866132087585219e-11
2.7898866562125145e-11
4.4584125961711586e-11
5.177590425097124e-11
5.555577314976856e-11
5.8143123903204293e-11
5.997076250733127e-11
9.059280402225674e-11
1.169693948044916e-10
1.3087441756165604e-10
1.4040330425546242e-10
1.4713388456260183e-10
1.688010419928108e-10
1.9933992554444545e-10
2.1997420475633108e-10
2.345719766017919e-10
2.4832528448476284e-10
2.8190716237730563e-10
3.0497601124685083e-10
3.347091520380053e-10
3.67436838982907e-10
4.2199423972660696e-10
8.570172181320286e-10
2.993777539615006e-9
4.557802792339459e-9
5.2051896623456e-9
5.545136249811771e-9
5.7775172168613584e-9
5.9416059811213575e-9
7.76599277105244e-11
9.037210125970292e-10
3.0616472101585307e-9
4.410107428937006e-9
5.127279391200137e-9
5.618431339636427e-9
5.965500081168815e-9
-4.914693708298566e-12
-1.0030788321956177e-11
3.0902082464214976e-10
1.6129052972377781e-9
2.555608601796278e-9
3.195681846668012e-9
3.6468213910327174e-9
2.3187205200394677e-12
9.502846835490132e-12
9.744194985969522e-12
2.1050127482652135e-10
1.2333136648232396e-9
2.126554958598077e-9
2.7415463362096154e-9
1.402329398549483e-11
5.884293565485636e-11
1.3823246387442297e-10
1.8809964979575307e-10
2.3176141625131735e-10
1.1619656581989788e-9
1.8287922091896558e-9
3.0736194263566525e-11
1.3133996744055636e-10
3.156313134512094e-10
4.945247175348138e-10
5.639787514282556e-10
3.464065287952919e-10
1.6264572557184054e-9
5.199407255800568e-11
2.2496187745757205e-10
5.497598172517749e-10
8.755911476138801e-10
1.1384465146881591e-9
1.1925046244015067e-9
8.026191102563367e-10
3.6883363436272566e-7
7.023757558857772e-8
-6.005116601351313e-10
1.0190560010583685e-9
5.937505628588105e-9
1.3172537846195405e-8
2.253253165434698e-8
1.7279070332624896e-7
1.494070815336763e-8
9.428860575749098e-10
5.386909105235172e-9
1.2559534025607768e-8
2.2189589343428238e-8
1.6070552374725096e-7
2.6912379366243065e-8
2.755236924128681e-9
7.2221414014419475e-9
1.3616146162189208e-8
1.2887344643766507e-7
1.6167011981737075e-8
5.0027183669381184e-9
1.011469077703765e-8
1.901898075960908e-7
1.611448574863706e-8
6.4729017247491335e-9
5.164396601426874e-7
9.244145451626962e-8
2.1186246614367445e-6
2.842067687038583e-12
6.0853749115505586e-12
7.972511168305193e-12
8.730851799794366e-12
9.12935526599329e-12
9.402602874118591e-12
9.596580990001874e-12
1.96125138348606e-11
3.179659081959273e-11
3.707551047699413e-11
3.9850489344713466e-11
4.1750093880543036e-11
4.309184428572449e-11
6.632751482935631e-11
8.641961427523044e-11
9.701261158631577e-11
1.0427226807810362e-10
1.093999762739437e-10
1.2660741597872732e-10
1.5037307198230835e-10
1.6642714815269723e-10
1.7778489014642345e-10
1.888097329297514e-10
2.1517658314930419e-10
2.33295569461662e-10
2.5669272884202064e-10
2.8251229981449544e-10
3.251818309955939e-10
5.660273673357199e-10
2.0130650725178184e-9
3.086934594106632e-9
3.533117310951844e-9
3.767446379661181e-9
3.927638801752835e-9
4.040749041508861e-9
5.43573943059206e-11
6.442270624382053e-10
2.2309488008990966e-9
3.2304661897147378e-9
3.7620935080580975e-9
4.126232641975729e-9
4.383491675253634e-9
-3.338354393193476e-12
-6.708240112630803e-12
2.5351122004813606e-10
1.2810427913530187e-9
2.025411688653207e-9
2.5310848996345746e-9
2.8874962430395136e-9
1.6116150694257126e-12
6.768184312389522e-12
6.806998204634293e-12
1.7075704728103952e-10
9.47104704754535e-10
1.6256272743008999e-9
2.092742447882312e-9
9.699976520714167e-12
4.217122734605631e-11
1.0237625238161482e-10
1.4075713215432627e-10
1.9076203020412126e-10
8.858798667753889e-10
1.4068597167475629e-9
2.126432477297525e-11
9.425328616938633e-11
2.342981636590956e-10
3.739996307726239e-10
4.309748648762286e-10
2.889841304966005e-10
1.2322355228005525e-9
3.598511274779922e-11
1.6156838198779138e-10
4.085649563922304e-10
6.633797111489831e-10
8.705502610019785e-10
9.239690114311021e-10
7.215383894533395e-10
2.3729230382637357e-7
4.682970873228239e-8
-3.498654154163707e-10
6.85240784802645e-10
4.028198808794275e-9
8.945073354960072e-9
1.528737909058325e-8
1.215268938606697e-7
1.1706223659775033e-8
6.910646471037365e-10
3.9505789923801966e-9
9.223295052497223e-9
1.6300033564814127e-8
1.0704442501093445e-7
1.8748669505418513e-8
2.1885441788490055e-9
5.714780395362107e-9
1.0776557412307633e-8
8.699074006554511e-8
1.2998556390143435e-8
3.816421240711935e-9
7.801868010778397e-9
1.042905469465609e-7
1.203958180098229e-8
5.193883225887509e-9
2.4931849838226794e-7
4.5800060117846674e-8
8.575709820886745e-7