9.964480701933484e-9
1.5763735981652184e-8
1.781237867724499e-8
3.054303199854724e-8
3.768790186062421e-8
5.08343121270976e-8
3.3352859895420707e-7
7.581016664683667e-7
9.641095508647575e-7
2.7697828281153764e-9
4.811620752865503e-8
1.8210345710495722e-7
4.4949247615044577e-10
7.367709809291668e-10
2.3377081063800074e-8
0.000021406117368341555
9.738868130737931e-7
2.944664735631924e-8
4.4732508466248145e-6
2.4199207017549824e-7
2.1446168509383805e-6
8.670045148806762e-9
1.407094314667282e-8
1.6012112709236583e-8
2.8501985068013114e-8
3.571778071129481e-8
4.9423886764814016e-8
3.071070017022724e-7
7.280097948945726e-7
9.37399394011844e-7
2.7446503815069283e-9
5.194981665802646e-8
1.9989947092125134e-7
4.214292652941836e-10
6.634377520105407e-10
2.6191752011367292e-8
0.00002093956038392301
1.0395450428423392e-6
2.8256033523177966e-8
4.951000934768733e-6
2.7207433005661575e-7
2.4301261526681237e-6
7.413011465771872e-9
1.2308047148578228e-8
1.4097700876770536e-8
2.6035961093701405e-8
3.315290641618494e-8
4.7161363813417334e-8
2.7525186595451854e-7
6.807979814897659e-7
8.880888525800175e-7
2.629086769495439e-9
5.500365570117839e-8
2.1573511218936608e-7
3.787856079648621e-10
5.58001320069395e-10
2.902640245835574e-8
0.00001989577463871765
1.0857416897981545e-6
2.606856658034218e-8
5.393094510301337e-6
3.0209973798262644e-7
2.725608010098398e-6
6.21815240505041e-9
1.0535515740710248e-8
1.2138940975149537e-8
2.3229688159679035e-8
3.0062732441280624e-8
4.405359987813008e-8
2.402319309284468e-7
6.190567838238172e-7
8.182123842893544e-7
2.429952126259304e-9
5.687538257351218e-8
2.280085096945334e-7
3.2807927926397517e-10
4.328340726039112e-10
3.171760898633465e-8
0.000018332484161367997
1.1047245204738383e-6
2.3179336656554557e-8
5.759418412567367e-6
3.301922907762398e-7
3.0154766349269076e-6
5.149213304746399e-9
8.86580674361067e-9
1.0263766754294256e-8
2.026863841839527e-8
2.6637635600682334e-8
4.024751762531519e-8
2.0507040741276484e-7
5.478890423836152e-7
7.330458437287277e-7
2.1718763898555064e-9
5.715366973401665e-8
2.348515198937066e-7
2.785811337949303e-10
3.0723385672916574e-10
3.4073910848870574e-8
0.000016397519248018832
1.089578530173269e-6
2.0109367699498124e-8
6.000291465607038e-6
3.539255103729062e-7
3.280176701902177e-6
4.203844835932943e-9
7.339832009870633e-9
8.530181264601233e-9
1.7300908291016262e-8
2.3054399918996692e-8
3.590838036054619e-8
1.7219889266280815e-7
4.733114404217397e-7
6.396850925824382e-7
1.8899140255886236e-9
5.548962161905074e-8
2.3435113798965723e-7
2.3726549693742247e-10
1.9891979152416834e-10
3.583787746479688e-8
0.000014292164395932861
1.0360206011284566e-6
1.7354604490716903e-8
6.0610228517712405e-6
3.7024028198234e-7
3.494044731669558e-6
3.3920221521812905e-9
5.9996846220737956e-9
6.995679398162101e-9
1.4495372930895705e-8
1.9535824036747056e-8
3.129449979411277e-8
1.4289883147903407e-7
4.007675275549237e-7
5.454878751285443e-7
1.6137215670999776e-9
5.172346139065097e-8
2.250226618786011e-7
2.0345322981422635e-10
1.1298875229936405e-10
3.668888113030257e-8
0.000012196080259357535
9.448489338528695e-7
1.5014919637880233e-8
5.893169901944151e-6
3.7567772072233395e-7
3.6257873444549582e-6
2.7066341146522616e-9
4.850181549382547e-9
5.67402229219233e-9
1.1968597946517458e-8
1.6269169669151673e-8
2.6683429681368506e-8
1.1691890273430851e-7
3.334933157069656e-7
4.560726993923929e-7
1.3568365598442088e-9
4.607812778567635e-8
2.0663107037517742e-7
1.697794516099111e-10
4.0653827567669164e-11
3.6282967248726845e-8
0.000010206610068323223
8.249121090061855e-7
1.2683120215938672e-8
5.4760723156897165e-6
3.669816403104864e-7
3.641485700888641e-6
2.1360095280623022e-9
3.874856158640968e-9
4.549357720462664e-9
9.76889312487655e-9
1.3371295630454659e-8
2.232893797670424e-8
9.382069611926363e-8
2.7335424925082144e-7
3.7559297143775994e-7
1.1231797340343076e-9
3.9340747171803696e-8
1.8116605826498642e-7
1.330501718806875e-10
-2.1807210263742744e-11
3.437464258890804e-8
8.391893925571613e-6
6.947861727179846e-7
1.0105154853177701e-8
4.845705668292277e-6
3.423863347087143e-7
3.5124359105152184e-6
1.6705322359225295e-9
3.055019633552304e-9
3.5983829700983827e-9
7.883160312900825e-9
1.0871501866443188e-8
1.8411974759249147e-8
7.415744839560624e-8
2.2194995500662625e-7
3.070160495739141e-7
9.159134559110062e-10
3.277403303416462e-8
1.5315718576307262e-7
1.0282221785281453e-10
-5.5645258286194255e-11
3.1005291606746186e-8
6.85270629977648e-6
5.781309740587489e-7
7.935086221113468e-9
4.112307000721731e-6
3.0352699739376574e-7
3.2297940204122135e-6
1.3016655167972837e-9
2.38172351122836e-9
2.809200202459028e-9
6.271760430802625e-9
8.731698976178363e-9
1.5007674700700743e-8
5.789889185012706e-8
1.7784971862270056e-7
2.4824750800008203e-7
7.326853444674441e-10
2.7504735151378207e-8
1.2813673776112454e-7
8.206540964336251e-11
-5.917965511633102e-11
2.6639126179023257e-8
5.538883309899122e-6
4.890494475674339e-7
6.423456905251823e-9
3.4322531402586695e-6
2.5698227755701105e-7
2.823490979846008e-6
1.0166892954522897e-9
1.8494566485447154e-9
2.1791695481840018e-9
4.909344317953975e-9
6.899198918673889e-9
1.2090802627529307e-8
4.4593539201478523e-8
1.3879012840414094e-7
1.9525085973002977e-7
5.716651778007574e-10
2.3564295528239236e-8
1.0898597003859203e-7
6.223308482129416e-11
-6.033604881203748e-11
2.2160385425220712e-8
4.325418404257484e-6
4.1646596577463243e-7
4.948142301568868e-9
2.9147633869942803e-6
2.131496734303365e-7
2.3715734766686756e-6
7.974963171001637e-10
1.4403525777817518e-9
1.6940244800332589e-9
3.798950521376695e-9
5.359984254409267e-9
9.59376915734578e-9
3.449468417668573e-8
1.06563770339036e-7
1.499140145405194e-7
4.3669426152352e-10
1.9607532097551457e-8
9.274647026270422e-8
4.828227321493852e-11
-6.107034575406867e-11
1.854352594903883e-8
3.3061685640458525e-6
3.343296392299309e-7
3.835521399646371e-9
2.5082956216318835e-6
1.8062529718347478e-7
1.9753794597354646e-6
6.285078831669759e-10
1.1260399897252968e-9
1.3222175557440551e-9
2.9374821889368596e-9
4.1314501342547646e-9
7.478796217179903e-9
2.6720516418532488e-8
8.197702452358215e-8
1.1497571827636428e-7
3.320695302973969e-10
1.4883228324646558e-8
7.431397016640319e-8
3.7056866982763986e-11
-6.768862253655427e-11
1.6041550023239664e-8
2.53721649937296e-6
2.472856629038354e-7
2.92606397193398e-9
2.045010254042265e-6
1.5733620959746228e-7
1.6935603159616049e-6
4.984890616030668e-10
8.836205149932463e-10
1.0348759374148198e-9
2.2796604738610733e-9
3.194059659799291e-9
5.75844905882393e-9
2.0791421624911864e-8
6.350354593269982e-8
8.912605301250158e-8
2.5804347946064977e-10
1.1137253922829458e-8
5.5965993718942885e-8
2.901177700028778e-11
-6.366988323172321e-11
1.36580275160092e-8
1.966028670446326e-6
1.9139266312512637e-7
2.2804607553551214e-9
1.5347750739662514e-6
1.2993106726768984e-7
1.4633410070706527e-6
3.9792772780705813e-10
6.98464811315655e-10
8.155771746486877e-10
1.7708085673021912e-9
2.4747553029092327e-9
4.431397818452357e-9
1.6297177636220532e-8
4.881049713567331e-8
6.825262134121057e-8
1.9552960675208498e-10
8.841342154536676e-9
4.298791130999482e-8
2.2691774953006058e-11
-4.3399868417202024e-11
1.0396523692059203e-8
1.4986067691551873e-6
1.496793038141107e-7
1.7574288385523005e-9
1.1699025749696325e-6
9.483324310100959e-8
1.1603483851410892e-6
3.190497150184468e-10
5.559245400330335e-10
6.476098199942442e-10
1.3828050851207045e-9
1.918657537735015e-9
3.4197712380837486e-9
1.2908442121520408e-8
3.7956994395267956e-8
5.277539426436945e-8
1.5132538635684535e-10
6.566489758544772e-9
3.3088626365854864e-8
1.7912990279459807e-11
-3.006940032638432e-11
7.5843386992202e-9
1.161748722928835e-6
1.0981518333462719e-7
1.372664625713724e-9
9.117829226586793e-7
7.188798628797556e-8
8.445796680571401e-7
2.562958394357828e-10
4.4477941654908757e-10
5.171920876690231e-10
1.0886360311772186e-9
1.4992009261703965e-9
2.6358989343251553e-9
1.0317521007198898e-8
2.973505029764532e-8
4.111378745176662e-8
1.1777896802321591e-10
4.959737040628456e-9
2.4704853213613435e-8
1.4384940921507918e-11
-2.620066670772271e-11
6.12514525941659e-9
9.045853391474343e-7
8.436133804473786e-8
1.0873370020637465e-9
6.763893889454141e-7
5.7862071833160505e-8
6.650780978897089e-7
2.055877206769234e-10
3.5687351723463145e-10
4.14664526039105e-10
8.628393274508732e-10
1.1802885800791508e-9
2.0426462459225445e-9
8.307396342776575e-9
2.3545419481242928e-8
3.2363462277787186e-8
9.31813128216615e-11
3.732636473688241e-9
1.8505447618642603e-8
1.1653927971626174e-11
-1.4532362026426922e-11
4.4746101685940625e-9
7.139239003668052e-7
6.352600873144561e-8
8.668908836522801e-10
5.065809468479781e-7
4.0736807528237226e-8
5.047110140589577e-7
1.6409580515574351e-10
2.861991794907935e-10
3.3267472834660324e-10
6.879518278128301e-10
9.35620460529283e-10
1.5945952168265864e-9
6.714265355399884e-9
1.8804050991941792e-8
2.5716596028171593e-8
7.441588895046782e-11
2.8283592312521356e-9
1.3880683323217407e-8
9.484848242359016e-12
-1.0651167925964937e-11
3.348589207685947e-9
5.690812155345125e-7
4.8550648781949625e-8
6.994119041428212e-10
3.7812808673943764e-7
3.151191905277746e-8
3.691523076466926e-7
1.2988482988711557e-10
2.2858081744945112e-10
2.6611425823510395e-10
5.502165428473981e-10
7.456163258314272e-10
1.2530565456034039e-9
5.423925000776888e-9
1.511275079150767e-8
2.059839662478238e-8
6.006395078201845e-11
2.166654823549272e-9
1.0498692240733432e-8
7.732641934770334e-12
-5.52171803178364e-12
2.4553345597680198e-9
4.5747613403953187e-7
3.761787640649417e-8
5.663743180061896e-10
2.850643482755493e-7
2.2874254281142125e-8
2.735400636152228e-7
1.0163729338842885e-10
1.811713726854017e-10
2.1147821902315404e-10
4.3996064589106587e-10
5.956199319344936e-10
9.905548986531593e-10
4.359811154134795e-9
1.2175630483357018e-8
1.657257302558099e-8
4.8754301334714183e-11
1.6827756867441636e-9
8.012183784668297e-9
6.2743702512758726e-12
-2.8641158207849208e-12
1.8255629632817923e-9
3.69461692460682e-7
2.954000206864212e-8
4.5897967087995265e-10
2.162462992215641e-7
1.700036238684637e-8
2.0164010097534316e-7
7.842981757883229e-11
1.420440752278881e-10
1.6639870199732684e-10
3.50425157488477e-10
4.752333223712666e-10
7.858426468699019e-10
3.4723072182821833e-9
9.790118614400655e-9
1.333677457756268e-8
3.958334085321422e-11
1.3252147862623063e-9
6.203204255598265e-9
5.040068529685301e-12
-1.2946601965720777e-12
1.3569305693818287e-9
2.98365313654031e-7
2.3503160562193337e-8
3.7006413721171353e-10
1.6644199548980618e-7
1.2774258587921392e-8
1.4870916247645875e-7
5.956668365489348e-11
1.098672010024478e-10
1.292605157308075e-10
2.7702267984845895e-10
3.7733805882192684e-10
6.237346161269068e-10
2.7300293145418068e-9
7.822102837438365e-9
1.068736330245839e-8
3.197221652936702e-11
1.0566485797964837e-9
4.871264135560377e-9
3.988995179203949e-12
-4.722525615187962e-13
1.0191431599145072e-9
2.397737161125951e-7
1.889047594291607e-8
2.95394385666242e-10
1.3003113707285717e-7
9.69990480022183e-9
1.1052841105400743e-7
4.446880229266071e-11
8.365831365162775e-11
9.890273544981965e-11
2.166545728406456e-10
2.9710714160655815e-10
4.935874283938336e-10
2.112655857938183e-9
6.185232543106145e-9
8.491797056074854e-9
2.556150062906612e-11
8.498542781118444e-10
3.87240665298511e-9
3.0987840266746495e-12
-1.7238145898601776e-13
7.759336313084418e-10
1.9088025788337816e-7
1.5266015476680332e-8
2.3245143740486756e-10
1.0297354719343692e-7
7.471431377448302e-9
8.312817324699845e-8
3.261024828740494e-11
6.261902097817163e-11
7.441222908928436e-11
1.6717693272783133e-10
2.3126722837897737e-10
3.8810187452169456e-10
1.6057182102542323e-9
4.824251064623502e-9
6.665596375234278e-9
2.0142784940590854e-11
6.859911050129961e-10
3.1043011191757755e-9
2.356761509094289e-12
-1.7266267839352555e-13
5.993877519564108e-10
1.499554150460678e-7
1.2337585378895601e-8
1.7976378937412324e-10
8.238086206788644e-8
5.837831783843503e-9
6.342002436615715e-8
2.349091791575685e-11
4.6037553087614744e-11
5.4996313682914816e-11
1.270080834346032e-10
1.7751705222445872e-10
3.022775807162579e-10
1.1971352788885134e-9
3.7018910542750558e-9
5.153463406669132e-9
1.5594188103186266e-11
5.527165825996108e-10
2.4969253029696426e-9
1.7532571937136484e-12
-3.1226809428955133e-13
4.69280025034414e-10
1.15905990529006e-7
9.917244955378312e-9
1.363852513098302e-10
6.625579500038617e-8
4.618224134371165e-9
4.9087050024334314e-8
1.6632175721728132e-11
3.3239916419304505e-11
3.9913456711770014e-11
9.486313703071814e-11
1.3410937247976e-10
2.3260330862831673e-10
8.751341307839866e-10
2.789726765686431e-9
3.9158607262436495e-9
1.1835335022023777e-11
4.421589985864863e-10
2.00429215769554e-9
1.2766421918414293e-12
-4.797552486365976e-13
3.7123338309569685e-10
8.795882322960064e-8
7.889270391432841e-9
1.0147925985975271e-10
5.327865446554813e-8
3.683640862014005e-9
3.847011512271756e-8
1.1587065232076117e-11
2.3580204929459333e-11
2.8452404372762265e-11
6.960135296151937e-11
9.958945242392072e-11
1.764761888499129e-10
6.275100339946297e-10
2.0625219393850743e-9
2.9201025052362587e-9
8.795966965139691e-12
3.495454945643167e-10
1.5971969882713011e-9
9.11500301495586e-13
-6.135528182428035e-13
2.9548658959307676e-10
6.545281110792137e-8
6.184847731993077e-9
7.409501000299015e-11
4.260195123208479e-8
2.9476870795977437e-9
3.042366885390977e-8