6.711030091542122e-9
1.0928377995018358e-8
1.2640106791646527e-8
1.3276699511476164e-8
1.3672943096813185e-8
2.240275654572401e-8
2.8880301699616982e-8
3.138726880072532e-8
3.2948030161859123e-8
4.118489359741092e-8
4.6714156128122495e-8
5.014696976481363e-8
5.482169983599503e-8
5.995757906559907e-8
6.714959746397808e-8
0.000025980335062971714
0.00009122768909440536
0.00011691675419019156
0.00012440765743462846
0.00012901645556495368
-3.626449851537405e-6
-0.00001078620259563948
0.00002234444714013342
0.00003355254068514748
0.00003892689520545873
1.776424174444956e-8
-1.5917114443683576e-6
-0.000022685377587345793
-3.085628795346614e-7
6.62884159883332e-6
3.591485266061122e-8
1.055199288225843e-7
-2.0794097276150914e-6
-0.00002931479604583073
-4.003212634145122e-7
7.324083304067134e-8
1.8561577696171165e-7
4.142809635908522e-7
8.373729799998096e-7
-0.000030138512065346
3.028366968984476
-0.5797170226204252
0.09743671786137348
0.00684643981670628
0.012230844091408675
1.5226651359587822
-1.3822072053590746
0.35728086439953705
0.003005476000888933
2.881630021614914
-2.085004359405846
0.3060078462179522
4.295951259039822
-1.9665556167813567
2.364832854806841
5.7516557354867806e-9
9.594551316642791e-9
1.1184301857039625e-8
1.1776120591401914e-8
1.2144400579422145e-8
2.057605115606563e-8
2.7011784042494198e-8
2.9512305480865274e-8
3.1069026951902674e-8
3.965485485560369e-8
4.541490229914104e-8
4.898997378006513e-8
5.402535153947466e-8
5.948510988055579e-8
6.726359208604868e-8
0.000020099903452156062
0.00006954984307200306
0.00008899068632414338
0.00009471660949605612
0.00009824158352716625
-2.4150907569879952e-6
-6.496352332398509e-6
0.00002164112919473545
0.000030776149162642136
0.00003542797558748121
1.5332949515946157e-8
-9.794119993031687e-7
-0.000018029418341236977
2.5068570511221403e-6
6.762544065382115e-6
3.060056611022276e-8
8.467297478059025e-8
-9.335935927664712e-7
-0.00002609363359488098
3.652957600014746e-6
6.242580767352258e-8
1.5981192925487675e-7
2.776225127411583e-7
2.29566409551487e-6
-0.000028890351593976504
2.4235219035617885
-0.35293483927230057
0.05575600515983444
0.004669549904139001
0.00901006126403881
1.124902553640545
-0.9526018090184643
0.16093084977278388
0.0003638296814577241
2.14298989018207
-1.7488174339731422
0.398713226813454
3.993188221861233
-1.9236329671663086
2.3638105746541
4.850616659053686e-9
8.25663390397692e-9
9.691325781768428e-9
1.0225896997941801e-8
1.0558571170196321e-8
1.8462368644753947e-8
2.4681833157549622e-8
2.7108791670901943e-8
2.8619858751410907e-8
3.735943117544898e-8
4.322688171085326e-8
4.6867500972364534e-8
5.21916877469926e-8
5.788316259637281e-8
6.615288889079116e-8
0.000014771409586529631
0.000050782463560546295
0.00006500008259601791
0.00006920366013935832
0.00007179949472910887
-1.5224109763409956e-6
-3.3166159427649315e-6
0.000019946601235430747
0.000027331370297844335
0.00003126243734800957
1.1789212046330504e-8
-5.848792328669647e-7
-0.000013909966600552473
4.1710713758559435e-6
6.992630371335142e-6
2.478939766516851e-8
6.73115994200194e-8
-2.2448812970095471e-7
-0.000022376100058552932
5.293060400352507e-6
5.1384096616847703e-8
1.3272733342820966e-7
2.157405892613356e-7
2.8666458616073764e-6
-0.000026453186552868577
1.841637432325593
-0.16698854445627326
0.02930113143140801
0.002716837780233535
0.005493194265752527
0.7747903049061441
-0.6516792542933041
0.06433577738775711
0.00009008171397269399
1.624484136703506
-1.4150808154935262
0.2937872062704825
3.4148393745347203
-1.5059605136583536
2.155704503523257
4.016684377105505e-9
6.959851745876005e-9
8.21933545980001e-9
8.688985188861414e-9
8.98132765087091e-9
1.616560375459953e-8
2.199866496161794e-8
2.4285496881260127e-8
2.5709532217702055e-8
3.437045975767002e-8
4.0199666914037266e-8
4.3815204890195196e-8
4.932757532177112e-8
5.513073949295893e-8
6.375544680194662e-8
0.00001040754653094953
0.000035494500942845124
0.00004539861746795258
0.00004830909689563757
0.00005011201225046763
-9.367196659912345e-7
-1.2647935012874468e-6
0.00001750606721412352
0.000023420743465167413
0.00002666865534864909
9.185599760710921e-9
-3.3117617333923613e-7
-0.00001035658376461828
5.015015416287896e-6
7.034582251251893e-6
1.9334319163122107e-8
5.3038914898512376e-8
1.8190795827533602e-7
-0.00001845663027883847
5.742229843232666e-6
4.0837991690268244e-8
1.1126053223664849e-7
1.83428841009338e-7
2.9430120155807365e-6
-0.000023352364388927926
1.3279746676294706
-0.05392571432949376
0.013085345912740801
0.00146624601989908
0.0028164998917062528
0.5451578840151069
-0.44790155128041687
0.023196897304011026
0.00004467753305688097
1.2142914655290558
-1.0660382763279637
0.15009697542160386
2.6640207938905673
-0.9744489052622758
1.8469598954962105
3.291473521995089e-9
5.7845402087999345e-9
6.864417214830029e-9
7.267449268808036e-9
7.518301074654408e-9
1.3859187419598988e-8
1.916213181449214e-8
2.125121084842929e-8
2.255219100086076e-8
3.0881480476726466e-8
3.6514159221006936e-8
4.000596906245007e-8
4.5578278492521054e-8
5.134989140618321e-8
6.015196985129705e-8
7.221132203700039e-6
0.000024494846673216654
0.00003138072118784937
0.00003341386040399682
0.000034672461956755166
-5.334976794432767e-7
5.818066720705872e-9
0.000014753758535338903
0.000019419978661176748
0.000022046727698818327
6.137639326930522e-9
-1.8183148481779032e-7
-7.4555559837055026e-6
5.185662797336834e-6
6.7049852673194316e-6
1.4903292799208923e-8
4.219224017886687e-8
3.678773444486058e-7
-0.000014680034804959453
5.5269068994233455e-6
3.1568274690739265e-8
8.996350058295344e-8
1.5448000322949172e-7
2.697131962585946e-6
-0.000020095785240278535
0.8732044065534755
0.009866592710127634
0.00533632762846608
0.000767409848681599
0.0011710410980838386
0.37571054699115086
-0.3002638208846762
0.008659052814835798
0.000014018379844160522
0.863406488566887
-0.7388463850535869
0.049183699491458156
1.9172467065287755
-0.5360086022271671
1.5254655641953347
2.6583416350966905e-9
4.737501053180037e-9
5.646071689549762e-9
5.985366376012626e-9
6.196578348415451e-9
1.1650884461270442e-8
1.632649432901704e-8
1.8176638587519497e-8
1.9328931401176517e-8
2.708039094692008e-8
3.235980982142104e-8
3.563047359517323e-8
4.111115371975672e-8
4.6693158709570575e-8
5.5459112350722684e-8
4.744341251015907e-6
0.00001588702056395406
0.000020311688176219026
0.000021605770193332557
0.000022408437010559006
-2.897869506933166e-7
5.847801374590053e-7
0.000011724809390817932
0.000015250733041906594
0.000017266999480324784
4.868457511173995e-9
-9.87260638325576e-8
-5.120284503531821e-6
4.965277640923133e-6
6.193043208221712e-6
1.1818670752764823e-8
3.470505673556738e-8
4.110501941393331e-7
-0.000011288889002433927
5.077547172051071e-6
2.6236099441943833e-8
7.793256006417746e-8
1.3740690395849814e-7
2.3970318683871276e-6
-0.000016743037688090013
0.5296377581141072
0.023006125070981126
0.0023513545215467662
0.0004037454842889867
0.00041251477860584625
0.3057830180775572
-0.18084064915834022
0.003241912916408144
-5.315577423807358e-6
0.5697962339292755
-0.48036852423357224
0.011849417368355908
1.30844702041038
-0.3023819854255578
1.198273697622495
2.12074440250628e-9
3.832584897076998e-9
4.586487911050687e-9
4.8681854767673526e-9
5.0435016673628465e-9
9.644496010525289e-9
1.3657332575611433e-8
1.525065936084386e-8
1.6242991114356137e-8
2.3214316954339756e-8
2.8005848079903007e-8
3.097171317212419e-8
3.619791389821302e-8
4.143231288434718e-8
4.992581041277787e-8
3.2894901336814953e-6
0.000010938732520772495
0.000014129623197829453
0.000015098778286347504
0.000015700077531707653
-1.4150995971160494e-7
7.544410245080658e-7
8.84756240977463e-6
0.000011440665544443818
0.000012940221138548452
3.850765372180889e-9
-5.431756771425459e-8
-3.3345442715490063e-6
4.435929125465577e-6
5.4512417617645385e-6
9.070172052819487e-9
2.7625124893797756e-8
3.7077658435125163e-7
-8.38987926854228e-6
4.535977695869243e-6
2.1004264431170884e-8
6.430015194348573e-8
1.1705149408764464e-7
2.047921605327793e-6
-0.000013340229316809578
0.2973133332497325
0.015889455296487606
0.0010978997062167908
0.00021361865864029698
0.00013856279607774605
0.26318607674873296
-0.09498341107913627
0.0012717727711979113
-4.1292961803150525e-7
0.35284289062130014
-0.2939506548080267
0.0034279955227097254
0.8475189125634947
-0.207934970956557
0.8764611172694436
1.6740142054565817e-9
3.0635354099548735e-9
3.6815651909436204e-9
3.9125603045938034e-9
4.056366378428632e-9
7.886292405973383e-9
1.1262176823608809e-8
1.2604972304297791e-8
1.3441346534387424e-8
1.9512015835316885e-8
2.3724451281281582e-8
2.6329336442759658e-8
3.114559689056747e-8
3.589507119980718e-8
4.387930420666101e-8
2.226557235628927e-6
7.213773678710102e-6
9.375273117384703e-6
0.000010052173651475079
0.00001047075003621865
-6.857202410226596e-8
6.073621396245375e-7
6.08014974465899e-6
7.832496800638326e-6
8.848421027587552e-6
2.284583815087172e-9
-3.267464736438042e-8
-2.0497049948950137e-6
3.7287101488434868e-6
4.568055780724728e-6
7.248860454983338e-9
2.231981839196198e-8
2.978146244301213e-7
-5.977433543485255e-6
3.860489681829842e-6
1.571851678852335e-8
4.963755657419215e-8
9.4388341799243e-8
1.5989029762429365e-6
-0.000010548537335912134
0.15689593173633917
0.008950040808833049
0.0005243535880665686
0.00011395064691203373
0.00004398094678737949
0.21050000548226075
-0.0396892880515328
0.0005394937218025411
0.00003181124768058735
0.20797180842895932
-0.16653370417638536
0.0014296221779959409
0.5323162354996556
-0.14136727549811245
0.6473722611630675
1.3114873464198028e-9
2.419390923441762e-9
2.9183729992947175e-9
3.1049928971716153e-9
3.2211776283180993e-9
6.373786456753807e-9
9.179678519944645e-9
1.0296374556074627e-8
1.0991940062268635e-8
1.6145073877708358e-8
1.9746758494674005e-8
2.197160261269719e-8
2.6255831773558367e-8
3.042608173377484e-8
3.7693651556437514e-8
1.449408552062028e-6
4.729442273402865e-6
6.255529684355517e-6
6.752695984334345e-6
7.059670447110951e-6
-3.210373813712514e-8
4.643326554612453e-7
4.073185020960445e-6
5.25714888218708e-6
5.948400179077143e-6
1.7603423697813925e-9
-1.87040090875516e-8
-1.1871818343632029e-6
2.9036642400004618e-6
3.5614573573445196e-6
5.499264655766328e-9
1.7298731276593846e-8
2.1778449709835052e-7
-4.095389632631252e-6
3.0615802273472988e-6
1.2709086968673973e-8
4.1245127471311744e-8
7.945713706074448e-8
1.1436311191581617e-6
-8.186400294545347e-6
0.07708588727327037
0.0036435425073019076
0.00025301796678032726
0.000056405506782666226
0.00003688603131137816
0.14495481896772497
-0.011351387997833029
0.00025495353289272174
0.0000442809303760406
0.1167556165795941
-0.08680254273262013
0.0006897440566132736
0.3355427189208202
-0.08505210363152194
0.49144570891780776
1.0246273714574299e-9
1.8919599169478634e-9
2.2869225025805315e-9
2.4347728301412087e-9
2.5268444140505003e-9
5.081816035844089e-9
7.393285026447629e-9
8.314159902033588e-9
8.887804099988177e-9
1.3198336202744671e-8
1.6217946239483987e-8
1.808148264458043e-8
2.1770353832751425e-8
2.5327965428258113e-8
3.173431250662967e-8
9.60718642680945e-7
3.165258392532872e-6
4.25411895462975e-6
4.621234812395201e-6
4.848960640930602e-6
-1.059121246696869e-8
3.7754328960169033e-7
2.776168305047457e-6
3.619046914807647e-6
4.115745739483712e-6
1.3260767827557391e-9
-1.0990279057342052e-8
-6.371568160903485e-7
2.1121369410090333e-6
2.5904861175621596e-6
4.289963494057633e-9
1.3867858287342686e-8
1.4882208821806165e-7
-2.6766083875793197e-6
2.2750802684057784e-6
9.881414839230517e-9
3.3161704474949334e-8
6.500360863665588e-8
7.679586569102483e-7
-6.072351566478595e-6
0.035993908635109054
0.0008768826028000981
0.00011748299824361446
0.000026193637622233558
0.000028801826223420766
0.09002802622310067
-0.0012033738083200905
0.000122860960113348
0.00003720456578590751
0.06253311119058812
-0.041740833090165956
0.000356744831380259
0.20672648159534035
-0.03647346720277267
0.37626257242370464
8.020488820213148e-10
1.4736244267190332e-9
1.7807639231839305e-9
1.8958271708090307e-9
1.967490086762479e-9
3.992257242462839e-9
5.868133919046015e-9
6.618058609683498e-9
7.0852404535654354e-9
1.0669133861662285e-8
1.3175516766580384e-8
1.4721353296995142e-8
1.7823993631459895e-8
2.0798947634745983e-8
2.6287944597031857e-8
6.405180670790846e-7
2.103618039034984e-6
2.875454190827464e-6
3.1436602723216853e-6
3.3111633507412796e-6
2.04001312616602e-10
2.9433730485598126e-7
1.813093328005019e-6
2.3647446488571026e-6
2.6919536342321768e-6
1.1898553876935303e-9
-5.385396905295186e-9
-3.342709440723367e-7
1.4293215466883778e-6
1.776963205576118e-6
3.424380816421123e-9
1.123292541912416e-8
9.615747807619595e-8
-1.6593987588824092e-6
1.63564083925801e-6
7.805546832909228e-9
2.6729794239352488e-8
5.3246586111127276e-8
4.899697254975948e-7
-4.2701082409267805e-6
0.016040551065833897
0.00036824178811887816
0.00005318588418248088
0.000012706396987329332
0.000020290195594657293
0.049762268841415325
0.0005881408498039194
0.00005764795823181171
0.00002385819860830743
0.03202311248818333
-0.018741897934023043
0.00017966863443340977
0.12208619655129112
-0.008120688781163279
0.2794173434544855
6.307508491510676e-10
1.150306154327464e-9
1.3875370633426415e-9
1.4764207436694255e-9
1.531790974382252e-9
3.102256249933039e-9
4.585925924454555e-9
5.182095779727945e-9
5.553530868600387e-9
8.504308402470676e-9
1.0570766374578398e-8
1.1844976199513396e-8
1.4429440810677776e-8
1.6894937994504755e-8
2.1502798472441993e-8
4.1190342361647503e-7
1.3381997005573912e-6
1.8457866157268847e-6
2.0256950865547313e-6
2.1387413176356358e-6
2.240706823434271e-9
2.2048487842606942e-7
1.2876957433096614e-6
1.7330801148978185e-6
2.0013823183171876e-6
8.355470872266409e-10
-3.107332622666185e-9
-1.748761451751771e-7
9.16570852352846e-7
1.1700783491053628e-6
2.5833437035652082e-9
8.610354569346195e-9
6.048383563040579e-8
-9.951266948369364e-7
1.0716091342093405e-6
5.864409302793346e-9
2.0412513649091127e-8
4.214754811970176e-8
2.988913621272148e-7
-2.855938394887771e-6
0.006609276585452291
0.00022747492535102096
0.000023776009964608908
5.793842570169044e-6
0.000012482650088488588
0.025502124537553208
0.0006048242076867336
0.00002739658943359807
0.000015043448545039168
0.01606386461353181
-0.008274285916549311
0.00008271778267104905
0.07231410445870137
0.0005311058361382853
0.18439108155713982
4.984844589169563e-10
9.011795935757049e-10
1.0845470272363277e-9
1.1532460815968881e-9
1.1960446021825369e-9
2.404406776291667e-9
3.5482677767749446e-9
4.00884583668796e-9
4.295804866316307e-9
6.662546874284753e-9
8.338600885227259e-9
9.371830104415009e-9
1.1522077466628227e-8
1.3556108065795137e-8
1.73831225962575e-8
2.679176341502249e-7
8.474004631026923e-7
1.1649051501320902e-6
1.278105220266667e-6
1.3494162424093848e-6
1.8777250158807423e-9
1.478142238491209e-7
8.521958443984695e-7
1.160256940537724e-6
1.346987322818983e-6
6.210880627886856e-10
-1.431438418875151e-9
-9.524978272756708e-8
5.83260026731007e-7
7.73559533515667e-7
1.97058046711336e-9
6.564982837399053e-9
3.7976015284173344e-8
-5.890149653436421e-7
6.740313422650961e-7
4.55403175734312e-9
1.5757989226457598e-8
3.329540536905973e-8
1.7949451391856532e-7
-1.833893430036125e-6
0.0026752184852915227
0.00009544450620426223
0.000010879947368178193
2.7736590731561377e-6
6.86489002863113e-6
0.012963137424806684
0.00021027590218508443
0.00001362959670946692
9.202954380119815e-6
0.008178504252211956
-0.003915536816847654
0.00003441783271574298
0.04407662133745964
0.0012091988200050796
0.11414235755762461
3.965275861325701e-10
7.093736795582438e-10
8.513056236847009e-10
9.044823956364467e-10
9.376206985284254e-10
1.8687866971229656e-9
2.744753967267377e-9
3.096316226343993e-9
3.3153782330151337e-9
5.147276375589423e-9
6.463495704894108e-9
7.274245330940221e-9
9.04019027875169e-9
1.0692116278743382e-8
1.3849137178493831e-8
1.7007467616537994e-7
5.141264118596261e-7
6.994177542989208e-7
7.655332514432754e-7
8.072949702167638e-7
1.3190069682695689e-9
8.919596622328139e-8
5.155895956157142e-7
7.122399426026311e-7
8.313974177037046e-7
4.31873971624745e-10
-5.365796000439757e-10
-4.246140471855746e-8
4.091954945660943e-7
5.736192748893978e-7
1.4779487513098747e-9
4.909789480364363e-9
2.4311944019268036e-8
-3.557653593721817e-7
4.2150178928684e-7
3.4873597785153904e-9
1.1968528119901874e-8
2.562450971216834e-8
1.0894657163740761e-7
-1.1440235481244281e-6
0.0011493647591003476
0.000015062036826373686
4.722905074225243e-6
1.3570325165948116e-6
3.954760003251559e-6
0.006004136902976818
0.000014872494381416906
6.703659273188949e-6
5.29307239552754e-6
0.004300096479717692
-0.002039452375418426
0.000012611696719009163
0.02844847239455069
0.0006502073999349802
0.06815130879439252
3.1734982461148727e-10
5.621635081128594e-10
6.724381876493063e-10
7.137542791297951e-10
7.395054178851345e-10
1.4566135725727271e-9
2.131614709250865e-9
2.40242870592276e-9
2.5711714018897578e-9
3.966086880036701e-9
4.96968516978326e-9
5.586871989764461e-9
6.979977422863416e-9
8.273339943108795e-9
1.0835375629399455e-8
1.1159960790189205e-7
3.3227383306413985e-7
4.5844013539375844e-7
5.048951649845577e-7
5.341290360499743e-7
1.146620019950554e-9
5.777091898059493e-8
3.1552097425929187e-7
4.386035536861605e-7
5.131729241430049e-7
3.0567556506163893e-10
-2.4223990066102526e-10
-6.3440345222034416e-9
2.9419659626200266e-7
4.1544616496002e-7
1.1350745560328653e-9
3.739302708006117e-9
1.5957039846240824e-8
-2.1830867297508416e-7
2.810965354182777e-7
2.7151363088559973e-9
9.219293393897487e-9
1.964023410793329e-8
6.897814064151183e-8
-7.225723704258843e-7
0.000490939346404392
4.917424456810989e-6
1.9231138715820763e-6
7.537806569048542e-7
2.4013034319938e-6
0.0025215272749483752
-0.00002419042997441056
3.2215910931784008e-6
3.006694348936922e-6
0.0021799299497343473
-0.0010748205441429058
3.1233552739115018e-6
0.018715720146184625
0.00020005970541922349
0.040668201022362786
2.550342379263417e-10
4.484342135165425e-10
5.347739403422949e-10
5.67102987797142e-10
5.872560266043433e-10
1.1404475370098965e-9
1.658252992824952e-9
1.8664276324557265e-9
1.9961407904580737e-9
3.0679471568087112e-9
3.833996754442978e-9
4.3045342627857174e-9
5.359709235101108e-9
6.336382004276242e-9
8.347214393971477e-9
7.461759575917673e-8
2.2054630858328012e-7
3.0816182013488254e-7
3.4122422502144836e-7
3.6196828049696525e-7
7.167260305341394e-10
3.345661031747535e-8
1.914602349217392e-7
2.7171704167020896e-7
3.205864821217403e-7
2.1228175033881525e-10
-4.974155013247246e-11
4.537325744625387e-10
1.8105549583947344e-7
2.604191053697677e-7
8.860199770526731e-10
2.868746256129563e-9
1.030308725028284e-8
-1.2816429599944546e-7
1.983419627413417e-7
2.1273848076713892e-9
7.0998558092129965e-9
1.5074113391406225e-8
4.5108557105316455e-8
-4.7032657851039953e-7
0.00021267116658531555
4.125799267086253e-6
8.482481201922825e-7
4.654028980140555e-7
1.487312062460755e-6
0.001067518968009395
-0.000014645186886756707
1.518746498273473e-6
1.700808903797043e-6
0.0010071254017186265
-0.0005139871971236367
-6.08772586248828e-7
0.011472516382665776
0.00005232653598817661
0.024513506497237037
2.0524600608104684e-10
3.5952843541061205e-10
4.278441094608184e-10
4.5341349710953896e-10
4.693519054307156e-10
8.997813383432003e-10
1.2967758112957583e-9
1.4557573841737272e-9
1.5548206262396867e-9
2.372500989549868e-9
2.9613048121775288e-9
3.3232503924856305e-9
4.12866821059785e-9
4.870567895117489e-9
6.399201359877771e-9
5.0639987257034154e-8
1.4679620455700681e-7
2.0574504062451105e-7
2.2833873340490536e-7
2.4248693133510787e-7
5.559971620665973e-10
2.2302109766185107e-8
1.261045861017467e-7
1.8173962630966125e-7
2.1575741600058826e-7
1.5106529319960415e-10
7.692118370575954e-11
1.8603618025281023e-9
1.0763157439004758e-7
1.6147446564803261e-7
6.959568389297686e-10
2.2100032514667565e-9
6.4056870239106316e-9
-6.506497316595234e-8
1.2784506332609454e-7
1.6790285740652717e-9
5.486611434635903e-9
1.1595635726886865e-8
2.812483472093051e-8
-2.9321166017559263e-7
0.00009221638249033346
1.934564874820551e-6
4.108071258646025e-7
3.132459258723757e-7
9.459592327857232e-7
0.00044964265549422974
-9.976714403882418e-6
7.030319196217311e-7
9.718145038348797e-7
0.0004276398311505639
-0.00021269832346254314
-1.546265094895109e-6
0.005799297466180623
-2.0123713517981095e-6
0.014512621119933788
1.6485012876612608e-10
2.8894228854108103e-10
3.434861654372639e-10
3.6389059711916904e-10
3.766082827379368e-10
7.148772702131955e-10
1.0229916828946344e-9
1.1462580886975662e-9
1.2230610971713987e-9
1.8415285354193412e-9
2.2867904324945143e-9
2.5605654576062295e-9
3.178363099488405e-9
3.75009440917244e-9
4.91270765081187e-9
3.520936259792818e-8
1.0245525434473618e-7
1.449615129100867e-7
1.6145252063883502e-7
1.7175587952144288e-7
4.4814476470284094e-10
1.641674658394689e-8
8.352313102628637e-8
1.1988016616898668e-7
1.4216911740798513e-7
1.0724705643306785e-10
1.01326754653716e-10
3.3773234042518923e-9
6.943099214357188e-8
1.0644651710984992e-7
5.500970494894901e-10
1.721016717278722e-9
4.277486854074535e-9
-3.085447951226365e-8
7.037759158979274e-8
1.3301200251501961e-9
4.280223570576608e-9
8.893405770963735e-9
1.7763975368035023e-8
-1.5705484048715859e-7
0.0000402508770658366
1.5088615253472153e-6
1.8826816901604215e-7
2.313207883126877e-7
6.923114427127967e-7
0.00018071920803336931
-3.6234754521306544e-6
3.453806706599701e-7
5.627798565706888e-7
0.00018266220603633065
-0.00008362484308332986
-1.0569400146247115e-6
0.002490256346076715
4.561147846616757e-6
0.007491491707842216
1.3167402513942774e-10
2.3201525566607773e-10
2.759087242388208e-10
2.923209779790403e-10
3.0255043852507364e-10
5.711752941627477e-10
8.120641807002755e-10
9.081669157138142e-10
9.68042609065687e-10
1.4414863046684324e-9
1.7805591995044122e-9
1.988772994310805e-9
2.4497951329198967e-9
2.8769988768232115e-9
3.7628034109673716e-9
2.463478648677632e-8
7.202155131845184e-8
1.022358208850703e-7
1.1401162229152581e-7
1.213504653126965e-7
3.4738007981141584e-10
1.1461476315599416e-8
5.706352239368695e-8
8.375589753989344e-8
1.001859534513546e-7
7.645682356635063e-11
1.314770560758591e-10
1.4951214916289357e-9
3.950050501658464e-8
6.168900220657678e-8
4.373746814541425e-10
1.3522175645060234e-9
3.0272259015593335e-9
-1.6363733048414978e-8
4.860544495254812e-8
1.0574808499891536e-9
3.3638687469500634e-9
6.8771323496446e-9
1.2364924410393929e-8
-8.477456849865613e-8
0.000018164605671763063
9.987079700792767e-7
8.832450876751189e-8
1.6674817026434907e-7
5.231194923712078e-7
0.00007359624797351383
-1.1593741129444351e-6
1.8506493949380802e-7
3.728297203003539e-7
0.00007587931737893899
-0.00003148674467921519
-4.3049889413426553e-7
0.001152865935180906
7.411940558144821e-6
0.00364284559849117
1.0423788427055844e-10
1.8547310212276265e-10
2.2094578582128244e-10
2.3420437066424744e-10
2.424666228749166e-10
4.5774614011952245e-10
6.48352430312559e-10
7.242557645009237e-10
7.715433922032994e-10
1.135550440503176e-9
1.3956512926737627e-9
1.5556642550212126e-9
1.9041141918785493e-9
2.2278911744574533e-9
2.889464367275737e-9
1.771235110778203e-8
5.244748669287883e-8
7.467035364077763e-8
8.333223878912762e-8
8.87234015681653e-8
2.7256580192263505e-10
8.222378523294692e-9
3.764201954876324e-8
5.489645773361836e-8
6.553733387801007e-8
5.50910937283905e-11
1.104715993789654e-10
1.4745685613180654e-9
2.5281621578593737e-8
4.118036705178602e-8
3.4832746370109323e-10
1.0732732503923894e-9
2.226979707804275e-9
-8.202755369850271e-9
3.0793162158888745e-8
8.400358919762346e-10
2.66298128748576e-9
5.356029740614571e-9
8.500687629524709e-9
-4.715163050752298e-8
9.35465436122372e-6
6.938465273948474e-7
4.441194676743204e-8
1.2404354303299636e-7
3.7898623260709903e-7
0.000029426494817050712
-3.281596343594272e-7
1.0246966854385418e-7
2.3644100589311264e-7
0.000029635217548781524
-9.66324114459143e-6
-1.5633787567898982e-7
0.0004645381489304341
5.207734707113364e-6
0.001850315713123717
8.153669480647098e-11
1.4708737828929104e-10
1.7575633554316461e-10
1.8646944942961224e-10
1.9314465230042837e-10
3.667284586826434e-10
5.189316281535115e-10
5.794226062778859e-10
6.17106429026309e-10
9.004188344742367e-10
1.1016870792406651e-9
1.2254686765801721e-9
1.4881483665452643e-9
1.7344873513663047e-9
2.232773551430059e-9
1.27346951498691e-8
3.8210596219457046e-8
5.4572985713495325e-8
6.093572522075905e-8
6.489318577385565e-8
2.1463336553906896e-10
6.002055981964907e-9
2.5941450075808666e-8
3.778729228660109e-8
4.511071229410555e-8
3.97404312678879e-11
8.485069820176452e-11
1.2150215566965634e-9
1.6389499645910637e-8
2.749041926667323e-8
2.7607285145284766e-10
8.550176940288441e-10
1.681259524868412e-9
-3.630469645253491e-9
2.027153028685893e-8
6.637075692262858e-10
2.116016471407009e-9
4.2006527480312986e-9
6.237473115903382e-9
-2.203814093077372e-8
5.307250904217867e-6
4.888592629960315e-7
2.4667738447979432e-8
9.121255200882686e-8
2.7601323654252204e-7
0.000011838836631083242
-8.0109502907477e-8
6.310330847895479e-8
1.6442192618844457e-7
0.000012190990759009915
-2.8530697964256806e-6
2.020451571264979e-8
0.00019272222254291722
2.4350349295505332e-6
0.0007899185555493788
6.286364855577671e-11
1.1535061934750637e-10
1.384171984869441e-10
1.470364053495915e-10
1.524059259774571e-10
2.926329220806926e-10
4.1498199828545876e-10
4.635505146746346e-10
4.938052759342879e-10
7.167771224329475e-10
8.741779173840825e-10
9.710772220274035e-10
1.171370350577727e-9
1.3608084301679758e-9
1.7352693565860095e-9
9.121536964779965e-9
2.7685676228354484e-8
3.9672791193917324e-8
4.432399943223485e-8
4.72159972683318e-8
1.7636361083585926e-10
4.618169581141307e-9
1.885924398604182e-8
2.726428495966846e-8
3.2479469393344673e-8
2.923561977711284e-11
6.592156305242525e-11
1.0122147228822969e-9
1.1118681535738323e-8
1.944019776153734e-8
2.1678567258787524e-10
6.81665268966188e-10
1.3058258802505155e-9
-1.082722603810215e-9
1.1769901407405785e-8
5.214229835494043e-10
1.6869377753060383e-9
3.3197680890877604e-9
4.624423614414104e-9
-1.1014604534041038e-8
3.1857367225250523e-6
3.5585647188402644e-7
1.4181144259889328e-8
6.611524565445616e-8
1.894878989491549e-7
5.264058825222524e-6
-1.2769429511879812e-8
4.310990838451223e-8
1.180557705668457e-7
5.116765164819672e-6
-5.349715394876721e-7
5.0529063043036975e-8
0.00007636875695273385
9.710253442884022e-7
0.0003326861441510927
4.768204246154659e-11
8.921948538525319e-11
1.0761558761894392e-10
1.1449054923206087e-10
1.1877285684368621e-10
2.3173665727699414e-10
3.3033642215180153e-10
3.694617643740914e-10
3.938330338484168e-10
5.710739003251118e-10
6.954566344961572e-10
7.721025137217708e-10
9.261665056208615e-10
1.0729634051477328e-9
1.3568990051563696e-9
6.497249419387254e-9
1.9865817121462832e-8
2.8476430580102555e-8
3.181367653256686e-8
3.388895191688741e-8
1.4404820952825246e-10
3.5660293518244694e-9
1.4265812111613728e-8
2.0659173776441518e-8
2.4632758411563315e-8
2.2513230728326877e-11
5.422099574184376e-11
8.46925495964003e-10
7.649157652036071e-9
1.3456588889840317e-8
1.6828998483529066e-10
5.417048344012043e-10
1.0161451406140957e-9
-4.1485345958494783e-11
7.872849741591823e-9
4.072227556526869e-10
1.34773342147784e-9
2.6419286060254935e-9
3.6149378444598367e-9
-4.431795780668703e-9
1.992593946811519e-6
2.429257215246109e-7
8.909997071853415e-9
4.719386914320956e-8
1.2889029779429326e-7
2.6060613243272078e-6
1.7024609482209186e-8
3.155454396724595e-8
8.780304471480124e-8
2.37129868707746e-6
-1.1144867066757768e-7
4.134742580927006e-8
0.00003084785745258991
4.2095477602175803e-7
0.00013165304974768004
3.5538248327703204e-11
6.792109875799807e-11
8.240875500299928e-11
8.78248213288637e-11
9.119794561781476e-11
1.8152999541503694e-10
2.6082089631720343e-10
2.922973666399855e-10
3.119036264104084e-10
4.5376416679678755e-10
5.527938848262409e-10
6.138639757748292e-10
7.336955392797312e-10
8.488567877598431e-10
1.0661886056829498e-9
4.598146274199982e-9
1.4202437446167242e-8
2.037236619493704e-8
2.2761123285445604e-8
2.4246957505449416e-8
1.1771599629405299e-10
2.75022519175371e-9
1.0718689083643178e-8
1.546080256855986e-8
1.841093656063963e-8
1.7120160453860047e-11
4.36980718732767e-11
7.060489712143365e-10
5.3504103441848815e-9
9.273324977351911e-9
1.2877384307154367e-10
4.2748412120797663e-10
7.903634116339236e-10
4.1124572138512217e-10
5.50166044600719e-9
3.133244588299147e-10
1.0689978431211258e-9
2.1022759032719897e-9
2.8271146174519922e-9
-1.5833981032501952e-9
1.264258999792319e-6
1.6509973618476307e-7
5.7942658428876124e-9
3.357228563546839e-8
8.782114921718215e-8
1.3793019708668495e-6
1.9381542927936873e-8
2.317575931329499e-8
6.446443146585694e-8
1.1786449746018244e-6
-3.5739768496613643e-8
2.9156823998057265e-8
0.000011929017042997505
1.605056956041982e-7
0.000053052001857964154
2.601315189970066e-11
5.0821443002279365e-11
6.20537707068448e-11
6.625494046380253e-11
6.887115529326784e-11
1.4028077614263415e-10
2.036161624423597e-10
2.2878865508692872e-10
2.444681822839398e-10
3.58303690397546e-10
4.374515078227537e-10
4.862936030244049e-10
5.804529686716742e-10
6.715443738539757e-10
8.393470258352192e-10
3.232383743913594e-9
1.0135056129554355e-8
1.4573663392377536e-8
1.6291127752796152e-8
1.7359632632844182e-8
9.546443612650135e-11
2.119543565107439e-9
8.00802386772677e-9
1.1481774447548816e-8
1.364424191981197e-8
1.2855804786690166e-11
3.4611265848440573e-11
5.851068279465968e-10
3.874234616538852e-9
6.6347917148775465e-9
9.692898991503665e-11
3.338615089655164e-10
6.187658485814454e-10
5.832827999815969e-10
3.71235059670649e-9
2.3703614720444686e-10
8.389130406367271e-10
1.6665139753465255e-9
2.2261377011929446e-9
5.250601528089357e-11
8.156991713150143e-7
1.1404073227617188e-7
3.867588893476478e-9
2.3921533170563793e-8
6.124478163987319e-8
7.790015150310385e-7
1.774507447606403e-8
1.7038850012591585e-8
4.721307341349186e-8
6.431499394546437e-7
-4.7914945051227016e-9
2.168105628377699e-8
4.390985962533536e-6
6.590645981328486e-8
0.000020600934640614326
1.870263274276189e-11
3.734818937058944e-11
4.590203133758844e-11
4.9103430542578725e-11
5.109692775473436e-11
1.0671422883073732e-10
1.567580603996964e-10
1.7668520329531342e-10
1.890976991457312e-10
2.8024838471255663e-10
3.434726130353646e-10
3.82508847457013e-10
4.570393218713035e-10
5.294401242995942e-10
6.601171318695649e-10
2.2465130445803954e-9
7.168112179678618e-9
1.0346494111543341e-8
1.1576147428472158e-8
1.2341341146261325e-8
7.684161564265006e-11
1.6144052551459331e-9
5.9120885447035555e-9
8.426653297944291e-9
9.99236458633758e-9
9.523532041306084e-12
2.6831525248673712e-11
4.855118124198345e-10
2.874555521759515e-9
4.863369945233337e-9
7.170108651124256e-11
2.5732081201210354e-10
4.829093298731873e-10
5.76328443737906e-10
2.625018557243678e-9
1.7613287584059712e-10
6.495005502193238e-10
1.3115662981132518e-9
1.7477754045744909e-9
6.431929411448184e-10
5.289874011171024e-7
7.934441927718711e-8
2.6211733934488687e-9
1.693228006237033e-8
4.298041311414066e-8
4.499031426001503e-7
1.4293707732085146e-8
1.2433307459514834e-8
3.436319287446725e-8
3.6671857432022446e-7
5.8099487457168e-9
1.626835457050159e-8
1.5808427298194083e-6
2.3623239127098282e-8
7.846861056477561e-6
1.3217485788994378e-11
2.6955709212727742e-11
3.334527474123993e-11
3.573847528618375e-11
3.722868268596069e-11
7.979734381380174e-11
1.187769990262996e-10
1.3433643427869803e-10
1.4402866461776373e-10
2.1652505615969093e-10
2.667794968994997e-10
2.978183639462791e-10
3.570158583957509e-10
4.146032458159905e-10
5.170086154003478e-10
1.5465813441912839e-9
5.042221457573383e-9
7.317511324484225e-9
8.197867624737095e-9
8.7457640794939e-9
5.97857037244678e-11
1.2179613923489888e-9
4.376523952142596e-9
6.213689562209735e-9
7.357676753420489e-9
6.921887344996822e-12
2.013072538983552e-11
3.9817709099286797e-10
2.1645158977137057e-9
3.625788213508986e-9
5.2131847157823145e-11
1.9538282411188727e-10
3.724141816993593e-10
4.857756237520482e-10
2.0312914708098165e-9
1.2842171186803622e-10
4.947884464317184e-10
1.0212545943702484e-9
1.3650792904599202e-9
7.975254130680462e-10
3.481138758462659e-7
5.528788786321828e-8
1.7905772590709306e-9
1.196047578716127e-8
3.0262632118842904e-8
2.6905628295529595e-7
1.1178608634285634e-8
9.132179727619615e-9
2.523410311824381e-8
2.17623459122118e-7
9.73561989177689e-9
1.2360693957002946e-8
5.770253040275844e-7
8.848414543909739e-9
2.9890160633911675e-6
9.193238790032071e-12
1.911771665141328e-11
2.379687108260032e-11
2.5550915134822924e-11
2.664315938062877e-11
5.860707757138418e-11
8.845736072425667e-11
1.0040686050391427e-10
1.0785079237230447e-10
1.6488932220684853e-10
2.044764970917876e-10
2.2893024865661452e-10
2.759069949387159e-10
3.2154912556285874e-10
4.0202698137919737e-10
1.055114847639229e-9
3.5238159000095766e-9
5.150720807864592e-9
5.780936990064396e-9
6.1731592562109075e-9
4.2514735782708724e-11
8.79918868401952e-10
3.1855281648864155e-9
4.528896602138982e-9
5.3652271368981084e-9
4.933260736871914e-12
1.4718704593431534e-11
3.19208460121453e-10
1.6406951329354406e-9
2.729437920110109e-9
3.7260865830554874e-11
1.4592557140125494e-10
2.8335804276521986e-10
3.9309361002552146e-10
1.5906921586989426e-9
9.18793707472666e-11
3.702759732996885e-10
7.846691980341237e-10
1.0537625385821632e-9
7.756022464813648e-10
2.310644036539912e-7
3.703624277195331e-8
1.2283601990459216e-9
8.423238431104033e-9
2.1282604400208594e-8
1.6506900898629065e-7
8.457009138745491e-9
6.6399923516177455e-9
1.8377391200673502e-8
1.3466000380693803e-7
9.988317542371042e-9
9.392891846498906e-9
2.1792542003466806e-7
1.0058606454610723e-8
1.2519589431742068e-6
6.302980099977507e-12
1.3338164103692643e-11
1.669838152821958e-11
1.795912162632237e-11
1.8744242065219564e-11
4.227098358408874e-11
6.470378572479738e-11
7.371218545174711e-11
7.932432097484662e-11
1.235670579367371e-10
1.5436472861479825e-10
1.7338780353351778e-10
2.104747696938299e-10
2.463778026585428e-10
3.0956308668290206e-10
7.113324548632672e-10
2.4305675773083028e-9
3.5790210295767265e-9
4.024601561827976e-9
4.301917853857429e-9
3.036767033656656e-11
6.415058699282224e-10
2.3382703703569225e-9
3.3300965090811817e-9
3.947443876802067e-9
3.4602898618278987e-12
1.0505886860429938e-11
2.5407860163921196e-10
1.2561373686506958e-9
2.078068408739825e-9
2.618264661912092e-11
1.0705874012020972e-10
2.1347031355731416e-10
3.0200730515762595e-10
1.2154256859161579e-9
6.462222922598032e-11
2.721836839919996e-10
5.940608684516934e-10
8.040699197927163e-10
6.763124916975045e-10
1.5234394225811794e-7
2.524471261325627e-8
8.376344686347864e-10
5.858250326253693e-9
1.480886936581662e-8
1.0518645786868249e-7
6.419514461031668e-9
4.873955648408944e-9
1.3510245675248859e-8
8.701150920183841e-8
7.914056642296817e-9
7.195169284437822e-9
1.1078132031989637e-7
9.534771185148737e-9
5.414129900571709e-7