6.8385085011464075e-9
1.113593899314665e-8
1.288017492322928e-8
1.3528858150057119e-8
1.3932627463717557e-8
2.282830729442014e-8
2.942882814903569e-8
3.198339369067091e-8
3.357379793782857e-8
4.19672525531724e-8
4.760141411908842e-8
5.109939025053288e-8
5.58637396209135e-8
6.109650768760817e-8
6.842835741551332e-8
3.6926420270135515e-7
8.954149247867084e-7
1.1793447934533137e-6
1.2871855743144535e-6
1.3542700121069514e-6
1.0258060916505381e-8
1.009932727420611e-7
2.7560447470816516e-7
3.6843968318521534e-7
4.262208457032827e-7
2.6858906849693543e-10
5.438226747841643e-10
2.0373718434483754e-8
8.29815917870895e-8
1.3226886851919486e-7
2.9382367661062023e-10
7.357443035998277e-10
3.195112556725273e-10
1.4966940648992758e-9
4.833418445303217e-8
5.57688452132571e-10
1.381475827107001e-9
1.751310418759015e-9
5.093293532506775e-10
-1.0457436634561767e-8
0.00004065811563607155
3.690779144271144e-6
4.1399102711769196e-8
3.863425650241687e-8
7.519274708675895e-8
6.14377486448549e-6
4.3805733679605095e-7
3.141278554037961e-9
3.2628984880486545e-9
2.9727311432559284e-6
3.0723581517766453e-7
1.9161779681924947e-9
2.6544168261415983e-6
1.8238062321448685e-7
2.4556113380545202e-6
5.826486767041181e-9
9.719361479202254e-9
1.1329789650825726e-8
1.1929306870670724e-8
1.2302377557672582e-8
2.0843758173424712e-8
2.7363170845792755e-8
2.989620782827788e-8
3.1473179477366045e-8
4.017081179951972e-8
4.6005697303096196e-8
4.962724630854251e-8
5.472878250675413e-8
6.025904744723878e-8
6.814128301916517e-8
3.3233916411751646e-7
8.383053298646669e-7
1.1183057738886397e-6
1.2248704705219294e-6
1.291162057385256e-6
1.0168648427492806e-8
1.0557410592156179e-7
2.9392215760855677e-7
3.947267621791955e-7
4.5746613225270474e-7
2.5228749610315916e-10
4.823860548554613e-10
2.2614755990096136e-8
9.301171699143748e-8
1.4852134908437476e-7
2.727113954359833e-10
6.912500292091409e-10
1.8119227116301165e-10
1.4616131415265058e-9
5.490803851991703e-8
5.190547517112826e-10
1.2947024554913818e-9
1.6481772945261957e-9
1.942238586761084e-10
-1.2472571643858727e-8
0.00003863324275825051
3.805726061159133e-6
3.989427656027551e-8
3.637338742672097e-8
7.061259471270854e-8
6.660939338582387e-6
4.880985825114524e-7
3.2769033663437637e-9
3.273294820925121e-9
3.3467094061717487e-6
3.488671410006506e-7
2.146211535731662e-9
3.030527124761815e-6
2.094052721936356e-7
2.8271110985281532e-6
4.8937998515520925e-9
8.330127935437433e-9
9.777588487823826e-9
1.0316917919998303e-8
1.0652553258698258e-8
1.8626739458956198e-8
2.4901535571656863e-8
2.735008759615667e-8
2.8874604727977426e-8
3.769205883997131e-8
4.3611666980507234e-8
4.7284669998787145e-8
5.265675852056771e-8
5.8398493400019237e-8
6.674384604440077e-8
2.91448462545753e-7
7.626406475635464e-7
1.030430661649088e-6
1.1325851680240282e-6
1.1961382826871155e-6
9.745212634329022e-9
1.075297967391449e-7
3.0651783551377456e-7
4.138722714630459e-7
4.806854981357488e-7
2.2756556869830013e-10
3.9496249092526053e-10
2.4751678232214654e-8
1.0294529690697646e-7
1.6473363324145494e-7
2.4265899597839707e-10
6.226361734848819e-10
7.405382556807388e-12
1.387518031355468e-9
6.175981542284156e-8
4.6119140314993957e-10
1.158985055403338e-9
1.483239380009646e-9
-2.0136112684780626e-10
-1.4717448561620971e-8
0.00003551139929113292
3.8120775810099452e-6
3.6980493335773395e-8
3.27682161118783e-8
6.329492600123947e-8
7.077699566141245e-6
5.359704502929634e-7
3.3412030179203755e-9
3.1879201214900033e-9
3.723005889722739e-6
3.923167655799202e-7
2.3782585014774045e-9
3.424842394891732e-6
2.381771416426459e-7
3.2273886423405707e-6
4.041128145036322e-9
7.0021992128571845e-9
8.269345041369814e-9
8.741852288789106e-9
9.035973494246504e-9
1.6263988399114472e-8
2.2132519827916263e-8
2.4433259112965417e-8
2.5865958833118546e-8
3.4579651013879e-8
4.0444273703660034e-8
4.408179363886247e-8
4.96280956267959e-8
5.5466262142494585e-8
6.414500965069463e-8
2.4945507862647806e-7
6.739566869861148e-7
9.216561700245457e-7
1.016388924970818e-6
1.0753312665804427e-6
9.009654653383408e-9
1.0619033768632169e-7
3.111101500007226e-7
4.2273990751373704e-7
4.922103374079377e-7
1.9824313112614947e-10
2.905543751594242e-10
2.663668461644158e-8
1.1213898550723613e-7
1.7987494518571512e-7
2.084609816369965e-10
5.401172671142515e-10
-1.856635352629149e-10
1.2626898172429503e-9
6.867605090589976e-8
3.9348622404425736e-10
9.952612692807853e-10
1.2816463290230344e-9
-6.468362818794352e-10
-1.7108356336184496e-8
0.00003156970819487284
3.6906760209173353e-6
3.3025730663609757e-8
2.8341392649808282e-8
5.433662284188418e-8
7.334493975743315e-6
5.780443737120155e-7
3.324731392707397e-9
3.0167071890305655e-9
4.078165258489216e-6
4.3538695152545587e-7
2.6013158587265472e-9
3.826416417196405e-6
2.681734199355571e-7
3.6467049995764735e-6
3.30515178195244e-9
5.808574601305118e-9
6.892937586518866e-9
7.297644156210556e-9
7.549538219677513e-9
1.3916788897678551e-8
1.9241751648751525e-8
2.1339505645324292e-8
2.2645891133799655e-8
3.1009837653545054e-8
3.6665881184466475e-8
4.0172186607421544e-8
4.576794398042176e-8
5.156330617816433e-8
6.040315179026335e-8
2.0965338752063775e-7
5.806184694088473e-7
8.021542044604743e-7
8.87104535695187e-7
9.39964503185066e-7
8.048017501803768e-9
1.011877512249071e-7
3.057315622446796e-7
4.184593753214787e-7
4.886084284329931e-7
1.6959963816497998e-10
1.8415762157888664e-10
2.8078386344034828e-8
1.1977905162170848e-7
1.9265148852811312e-7
1.7621955472461032e-10
4.586169151138874e-10
-3.7431790782141224e-10
1.1036493435842757e-9
7.525260078742822e-8
3.2970431752085623e-10
8.364511775501564e-10
1.083737590976551e-9
-1.0883986346511034e-9
-1.9538931500387488e-8
0.000027273120888290942
3.4393226917928026e-6
2.871925283257591e-8
2.392698626522186e-8
4.555053597462552e-8
7.368570391536539e-6
6.09594832732831e-7
3.2276534682273735e-9
2.789608800816527e-9
4.382878589148396e-6
4.7537308540834894e-7
2.8020950752018273e-9
4.211336585134258e-6
2.9794304306271417e-7
4.070250554910545e-6
2.66587823792516e-9
4.750929771129181e-9
5.662075264215917e-9
6.002331663608215e-9
6.2141423196985256e-9
1.1683921613200481e-8
1.6372774494762954e-8
1.822815956503078e-8
1.9383718513902724e-8
2.7157185607085476e-8
3.245154158852153e-8
3.573146697434967e-8
4.1227901041212416e-8
4.682555771011354e-8
5.561725759268844e-8
1.7400185377266252e-7
4.907148622492829e-7
6.830175702904386e-7
7.569317914735319e-7
8.029264582952645e-7
6.988005541446816e-9
9.269748209359232e-8
2.894108161178708e-7
3.9930989942872996e-7
4.6769270974445843e-7
1.454399855799123e-10
9.074684178231232e-11
2.8844970421797488e-8
1.2484850790811617e-7
2.014337684527381e-7
1.5000280498399169e-10
3.9018784354356163e-10
-5.359540921768116e-10
9.156730452240533e-10
8.098133301994391e-8
2.801198531300556e-10
7.098476596896315e-10
9.237218014713455e-10
-1.4753810927809814e-9
-2.1843531664559815e-8
0.000023125556687302436
3.080754242414603e-6
2.4759615692683154e-8
2.0264455861152247e-8
3.854351599658647e-8
7.129445024197109e-6
6.251031451000395e-7
3.0564487020954153e-9
2.5412404017094166e-9
4.599812776601124e-6
5.086737057187481e-7
2.961917704080113e-9
4.5505493487920924e-6
3.256398924327759e-7
4.472979172230704e-6
2.1248426600261564e-9
3.839989791804105e-9
4.595349082282596e-9
4.8775908891801295e-9
5.053245802026715e-9
9.663138033699832e-9
1.3683721034560613e-8
1.5280123882436292e-8
1.6274372841645398e-8
2.325919282347394e-8
2.805996235796525e-8
3.103155115958756e-8
3.626800748320025e-8
4.151239669567783e-8
5.0022966840402505e-8
1.4298103137194245e-7
4.0956930129976436e-7
5.728823734573133e-7
6.35757354746545e-7
6.748812925997489e-7
5.9463993188949756e-9
8.161324010274076e-8
2.6298791751929813e-7
3.658532683924535e-7
4.2985256907069104e-7
1.2525011517558716e-10
1.740764263915436e-11
2.8681925129264323e-8
1.2620472045855283e-7
2.0437511702515513e-7
1.2886416719839448e-10
3.3498172876940244e-10
-6.60316514810282e-10
6.90916802943194e-10
8.51829278364962e-8
2.417772193040796e-10
6.127283151346692e-10
7.994295685780878e-10
-1.7911550395542622e-9
-2.3866940688704283e-8
0.000019431531803924632
2.662951679582052e-6
2.1366151640140547e-8
1.7416364984079294e-8
3.3314732111978435e-8
6.6042614748614234e-6
6.189669268000734e-7
2.815051007976247e-9
2.2815347390768976e-9
4.68624773626723e-6
5.30797822319426e-7
3.055524009465644e-9
4.805972689289819e-6
3.4879492644044444e-7
4.823052485696042e-6
1.6762175300580521e-9
3.0675667959402677e-9
3.686409662749384e-9
3.917708734584311e-9
4.0617040450461785e-9
7.89667524232835e-9
1.127699788574874e-8
1.2621558841248766e-8
1.345903363679125e-8
1.9537708321604946e-8
2.375567414665202e-8
2.6363982590370938e-8
3.1186691994446377e-8
3.594233015780339e-8
4.393754646727593e-8
1.1561437091668903e-7
3.3771709299396333e-7
4.746044713836112e-7
5.273474276277583e-7
5.601671523495312e-7
4.988411127113602e-9
6.95214711234405e-8
2.29731529569064e-7
3.219276010755244e-7
3.792820257642063e-7
1.0507132311488585e-10
-3.8591422969843186e-11
2.7377429550081568e-8
1.2280073099929928e-7
1.9974388061682997e-7
1.0739489735071992e-10
2.7999092573913325e-10
-7.522858483756922e-10
4.0858666525173677e-10
8.705010666640209e-8
2.0036703864289716e-10
5.111853199339153e-10
6.695038996027158e-10
-2.0563532410857475e-9
-2.5447360363997743e-8
0.000016145069985433348
2.2471699362035793e-6
1.808119569762735e-8
1.4595641118085442e-8
2.7934099284068893e-8
5.846836174257123e-6
5.871935454641654e-7
2.5025763701102032e-9
1.98260276837766e-9
4.600999024112876e-6
5.367225198045507e-7
3.052656245220563e-9
4.932899076682625e-6
3.6431668969712064e-7
5.0792230757873455e-6
1.3126622288443423e-9
2.421557862039715e-9
2.920986740968265e-9
3.107773777412697e-9
3.224062569774626e-9
6.379498202699902e-9
9.187900893375801e-9
1.0305596151790452e-8
1.100178462011784e-8
1.615954474120711e-8
1.9764447002601256e-8
2.1991280794658893e-8
2.6279422510941085e-8
3.045334951894157e-8
3.7727761498448455e-8
9.13540908535508e-8
2.736974245890415e-7
3.8743155003794817e-7
4.312783284806042e-7
4.5856319247689976e-7
4.139250904955402e-9
5.826407393946484e-8
1.9496216872050562e-7
2.744500199660381e-7
3.2389378485390226e-7
8.336801885739756e-11
-7.849860181260104e-11
2.4897663859054116e-8
1.141469030228788e-7
1.866255182488396e-7
8.326930104289623e-11
2.180201612956582e-10
-8.10235569963602e-10
6.854138143351248e-11
8.578457664682023e-8
1.5257175701815752e-10
3.9174446323162937e-10
5.164353045017474e-10
-2.2632787254164268e-9
-2.6359602470603417e-8
0.000013114781754966581
1.8845573503270822e-6
1.4543126183813305e-8
1.130426201480198e-8
2.1376184505842668e-8
4.986944612402583e-6
5.302148679469421e-7
2.1399279016552834e-9
1.6382338558200778e-9
4.319430575902958e-6
5.218617170657226e-7
2.9298553674382542e-9
4.885613343803372e-6
3.687385239493174e-7
5.1936812517151675e-6
1.025251754114612e-9
1.893112591508022e-9
2.288315743311383e-9
2.4362561436784534e-9
2.5283838224484848e-9
5.0849138669317415e-9
7.397789700549786e-9
8.319225059687295e-9
8.893218735450505e-9
1.3206383705367386e-8
1.622782844847421e-8
1.809249830213254e-8
2.178366587859425e-8
2.5343407512320488e-8
3.1753881792773545e-8
7.117548337188612e-8
2.179746863991071e-7
3.1134461160392727e-7
3.473863532764329e-7
3.6981655886252546e-7
3.392984289388281e-9
4.898825751128793e-8
1.6391089584113938e-7
2.3088522103303429e-7
2.725437267515966e-7
6.506734566073391e-11
-9.194091108653815e-11
2.154690203978282e-8
1.0094916116918516e-7
1.6592922129435569e-7
6.434732700429599e-11
1.6799602869019986e-10
-8.042237494917152e-10
-2.6937916394508546e-10
8.088692058456959e-8
1.1644014528562987e-10
2.981976232885834e-10
3.9485885913020863e-10
-2.3280245979846867e-9
-2.6288731901491695e-8
0.000010439737250491177
1.5873961047691687e-6
1.146502919557779e-8
8.63683889362159e-9
1.617823866029128e-8
4.188958394958389e-6
4.559171297473465e-7
1.7951511992260703e-9
1.3349443705043893e-9
3.85634828598497e-6
4.840408294903376e-7
2.6887415548948235e-9
4.631358443142277e-6
3.588778151604187e-7
5.11884192597501e-6
8.023811752550246e-10
1.4742348313506689e-9
1.7815015141484098e-9
1.8966124204948783e-9
1.9683050210958124e-9
3.993911897462678e-9
5.870564796100148e-9
6.620799803385617e-9
7.088175154878615e-9
1.0673556984823032e-8
1.3180975197737563e-8
1.4727450897057176e-8
1.783140662965986e-8
2.0807569996458584e-8
2.6298984900226773e-8
5.5210171360266824e-8
1.7036890631775238e-7
2.4497879461736534e-7
2.7384835320604583e-7
2.9181552401174453e-7
2.7089225096076285e-9
4.1205836757469476e-8
1.38306306723332e-7
1.946747975357236e-7
2.297380881050607e-7
5.1857958009059094e-11
-8.294717048104411e-11
1.798363263558418e-8
8.550226173660194e-8
1.411099565324424e-7
5.173394974557735e-11
1.346667679181541e-10
-7.318488963416189e-10
-5.305967386439381e-10
7.252075546498964e-8
9.350912496192573e-11
2.3964515333988467e-10
3.1796549397366157e-10
-2.2221990973181677e-9
-2.503104206429807e-8
8.149703057102491e-6
1.315455905457445e-6
9.186908281345698e-9
6.920973345783459e-9
1.3047339375485601e-8
3.5493263590512434e-6
3.7971192386198e-7
1.5093443802339266e-9
1.1155345405982465e-9
3.2861013097293743e-6
4.263274179303543e-7
2.3593485746522583e-9
4.1736671331183445e-6
3.3317273496614646e-7
4.823271543917945e-6
6.309284416515565e-10
1.1506299677241782e-9
1.387927636945642e-9
1.4768363366550277e-9
1.532222154567156e-9
3.1031301109504873e-9
4.587216973717486e-9
5.1835544717366394e-9
5.55509411556794e-9
8.506704507515417e-9
1.0573742563920612e-8
1.184831042286329e-8
1.4433520292163964e-8
1.689969818310579e-8
2.1508944012733307e-8
4.261575745298591e-8
1.30909985743503e-7
1.885421468171322e-7
2.108957908642948e-7
2.2480886663625322e-7
2.0920388242066045e-9
3.3447950284304736e-8
1.153187817686381e-7
1.6297918668531284e-7
1.926270826388355e-7
3.96819412254729e-11
-7.696275399429761e-11
1.4970407807944946e-8
7.115264325377039e-8
1.1750336139989856e-7
3.923102210699173e-11
1.0212180695896593e-10
-6.333338984952387e-10
-6.521700280588955e-10
6.192421536630004e-8
6.99538137463456e-11
1.7970023725605535e-10
2.40086989226111e-10
-2.0080940174763075e-9
-2.2644181539527392e-8
6.220548780833391e-6
1.0345672765064955e-6
7.075960708323735e-9
5.201314745803543e-9
9.738912348969313e-9
3.011127120527834e-6
3.1786479266594184e-7
1.2546790690629287e-9
9.117471067274991e-10
2.732882391770963e-6
3.590970082453636e-7
1.998755009255828e-9
3.577869502777662e-6
2.9364124040038016e-7
4.317508695327551e-6
4.985798060094048e-10
9.013519332446684e-10
1.084754422638137e-9
1.1534666140342801e-9
1.1962733195921509e-9
2.404866927474193e-9
3.5489464042781383e-9
4.009612438697804e-9
4.2966263433237214e-9
6.663822221723466e-9
8.340195825963596e-9
9.373622267481851e-9
1.152429086898513e-8
1.3558702942260272e-8
1.738650064730475e-8
3.311076692699077e-8
1.0123970649964949e-7
1.455690517282637e-7
1.6276981853506253e-7
1.7347482159885912e-7
1.5950147145281798e-9
2.566701497188404e-8
9.215628069382061e-8
1.3158891997181432e-7
1.5611555323042654e-7
3.101400745972549e-11
-7.971514207286273e-11
1.2872367663063733e-8
6.041592255082985e-8
9.946728066431427e-8
3.054839231144111e-11
7.898663727547495e-11
-5.316231406534683e-10
-5.808177177279084e-10
5.141064331520248e-8
5.43325561122989e-11
1.3916129693680785e-10
1.8634756787185442e-10
-1.7115471213995693e-9
-1.9446455653117265e-8
4.816481072161265e-6
7.862445810045828e-7
5.530561339788495e-9
4.022100725337037e-9
7.549050414000693e-9
2.4501942558492376e-6
2.749247987334438e-7
1.0188445246111142e-9
7.243917091573595e-10
2.3076541836134974e-6
2.9772736820281864e-7
1.6818913142794337e-9
2.972328001417696e-6
2.4737325773485204e-7
3.679850746976635e-6
3.9657909560599907e-10
7.094658112411748e-10
8.514161834302032e-10
9.045998614221875e-10
9.37742468415879e-10
1.869029597478867e-9
2.7451104891772863e-9
3.0967183472936908e-9
3.315808804001003e-9
5.147945610667468e-9
6.464335337392126e-9
7.27519004860036e-9
9.041370040414111e-9
1.0693506320761919e-8
1.3850966175293366e-8
2.574370880014627e-8
7.813938690757159e-8
1.122674770457252e-7
1.2550156486856406e-7
1.3373878498950412e-7
1.2315051510887063e-9
1.955654258037773e-8
7.086353487839391e-8
1.0183212209776952e-7
1.210894078811074e-7
2.408535100184519e-11
-8.565438742695872e-11
1.1073896843689077e-8
5.22613474657598e-8
8.601608815820766e-8
2.3556291490373038e-11
6.032444510265312e-11
-4.607886254813258e-10
-3.933436220835478e-10
4.322526166590603e-8
4.13919846928251e-11
1.0564766355476192e-10
1.4161445381209922e-10
-1.4312105492159666e-9
-1.616032143085755e-8
3.6966280076918446e-6
6.080088501395753e-7
4.2152948095018035e-9
3.0604248804186062e-9
5.72269246454467e-9
1.8856770387213611e-6
2.3425008980977824e-7
8.000573496743226e-10
5.543436285507306e-10
2.0023727059463807e-6
2.537351149545171e-7
1.4371025625049229e-9
2.4914233447514347e-6
2.0501211986095483e-7
3.0518451186165626e-6
3.17377814303474e-10
5.622130812392205e-10
6.724974821540897e-10
7.138172167846879e-10
7.395706264613975e-10
1.4567421136757534e-9
2.1318027019733217e-9
2.4026405481205514e-9
2.5713981237015505e-9
3.966437036972393e-9
4.970123514928254e-9
5.5873646342680565e-9
6.980596259679117e-9
8.274070308156819e-9
1.0836348405630541e-8
2.0222867889705722e-8
6.04181929107953e-8
8.653003870568361e-8
9.66602796021227e-8
1.0296526334692262e-7
9.421650157334715e-10
1.5144490551413784e-8
5.408871764311744e-8
7.745652755063392e-8
9.198779632598029e-8
1.8914185778233148e-11
-6.767532395283582e-11
8.650572387291371e-9
4.268692608771133e-8
7.091941632087278e-8
1.856543453624282e-11
4.699568280554412e-11
-4.1215746260699247e-10
-3.154531697569686e-10
3.759455846851338e-8
3.232071689560417e-11
8.231968557835306e-11
1.1020711225990766e-10
-1.229090388769676e-9
-1.3539704543162611e-8
2.845680146995403e-6
4.6617347432126033e-7
3.255730002272279e-9
2.3773864117234487e-9
4.4571724968834335e-9
1.432282242055963e-6
1.787965003806901e-7
6.185866526622034e-10
4.3089358501722086e-10
1.6670919462772185e-6
2.2131782413894553e-7
1.215320513779756e-9
2.165884755816465e-6
1.7468879574702883e-7
2.569688197996655e-6
2.550495070407535e-10
4.484610570886378e-10
5.348059507240319e-10
5.671369333065154e-10
5.872911785631035e-10
1.1405158535505829e-9
1.6583522671584985e-9
1.866539352652627e-9
1.996260275093287e-9
3.0681310220281925e-9
3.834226319551529e-9
4.3047919245862415e-9
5.360032012762387e-9
6.336761781532484e-9
8.347724282174226e-9
1.6029817930385327e-8
4.710450862991011e-8
6.712568123741133e-8
7.489061439938982e-8
7.972343882358622e-8
7.184564893166779e-10
1.148803216259087e-8
4.150114856885806e-8
5.943781490375829e-8
7.059411903450592e-8
1.4671984046403017e-11
-4.246273439017855e-11
6.240182216527477e-9
3.156997529739783e-8
5.292216171784341e-8
1.4717706942111978e-11
3.6749366891301e-11
-3.433045115233621e-10
-4.779189250397059e-10
3.1706034017110195e-8
2.5458776078432965e-11
6.44101340174126e-11
8.583084216622005e-11
-1.0874522657381483e-9
-1.1797093166025022e-8
2.2108274619089473e-6
3.5273159981326554e-7
2.5186987653736062e-9
1.854289907286126e-9
3.4860828915144997e-9
1.1049619692949223e-6
1.3042304703979098e-7
4.771096582837781e-10
3.3119620525579527e-10
1.2430481915821954e-6
1.798335828593904e-7
9.61337970827915e-10
1.843956276658757e-6
1.5253865496956947e-7
2.240827248999432e-6
2.0525434614400912e-10
3.59543042217544e-10
4.2786149099523634e-10
4.534319174132182e-10
4.693709733245114e-10
8.998179205528309e-10
1.296828502203612e-9
1.4558165255573667e-9
1.5548837922127646e-9
2.3725974865636755e-9
2.9614251523526707e-9
3.3233854035019343e-9
4.128836958531912e-9
4.87076604227827e-9
6.399467225841396e-9
1.2830192163801617e-8
3.705894781629286e-8
5.249881261076287e-8
5.847944407882112e-8
6.220168724943545e-8
5.556054057495769e-10
8.67735722829827e-9
3.145319135607054e-8
4.5230431864695335e-8
5.379716160409332e-8
1.1559436381118188e-11
-3.833578602588228e-11
4.9882078228838555e-9
2.4111004446364993e-8
4.0026901881955967e-8
1.1661494486882253e-11
2.90487207626042e-11
-2.4392079198744807e-10
-5.327836207378773e-10
2.360175225787316e-8
2.0325726560912528e-11
5.117063996536839e-11
6.793484625312361e-11
-8.92524031815927e-10
-1.0089265605562762e-8
1.733355327541337e-6
2.685635501967446e-7
1.9623753333592037e-9
1.4691554550350773e-9
2.769341283546464e-9
8.377147365224034e-7
1.0574520473119998e-7
3.633684478332403e-10
2.5572561899574275e-10
9.324560615329931e-7
1.2936635790103354e-7
7.340287030246016e-10
1.3840037137098518e-6
1.240559926815898e-7
1.8858986095400817e-6
1.6485467446962251e-10
2.889502547270851e-10
3.4349563500316303e-10
3.6390062920993485e-10
3.766186654843604e-10
7.14896992242517e-10
1.0230198898560062e-9
1.1462896898673209e-9
1.223094815753999e-9
1.8415793652532667e-9
2.2868534949189423e-9
2.560636050374007e-9
3.178451220510794e-9
3.7501979304875215e-9
4.912846064674128e-9
1.0349579601948158e-8
2.947486622986929e-8
4.1518482016395464e-8
4.617859274991281e-8
4.907881746590805e-8
4.3304755472697874e-10
6.623781644033218e-9
2.3655154162893275e-8
3.387711958282038e-8
4.02343282872515e-8
9.273433755462853e-12
-2.6128322159775873e-11
3.780811057859737e-9
1.8911828116559223e-8
3.1511011744138115e-8
9.334770761115662e-12
2.326733869252988e-11
-1.8446798264722082e-10
-2.458472265294171e-10
1.7382642374901123e-8
1.6393898011076645e-11
4.1209303072188256e-11
5.4475656308828536e-11
-6.335997166142548e-10
-7.550703333722515e-9
1.377130197619979e-6
2.0594124781309914e-7
1.5512276065126249e-9
1.1805645672134146e-9
2.2320495481286596e-9
6.254393313368079e-7
7.748546599577605e-8
2.756420186220024e-10
1.9570470207000587e-10
7.426873073642369e-7
1.0008967931218861e-7
5.702941533499146e-10
1.0074700937871695e-6
8.890136516564306e-8
1.388906359258375e-6
1.3167648878286857e-10
2.3201959597158944e-10
2.7591388545093464e-10
2.923264462002285e-10
3.025560981211945e-10
5.711859857827471e-10
8.120793734618795e-10
9.081839040910682e-10
9.680607175062264e-10
1.44151329985143e-9
1.7805925168037973e-9
1.9888101970395015e-9
2.4498412334985383e-9
2.877052764559388e-9
3.762875273318518e-9
8.383937566442517e-9
2.365785909079029e-8
3.316232313957653e-8
3.683442636922947e-8
3.911967814931132e-8
3.4224321745458795e-10
5.075316937881427e-9
1.799365772681431e-8
2.5748130866806156e-8
3.057019130256719e-8
7.434022990199289e-12
-1.8001406181084738e-11
2.7576516274802618e-9
1.3753011652943231e-8
2.302567434716689e-8
7.623431809636988e-12
1.887598920737259e-11
-1.487833405740282e-10
-2.393816613474247e-10
1.4135447899259028e-8
1.3382514483865394e-11
3.3585125978786276e-11
4.4172838103169357e-11
-4.844155229462155e-10
-5.45135056315849e-9
1.1062508511766208e-6
1.5957639360864235e-7
1.2361337854050101e-9
9.596982520103746e-10
1.8202095611856924e-9
4.7375438626713613e-7
5.835510233475792e-8
2.0996751175511696e-10
1.5089847602023562e-10
5.383232506600631e-7
7.906841026699971e-8
4.237673228183772e-10
8.247309830722438e-7
6.866758581559518e-8
1.0245162158188955e-6
1.0423920747553884e-10
1.8547545611897993e-10
2.2094858992250943e-10
2.342073430336867e-10
2.42469700114515e-10
4.577519530911015e-10
6.483606598310902e-10
7.242649562861044e-10
7.715531841411293e-10
1.1355648674641684e-9
1.3956690099836464e-9
1.5556839986634893e-9
1.9041384927852045e-9
2.22791948729371e-9
2.889501856749447e-9
6.791072662609043e-9
1.9106137433743973e-8
2.6694561356845972e-8
2.9622393673974973e-8
3.1444403074308956e-8
2.738024319519655e-10
3.946566836456166e-9
1.3745659626859754e-8
1.9582112223765497e-8
2.3212072015914547e-8
6.0172339478863274e-12
-1.1411803587471196e-11
2.0791292867762505e-9
1.0344802622627328e-8
1.7239368903107582e-8
6.176376126595744e-12
1.537915073960268e-11
-9.974104724354959e-11
-2.16722161886539e-10
1.0005990921204832e-8
1.1005248225341443e-11
2.7555816816269087e-11
3.611195989715572e-11
-3.8433991363602727e-10
-4.492242226504823e-9
8.959452267804191e-7
1.253424325384431e-7
9.957720394920492e-10
7.85769276218617e-10
1.4947300483697046e-9
3.5864053740430553e-7
4.293205813311468e-8
1.5989068493121058e-10
1.1809015452343056e-10
4.051440640688959e-7
5.546733291866636e-8
3.2095781473978545e-10
5.849439157574926e-7
5.4234366780512656e-8
8.363960725560525e-7
8.153739697904278e-11
1.470886447317094e-10
1.7575784877142925e-10
1.8647105489512384e-10
1.931463152437504e-10
3.6673161796041163e-10
5.189360965912725e-10
5.79427594994468e-10
6.171117421974784e-10
9.004265945671012e-10
1.101696566966233e-9
1.2254792277049854e-9
1.4881612473899115e-9
1.7345023027439449e-9
2.2327931636730377e-9
5.475183690797762e-9
1.5462630773313237e-8
2.1577839166362808e-8
2.393459816005313e-8
2.5401175308807553e-8
2.2122007536955068e-10
3.1085769150059797e-9
1.0642462510178246e-8
1.5102853412437556e-8
1.7876934135604258e-8
4.871055422604954e-12
-7.520059002150752e-12
1.5501224756176845e-9
7.635502408169285e-9
1.273487306903105e-8
5.030528316320565e-12
1.2565186337029335e-11
-7.66334597465394e-11
-1.3008103262104468e-10
7.619362758154567e-9
9.00830279800097e-12
2.2608757424367393e-11
2.953247740864387e-11
-2.6071017693379863e-10
-3.140268771881813e-9
7.284218529344643e-7
9.979073055303231e-8
8.066723351953874e-10
6.443253915673898e-10
1.2280697072119776e-9
2.751521391792114e-7
3.239764501278578e-8
1.2359509648076296e-10
9.263712571408308e-11
2.977735071588324e-7
4.249389651517592e-8
2.347676804341988e-10
4.4476064513976364e-7
3.766210607539673e-8
5.801694244837819e-7
6.286401579677824e-11
1.1535129307718007e-10
1.384180069107235e-10
1.4703726411341454e-10
1.5240681610461171e-10
2.926346321391886e-10
4.149844222550944e-10
4.6355322203473055e-10
4.938081599989981e-10
7.167813126217462e-10
8.741830241868133e-10
9.71082893628984e-10
1.1713772253187938e-9
1.3608163871936933e-9
1.735279692037329e-9
4.374525387817199e-9
1.2482110571936155e-8
1.7435819922374053e-8
1.9343500082405652e-8
2.0530591122519904e-8
1.7971559712730942e-10
2.4801948366116576e-9
8.35168257887701e-9
1.1800346600929903e-8
1.3945320208077633e-8
3.9313952273981425e-12
-4.513906674871716e-12
1.1599461537463123e-9
5.69340749596777e-9
9.480822224684617e-9
4.056145188172572e-12
1.021280459481625e-11
-5.3508236720791435e-11
-9.070357661800996e-11
5.456139558768214e-9
7.345885976500132e-12
1.845481503394652e-11
2.4071817851886193e-11
-1.982024328501475e-10
-2.3903315810015014e-9
5.914602061204889e-7
8.033736616550895e-8
6.539287948465557e-10
5.258770349650066e-10
1.0034052020600464e-9
2.1407532667250595e-7
2.4345681203943153e-8
9.591693965323867e-11
7.340232273553798e-11
2.216863221159067e-7
3.0875570431029715e-8
1.7482681717727548e-10
3.172447290446417e-7
2.8740753356964162e-8
4.451461244375343e-7
4.768223141023318e-11
8.921983885875168e-11
1.0761601395791275e-10
1.1449100280728877e-10
1.1877332738541776e-10
2.3173757583714547e-10
3.303377309809715e-10
3.694632280646474e-10
3.938345940912374e-10
5.710761646810317e-10
6.954593902600865e-10
7.721055725663378e-10
9.261701915320445e-10
1.072967660373198e-9
1.3569044765959047e-9
3.450416268875929e-9
1.0004182131080827e-8
1.4017940089612914e-8
1.556318785180541e-8
1.6524734340447402e-8
1.4601623155975517e-10
1.9985086927303753e-9
6.636860028478392e-9
9.33997836103259e-9
1.1021359785718032e-8
3.144923766340015e-12
-2.6794533993266186e-12
8.810479509709485e-10
4.270027351598224e-9
7.088436817614575e-9
3.2402983103898e-12
8.223083012001503e-12
-3.798353553623791e-11
-7.118762438225656e-11
4.026539405872296e-9
5.9036760891899444e-12
1.488774325725488e-11
1.941890931753444e-11
-1.3976736779155452e-10
-1.6721278156873083e-9
4.771389301261872e-7
6.513172789258189e-8
5.277902264364391e-10
4.247302844604321e-10
8.104187534040894e-10
1.6890069174150977e-7
1.8527736581433684e-8
7.534847513330903e-11
5.83718485589612e-11
1.6541984059413737e-7
2.2572343720027357e-8
1.2819620009537295e-10
2.344556547180215e-7
2.0678153399603182e-8
3.1327438514013506e-7
3.5538343849606527e-11
6.792128127906924e-11
8.240897644670366e-11
8.782505732619587e-11
9.119819067986155e-11
1.8153048347332458e-10
2.608215972525361e-10
2.922981520832062e-10
3.119044645388377e-10
4.5376538711230195e-10
5.527953705533816e-10
6.138656253210313e-10
7.336975190925215e-10
8.488590709429225e-10
1.0661915180442726e-9
2.6783934390152997e-9
7.92785304692789e-9
1.116394549699777e-8
1.2410033145967827e-8
1.3185423903878736e-8
1.1799973338097315e-10
1.6187502517447411e-9
5.3256716362306675e-9
7.471769753881384e-9
8.806752587565597e-9
2.483539897981256e-12
-1.663619659394049e-12
6.782602142416241e-10
3.2431961176400357e-9
5.3673758976914804e-9
2.54633326616097e-12
6.52299436055524e-12
-2.7516940428568806e-11
-4.48822235721035e-11
2.9604375209355155e-9
4.6651210466979625e-12
1.181296874376245e-11
1.5426406359775672e-11
-9.876840829190069e-11
-1.2201663394342264e-9
3.8060597292542655e-7
5.28925344987161e-8
4.219696496383003e-10
3.3771154562643796e-10
6.436713151767153e-10
1.3490312311695074e-7
1.431984883786236e-8
5.965358430895545e-11
4.65236973694787e-11
1.2493281490635594e-7
1.674916129721983e-8
9.542331864881056e-11
1.7196554297497285e-7
1.4863521719228577e-8
2.274604211881447e-7
2.6013199324230448e-11
5.082153563218019e-11
6.20538838042338e-11
6.625506121807134e-11
6.887128081609323e-11
1.4028103195558772e-10
2.0361653358631363e-10
2.287890720703407e-10
2.4446862784462673e-10
3.5830434394172644e-10
4.3745230525792996e-10
4.862944893332229e-10
5.804540307074109e-10
6.715455988705688e-10
8.39348578808595e-10
2.041476123027887e-9
6.1900456590771616e-9
8.773729299343567e-9
9.769243678038114e-9
1.0388721892350717e-8
9.436745414556949e-11
1.310801621517198e-9
4.295698701566213e-9
6.015795768735912e-9
7.085828631345211e-9
1.928836097162975e-12
-1.176043245565735e-12
5.298537874522091e-10
2.499568740750242e-9
4.123047928564563e-9
1.962594681219746e-12
5.078326993605747e-12
-2.024190116513148e-11
-2.7326802998198084e-11
2.191342486460392e-9
3.6082057415853897e-12
9.181242479676443e-12
1.2022732753855251e-11
-7.099731801308732e-11
-8.789458535409927e-10
2.9899953269568485e-7
4.2783879067066413e-8
3.3273010119569105e-10
2.632575724878831e-10
5.006194585527307e-10
1.0864748239482085e-7
1.1236081368207972e-8
4.745011093606768e-11
3.6978742961431853e-11
9.573350267392088e-8
1.255476711748841e-8
7.169160956479987e-11
1.2686472326309083e-7
1.0829028279636553e-8
1.647478279305242e-7
1.870265586878557e-11
3.734823554002651e-11
4.5902088078353774e-11
4.9103491240654566e-11
5.1096990917182165e-11
1.0671436082004144e-10
1.5675825419368896e-10
1.766854217006953e-10
1.8909793289464737e-10
2.802487314026634e-10
3.4347303768769513e-10
3.825093202888119e-10
4.570398889057232e-10
5.29440779290774e-10
6.601179592394671e-10
1.5256895031968762e-9
4.7493456766909886e-9
6.78359774844682e-9
7.56824338597066e-9
8.05651863326121e-9
7.436428748734436e-11
1.0553628375955675e-9
3.4644736800114047e-9
4.849642756356444e-9
5.711346010303582e-9
1.4696972199681443e-12
-9.968552271895611e-13
4.19299365844081e-10
1.9541463660489806e-9
3.2130432635177613e-9
1.4805808498335659e-12
3.870079869881359e-12
-1.5221891265280625e-11
-1.601607144645949e-11
1.642520587512878e-9
2.7245733792122786e-12
6.9708138065422054e-12
9.165970764613496e-12
-5.158250049098872e-11
-6.332832598599318e-10
2.3061509054163417e-7
3.4288095453120966e-8
2.579034942963645e-10
2.00630743223974e-10
3.802213017233539e-10
8.777339050997176e-8
8.92745979321451e-9
3.777546610602967e-11
2.92062183120835e-11
7.445238405539435e-8
9.531168502490323e-9
5.4489011147803115e-11
9.47760568359348e-8
7.94401249139419e-9
1.1953939535902855e-7
1.3217496873739998e-11
2.695573181266783e-11
3.3345302696704033e-11
3.5738505248004994e-11
3.722871389719313e-11
7.979741075502862e-11
1.1877709861603125e-10
1.3433654690143337e-10
1.4402878536616164e-10
2.165252378284065e-10
2.667797205974659e-10
2.9781861362735555e-10
3.570161587651822e-10
4.146035936723636e-10
5.170090544721608e-10
1.1174616801853503e-9
3.5744711809126232e-9
5.1488263398712226e-9
5.756940442651893e-9
6.135377825706209e-9
5.755523589468243e-11
8.406236029119156e-10
2.778892609157566e-9
3.89360931883143e-9
4.587070818990626e-9
1.0977595909965204e-12
-9.683424435741578e-13
3.348343115162925e-10
1.545833445932298e-9
2.5348633080095922e-9
1.0927350919453432e-12
2.8840796314349338e-12
-1.1755304300010529e-11
-8.868359057235606e-12
1.248683521716799e-9
2.0075560788027586e-12
5.165830291852905e-12
6.829449967662574e-12
-3.802452185947891e-11
-4.604451704741594e-10
1.7428343933464417e-7
2.7100905126101234e-8
1.9612836259386925e-10
1.4931797329158452e-10
2.8173321450320594e-10
7.073297902650089e-8
7.151957151404388e-9
2.9973040047637065e-11
2.2849838356679547e-11
5.865131967784376e-8
7.342053155912274e-9
4.194335979613635e-11
7.1806751302729e-8
5.8811479547275794e-9
8.750086957010765e-8
9.193244018951696e-12
1.911772752198571e-11
2.3796884612960585e-11
2.5550929662484495e-11
2.6643174529352677e-11
5.860711091698924e-11
8.845741102532631e-11
1.0040691759295052e-10
1.0785085369381447e-10
1.6488941603537498e-10
2.0447661337345667e-10
2.2893037882164344e-10
2.759071523628494e-10
3.215493085244002e-10
4.0202721278068347e-10
8.024485053708747e-10
2.6366846139496407e-9
3.831588238531267e-9
4.293915702467867e-9
4.581642292710268e-9
4.365345774277072e-11
6.59623536826198e-10
2.2060765394376506e-9
3.0978058594092303e-9
3.6525408174512748e-9
8.043108103455135e-13
-9.88827479139873e-13
2.685493599224417e-10
1.2322775407461068e-9
2.01677526733863e-9
7.89973533942041e-13
2.1029390449882316e-12
-9.309514679797286e-12
-4.521264776626623e-12
9.629207853616803e-10
1.445222639308527e-12
3.739952923787867e-12
4.976981262269715e-12
-2.8617904637253752e-11
-3.386757869074648e-10
1.2893576877801405e-7
2.104711078536271e-8
1.462475772527862e-10
1.0858412064591185e-10
2.03841671577003e-10
5.655326192672543e-8
5.748049384540796e-9
2.3611468777411204e-11
1.766617845723571e-11
4.6627564177011336e-8
5.732392929302399e-9
3.2655781699823415e-11
5.520166921340257e-8
4.415493613571097e-9
6.480592812503104e-8
6.3029825313317595e-12
1.3338169247271335e-11
1.6698387967149864e-11
1.7959128551392104e-11
1.8744249293051756e-11
4.22709998963142e-11
6.470381067809574e-11
7.371221387530381e-11
7.93243515624653e-11
1.2356710562559886e-10
1.5436478814934851e-10
1.733878703924541e-10
2.1047485114210677e-10
2.4637789773232704e-10
3.0956320748111617e-10
5.656008214276386e-10
1.906247725304657e-9
2.7944820794077596e-9
3.1388027231959087e-9
3.353099838206822e-9
3.2408264893427453e-11
5.082081664485136e-10
1.7262206287698393e-9
2.4319182203978374e-9
2.870911868479369e-9
5.790696247004123e-13
-9.97893353545268e-13
2.1514956264924382e-10
9.849847600924099e-10
1.6103880215852217e-9
5.607083214824655e-13
1.5027343367706931e-12
-7.513109022066678e-12
-2.053066114705169e-12
7.516561788905545e-10
1.0189009361992839e-12
2.6506736737239634e-12
3.554088554696629e-12
-2.198494096154798e-11
-2.5268507460128847e-10
9.3385251836877e-8
1.6017540554506682e-8
1.0697575936587763e-10
7.728683445891583e-11
1.4431588473397137e-10
4.464907588520766e-8
4.608546360872711e-9
1.840326436051345e-11
1.3473040796105177e-11
3.7232100696227384e-8
4.522153566808889e-9
2.564094516124578e-11
4.298124579293509e-8
3.362834535980894e-9
4.8680796469946054e-8