9.778744557466089e-9
1.5469918936523612e-8
1.748038131272378e-8
2.997363731337434e-8
3.698544472672704e-8
4.988658215170134e-8
0.000021090542169753706
0.00007613288246639048
0.00009456496198234904
-2.1029583387572113e-6
-0.00002021409529699863
0.00001134083511903054
5.063168494256052e-8
-7.433511266849608e-7
-0.000015238788216988634
2.195037379797718
-1.0659028312118988
0.05632086008142902
2.4907916724484394
-1.3721166678372654
1.5235915471005421
8.558702972337287e-9
1.3890253119241444e-8
1.5806498412670772e-8
2.8135896655537424e-8
3.525911604100448e-8
4.878902783607191e-8
0.00001676241891110209
0.00006014139663466781
0.0000745958006961192
-1.4815104478202894e-6
-0.00001483138990470626
0.000012306517490184205
4.205249956580783e-8
-3.080185180362457e-7
-0.000012012980005152785
1.6713819191395505
-0.7152019656495401
0.019829738863677022
1.901046788361697
-1.0878453612041745
1.2263819942710403
7.347604411173077e-9
1.2199457558151549e-8
1.3973324023603072e-8
2.58061913396006e-8
3.2860410180798113e-8
4.674512854068514e-8
0.000012693832978736245
0.00004585003169555193
0.000056950244078896405
-1.0267833303750087e-6
-0.000010458660584571241
0.000012266632154947455
3.293169619511422e-8
-6.283828594321465e-8
-9.208148072627748e-6
1.2215424370681327
-0.4317488215955984
0.008047970566125955
1.362463523088755
-0.814693814473059
0.958697022865703
6.180543789302567e-9
1.047179990242801e-8
1.2065529686443945e-8
2.3089154543969755e-8
2.988092173302147e-8
4.3787063377528657e-8
9.17826530802046e-6
0.0000335280743871331
0.000041671785361390946
-6.890133070336649e-7
-6.949005636005041e-6
0.000011692442440996999
2.6280120450525495e-8
6.296276432585654e-8
-6.820486547857137e-6
0.9029889183338334
-0.247956207260274
0.003449026142441894
0.9279681247137411
-0.572088653814439
0.7087831512084646
5.127905395431272e-9
8.829122410765041e-9
1.0221299171749498e-8
2.0184738358919853e-8
2.6527416384705153e-8
4.0080899249359026e-8
6.58634482896827e-6
0.000024212141648539243
0.00003016514168236987
-4.568313175209959e-7
-4.3514931093007535e-6
0.00001052668277501425
1.9557460914922547e-8
1.0885109138986008e-7
-4.832862013928385e-6
0.6901599271415904
-0.11378580002517735
0.0015302606997483858
0.6004756772649618
-0.37016411773492436
0.49213676361616665
4.191961393570133e-9
7.31908568321017e-9
8.506071135175736e-9
1.7251982907989778e-8
2.298923583439152e-8
3.580682112834625e-8
4.395599941040391e-6
0.00001616912247013347
0.00002007223999054646
-2.905040098290751e-7
-2.5158443464585966e-6
9.030562354803562e-6
1.5938103452383002e-8
1.1462466742932657e-7
-3.2800291820393723e-6
0.5473325105509969
-0.03303104514365909
0.0007347539109676482
0.400325532383505
-0.22060669862324217
0.3164169464535892
3.3854804604464763e-9
5.988115060652732e-9
6.982189693928245e-9
1.4467404652593275e-8
1.9498151911648663e-8
3.123410735294875e-8
3.160476104036585e-6
0.000011487956186938547
0.000014382799125173934
-1.736271225984774e-7
-1.2725408248282713e-6
7.384907868992733e-6
1.2767675077511043e-8
9.96888194448269e-8
-2.1038182818799065e-6
0.3966734426240809
0.003080772599881122
0.00038509557531234606
0.2807853545880085
-0.12055549289072924
0.19298021182264524
2.703076697833634e-9
4.843807455513317e-9
5.666565813606908e-9
1.1952858565754925e-8
1.6247788729233557e-8
2.6648330586086668e-8
2.127743385716713e-6
7.477214959147037e-6
9.378843797908448e-6
-1.006343436253275e-7
-5.988593898313767e-7
5.51744461748374e-6
9.031170748164545e-9
7.562476608351577e-8
-1.2516519994616877e-6
0.2681052177328695
0.013117339645168261
0.00020733071556421187
0.1951365206949047
-0.060116926064954924
0.11988420165979348
2.1340979087522153e-9
3.871388729646053e-9
4.5452868895734405e-9
9.76014509499903e-9
1.335933021616951e-8
2.2308935309256865e-8
1.4118426645220236e-6
4.944034429089313e-6
6.2791487216483095e-6
-5.5211173215779806e-8
-2.1109248795619298e-7
3.968267052692457e-6
7.158558186294892e-9
5.494548664382892e-8
-6.759075580403622e-7
0.15138809332020683
0.010989943999765097
0.0001129417052980475
0.12540553876979693
-0.027655753671014353
0.07535731964846877
1.6695149719201548e-9
3.0531594995844047e-9
3.596192095619842e-9
7.87835675768021e-9
1.0864882400652383e-8
1.840075017171499e-8
9.522095320892216e-7
3.270587462399158e-6
4.211627948995649e-6
-3.0877762631234096e-8
-8.074659444036934e-8
2.5761305169499525e-6
5.630187505622933e-9
3.77719460581946e-8
-3.1750052668386204e-7
0.08031712814866003
0.007171447619289814
0.000058469040715369924
0.07249842388300147
-0.01190669298025144
0.04781701436413458
1.3011265001906076e-9
2.3807373627327243e-9
2.8080371160344326e-9
6.2691615422856896e-9
8.728083606966067e-9
1.500145222700696e-8
6.440511417575276e-7
2.2719055438298523e-6
3.01962140892286e-6
-1.7084522554519364e-8
-4.564585137326199e-10
1.6829442174174333e-6
4.656907639781996e-9
2.5936534337650596e-8
-1.2994354246672238e-7
0.04088796528049903
0.003937109339297194
0.000029140638034893848
0.038262492043208925
-0.004962790771522073
0.029679480212425013
1.0164031411785808e-9
1.8489361683149439e-9
2.178556313104103e-9
4.90796152879748e-9
6.897257315537234e-9
1.2087394981036239e-8
4.2312202968135097e-7
1.5034321948205187e-6
2.0333268473525565e-6
-9.059275941811825e-9
1.498876471355034e-8
1.104612041319562e-6
3.4637996935953625e-9
1.7255591749706927e-8
-4.746905968356387e-8
0.01890537667260875
0.001976098946400976
0.000013135769704868403
0.019437105415474352
-0.0019770403982902916
0.017917388800978838
7.973438168841569e-10
1.440077178718423e-9
1.6937005976888816e-9
3.7982234538515155e-9
5.3589594069713695e-9
9.591931958007475e-9
2.716356413852835e-7
9.158359696549551e-7
1.22653360580337e-6
-3.862713265553853e-9
4.8544144291555246e-8
7.892881368452332e-7
2.6512850925612e-9
1.1803718466298044e-8
-1.7385665374649168e-8
0.007856479788925999
0.0008825338972905935
5.325634321890444e-6
0.009737658306622729
-0.000801260610736757
0.011210846820529356
6.284262555337639e-10
1.1258937605043876e-9
1.3220458606257114e-9
2.937100321482641e-9
4.130913610033678e-9
7.4778233776875e-9
1.684264386368012e-7
5.28196653968663e-7
6.970066415411124e-7
-1.5734691700251202e-9
5.1729317148647504e-8
5.470200972320341e-7
1.988611450012156e-9
8.212827968662615e-9
3.500643039793553e-9
0.003402151297724737
0.0003460948752345245
2.1679875456787926e-6
0.004593105816452779
-0.0003287674716354092
0.007217262987282042
4.984451024200684e-10
8.835426013478764e-10
1.034784691801789e-9
2.2794592570181296e-9
3.1937780155253247e-9
5.757940345396793e-9
1.0990719791853847e-7
3.607279366935592e-7
4.973583377045558e-7
-5.698569322213471e-10
3.289558627540601e-8
3.391561577368094e-7
1.507818968357245e-9
5.735132127594554e-9
1.7690903187101106e-8
0.001530095642329994
0.0001334436723864169
1.0865672729095802e-6
0.001975577533669053
-0.00013556493671660068
0.004700075278886452
3.979039064897654e-10
6.984230029300135e-10
8.155283589366023e-10
1.7707024671641953e-9
2.4746071673841484e-9
4.431132016941064e-9
7.314345689756598e-8
2.3833533726190074e-7
3.349003102146324e-7
-1.5043587558922792e-10
2.388219128206754e-8
2.0653249688508014e-7
1.1429836295416993e-9
3.891763971601877e-9
2.1827990492054865e-8
0.0006106566879401974
0.00005533204233421771
5.750171035839878e-7
0.0008269863653385581
-0.000052211996654254696
0.00283387120270324
3.190367519757416e-10
5.559019548705743e-10
6.475835113606731e-10
1.3827488501502481e-9
1.9185795881595275e-9
3.419632018815204e-9
4.957350615468072e-8
1.6011030253911985e-7
2.2767648819878035e-7
-2.803804749628242e-11
1.2301750997875145e-8
1.1919854854533994e-7
8.78621309222527e-10
2.7665631963702444e-9
1.559301552527438e-8
0.00024951366776719536
0.000019752543091427153
3.5193108520410616e-7
0.0003558645210168339
-0.000021188496263373648
0.0013806438930921248
2.5628877281998517e-10
4.447671541675203e-10
5.171778296008929e-10
1.0886059896933087e-9
1.4991595927656451e-9
2.635826118924016e-9
3.4543019204573515e-8
1.0987636904516324e-7
1.5730050386055489e-7
1.1441407416145473e-11
7.2467955338860515e-9
6.546011039433275e-8
6.811886420367594e-10
2.0529274702416434e-9
1.2930277337707253e-8
0.00009084945990973948
6.791555393350183e-6
2.3042971717148257e-7
0.0001431733934749976
-9.681866669463908e-6
0.0006046430099208911
2.0558387445404952e-10
3.5686684129701446e-10
4.1465676937478296e-10
8.62823172121494e-10
1.1802665002632252e-9
2.0426079577909524e-9
2.4107173593721955e-8
7.437648188886306e-8
1.0616351929126431e-7
1.1433666961247037e-11
4.381120622650916e-9
3.781886665099783e-8
5.324830826149983e-10
1.5415833980029075e-9
9.67377130528965e-9
0.000029809112647753825
1.56515901551858e-6
1.4921920899653762e-7
0.000056461741281011224
-3.863463182890355e-6
0.0002769900544188673
1.6409372230542617e-10
2.861955471256974e-10
3.3267050630766504e-10
6.879430892529483e-10
9.356085856136843e-10
1.5945749398264801e-9
1.7418535307802624e-8
5.2193321672966045e-8
7.350538882899129e-8
-4.364416997132018e-12
2.961857425139288e-9
2.4459291995380674e-8
4.180831801279818e-10
1.1901086213468845e-9
7.150379187292833e-9
9.896346755519929e-6
5.040375624239181e-7
1.0064378133342681e-7
0.00002224770857235395
-1.6342340238560666e-6
0.00011193401915957101
1.2988371146320796e-10
2.285788493488109e-10
2.6611196706239716e-10
5.502118017431088e-10
7.456099058926768e-10
1.2530457373594976e-9
1.2660433567361162e-8
3.8192462882913816e-8
5.353969782869193e-8
-1.7249682572651984e-11
2.264701316788357e-9
1.6583777978146977e-8
3.2840372917680903e-10
9.286636528835809e-10
5.390404619395577e-9
4.420296416345646e-6
2.5353379109204157e-7
7.170135047541802e-8
8.996537752634258e-6
-6.006355741304793e-7
0.000046353618801228975
1.0163669969911851e-10
1.8117031452034912e-10
2.1147698389480066e-10
4.399580743359105e-10
5.956164530525902e-10
9.905491035081826e-10
9.189383194649771e-9
2.795035847576367e-8
3.905393006619476e-8
-1.9177379786410494e-11
1.7071625170290882e-9
1.1833120978454881e-8
2.5965155638835165e-10
7.351601582434348e-10
4.051040622516915e-9
2.414918747803029e-6
1.261590420555112e-7
5.1153084823682924e-8
4.046902895447006e-6
-2.3728834582750178e-7
0.000018587381279829744
7.842950682138681e-11
1.4204351247386886e-10
1.6639804278091158e-10
3.5042376819125746e-10
4.752314395567562e-10
7.85839528738725e-10
6.5831746456090295e-9
1.9824588027306107e-8
2.7522911024617893e-8
-1.568893909960418e-11
1.3425285339037161e-9
8.815330172622508e-9
2.041429793689659e-10
5.832594861990097e-10
3.0218554515445653e-9
1.4220323546346396e-6
6.69238287605806e-8
3.548050007623607e-8
1.9258763107390764e-6
-9.339086557714618e-8
7.638616478983615e-6
5.956652356710836e-11
1.0986690576277537e-10
1.2926016839093447e-10
2.770219349112075e-10
3.773370448150512e-10
6.237329376437937e-10
4.717279671076966e-9
1.4254086919048538e-8
1.9774006673747123e-8
-1.1446394100491777e-11
1.1048315566456206e-9
6.807412021473697e-9
1.5852663573857744e-10
4.6165741871211507e-10
2.246515013497837e-9
8.825599262462014e-7
4.160204217076774e-8
2.5144967184760038e-8
9.869527973845945e-7
-3.2870236140681226e-8
3.2377822194709373e-6
4.446872123204665e-11
8.36581611721004e-11
9.89025551929445e-11
2.1665417768441115e-10
2.9710660008264607e-10
4.935865275838198e-10
3.3570169193740617e-9
1.0249852839726003e-8
1.4246105643503474e-8
-6.994939352087464e-12
9.477086682153366e-10
5.4020417020731845e-9
1.2135072353646931e-10
3.6304833720912317e-10
1.6935301637094825e-9
5.59016697152288e-7
2.952064611330876e-8
1.7969992018697116e-8
5.417162727636062e-7
-7.709024715587899e-9
1.4462382017195884e-6
3.2610207969898356e-11
6.261894356954989e-11
7.441213710641176e-11
1.6717672592021868e-10
2.3126694248974862e-10
3.881013941653877e-10
2.3722632320590303e-9
7.363730076948042e-9
1.0272450907001448e-8
-3.81907596332209e-12
7.73247014048995e-10
4.202067652936609e-9
9.135226644102091e-11
2.824420655574664e-10
1.2918891549528183e-9
3.620794684460745e-7
2.1518909219945958e-8
1.2901229796522918e-8
3.1026574551842033e-7
2.163554889581992e-9
6.966148078962265e-7
2.3490898218044974e-11
4.6037514489455166e-11
5.499626757605879e-11
1.2700797687095476e-10
1.7751690339337238e-10
3.0227732698368746e-10
1.6598675231193596e-9
5.258924900544312e-9
7.37267777097048e-9
-2.0102426045031285e-12
6.252698975970275e-10
3.2737688310655173e-9
6.755388012898132e-11
2.1660913598257385e-10
9.93279711069905e-10
2.3776054008432762e-7
1.5959302954677866e-8
9.2363710862176e-9
1.8828207829864435e-7
5.4999582938518895e-9
3.536826462117865e-7
1.6632166263063573e-11
3.323989751877323e-11
3.991343401790535e-11
9.486308304749542e-11
1.3410929622427808e-10
2.3260317621220106e-10
1.1488106166941863e-9
3.735328807921576e-9
5.27218405789589e-9
-8.356560688722794e-13
5.015681463859325e-10
2.5292806055347833e-9
4.9053539373677745e-11
1.6341707583429293e-10
7.644694190985601e-10
1.592768421043859e-7
1.2035418478314343e-8
6.597869871984927e-9
1.1905522580318349e-7
5.982173242852653e-9
1.8757510855846447e-7
1.1587060763054374e-11
2.358019583630494e-11
2.8452393401464915e-11
6.96013260979819e-11
9.958941401987926e-11
1.7647612071451094e-10
7.875366758966034e-10
2.635194713602717e-9
3.748765324905179e-9
-4.2551522091991755e-13
3.924743406567739e-10
1.942724797868314e-9
3.4965326960599236e-11
1.212386503329803e-10
5.830647923299705e-10
1.0779335214118518e-7
8.843385519965527e-9
4.689483546785329e-9
7.890167308522976e-8
5.248799580405614e-9
1.0496799435627644e-7