4.056211154430837e-9
6.701461465876739e-9
7.952071314573948e-9
8.437775278690117e-9
8.691946449402373e-9
8.865854031555947e-9
8.989352849788814e-9
1.4252341830197658e-8
1.9192735437878913e-8
2.1212055449666832e-8
2.2271201519526982e-8
2.299581038463351e-8
2.3508381425675862e-8
2.9240896655004328e-8
3.412331128779257e-8
3.669435711823764e-8
3.845481605581233e-8
3.9698983200602146e-8
4.174168860708871e-8
4.5989952632840174e-8
4.8883084555538816e-8
5.092848635748629e-8
5.173488968835791e-8
5.5679984204595827e-8
5.843729160375122e-8
6.084749296477807e-8
6.430610241447725e-8
6.88571938373183e-8
3.885830149108389e-7
1.029165936651965e-6
1.4170893447387218e-6
1.570648242894491e-6
1.651109899131055e-6
1.7060595755454291e-6
1.7449376372473682e-6
1.1139908136222085e-8
1.3888573832561915e-7
4.0511984761725063e-7
5.528039616199219e-7
6.306194903034901e-7
6.839111389315743e-7
7.215425838808283e-7
-1.1203273095715231e-9
-1.3907805752799694e-9
2.4680464370427548e-8
1.2611635494437676e-7
1.9316033062046235e-7
2.3795884363843267e-7
2.696572672207713e-7
8.419211555754576e-9
2.1383772216459218e-8
3.3234597134327964e-8
4.804590407963954e-8
1.0481482322792261e-7
1.5132397132090692e-7
1.815954661843053e-7
2.173983430348025e-8
5.587006585913515e-8
9.204032597718596e-8
1.1284179734827492e-7
1.2388386393792594e-7
1.7590920841254616e-7
2.1475935842377095e-7
3.834192502531896e-8
9.971310661669781e-8
1.6658177405471952e-7
2.1181814148724713e-7
2.3751454108831403e-7
2.434445192280522e-7
3.0040590373580565e-7
5.793961675448355e-8
1.5189512509131436e-7
2.562563376847969e-7
3.2850487349157775e-7
3.773854868432383e-7
4.078585490720464e-7
4.194808573431001e-7
0.00009291341183066566
9.379795786256926e-6
-2.6241436746112687e-8
1.6054874592969016e-6
4.164568174378016e-6
7.436716551593152e-6
0.00001133059962086548
0.00001655455690406893
4.368755859642011e-7
5.643544003343182e-7
1.576072282998514e-6
2.951959927555275e-6
4.64183542095687e-6
7.586090822763631e-6
9.15493407901627e-8
3.921572992734441e-7
1.0353942646271468e-6
1.7305874330945245e-6
5.411344879148981e-6
3.5986105530496713e-7
3.62603666339862e-7
1.1862692068931879e-6
5.013190908193065e-6
7.76014388067774e-7
9.424331166981603e-7
5.797074313818734e-6
2.429758418088722e-6
6.420110927841275e-6
3.398532669463933e-9
5.726342521457316e-9
6.850198419264868e-9
7.2879080919655675e-9
7.51709609349293e-9
7.673815155078495e-9
7.785155453537965e-9
1.267297819562739e-8
1.7399939515230373e-8
1.9344303918214914e-8
2.0364527322938377e-8
2.106241475894197e-8
2.155604526359915e-8
2.7388386717349213e-8
3.233158816809261e-8
3.493568659594998e-8
3.671881070121721e-8
3.797890941997885e-8
4.0234271259012734e-8
4.466233477081813e-8
4.767642273438168e-8
4.98073626315449e-8
5.074524098622924e-8
5.492263593337226e-8
5.7839492769416364e-8
6.047302028855634e-8
6.417163848483268e-8
6.911430755347898e-8
3.393355015166636e-7
9.279902246461114e-7
1.2937292579180257e-6
1.4392215441412552e-6
1.5154830480176226e-6
1.5675682490057865e-6
1.6044108603886027e-6
1.1872683495518769e-8
1.4219439926654795e-7
4.1828151845434224e-7
5.733005279047502e-7
6.551696929555485e-7
7.112375911059379e-7
7.508339332444578e-7
-9.095506013419287e-10
-8.207148528630827e-10
2.9587661818124243e-8
1.4027821605272827e-7
2.1381769175920337e-7
2.6338783834597735e-7
2.9842542548975634e-7
7.265149478560341e-9
1.947474626167187e-8
3.156892529661083e-8
4.9116775300233065e-8
1.1197455492331996e-7
1.6299367651104e-7
1.9718105784387179e-7
1.8765720196588725e-8
5.097757125038098e-8
8.73987517900402e-8
1.0953587999370622e-7
1.2198277489954646e-7
1.8035296361943413e-7
2.2246853649925008e-7
3.3121128302692634e-8
9.112900842554698e-8
1.5867053829453953e-7
2.0599665168545172e-7
2.339880805314349e-7
2.3951322299090985e-7
3.0429415558142604e-7
5.0077322910759235e-8
1.3897312049910947e-7
2.4455113131369873e-7
3.204519069714358e-7
3.7246063246391847e-7
4.0595670958283574e-7
4.1737935781346137e-7
0.00008382485535378128
9.447700495069727e-6
2.954624875059942e-9
1.4681091654399985e-6
3.813378808883143e-6
6.816645575537277e-6
0.000010393392332498178
0.0000169327927678176
7.159149822672366e-7
5.813683187676339e-7
1.6330056046821068e-6
3.0621510393462946e-6
4.8181413953401845e-6
7.882503520409197e-6
3.069868641301904e-7
5.006328323239407e-7
1.1334571505310668e-6
1.9105233561294946e-6
5.667019094466776e-6
4.3445675443457996e-7
5.573873154063987e-7
1.2798006373604298e-6
5.3993222452265375e-6
6.795247553823576e-7
1.1141817746165047e-6
6.395468121124423e-6
2.354591005660943e-6
6.890431951531459e-6
2.8153620403796532e-9
4.817925812821638e-9
5.8030668136782864e-9
6.187976310817572e-9
6.389551787017402e-9
6.527432085831773e-9
6.625339712575148e-9
1.102308815780825e-8
1.541043457304673e-8
1.7227682181748096e-8
1.8181437402416697e-8
1.8833955973077052e-8
1.9295354615412405e-8
2.5062370485926826e-8
2.9938669952449326e-8
3.250836663810256e-8
3.426819326419283e-8
3.551164199416944e-8
3.794881309824206e-8
4.2462112346098485e-8
4.5532576030932365e-8
4.77033275064047e-8
4.8773781537016636e-8
5.3108948805534526e-8
5.6132399797307846e-8
5.896386976416712e-8
6.284556123102388e-8
6.812535830014906e-8
2.8985266766609036e-7
8.12878730377885e-7
1.1459383469675523e-6
1.279130555842957e-6
1.348959750036963e-6
1.396663650402512e-6
1.4303969837609023e-6
1.1772925278357261e-8
1.3978555111372293e-7
4.184069495408811e-7
5.770733061010794e-7
6.609981277903738e-7
7.184778933734261e-7
7.590680187569385e-7
-7.307130022814705e-10
-3.8511269644594174e-10
3.372495210208624e-8
1.526752916818811e-7
2.3232917707641724e-7
2.862777967292386e-7
3.243880744296663e-7
6.165718799531468e-9
1.7324835149058256e-8
2.9215101629929535e-8
4.932452273871987e-8
1.179276153237081e-7
1.7376432472038072e-7
2.1183158584321163e-7
1.5930349292241097e-8
4.544032594259431e-8
8.116658621354821e-8
1.0397944449221054e-7
1.178431138463713e-7
1.8208420653219878e-7
2.276567660119954e-7
2.8134427322578822e-8
8.135437462463285e-8
1.4780470925938708e-7
1.9629991023782496e-7
2.258798079448629e-7
2.3095711301031758e-7
3.031504317790994e-7
4.255682958368196e-8
1.2419382569699245e-7
2.2823807838515065e-7
3.0632051245034906e-7
3.605996748859901e-7
3.9644755428828057e-7
4.0758995715306924e-7
0.00007319630903433776
9.062294118598048e-6
2.6592947988945497e-8
1.302320751712608e-6
3.3881369657875297e-6
6.062360995685055e-6
9.249214275224114e-6
0.00001690298821022247
9.513615603372045e-7
5.829176836463891e-7
1.6444440144338779e-6
3.0876186986539486e-6
4.862069299602886e-6
8.139175614095851e-6
5.401423532830321e-7
5.679169461190405e-7
1.2280860431488095e-6
2.073415653108613e-6
5.883057109930457e-6
5.889887632121616e-7
6.926053127157864e-7
1.3626306632297783e-6
5.6931624030361624e-6
6.675083111506895e-7
1.2797009508094612e-6
6.93233540343828e-6
2.293596615201177e-6
7.2902087595232345e-6
2.292427480933726e-9
3.982863421730997e-9
4.827655048933484e-9
5.158870693885666e-9
5.332289963572523e-9
5.451010037182843e-9
5.5352476965324e-9
9.376717155200028e-9
1.332420862156612e-8
1.4971073006932603e-8
1.583551098691888e-8
1.6427086991988842e-8
1.6845259262057177e-8
2.236906373729614e-8
2.7043263278690496e-8
2.950708188193186e-8
3.1194725884472536e-8
3.238701456108484e-8
3.4954958512430367e-8
3.9441612251246376e-8
4.249195755636432e-8
4.4648508652842406e-8
4.5843667676429804e-8
5.024158966483751e-8
5.330445136679411e-8
5.6293600731036966e-8
6.028161625907387e-8
6.581871339966574e-8
2.429459340908558e-7
6.938839829419465e-7
9.87153568608089e-7
1.1050748120417495e-6
1.1669065499714165e-6
1.2091591975258445e-6
1.239029304292442e-6
1.104696780550534e-8
1.31746386866316e-7
4.039016041551526e-7
5.613826857691377e-7
6.447747753998449e-7
7.018944640200333e-7
7.422270481484873e-7
-5.793953172070628e-10
-7.518398501702091e-11
3.678603770635744e-8
1.6226185847991684e-7
2.470288919407291e-7
3.0458560019466964e-7
3.4523493122919846e-7
5.139808392813765e-9
1.5041457602198122e-8
2.6309604021513563e-8
4.8580743399356405e-8
1.223112533932301e-7
1.8287270205268426e-7
2.2450251653459778e-7
1.3283265961548662e-8
3.9529600305124755e-8
7.356344459434643e-8
9.633254896495307e-8
1.1142188428266111e-7
1.8085453048339906e-7
2.3011387410569903e-7
2.347235886822786e-8
7.08691660347943e-8
1.343538739020823e-7
1.8288476774357511e-7
2.1317047346284836e-7
2.177363121998113e-7
2.9656390062712643e-7
3.551870491714366e-8
1.0828733879086669e-7
2.0785641531964673e-7
2.862769127835073e-7
3.4179038382415173e-7
3.789047674056507e-7
3.8974403298947404e-7
0.0000621182664390045
8.301756876048901e-6
4.34639957435513e-8
1.1232189209257351e-6
2.9266387457676053e-6
5.240824593465843e-6
8.000190365514574e-6
0.000016406611245961742
1.1332816650944413e-6
5.670845765739553e-7
1.6019132807319847e-6
3.012288077068146e-6
4.747884644653035e-6
8.327975707313074e-6
7.591553034376287e-7
6.100058496949067e-7
1.3049895094594452e-6
2.2042450563061236e-6
6.068442059721062e-6
7.852507104369466e-7
7.707820978271618e-7
1.4376262797264156e-6
5.90408334772761e-6
7.35580822018778e-7
1.3899646824553863e-6
7.361536841926063e-6
2.2808890922303573e-6
7.584879419994624e-6
1.8517615693208012e-9
3.2596446568909625e-9
3.972165433049689e-9
4.252253126348913e-9
4.398983826408891e-9
4.499394942439683e-9
4.570701832026703e-9
7.847901561491588e-9
1.1298062744783108e-8
1.274682519811565e-8
1.3507494922054192e-8
1.4028021723021742e-8
1.4396014250185936e-8
1.950836049575839e-8
2.385206031524162e-8
2.6142242516849133e-8
2.7711041147262917e-8
2.881941741640025e-8
3.144501161659805e-8
3.578311960229693e-8
3.8729800751419464e-8
4.081333902352531e-8
4.21137583272748e-8
4.646295105609547e-8
4.9486877045641704e-8
5.2577229473532894e-8
5.65773473231015e-8
6.226521493946027e-8
2.0099393163986276e-7
5.819193801580577e-7
8.334414758017246e-7
9.35092544383534e-7
9.884057928811474e-7
1.0248385947137512e-6
1.0505928758231918e-6
9.922791477676558e-9
1.1897989687771123e-7
3.748728654601197e-7
5.255705936984233e-7
6.054441230891351e-7
6.601557975868719e-7
6.987905957759391e-7
-4.56416703819193e-10
1.1475226044751586e-10
3.841301452759516e-8
1.6766874154580056e-7
2.5577936373405595e-7
3.1568526289482557e-7
3.579892701543876e-7
4.237914108765294e-9
1.2797424595609175e-8
2.3089111335307294e-8
4.692317261057379e-8
1.2479820764597413e-7
1.8950634386396532e-7
2.341283064946075e-7
1.0953308171682568e-8
3.368974270641605e-8
6.510458238335398e-8
8.708885737776149e-8
1.0299700933784453e-7
1.7670329118985393e-7
2.2962366958003343e-7
1.9363053107770536e-8
6.046568527143876e-8
1.192235084992335e-7
1.664900832581448e-7
1.9649990516376508e-7
2.0040224268392315e-7
2.8463677726262346e-7
2.930948078028638e-8
9.2458904216234e-8
1.847640571323142e-7
2.613967918673331e-7
3.1687170068081425e-7
3.5401438837165467e-7
3.6432131642638504e-7
0.00005183063025320486
7.302248045405827e-6
5.349321756908381e-8
9.491636321998486e-7
2.4763462796833004e-6
4.437226257467114e-6
6.7762453476087565e-6
0.00001539409662643858
1.2495400928089673e-6
5.319411286876968e-7
1.502748017839217e-6
2.83043575020693e-6
4.465788048688094e-6
8.394859454123219e-6
9.412018031781436e-7
6.330882275311108e-7
1.3515482327419e-6
2.28395729626261e-6
6.2129560107909805e-6
9.847041059819478e-7
8.117256442724476e-7
1.4967468272235605e-6
6.057348348248948e-6
8.568586475535266e-7
1.4376453574386408e-6
7.65852054280248e-6
2.3288184183140707e-6
7.769784092233498e-6
1.472256417270593e-9
2.6281677755516713e-9
3.219966754341084e-9
3.453127693697031e-9
3.575324630356527e-9
3.6589555133065387e-9
3.7183175362944234e-9
6.469368577994136e-9
9.41196877361929e-9
1.0653835665227032e-8
1.1306009045996715e-8
1.1752294187523702e-8
1.2067727903666942e-8
1.663655705937211e-8
2.0545202186699354e-8
2.2606218309353956e-8
2.4018147505660165e-8
2.5015618144256568e-8
2.760710172109204e-8
3.167557436436094e-8
3.4436065629885704e-8
3.638812855511397e-8
3.775998809840927e-8
4.1940144366730084e-8
4.484051801826871e-8
4.7960575799077034e-8
5.186519349191689e-8
5.757271646848358e-8
1.6427266144923877e-7
4.830792161405805e-7
6.954229980299815e-7
7.815844905975712e-7
8.26784562205943e-7
8.57672670668433e-7
8.79502624950083e-7
8.692702196040786e-9
1.0357313096178224e-7
3.344293966495428e-7
4.728506795894786e-7
5.462771317798135e-7
5.965734083485294e-7
6.320939707576655e-7
-3.5136799460874e-10
2.2196334822229121e-10
3.832451895512862e-8
1.6748544731392216e-7
2.563524202567873e-7
3.1681227369023516e-7
3.5950683072970354e-7
3.4453194842463888e-9
1.0695766053130474e-8
1.9760721749196497e-8
4.4375268528456806e-8
1.2488751752824839e-7
1.9257725192445544e-7
2.392951739360866e-7
8.902203462129932e-9
2.8187615846850243e-8
5.626268077150067e-8
7.675728371991355e-8
9.291781705741945e-8
1.6972364149798357e-7
2.25804567301097e-7
1.5743216155559675e-8
5.0634129688544745e-8
1.0326913460073962e-7
1.4791770109401583e-7
1.766443243580083e-7
1.7962310246026218e-7
2.678684808695018e-7
2.3837521268182547e-8
7.747144475675751e-8
1.6027689383210683e-7
2.3289014614392703e-7
2.868578474557456e-7
3.227877369552193e-7
3.3192418929289936e-7
0.0000430809859023777
6.245965859484894e-6
5.8084515450732696e-8
7.930648577251861e-7
2.070365601467765e-6
3.711482721466979e-6
5.669874118953049e-6
0.000013874321883459234
1.2891138390349206e-6
4.799627777761744e-7
1.355031468106548e-6
2.5561921435914727e-6
4.037008164685781e-6
8.270137517466673e-6
1.0720553098674573e-6
6.350981005756855e-7
1.3557197644452813e-6
2.2924628631408045e-6
6.2837807924523364e-6
1.1576024672329683e-6
8.27915961200176e-7
1.5286863883404507e-6
6.165561135894234e-6
9.943115531689973e-7
1.4365929320586877e-6
7.810763935982452e-6
2.382605454266073e-6
7.878443375085076e-6
1.1581446289493984e-9
2.09124940355091e-9
2.5751101691279994e-9
2.76606515791243e-9
2.866198269815223e-9
2.9347504577796313e-9
2.9833945135923155e-9
5.268783322878169e-9
7.735818024128101e-9
8.78000653194388e-9
9.328439523492257e-9
9.703757009773753e-9
9.96897983689521e-9
1.3924936425208176e-8
1.7334947537334308e-8
1.9132839248739452e-8
2.0364621813158745e-8
2.1234778623877508e-8
2.369079250329289e-8
2.738501795358269e-8
2.988829382280049e-8
3.165869597580996e-8
3.3053364484133204e-8
3.694738342324682e-8
3.964245788610176e-8
4.270802228908382e-8
4.640549024176357e-8
5.198438225068863e-8
1.3241704885665585e-7
3.984652117174475e-7
5.769900619226213e-7
6.496122686866423e-7
6.877143868147162e-7
7.137535303349281e-7
7.321531464399222e-7
7.499849171428967e-9
8.804277356621667e-8
2.884565665040583e-7
4.105034547849104e-7
4.7528952284886236e-7
5.196671360237329e-7
5.510108500577594e-7
-2.643994094654336e-10
2.7527699819009054e-10
3.6404791461592554e-8
1.6065698531346588e-7
2.469866569332435e-7
3.0573631166294267e-7
3.4722438880875515e-7
2.764589346093496e-9
8.82015214361406e-9
1.6550405835120394e-8
4.10118066907143e-8
1.2201289460259063e-7
1.9088239518268243e-7
2.384079481889271e-7
7.13872746344316e-9
2.3256790929661342e-8
4.7605424742853465e-8
6.602091684087316e-8
8.179309141977956e-8
1.6009947370304132e-7
2.1829056600268633e-7
1.262875349011725e-8
4.180598276184762e-8
8.753624785463194e-8
1.2832961864796115e-7
1.54838864328911e-7
1.5657065206212933e-7
2.471286968496027e-7
1.91274831608036e-8
6.399522350456748e-8
1.3601610997491466e-7
2.0254354701767444e-7
2.5346472706754234e-7
2.8691974342749403e-7
2.94170343160836e-7
0.0000358871144769943
5.306712094898812e-6
5.877063821834654e-8
6.595978398754065e-7
1.722099923221473e-6
3.0886424548320714e-6
4.719986358222982e-6
0.000012005869014883378
1.2465986907604039e-6
4.180221507555279e-7
1.1785159434890406e-6
2.2258267527285733e-6
3.5178280183605627e-6
7.885174690798763e-6
1.1397546372037266e-6
6.124445866711377e-7
1.3079048312712255e-6
2.2133738253311455e-6
6.2328636506774766e-6
1.2810867384320366e-6
8.212674171739982e-7
1.522409495520639e-6
6.197273464640587e-6
1.1167833511694603e-6
1.3966673687577912e-6
7.816407661037286e-6
2.416680640962513e-6
7.91325645202267e-6
9.069376593725646e-10
1.6463957483365536e-9
2.035292615854054e-9
2.1890638604371614e-9
2.2697081434150995e-9
2.3249360375650902e-9
2.364151921359039e-9
4.2396170493889226e-9
6.285648612991294e-9
7.153002885169062e-9
7.608557979009491e-9
7.920310903626539e-9
8.140646242795343e-9
1.1487933057375876e-8
1.4387113248475346e-8
1.5915120171317422e-8
1.6962047358336936e-8
1.7701663005023263e-8
1.9929324015170274e-8
2.317799656235342e-8
2.5376038970888928e-8
2.6930894302116016e-8
2.8288659448053704e-8
3.179858117676406e-8
3.422070894245736e-8
3.7141460164854074e-8
4.052916714761481e-8
4.5826279202337956e-8
1.0464741804188229e-7
3.2299021292476996e-7
4.715182843636294e-7
5.320553830985641e-7
5.638192232359122e-7
5.855250292745717e-7
6.008658821612621e-7
6.3511032333289936e-9
7.420900337736507e-8
2.4378449300825113e-7
3.479987326295174e-7
4.033486902633415e-7
4.412627579063799e-7
4.680413646166888e-7
-1.9806580964230758e-10
2.902920362426504e-10
3.280156043287158e-8
1.4701688110057165e-7
2.2719664201413734e-7
2.81765064090575e-7
3.2030109172717335e-7
2.1912304459291636e-9
7.188723078863405e-9
1.3623636104091885e-8
3.6921231226890925e-8
1.1565204122779454e-7
1.83310426515054e-7
2.299745549817703e-7
5.654922596678965e-9
1.8968176142531632e-8
3.9591015218437815e-8
5.555032608870525e-8
7.031182819736908e-8
1.4803102772582036e-7
2.067438082870529e-7
1.0005656139692561e-8
3.411991642150621e-8
7.289467336887502e-8
1.0892152567307804e-7
1.3245940648142708e-7
1.3262773867913544e-7
2.233807473535446e-7
1.5157101439644392e-8
5.225216738194836e-8
1.1335762620787251e-7
1.7224176968199916e-7
2.1870131778920652e-7
2.485699763194551e-7
2.5323237006118004e-7
0.000029290720476699018
4.497865720071756e-6
5.581430593652231e-8
5.404949444090959e-7
1.4117904951016413e-6
2.533624454913638e-6
3.873245982308396e-6
0.00001010507980094583
1.1323706651667183e-6
3.553974471128611e-7
9.99903433634841e-7
1.8895499820275577e-6
2.9873839839870123e-6
7.208246024838248e-6
1.1366493669402961e-6
5.639311261378534e-7
1.20510398538848e-6
2.041275750219013e-6
6.009515213818315e-6
1.3404349176379562e-6
7.891340711784841e-7
1.468177744822108e-6
6.107730383108951e-6
1.2022857721480154e-6
1.326328166899555e-6
7.684642975538629e-6
2.4198084412123983e-6
7.86756019827946e-6
7.107758838678294e-10
1.2886876042946892e-9
1.5965776243348957e-9
1.7185698401161059e-9
1.782590727715014e-9
1.8264436479448947e-9
1.8575819730803575e-9
3.3649940882713664e-9
5.043768803512261e-9
5.757165097522835e-9
6.131931800188148e-9
6.388411037492064e-9
6.569644651838094e-9
9.369777683613032e-9
1.1793123227293289e-8
1.3069808224973599e-8
1.3944600797502175e-8
1.4562559577491919e-8
1.650051066094864e-8
1.927829068093332e-8
2.1154872094530537e-8
2.248252130599321e-8
2.3741939622685487e-8
2.680575047000077e-8
2.891298713083845e-8
3.160332244998399e-8
3.460355230985305e-8
3.9478432312623175e-8
8.115693419326701e-8
2.540223093854811e-7
3.740883645485115e-7
4.2317017754598024e-7
4.489288285934006e-7
4.665333821404011e-7
4.789722474896313e-7
5.252687280018499e-9
6.2458154038555e-8
2.0488526658927067e-7
2.924625247500023e-7
3.3898986857056525e-7
3.7086090633109526e-7
3.933713229607832e-7
-1.5040839970574746e-10
2.800959213626431e-10
2.814970291067416e-8
1.2818007471023345e-7
1.9910992215235642e-7
2.47381346105176e-7
2.8147132443232993e-7
1.7214037213473872e-9
5.7819721456147734e-9
1.1073717363841305e-8
3.22525234408094e-8
1.0559135592455363e-7
1.692735714613785e-7
2.1316234468012412e-7
4.441192160861125e-9
1.5278761258570486e-8
3.249623694021486e-8
4.590879596098904e-8
5.914848244598828e-8
1.337189616394607e-7
1.9090473853617242e-7
7.85847960271783e-9
2.750527493602595e-8
5.989668323765996e-8
9.075933903593083e-8
1.108821379697246e-7
1.0934583007998169e-7
1.9778964020992882e-7
1.1904947859001937e-8
4.2144071836165696e-8
9.320786175399868e-8
1.4372395449269195e-7
1.8468013076992018e-7
2.102030002778372e-7
2.1199407163045274e-7
0.00002282900119571991
3.7431923475644283e-6
4.944366283507876e-8
4.294376251759244e-7
1.1232797433210077e-6
2.0172417121710867e-6
3.0852107484339267e-6
8.448758569570398e-6
9.760551850856334e-7
2.9919489399032364e-7
8.401389955011695e-7
1.5876510798941576e-6
2.5101264029149334e-6
6.288945696056659e-6
1.064271125552702e-6
4.94687141127024e-7
1.057898308917758e-6
1.7935323741088863e-6
5.57650828480844e-6
1.3264960623165811e-6
7.2911523399081e-7
1.3605959973556578e-6
5.845022643228231e-6
1.2349284090280214e-6
1.2270298869437163e-6
7.403643518937184e-6
2.3688175855897685e-6
7.671140473706934e-6
5.587640425973503e-10
1.0077719828554614e-9
1.2489231011236353e-9
1.3447176609515751e-9
1.3950061428749348e-9
1.4294706675896715e-9
1.453956254567403e-9
2.6359337376415175e-9
3.988178702020225e-9
4.565962458280188e-9
4.869537370213098e-9
5.0773363196432675e-9
5.2241595798755756e-9
7.554166792554922e-9
9.562938209745282e-9
1.0620908423729183e-8
1.134591854393388e-8
1.1858051715765666e-8
1.349550225759857e-8
1.582404323046485e-8
1.7395177026518085e-8
1.850688758242787e-8
1.9619580858234496e-8
2.2222355619464158e-8
2.400658451196196e-8
2.6398991887348097e-8
2.8973976269703967e-8
3.3319718863959285e-8
6.281550457537328e-8
1.9636699104734006e-7
2.90496447928291e-7
3.291386724867832e-7
3.494207424119468e-7
3.6328663013192583e-7
3.730810792154848e-7
4.232989538010446e-9
5.1725225166759476e-8
1.7186279798146564e-7
2.4564131186092594e-7
2.8484191990688734e-7
3.1169544121833666e-7
3.3066136132791836e-7
-1.1527738065259435e-10
2.5759212613596103e-10
2.3492921583328997e-8
1.0771030568931644e-7
1.6786875013534284e-7
2.0880898241983452e-7
2.3772174309416157e-7
1.347620875916639e-9
4.5823681252410086e-9
8.922541819786153e-9
2.729999291564741e-8
9.240138360322255e-8
1.4948464684209112e-7
1.887943150038629e-7
3.475846758057821e-9
1.2128235860074363e-8
2.6395774514591588e-8
3.746713808880514e-8
4.8875124480997485e-8
1.1753358818908228e-7
1.7089237974151744e-7
6.149604711304405e-9
2.185034459667891e-8
4.8712385156390644e-8
7.459888293650152e-8
9.127568844337276e-8
8.827084161088138e-8
1.715475453788469e-7
9.316352254338238e-9
3.349893626683137e-8
7.586633670103169e-8
1.1826552196930253e-7
1.53275114715789e-7
1.7422183656686025e-7
1.733284039749585e-7
0.000017473783805329957
3.000228764435412e-6
4.1693515585178763e-8
3.336946913220995e-7
8.738589770234724e-7
1.5699723485082486e-6
2.4020134066096445e-6
7.131238882145288e-6
8.201784933832457e-7
2.5143682681631663e-7
7.057618371536995e-7
1.3340171725968187e-6
2.109466358682179e-6
5.2714727762186046e-6
9.395225684556379e-7
4.174129034569605e-7
8.928666683066677e-7
1.5146005930257208e-6
4.941954950898877e-6
1.2383753020445728e-6
6.442873474712884e-7
1.2049310753310345e-6
5.377923607784454e-6
1.2037894689612506e-6
1.1000757997552225e-6
6.93277935298853e-6
2.2468813836452235e-6
7.270338263710702e-6
4.4107990936146687e-10
7.894978018436211e-10
9.77012039523654e-10
1.0516603133394704e-9
1.0908621934433388e-9
1.1177326627345628e-9
1.1368289013186119e-9
2.049772017515341e-9
3.1116927247780104e-9
3.5684555546338916e-9
3.808497289427191e-9
3.972793449359363e-9
4.088893080240776e-9
6.001674219978271e-9
7.653592168746307e-9
8.523759822053714e-9
9.120067158673635e-9
9.541321173221444e-9
1.0915567166692918e-8
1.2848327429848765e-8
1.4151423225716527e-8
1.5073612498844413e-8
1.6020205221040867e-8
1.8192582009126693e-8
1.9677903846246515e-8
2.1737032849763843e-8
2.389552202607415e-8
2.7656524976632285e-8
4.883787781657842e-8
1.521996413604786e-7
2.2517107769834832e-7
2.5524423606666987e-7
2.710319120912519e-7
2.818219173514476e-7
2.894458658785127e-7
3.3120792638059507e-9
4.1103031243730026e-8
1.4112422481243025e-7
2.0316467504278897e-7
2.3613500857386667e-7
2.5872121713766567e-7
2.746742760734748e-7
-8.913559709596748e-11
2.257707227124266e-10
1.9792869284013636e-8
8.990431866561323e-8
1.4004625323593343e-7
1.7417381149424982e-7
1.9827518524666177e-7
1.0548474818212191e-9
3.5826657617589898e-9
7.118117393856682e-9
2.2516082178009123e-8
7.776788723203917e-8
1.2659738108355086e-7
1.6020099070147447e-7
2.7189570579413286e-9
9.486706328627677e-9
2.1182284007364464e-8
3.0300428090606596e-8
3.9828708302814615e-8
1.001916741553486e-7
1.476550537087863e-7
4.809494962851487e-9
1.7098878920787018e-8
3.915302548637406e-8
6.068076784860429e-8
7.428160246049883e-8
7.044413384523664e-8
1.4565287008566422e-7
7.2849167720353085e-9
2.622161946323107e-8
6.103924833118855e-8
9.631429396064871e-8
1.2561244323288712e-7
1.4232642611478208e-7
1.3939528745849747e-7
0.000013600403112484023
2.328812899107851e-6
3.509955438877615e-8
2.5902809610605306e-7
6.780492550494768e-7
1.2183503165914825e-6
1.8641753453714556e-6
5.95258951201628e-6
6.986374503067374e-7
2.0810729058021327e-7
5.850070934483221e-7
1.1071555397248748e-6
1.7521000298923665e-6
4.361777123831756e-6
7.955904907795636e-7
3.484229047413938e-7
7.447180557717689e-7
1.2631843702907893e-6
4.186811684791851e-6
1.0922441480443758e-6
5.459672413288755e-7
1.0224034588485523e-6
4.7258439336569144e-6
1.1108303024445195e-6
9.517519345464665e-7
6.242974377131726e-6
2.051682434067526e-6
6.658317859929534e-6
3.504247847840659e-10
6.212359198605964e-10
7.665642509534472e-10
8.244429034582157e-10
8.548410931207929e-10
8.756857361170184e-10
8.905072502283964e-10
1.5946512076561673e-9
2.413162838648237e-9
2.766042743372136e-9
2.9514868281032213e-9
3.078434261160456e-9
3.168141721602038e-9
4.690440237263098e-9
6.021729162136413e-9
6.72329722753542e-9
7.204111689217682e-9
7.543780275337344e-9
8.707546209735324e-9
1.030174345771971e-8
1.1376332610123062e-8
1.213684425114392e-8
1.2931929386590625e-8
1.473151617510758e-8
1.5960279958752005e-8
1.7690747787469383e-8
1.947936794286135e-8
2.2658438162879176e-8
3.7882158160652284e-8
1.1751027151648348e-7
1.7386616286599736e-7
1.971605818269692e-7
2.093892153995412e-7
2.177494306455081e-7
2.2365570227405069e-7
2.528230491595386e-9
3.149282666246891e-8
1.1116903198136666e-7
1.616675151792369e-7
1.8851750721791247e-7
2.0691122739996165e-7
2.1990334513322384e-7
-7.051695110626845e-11
1.8200294701227476e-10
1.711653139144481e-8
7.683478279586444e-8
1.1935939245392466e-7
1.4830919498198938e-7
1.6875387566881213e-7
8.267263786330162e-10
2.7751931989879193e-9
5.578421954285187e-9
1.8378283351661314e-8
6.417812875716324e-8
1.0479602342627294e-7
1.3274071295720027e-7
2.1303273289462293e-9
7.349779711688834e-9
1.6703350928197983e-8
2.422867789841165e-8
3.208639084222488e-8
8.296427008758228e-8
1.2332904463995428e-7
3.767031732501911e-9
1.3245519629729186e-8
3.091896929506023e-8
4.876797042226812e-8
5.98880299836753e-8
5.6030664986256794e-8
1.2097720165159299e-7
5.70468810595849e-9
2.031078298858203e-8
4.824688317191855e-8
7.752907240231863e-8
1.0185093028404104e-7
1.1514413517152844e-7
1.1119309785095303e-7
0.000010426580280427182
1.7944877357515643e-6
2.995449979429992e-8
1.9989599229790123e-7
5.235829202156597e-7
9.408903237998895e-7
1.439756082901117e-6
4.727249101231345e-6
6.055198365995141e-7
1.6591205914868968e-7
4.669872756832851e-7
8.853402885163577e-7
1.402574941863386e-6
3.6978599051015736e-6
6.692332591503438e-7
2.970134024043836e-7
6.340923054120605e-7
1.0750511505068532e-6
3.457409896678276e-6
9.22521786593884e-7
4.5212607009185193e-7
8.471168343745588e-7
3.974818573955966e-6
9.71262665000229e-7
7.957184857411073e-7
5.373805353066608e-6
1.7950388418842377e-6
5.856374238767509e-6
2.8013857423723053e-10
4.916815222305873e-10
6.045303856044365e-10
6.49431142261772e-10
6.730205573070244e-10
6.891977384269452e-10
7.007057461796932e-10
1.2448157240864153e-9
1.874956239960792e-9
2.1459518557593383e-9
2.2883644994379634e-9
2.3858427628294255e-9
2.4547309588357743e-9
3.6265983119969993e-9
4.664542878820695e-9
5.211493839323708e-9
5.5863459666601486e-9
5.8511646525283215e-9
6.827212421381815e-9
8.12117431919446e-9
8.992974094845028e-9
9.609999099770587e-9
1.0287059031026258e-8
1.176884448645926e-8
1.2780189505132512e-8
1.421975795748949e-8
1.5697997756631233e-8
1.8345775309870796e-8
2.9617865256410215e-8
9.089498367034788e-8
1.3430511535627283e-7
1.5226520132361204e-7
1.6169512437750196e-7
1.6814042241897743e-7
1.7269444951293505e-7
1.931489984161574e-9
2.4215994331310685e-8
8.509901595716305e-8
1.241109211927421e-7
1.4486531428061325e-7
1.59082677084603e-7
1.691248536888233e-7
-5.668051707948332e-11
1.3228872419094966e-10
1.4368707632991613e-8
6.573779555624656e-8
1.0236651259127457e-7
1.2730324143171984e-7
1.4491394551801018e-7
6.513925451937052e-10
2.1526497196657074e-9
4.284004090141251e-9
1.5166792166663314e-8
5.371332093056598e-8
8.782315385904995e-8
1.1129604295292363e-7
1.6772046024844173e-9
5.698148198147338e-9
1.2946747494668267e-8
1.9045166901383018e-8
2.5581159074886114e-8
6.763192957532012e-8
1.0114765030984042e-7
2.964634692408748e-9
1.0265075937182312e-8
2.3974671341395616e-8
3.854715665733367e-8
4.7704786322972055e-8
4.44295655627872e-8
9.852375705274108e-8
4.488382433916725e-9
1.5736574592467267e-8
3.7419933468082254e-8
6.138146094957076e-8
8.154460328200514e-8
9.234003926339129e-8
8.844651926083265e-8
8.018238644835862e-6
1.3895390746307861e-6
2.4548539251768618e-8
1.5437530905335674e-7
4.043066166426466e-7
7.26518225340901e-7
1.1116984966208086e-6
3.591185804882295e-6
5.000960807744287e-7
1.277544376197883e-7
3.5884770235551205e-7
6.806670958858311e-7
1.07866925661494e-6
3.1891539416548047e-6
5.781446071870456e-7
2.5475768558727495e-7
5.442591327014091e-7
9.231406670876619e-7
2.896247554068128e-6
7.725386975742194e-7
3.7895019987791113e-7
7.102286856740809e-7
3.272797399331489e-6
8.178490197211538e-7
6.530140086041658e-7
4.452353292570809e-6
1.509836735924472e-6
4.943826767813537e-6
2.2518350459779006e-10
3.9180806445007505e-10
4.800365907162376e-10
5.151233432037424e-10
5.335612131590722e-10
5.462118758344833e-10
5.552135170268236e-10
9.752298146803216e-10
1.461911522235201e-9
1.6712170141946123e-9
1.7811995687222692e-9
1.8564939580844895e-9
1.9097065995694097e-9
2.8058095046633503e-9
3.5972942345129656e-9
4.01381975142188e-9
4.299327137789062e-9
4.501029440614462e-9
5.275853370192944e-9
6.292083079804311e-9
6.975721263557035e-9
7.459654609371813e-9
8.038288413295553e-9
9.23428738640498e-9
1.0049558247894835e-8
1.1246077854535848e-8
1.245688692736418e-8
1.4643857543031108e-8
2.3347796880151445e-8
7.050970955173433e-8
1.0372003439712924e-7
1.1744689727627539e-7
1.2465311527266959e-7
1.2957981369038597e-7
1.330604472066342e-7
1.4655854258888663e-9
1.859842869076089e-8
6.51403619639625e-8
9.47064801460103e-8
1.1043829384469089e-7
1.2121565058619595e-7
1.2882793467271202e-7
-4.643630902009377e-11
9.159270232689031e-11
1.082114350718812e-8
5.213569427328578e-8
8.209037059592819e-8
1.0247409301737364e-7
1.1686970527827648e-7
5.168018996584254e-10
1.6753967308780298e-9
3.2567534389633487e-9
1.252191679181086e-8
4.588416426226882e-8
7.537449097942826e-8
9.567144434952842e-8
1.3295778629252618e-9
4.4345047362007255e-9
9.97048908275454e-9
1.466667588611783e-8
2.0142968327415656e-8
5.5522914107073375e-8
8.371909845963759e-8
2.3491174341320887e-9
7.986135438524497e-9
1.844977061238437e-8
2.989795401413889e-8
3.728643281106842e-8
3.461398265829676e-8
7.930314976312286e-8
3.5556242488607542e-9
1.224037804145425e-8
2.8783003473861122e-8
4.764226878784966e-8
6.411297206847297e-8
7.297751599842832e-8
6.973555709292525e-8
6.178868527562667e-6
1.0503224798181962e-6
1.7801121761926366e-8
1.1899883752779811e-7
3.116225711866767e-7
5.59791495811379e-7
8.56391333645956e-7
2.747236158193283e-6
3.7193593237736805e-7
9.765044697995206e-8
2.7356004720454494e-7
5.186243585735375e-7
8.216222919741894e-7
2.5818255639717756e-6
4.976277203253758e-7
2.0440872190212625e-7
4.3810638476876896e-7
7.444751776903092e-7
2.509896253344562e-6
6.655592256812112e-7
3.2525340758977935e-7
6.104836097087595e-7
2.747356793993542e-6
6.861209492241203e-7
5.406286123358618e-7
3.65620455762975e-6
1.24247930774376e-6
4.060612388652151e-6
1.8154708421316846e-10
3.140155882118376e-10
3.834399541915044e-10
4.110214424124712e-10
4.2551738643798016e-10
4.3546648686194153e-10
4.4254989483884064e-10
7.687410715704085e-10
1.1434205390969995e-9
1.3046254936874467e-9
1.3893369063929236e-9
1.4473279702311422e-9
1.488315351159873e-9
2.179147476937882e-9
2.7873027834126263e-9
3.1070603696014433e-9
3.326230683102007e-9
3.4810720113756497e-9
4.063446383745376e-9
4.8374620993862475e-9
5.356925650708371e-9
5.724757985106215e-9
6.193794601334529e-9
7.1229603952118966e-9
7.753747553282484e-9
8.736646877802121e-9
9.696354383846061e-9
1.1481938230991792e-8
1.8606447405756762e-8
5.533733851090884e-8
8.10362348794553e-8
9.165546584310982e-8
9.723037012433496e-8
1.0104127715095564e-7
1.0373399526065156e-7
1.1128649276017462e-9
1.4153672803053844e-8
5.013344870467255e-8
7.306202158393319e-8
8.52616755450885e-8
9.361925972732355e-8
9.952235030277142e-8
-3.8114498241774434e-11
7.209953289884654e-11
8.0264686296283e-9
3.858295985774891e-8
6.099849141061429e-8
7.624760797805878e-8
8.701679876352838e-8
4.123982763352664e-10
1.3077244403179658e-9
2.5110058654859075e-9
9.77932005497994e-9
3.7538160533864895e-8
6.233863231767357e-8
7.939155712095634e-8
1.0604766430152342e-9
3.458862096996986e-9
7.718125877967001e-9
1.1177515433544419e-8
1.5557230052658204e-8
4.609192935255867e-8
7.045441533705712e-8
1.872731521457523e-9
6.225896074702993e-9
1.4274144192622603e-8
2.2960343111229103e-8
2.854357016842634e-8
2.5921885802097355e-8
6.387010824648656e-8
2.8337891583533166e-9
9.539238754169307e-9
2.226096182579363e-8
3.656307037368855e-8
4.946406184174426e-8
5.637969131577227e-8
5.354257195731922e-8
4.826315230460606e-6
8.068631397029518e-7
1.3356110502567237e-8
9.284770579561878e-8
2.4305217623938814e-7
4.3648425531417e-7
6.676208488704647e-7
2.126121382916674e-6
2.827111023547523e-7
7.535274911331792e-8
2.1119840479247356e-7
4.005522393030061e-7
6.347248884378979e-7
1.90139953761158e-6
3.906049501754967e-7
1.520138082230625e-7
3.2598857152848527e-7
5.543073607704118e-7
2.1099430290016894e-6
5.75020928429098e-7
2.69114052946284e-7
5.066002523153858e-7
2.383678204258202e-6
5.899966455815841e-7
4.551005985513002e-7
3.09987508977183e-6
1.0325762517468849e-6
3.3565658800967008e-6
1.4636076831394472e-10
2.526683260116803e-10
3.0778544086847754e-10
3.2963487350580005e-10
3.4111399110268156e-10
3.489935602076547e-10
3.5460708919234694e-10
6.106679378762879e-10
9.006575426377123e-10
1.0249454786703613e-9
1.0902478060982232e-9
1.1349506368023584e-9
1.1665519966025456e-9
1.6932330375400524e-9
2.1612511549199596e-9
2.407589011494831e-9
2.576426416393356e-9
2.6957184845596045e-9
3.142557974354136e-9
3.7333514588484004e-9
4.1295526783420244e-9
4.4101530889714386e-9
4.7616119971687166e-9
5.463110420838044e-9
5.9367814984804125e-9
6.711850824904017e-9
7.437711258081759e-9
8.859247082548416e-9
1.496424965885115e-8
4.3833065609760924e-8
6.38186045082957e-8
7.206666303214101e-8
7.639639290403425e-8
7.935597973413154e-8
8.144750528700366e-8
8.480513701338532e-10
1.0762330609537154e-8
3.790886493631247e-8
5.532546171933374e-8
6.459303670143661e-8
7.094161983856145e-8
7.542602522203344e-8
-3.179651887347993e-11
4.7718388450212944e-11
6.472485259846073e-9
3.007033964065032e-8
4.710634392068269e-8
5.8702813298708064e-8
6.68922294508037e-8
3.303653865260034e-10
1.0270403135802734e-9
1.966739803292034e-9
7.219857759082268e-9
2.7829097561983016e-8
4.65330938070065e-8
5.9374873839267227e-8
8.501239340254459e-10
2.714193235292362e-9
5.980825681753147e-9
8.59845424507416e-9
1.1724821998678801e-8
3.683710075578346e-8
5.707913538972038e-8
1.5008619150407697e-9
4.882138288224773e-9
1.1056889368409348e-8
1.7700200756724796e-8
2.1692938269886648e-8
1.8720998785457757e-8
5.1271455099815645e-8
2.2704973238675537e-9
7.476836453300503e-9
1.7239158175013763e-8
2.8167423820964684e-8
3.787007563062922e-8
4.266335216452268e-8
3.9460203141321246e-8
3.806507984235399e-6
6.170148115900969e-7
1.0440925349941117e-8
7.297813914201166e-8
1.90960652565001e-7
3.427928072989674e-7
5.241696585240662e-7
1.5969804661397793e-6
2.259851253665688e-7
5.7063806609989644e-8
1.6000360688555882e-7
3.0352858592662775e-7
4.81048038297831e-7
1.4623656426731365e-6
2.837838909191527e-7
1.1738540577339413e-7
2.5097172425983856e-7
4.2610664987197406e-7
1.5729686237567714e-6
4.5283354142868496e-7
2.010335139927215e-7
3.789045891738171e-7
1.9811667192919425e-6
4.996451544178012e-7
3.6904958718934365e-7
2.674924153230865e-6
8.745964044305202e-7
2.8644220598731924e-6
1.1756733611579086e-10
2.034873636788722e-10
2.4763724983644296e-10
2.651131391936645e-10
2.742917026379987e-10
2.805899702101753e-10
2.850776312556337e-10
4.881834448639485e-10
7.150048488509232e-10
8.119799904369868e-10
8.629254229325526e-10
8.977999685019455e-10
9.224552147939331e-10
1.3239392164333433e-9
1.679545597611656e-9
1.866617908178296e-9
1.9948417351369837e-9
2.085437976942918e-9
2.429985595166895e-9
2.88457212374107e-9
3.189775774141261e-9
3.4058935413452262e-9
3.672832792244888e-9
4.2091695720486805e-9
4.571261151578734e-9
5.155650189978e-9
5.6997102384280146e-9
6.793046609876964e-9
1.2121088520358662e-8
3.510698260384558e-8
5.0844331333177265e-8
5.731957376670591e-8
6.071825961091014e-8
6.304140982962024e-8
6.468326678497444e-8
6.562069564297928e-10
8.269395283823588e-9
2.8857997762148892e-8
4.1960863490512e-8
4.8933576331992456e-8
5.371047843210329e-8
5.708441839434276e-8
-2.600492448557285e-11
3.318084058059709e-11
4.732411201669809e-9
2.307093772298019e-8
3.6434897328606536e-8
4.552839886648983e-8
5.195059236830263e-8
2.6546164458354343e-10
8.134847248706669e-10
1.5245106686254978e-9
5.693090257576281e-9
2.1100421791340077e-8
3.493287427562482e-8
4.4439342218964126e-8
6.833547300011944e-10
2.148274691950668e-9
4.637356009190006e-9
6.682867059598979e-9
8.939001139575438e-9
2.730997513366152e-8
4.229312691078485e-8
1.2066333985866912e-9
3.8621521869656434e-9
8.561918418820486e-9
1.3673335696121066e-8
1.670817448086163e-8
1.3944957169131997e-8
3.962393605191451e-8
1.8252666713405395e-9
5.912544008439463e-9
1.3337765548417316e-8
2.1754727998335062e-8
2.915941496996751e-8
3.2342471450243626e-8
2.8691188082272898e-8
3.0422979161843446e-6
4.780713320943575e-7
7.377975488774283e-9
5.803129805756549e-8
1.517713764077304e-7
2.723219710983386e-7
4.1628586907936707e-7
1.2109418521278506e-6
1.6380928367881641e-7
4.329999844350943e-8
1.21218785549317e-7
2.2981439088917247e-7
3.6408640110440533e-7
1.1440411059149964e-6
2.259264524102427e-7
9.07778408571379e-8
1.9464508555618608e-7
3.309258503699929e-7
1.1620049068940618e-6
3.2724579960791933e-7
1.5090900179083908e-7
2.8360809897834573e-7
1.450171946999723e-6
3.8149920420932306e-7
2.738002130377936e-7
2.126276540335113e-6
7.114214096682327e-7
2.40391651348587e-6
9.376017399008263e-11
1.6345668477464606e-10
1.9903901886518944e-10
2.130985977762562e-10
2.2048191776267062e-10
2.2554760491074793e-10
2.2915549172201957e-10
3.920151003741543e-10
5.711233252928544e-10
6.474121149642909e-10
6.874855526800949e-10
7.149160851215046e-10
7.343095238763672e-10
1.043590668645666e-9
1.3172887313187675e-9
1.4611757991000269e-9
1.5597927805709747e-9
1.6294722792629589e-9
1.884668684452096e-9
2.2278976378165322e-9
2.458187166134283e-9
2.621270905467097e-9
2.8290982770341723e-9
3.240474540117563e-9
3.5189478639294083e-9
3.96365885747407e-9
4.385350303177667e-9
5.212086504755437e-9
9.850155949381404e-9
2.836674851051092e-8
4.0914638741529484e-8
4.60645711566731e-8
4.8767318893187426e-8
5.061469718069077e-8
5.1920367253885426e-8
5.161595473207658e-10
6.418451239650402e-9
2.2141346218669904e-8
3.213382719448751e-8
3.7450377769733513e-8
4.1092469813880874e-8
4.366497481452361e-8
-2.1254761022485434e-11
2.3287854977344506e-11
3.5944359973750133e-9
1.7050734859606215e-8
2.6892052295551127e-8
3.358830601851587e-8
3.8317105209539e-8
2.1338973331107876e-10
6.486790965743622e-10
1.196440352707722e-9
4.39041512484544e-9
1.6762834572228628e-8
2.78555741519849e-8
3.548102312921349e-8
5.492185910366292e-10
1.7116402586996808e-9
3.630514134092159e-9
5.156741317854959e-9
7.070944749322872e-9
2.0929556329040126e-8
3.210973812365332e-8
9.698280351816875e-10
3.0756830387845373e-9
6.695528193409279e-9
1.0538691062547255e-8
1.2940322722906888e-8
1.1189266010868052e-8
2.9560600680304713e-8
1.467211727509976e-9
4.7070175395034554e-9
1.0422825915648915e-8
1.6745145795171627e-8
2.2449985223711494e-8
2.503120263168675e-8
2.2152224891038808e-8
2.4596821125776746e-6
3.7540204559998964e-7
5.6020840672465005e-9
4.6634398871632174e-8
1.219053595253399e-7
2.1865573335078904e-7
3.341665978717748e-7
9.220795737743956e-7
1.2622501912527673e-7
3.3156645704101563e-8
9.277794551854882e-8
1.7583372744037711e-7
2.7850797191813916e-7
8.345241522306213e-7
1.7142509339918456e-7
6.703510102972756e-8
1.436019028472583e-7
2.4408172155402974e-7
9.41614628478987e-7
2.601613950837508e-7
1.2030032649963364e-7
2.264310531258497e-7
1.083567779036302e-6
2.7911151089183087e-7
2.0778137668229432e-7
1.5161186229683535e-6
5.239437633352872e-7
1.8010535939981312e-6
7.399057224392573e-11
1.3048944192301348e-10
1.5925606373067098e-10
1.7060954229225483e-10
1.765690629065194e-10
1.8065790911197976e-10
1.8356986994457335e-10
3.152194630186092e-10
4.5818513223863287e-10
5.188918156466179e-10
5.507762388986933e-10
5.726007347995343e-10
5.880309893497011e-10
8.281422115184027e-10
1.039926584764081e-9
1.1513343302166252e-9
1.2276847403138417e-9
1.2816330675232003e-9
1.4746161120968762e-9
1.7361885451242566e-9
1.911624277390656e-9
2.0358742940971168e-9
2.187649570455507e-9
2.494987477629213e-9
2.7023302393461443e-9
3.0429359811277397e-9
3.3601414043115495e-9
3.989765482253977e-9
7.993868813111901e-9
2.3038073179795863e-8
3.315203971602212e-8
3.729082325842999e-8
3.9462651800225905e-8
4.094708296208071e-8
4.199627516321994e-8
4.136170523484082e-10
5.05472881858202e-9
1.717729293933825e-8
2.4821668470668193e-8
2.8888301606657196e-8
3.167405292503824e-8
3.364172172134954e-8
-1.696961893359467e-11
1.7305577006750533e-11
2.6781320616137514e-9
1.2859397484703954e-8
2.026917452153646e-8
2.531170281464694e-8
2.887290595995906e-8
1.7073648263647988e-10
5.20013456414997e-10
9.545230284381947e-10
3.2688183067936453e-9
1.2140043739316922e-8
2.0209865415631676e-8
2.5748855768933404e-8
4.3989797392347414e-10
1.3714665416137474e-9
2.8611548239494687e-9
4.018511058851767e-9
5.351578536515127e-9
1.645428793773557e-8
2.5442423413317796e-8
7.768940709956266e-10
2.463760948234259e-9
5.270806965260282e-9
8.196650472376616e-9
9.921792130715985e-9
8.553093391484343e-9
2.3082525159062457e-8
1.1754430826475027e-9
3.769833768030607e-9
8.199155489871327e-9
1.3007415613338771e-8
1.7242668959069983e-8
1.9258589584894172e-8
1.7521077074199907e-8
2.0040446327750833e-6
2.9902219519972466e-7
4.097529927647096e-9
3.775534259518511e-8
9.865630069139464e-8
1.7691084578820347e-7
2.7032087378433027e-7
7.099582573602071e-7
9.38511784693949e-8
2.5579723976371953e-8
7.15708373477226e-8
1.3554104450145818e-7
2.1458910223981633e-7
6.327204863974885e-7
1.2530019513878734e-7
5.051760514012304e-8
1.0821335125681983e-7
1.8391929876021047e-7
6.732423326349642e-7
1.9767174663817008e-7
8.733141156622179e-8
1.6432668332279843e-7
8.772912818444473e-7
2.2546143772607088e-7
1.6457864189747937e-7
1.19439652694428e-6
3.9721703023195206e-7
1.3122474903858877e-6
5.7612769795520234e-11
1.0317469730251383e-10
1.264043200250985e-10
1.3556610589790065e-10
1.4037402894277275e-10
1.4367117189953233e-10
1.4601870434008397e-10
2.529002869335831e-10
3.679540269935599e-10
4.1668133083158585e-10
4.4227179804961525e-10
4.5978726219109393e-10
4.721706274726066e-10
6.609383488965591e-10
8.268058816382362e-10
9.140482059536772e-10
9.738349894258581e-10
1.0160783519540022e-9
1.1608667449943367e-9
1.3613255207114541e-9
1.4959822783821638e-9
1.5913310527813012e-9
1.705202888413813e-9
1.9398093423919194e-9
2.09835913745393e-9
2.3504610625431597e-9
2.5863794662984803e-9
3.060388890032177e-9
6.448202886798952e-9
1.872046062666623e-8
2.693377931111872e-8
3.028683219811581e-8
3.2046190607962294e-8
3.3248665408119206e-8
3.4098572153436394e-8
3.368470582035202e-10
4.037344372305127e-9
1.350238303764502e-8
1.942518410996683e-8
2.2575131027579728e-8
2.4732968690202197e-8
2.6257050306396213e-8
-1.3322160128746153e-11
1.3441908314709676e-11
2.0334744354204183e-9
9.611768478400016e-9
1.5124722710082677e-8
1.8876589346358137e-8
2.1526219852975175e-8
1.3568253254686175e-10
4.177514652885821e-10
7.621398557205448e-10
2.5303872637227993e-9
9.284137487625416e-9
1.5347577275815805e-8
1.951539573182947e-8
3.4968179020110367e-10
1.1014428094970512e-9
2.2718156355869295e-9
3.1744358119060092e-9
4.202725936200297e-9
1.2015669884309845e-8
1.8396053000323707e-8
6.179337458618313e-10
1.978677274217285e-9
4.181644334692173e-9
6.4155952746666104e-9
7.749111719621397e-9
6.528532219547454e-9
1.7602869376873903e-8
9.351738789969927e-10
3.027531101804783e-9
6.501292396325976e-9
1.0168737513097618e-8
1.3390600070245182e-8
1.4724226297385081e-8
1.3017155873322597e-8
1.6374665120091633e-6
2.412212381154988e-7
3.1110683966266003e-9
3.067221098768787e-8
8.012675668994018e-8
1.4367035299801739e-7
2.1951408468691892e-7
5.532139784669681e-7
7.128571786691612e-8
1.9997101313709716e-8
5.5933073898023314e-8
1.0584506112783983e-7
1.674941574270507e-7
4.695928291715281e-7
9.408234499522173e-8
3.7696613147977955e-8
8.070281858880988e-8
1.3712218919358356e-7
5.126601021341437e-7
1.4317120235828482e-7
6.63013913128838e-8
1.2455241636882836e-7
6.134366566251466e-7
1.6469452543264228e-7
1.1912309283654336e-7
9.186122664287005e-7
3.157435110755215e-7
1.0666502081316955e-6
4.416306258769413e-11
8.055641368746449e-11
9.921274164808217e-11
1.0657037803694041e-10
1.1043048679976527e-10
1.1307745821680385e-10
1.1496101275720449e-10
2.016905039055867e-10
2.9471211798172717e-10
3.3404611560629186e-10
3.5470249187428286e-10
3.6884042942315375e-10
3.788350925446866e-10
5.289755875438126e-10
6.601988801651476e-10
7.292278481183128e-10
7.765311226319808e-10
8.099527255510528e-10
9.200994601551324e-10
1.0752916280416734e-9
1.179578230563654e-9
1.2534166864651855e-9
1.3372138217188826e-9
1.5155722296271067e-9
1.6362939435215834e-9
1.82578390046527e-9
2.007018903839504e-9
2.3609107211409825e-9
5.147343248055294e-9
1.514504831786693e-8
2.1833118085370822e-8
2.4558987365985295e-8
2.5989185495234794e-8
2.696666279629739e-8
2.7657520478753637e-8
2.7740266587507403e-10
3.2634869484466666e-9
1.076064211181322e-8
1.5415729758531507e-8
1.789076724857991e-8
1.9586266834572778e-8
2.078376969396613e-8
-1.0186239505621068e-11
1.135190116158485e-11
1.5520703500042402e-9
7.277808108837315e-9
1.1435427156464305e-8
1.42648497722858e-8
1.6262997632711215e-8
1.0667969846499791e-10
3.3507518252152416e-10
6.125447297463947e-10
1.9373848238830974e-9
6.865997451513821e-9
1.1315237391921096e-8
1.4371352624802336e-8
2.751482781021199e-10
8.835229655444629e-10
1.8127385675440879e-9
2.513897626743123e-9
3.2771661021658543e-9
9.279503490912978e-9
1.414128046791894e-8
4.864187254858901e-10
1.5875587441140361e-9
3.334894355383944e-9
5.059357960823738e-9
6.080542831939076e-9
5.376206407785801e-9
1.328348993480815e-8
7.364036503257799e-10
2.4294618452321535e-9
5.1831192069342236e-9
8.010545429219375e-9
1.0444014837413715e-8
1.1579652015029845e-8
1.043381109450419e-8
1.3342691222336952e-6
1.9636977235990557e-7
2.4193719503707232e-9
2.4881079623255698e-8
6.499278815547249e-8
1.1654359687671129e-7
1.7807476246353952e-7
4.375145867161522e-7
5.4754232065335115e-8
1.5848796183759377e-8
4.432887789277805e-8
8.3823755501715e-8
1.3258555782432175e-7
3.5435052125835683e-7
7.047961955212036e-8
2.849778749708844e-8
6.098570978445667e-8
1.0359487681282398e-7
3.721556701284523e-7
1.0720917125060815e-7
4.888540126413266e-8
9.172144569533515e-8
4.7242889603970167e-7
1.236385644949472e-7
9.148864830390249e-8
6.515965036620614e-7
2.2511057324732515e-7
7.572220739434971e-7
3.3273217714085953e-11
6.195904070133116e-11
7.680056411400474e-11
8.265709735324451e-11
8.572929018664329e-11
8.783532860182611e-11
8.93333125719444e-11
1.59327994945255e-10
2.3454765531367054e-10
2.663420998573889e-10
2.8303922321642096e-10
2.944669550408055e-10
3.025448441139638e-10
4.230836712546776e-10
5.278859856842944e-10
5.830366273036572e-10
6.208275064081552e-10
6.475270780196515e-10
7.322134896042312e-10
8.535342228894804e-10
9.35153459743735e-10
9.929337931885895e-10
1.0554018480067018e-9
1.1932697555008845e-9
1.2868236917721168e-9
1.428463284348401e-9
1.565836927027409e-9
1.8313553040923226e-9
4.051075767200216e-9
1.2141265211546127e-8
1.7573046504773545e-8
1.9785166989024066e-8
2.0945804692466797e-8
2.1739036177905455e-8
2.2299641256316255e-8
2.2944373118756507e-10
2.658288302821829e-9
8.671581790576635e-9
1.2379475237556545e-8
1.4350359576024595e-8
1.5700491929039563e-8
1.665405471613573e-8
-7.57540639939375e-12
1.01657631385396e-11
1.2035126545713247e-9
5.56906375255039e-9
8.723631116620213e-9
1.0870759886860395e-8
1.2387077156101715e-8
8.278994330243704e-11
2.673258109540884e-10
4.93079410677614e-10
1.4884508087193561e-9
5.169260755224327e-9
8.485489620312176e-9
1.0763852940651206e-8
2.1363409812638592e-10
7.051400354359775e-10
1.4494920615799526e-9
2.0050988606605152e-9
2.6172000409748756e-9
6.945859609755462e-9
1.0453682755306553e-8
3.779344191977696e-10
1.2676523917190488e-9
2.666493126789355e-9
4.011439178202101e-9
4.814925604924673e-9
4.252752916500553e-9
1.0164856393133e-8
5.724027779907149e-10
1.9405196443167474e-9
4.144132973862355e-9
6.346493002137213e-9
8.214613285891277e-9
9.047867021408536e-9
8.216629962480376e-9
1.0783783969349502e-6
1.604619637395184e-7
1.9321815714125594e-9
2.0054234399193774e-8
5.238936413362597e-8
9.39657557828257e-8
1.4359828617702445e-7
3.5062816516627185e-7
4.261705726029408e-8
1.2708641977830305e-8
3.555730373766136e-8
6.719560765155693e-8
1.0624346734328818e-7
2.696416626803828e-7
5.2613085656961904e-8
2.1735716682172674e-8
4.6474528664066445e-8
7.890509959995553e-8
2.77665601901143e-7
7.951319189498725e-8
3.665438148738171e-8
6.86991063487685e-8
3.3822077305561535e-7
9.021698163552602e-8
6.764156884578713e-8
4.89001048597819e-7
1.7308127494513673e-7
5.760986324712591e-7
2.4616977966314196e-11
4.686217239956129e-11
5.851631210901973e-11
6.312059306345263e-11
6.553577900246156e-11
6.719117406223867e-11
6.83680954170194e-11
1.2428974519127592e-10
1.848334330528246e-10
2.1044658133249878e-10
2.238983354077451e-10
2.3310477861796777e-10
2.3961169788649944e-10
3.369167628668866e-10
4.211126758891236e-10
4.6543478053330155e-10
4.958046171741932e-10
5.172600419856532e-10
5.832990527798182e-10
6.79161431803667e-10
7.437369810651324e-10
7.894431671614145e-10
8.363730586711626e-10
9.436991603080211e-10
1.0166672678655733e-9
1.1233857151297326e-9
1.2294273845211292e-9
1.4294257996384265e-9
3.134231329833288e-9
9.604969335417992e-9
1.3981795754547013e-8
1.5764593129721956e-8
1.6700011320852094e-8
1.7339314152693082e-8
1.7791094847548192e-8
1.8920194068731601e-10
2.1696372303134537e-9
7.035456275670497e-9
1.0020579066541809e-8
1.1606920683873661e-8
1.269362722708626e-8
1.3461131268038389e-8
-5.4663913872692e-12
9.367144598353706e-12
9.4790870444733e-10
4.3230656662689464e-9
6.75041734502805e-9
8.402784570612893e-9
9.569701284219392e-9
6.32736153317337e-11
2.1135701513372388e-10
3.952391128841352e-10
1.1570483886333054e-9
3.912819964977733e-9
6.3834464235529555e-9
8.081698583934072e-9
1.6335631855571658e-10
5.578898620690477e-10
1.1571972385735827e-9
1.6030834390315175e-9
2.069678983297009e-9
5.265373816619677e-9
7.860247935762946e-9
2.8918785979753735e-10
1.003633951365698e-9
2.1296231569087954e-9
3.1905121134303962e-9
3.822359662032029e-9
3.464607177622731e-9
7.823103502853384e-9
4.381880185813558e-10
1.5370681117898846e-9
3.3105996250913278e-9
5.046140643768149e-9
6.490836632068165e-9
7.182415296576537e-9
6.678220031374909e-9
8.602728126735474e-7
1.308293175535341e-7
1.5826676428840555e-9
1.5987319722148466e-8
4.177632009102583e-8
7.495863276668535e-8
1.1458015551082799e-7
2.8370304798764054e-7
3.36655915080943e-8
1.0273956377894473e-8
2.87594186699751e-8
5.432682008910651e-8
8.587445495310521e-8
2.080037823099731e-7
3.9891681256202166e-8
1.6815310083858917e-8
3.592301842217961e-8
6.095818985526578e-8
2.0709130733019288e-7
5.8565282620782704e-8
2.7570108190986106e-8
5.1579522680773035e-8
2.4898686148557763e-7
6.75353455213524e-8
5.083396431082738e-8
3.587403717127676e-7
1.2617137136795603e-7
4.104810426571291e-7
1.7881246414113407e-11
3.4816927397976134e-11
4.3825113758813865e-11
4.7390386280852614e-11
4.926068279104144e-11
5.0542467053080836e-11
5.145331360359219e-11
9.550699228801103e-11
1.437950079358147e-10
1.6426498300123425e-10
1.750166995425373e-10
1.8237524444238288e-10
1.8757539608467935e-10
2.661740807692376e-10
3.3392010735441625e-10
3.69595414081233e-10
3.940400687141048e-10
4.113085687865516e-10
4.635187483889409e-10
5.398465245686728e-10
5.913183270538764e-10
6.277439016991557e-10
6.634525801317216e-10
7.47892821834264e-10
8.054685343014831e-10
8.865902723479843e-10
9.695543144223433e-10
1.1214510266961827e-9
2.378927840445528e-9
7.473099006089838e-9
1.0955711370782465e-8
1.2375851083164055e-8
1.3121042647440328e-8
1.3630340631969854e-8
1.399021515146551e-8
1.5449614940553835e-10
1.7637562533026904e-9
5.715673647575437e-9
8.133746061461947e-9
9.418546925483702e-9
1.0298689530973666e-8
1.0920300957618137e-8
-3.820668361540014e-12
8.650002947256785e-12
7.569362226424127e-10
3.4057064806280347e-9
5.301699877947864e-9
6.592512419870723e-9
7.504097053548144e-9
4.7555677512199335e-11
1.650739807139466e-10
3.144026205333189e-10
9.046454341057307e-10
2.9902500275609376e-9
4.852323078376416e-9
6.132746004463233e-9
1.2282782671385796e-10
4.3614424220412973e-10
9.189206036174799e-10
1.2786600816072762e-9
1.6462474572601359e-9
4.021591091488921e-9
5.942527790914966e-9
2.1759478593063618e-10
7.852935959775523e-10
1.6924963410682828e-9
2.5366347516773933e-9
3.0440761135301686e-9
2.832127846148334e-9
5.996589110695975e-9
3.298754223808768e-10
1.2033740661948214e-9
2.6324621331554285e-9
4.012546076419672e-9
5.142754538852423e-9
5.706852139573032e-9
5.36324382249512e-9
6.746512007396607e-7
1.0580924289326664e-7
1.3181086077346417e-9
1.2557088347705375e-8
3.2827325475161026e-8
5.893077723049649e-8
9.010982263463781e-8
2.3058989564332414e-7
2.6935313479267093e-8
8.331168134338917e-9
2.333633113678625e-8
4.4075759657835065e-8
6.966376470288987e-8
1.6290683033593534e-7
3.068697058077671e-8
1.3203266128615269e-8
2.8183455920750682e-8
4.780021016402368e-8
1.5604076995473189e-7
4.374242761720516e-8
2.095246532200963e-8
3.9140152579484065e-8
1.8412617077987215e-7
4.995621317702484e-8
3.8413664439041e-8
2.5961113617412385e-7
9.346637790357045e-8
3.030760503564824e-7
1.2758459384090081e-11
2.5401051801509124e-11
3.22419532390521e-11
3.495573782402497e-11
3.637959466479294e-11
3.7355362851314885e-11
3.804847276885308e-11
7.215951880490532e-11
1.1017308049604191e-10
1.263371902284061e-10
1.3482843770370667e-10
1.4064000589336965e-10
1.44746395787115e-10
2.0795242069996304e-10
2.6229104598120147e-10
2.9091578533457073e-10
3.1052952533199407e-10
3.243846184467257e-10
3.661137355450179e-10
4.2712564916530095e-10
4.683058818003681e-10
4.974443159162043e-10
5.250396166753503e-10
5.919946694661993e-10
6.377693090016487e-10
7.000920568590745e-10
7.654696171322875e-10
8.817260940081871e-10
1.7694344558175242e-9
5.704155457090189e-9
8.429902408219514e-9
9.543630904119234e-9
1.0128102736008745e-8
1.052756599646456e-8
1.0809801391319269e-8
1.242284713479295e-10
1.4200490975856316e-9
4.623085982909679e-9
6.582993199051834e-9
7.624281885115545e-9
8.337612373195808e-9
8.84141185769811e-9
-2.584251486883477e-12
7.852767219007052e-12
6.10470792732036e-10
2.7166837591081e-9
4.218022399028271e-9
5.2402552610820244e-9
5.962166231733722e-9
3.5122350436404713e-11
1.2702434380780843e-10
2.473019038817578e-10
7.102475260027302e-10
2.3113996849079305e-9
3.734540108194542e-9
4.7135434334997925e-9
9.074207378927376e-11
3.360187631222585e-10
7.232594935567671e-10
1.0141368740273245e-9
1.3078773813157955e-9
3.087073646585233e-9
4.519920619961109e-9
1.6086904303759056e-10
6.056115724974542e-10
1.3336984614018859e-9
2.0087891808158918e-9
2.419162444474637e-9
2.2959904434531667e-9
4.626203336633079e-9
2.440041203646288e-10
9.286449117817992e-10
2.0759875876209097e-9
3.17947051769028e-9
4.072025141004851e-9
4.53666776509327e-9
4.339008554933589e-9
5.185199174051113e-7
8.443909337805944e-8
1.1048590511308504e-9
9.687740404135571e-9
2.5341311374731087e-8
4.5518587586790706e-8
6.962841865477632e-8
1.8715269904511224e-7
2.1739104008359928e-8
6.738521842441355e-9
1.8889621703187374e-8
3.568111946635183e-8
5.6399404596915133e-8
1.2933443672989992e-7
2.3958698782854074e-8
1.0502034119190027e-8
2.2402149885993553e-8
3.797805170683571e-8
1.192911320060116e-7
3.3073303088836215e-8
1.6121902578891382e-8
3.008142491837934e-8
1.3707504088945428e-7
3.719001365094863e-8
2.920182834640486e-8
1.9027423147242184e-7
6.95912598407313e-8
2.215012515721871e-7
8.9517899064928e-12
1.8203019681252217e-11
2.3301446135731056e-11
2.532963604783018e-11
2.6394056662473538e-11
2.7123516007828602e-11
2.7641505900196618e-11
5.35441008452674e-11
8.298759899736206e-11
9.555699931611418e-11
1.021609463813656e-10
1.0668095794661531e-10
1.0987436678723599e-10
1.6023660912891047e-10
2.0348867625615372e-10
2.2628014744615194e-10
2.41897307627538e-10
2.529287756431651e-10
2.8649440449594905e-10
3.3524107290321327e-10
3.6816410748888305e-10
3.9145748555543087e-10
4.13106927017381e-10
4.664016442112384e-10
5.029174949881109e-10
5.512787578661777e-10
6.03131480355755e-10
6.928995692206224e-10
1.2894516990340744e-9
4.264811922529291e-9
6.357181586581542e-9
7.214516261203305e-9
7.664496448287627e-9
7.972050863224971e-9
8.189326725975952e-9
9.795682638170679e-11
1.126865028461218e-9
3.703265739130322e-9
5.283890637867453e-9
6.123683285071542e-9
6.698983488593373e-9
7.105301197981297e-9
-1.6910511009640657e-12
6.932965894862486e-12
4.945746761724564e-10
2.184852730146534e-9
3.3859239686318113e-9
4.20377120023135e-9
4.781343535859755e-9
2.5487565068703567e-11
9.611443284653881e-11
1.917525405089352e-10
5.585881522560039e-10
1.8056263487854974e-9
2.90911535308945e-9
3.6685396070139755e-9
6.586043600365757e-11
2.5460925983903383e-10
5.625007657656259e-10
7.97010734147837e-10
1.0328841242233365e-9
2.3822730706136383e-9
3.464411531616855e-9
1.168386728521998e-10
4.5937366565998883e-10
1.0387893262519386e-9
1.5790257604213844e-9
1.911404297598979e-9
1.8460834522160669e-9
3.5786832669075147e-9
1.7730891955218942e-10
7.049053978922747e-10
1.6184839215168837e-9
2.5017483396676244e-9
3.2108246559875768e-9
3.5958205837422575e-9
3.496874827126194e-9
3.898097428051065e-7
6.620694050385777e-8
9.227688082344232e-10
7.326052157077895e-9
1.917763034739927e-8
3.446931495740098e-8
5.274913508728022e-8
1.5082160815680558e-7
1.7603612544601513e-8
5.407426883096901e-9
1.5170685876682567e-8
2.866662236434554e-8
4.5321974171616246e-8
1.0369325670327367e-7
1.89560172563879e-8
8.428639856828094e-9
1.7970956212811534e-8
3.045621335161576e-8
9.25766859806896e-8
2.5349553565426456e-8
1.2555552744218096e-8
2.3411067433592912e-8
1.033213759498028e-7
2.7962867667423668e-8
2.237001277954999e-8
1.406157835364151e-7
5.199513732906787e-8
1.6209260797528392e-7
6.185832299168297e-12
1.2825200538051009e-11
1.6553338307400745e-11
1.8041114812475736e-11
1.8822192249210582e-11
1.935752487673692e-11
1.973758446277322e-11
3.90036397997874e-11
6.139044356236278e-11
7.099140865708343e-11
7.603661435617411e-11
7.948991454703458e-11
8.19294376091817e-11
1.2152738567013004e-10
1.5555666554533444e-10
1.7349275061399886e-10
1.857834071374567e-10
1.9446487819349066e-10
2.2149205878107133e-10
2.6024869452243915e-10
2.8643388803275504e-10
3.049590308862036e-10
3.221504532556857e-10
3.6455516136273475e-10
3.9365609307918233e-10
4.3148283768611855e-10
4.727184457464682e-10
5.425417356618035e-10
9.212995674511234e-10
3.1219690182608597e-9
4.694544420669112e-9
5.341157761457652e-9
5.680591356144072e-9
5.912599903869438e-9
6.0764889236918735e-9
7.554686527036311e-11
8.779696301514955e-10
2.9244513915354043e-9
4.186238060846461e-9
4.8566986587394584e-9
5.316001029540111e-9
5.640398272167451e-9
-1.0707299058432953e-12
5.91920298416636e-12
4.0017858560685435e-10
1.7622092214082372e-9
2.7282212874236724e-9
3.386037003564368e-9
3.850593975897805e-9
1.818347800193264e-11
7.142431878769778e-11
1.4621720297034494e-10
4.3875949265449486e-10
1.4219408342000928e-9
2.2886694772680626e-9
2.8853656364271132e-9
4.6986077549121124e-11
1.8949473289110177e-10
4.3120864342495916e-10
6.187683340113798e-10
8.084587943609911e-10
1.8454521531365543e-9
2.6738512845138573e-9
8.340692125809147e-11
3.4226472886566675e-10
7.976732203141082e-10
1.2282761112979137e-9
1.4964609897354762e-9
1.4667286395278313e-9
2.769456940313009e-9
1.2663512200537138e-10
5.255869717121989e-10
1.2441647895527788e-9
1.9486359371191377e-9
2.512971139888577e-9
2.8309161046608683e-9
2.7920770043325165e-9
2.864745146297271e-7
5.084767294882458e-8
7.617950291646305e-10
5.425079506308395e-9
1.4213222251020184e-8
2.556350937627808e-8
3.9137830156536666e-8
1.200615221613143e-7
1.4220262114164634e-8
4.284777620647431e-9
1.2030882762022677e-8
2.274670276857397e-8
3.597535951391515e-8
8.353357865532664e-8
1.513860488834197e-8
6.790469621636585e-9
1.4475042520941774e-8
2.4527389294338642e-8
7.280206053426764e-8
1.9698824709475137e-8
9.875677994569176e-9
1.8412081229287622e-8
7.896626100394993e-8
2.126362424245217e-8
1.7256508243964645e-8
1.0502232035186894e-7
3.907933710844684e-8
1.1953166703477655e-7
4.217328298267296e-12
8.896260843005223e-12
1.157216705005596e-11
1.2643687168364374e-11
1.3206475143763715e-11
1.359226640676339e-11
1.3866132087585219e-11
2.7898866562125145e-11
4.4584125961711586e-11
5.177590425097124e-11
5.555577314976856e-11
5.8143123903204293e-11
5.997076250733127e-11
9.059280402225674e-11
1.169693948044916e-10
1.3087441756165604e-10
1.4040330425546242e-10
1.4713388456260183e-10
1.688010419928108e-10
1.9933992554444545e-10
2.1997420475633108e-10
2.345719766017919e-10
2.4832528448476284e-10
2.8190716237730563e-10
3.0497601124685083e-10
3.347091520380053e-10
3.67436838982907e-10
4.2199423972660696e-10
6.463219467835282e-10
2.238855096476636e-9
3.395420239985229e-9
3.872911693853147e-9
4.12360835751412e-9
4.294973106644479e-9
4.416012618962521e-9
5.6915623872202634e-11
6.698123792737689e-10
2.268535596426479e-9
3.2611441083675012e-9
3.7886680610672615e-9
4.1500532454207285e-9
4.405299022875132e-9
-6.561410713961626e-13
4.877030381530411e-12
3.2154227031337457e-10
1.417433284746687e-9
2.1943286926053827e-9
2.7233663500122087e-9
3.096979298139958e-9
1.2767073195024801e-11
5.209938340529807e-11
1.0945358918236324e-10
3.431848460980287e-10
1.1248959874773188e-9
1.8120847029322e-9
2.285302881430699e-9
3.298254438498761e-11
1.3844350652235327e-10
3.2522047385583104e-10
4.734117088271853e-10
6.25416167606822e-10
1.4320822150982082e-9
2.074228843028889e-9
5.857982049025075e-11
2.5032415895796433e-10
6.027054984379851e-10
9.43096279463297e-10
1.157722109205048e-9
1.1470634930557005e-9
2.1394127566869738e-9
8.897930875793212e-11
3.8467865725400463e-10
9.411625366538991e-10
1.4985956824565181e-9
1.946575573857354e-9
2.2067663209207277e-9
2.2017016765095104e-9
2.0595538097432445e-7
3.818533109766429e-8
6.181703331636394e-10
3.934379795724226e-9
1.0316838648703887e-8
1.8567991459930223e-8
2.8440376799886388e-8
9.400543131963043e-8
1.1395512464015241e-8
3.339734621181988e-9
9.384382941177393e-9
1.7756240627256194e-8
2.8095602424408384e-8
6.724083757721774e-8
1.2145258148129105e-8
5.461216160993971e-9
1.1642109391151021e-8
1.9726950140809797e-8
5.780801694964735e-8
1.54801181069011e-8
7.817935068316691e-9
1.4582078699036743e-8
6.117296677560831e-8
1.6329249306679168e-8
1.3381036177193956e-8
7.947187879729032e-8
2.9555448490621077e-8
8.891631574803244e-8
2.842067687038583e-12
6.0853749115505586e-12
7.972511168305193e-12
8.730851799794366e-12
9.12935526599329e-12
9.402602874118591e-12
9.596580990001874e-12
1.96125138348606e-11
3.179659081959273e-11
3.707551047699413e-11
3.9850489344713466e-11
4.1750093880543036e-11
4.309184428572449e-11
6.632751482935631e-11
8.641961427523044e-11
9.701261158631577e-11
1.0427226807810362e-10
1.093999762739437e-10
1.2660741597872732e-10
1.5037307198230835e-10
1.6642714815269723e-10
1.7778489014642345e-10
1.888097329297514e-10
2.1517658314930419e-10
2.33295569461662e-10
2.5669272884202064e-10
2.8251229981449544e-10
3.251818309955939e-10
4.4604684367725567e-10
1.5750746981573475e-9
2.4078973734360508e-9
2.7532592446385207e-9
2.9346156630152008e-9
3.058589640258974e-9
3.1461486682749703e-9
4.188636719181188e-11
4.996346963635797e-10
1.72419729999783e-9
2.4910099889353365e-9
2.898632719745175e-9
3.177879878864801e-9
3.3751169364039124e-9
-3.891512668478967e-13
3.877774618794048e-12
2.552746858979217e-10
1.1309178477239914e-9
1.7522398364559474e-9
2.175325169574009e-9
2.474113749808347e-9
8.834593895383207e-12
3.7309549962313855e-11
8.034478472707577e-11
2.665145959020004e-10
8.90372569069139e-10
1.4379187110732439e-9
1.815032839036807e-9
2.2811928622383028e-11
9.929741647274448e-11
2.4102617920177447e-10
3.5628082235699337e-10
4.771376757542639e-10
1.1105083602389155e-9
1.6132791668577458e-9
4.053265974676236e-11
1.7972457726197355e-10
4.475101670237767e-10
7.133748895501082e-10
8.830366091135919e-10
8.810299657540434e-10
1.6456112571355965e-9
6.158981958252424e-11
2.7637507185214775e-10
6.996501054035127e-10
1.1355824960701568e-9
1.4888067611124717e-9
1.698749874864242e-9
1.7102381029616088e-9
1.4509470558270518e-7
2.8029799786064104e-8
4.91344026484518e-10
2.797213357360799e-9
7.341420637871476e-9
1.3221430781135001e-8
2.025986406509429e-8
7.21590755650511e-8
9.015037432321626e-9
2.553396720080716e-9
7.179217219087584e-9
1.3595644289559544e-8
2.152387465726268e-8
5.3784869967140965e-8
9.734278826452314e-9
4.360909295910823e-9
9.299267550023395e-9
1.575940623287713e-8
4.6137354461826224e-8
1.2258282352500643e-8
6.203026754620433e-9
1.158073320180387e-8
4.791708671640668e-8
1.2642887497920129e-8
1.0404307269657565e-8
6.08726448836586e-8
2.2486685533347884e-8
6.67739363220465e-8