6.684740786552709e-9
1.0255585003802828e-8
1.1843231564514231e-8
1.2620654849811199e-8
1.323446840401466e-8
1.8242021143119202e-8
2.2753814554375583e-8
2.502858709841337e-8
2.682684353337802e-8
3.0563145101421115e-8
3.4947319282781064e-8
3.8407506152995786e-8
4.150189563746773e-8
4.688169556937101e-8
5.4776046033531885e-8
3.621493230492504e-7
7.887559281007512e-7
1.050219391546538e-6
1.1820437108601175e-6
1.2862638528430907e-6
6.230178802754079e-9
7.755374736993508e-8
2.502053726818166e-7
3.701539255950635e-7
4.646126305430931e-7
-2.9860851426135427e-9
-5.9505037462787796e-9
8.546602440204577e-9
9.798486017915507e-8
1.8192837199295106e-7
8.365872751887754e-9
1.6731145902736636e-8
2.183428882506424e-8
3.345627926034073e-8
1.0734296604537036e-7
5.3851876517464906e-8
1.0923392520923677e-7
1.563356306426674e-7
1.8897643327105178e-7
2.314505341801617e-7
0.00004260396012838549
5.059636367252805e-6
-2.5203430663251446e-7
8.03279260801056e-7
5.249014873619588e-6
0.000013692036694152584
3.5296544216160393e-7
2.1347915483818072e-7
1.8839847930564491e-6
8.685517002734817e-6
9.116829681963305e-8
6.427669185296129e-7
5.550036386243764e-6
5.240599330223627e-7
3.903769860840133e-6
5.727980281149222e-9
8.970240047902829e-9
1.0443396930097697e-8
1.1165791126683167e-8
1.173629096031576e-8
1.6488367908687304e-8
2.0884066468046824e-8
2.3108312323504992e-8
2.4866976670221674e-8
2.8724414836946283e-8
3.317711037880095e-8
3.6690943470262686e-8
3.998431324266718e-8
4.558855321135449e-8
5.397517011179428e-8
3.2652793995472714e-7
7.333482939435157e-7
9.901012372081173e-7
1.1202765609353488e-6
1.2232247470554132e-6
7.781177046451135e-9
8.386123100791336e-8
2.6672435271829173e-7
3.9488611871826923e-7
4.962380144169294e-7
-2.56635727731756e-9
-5.036770583863403e-9
1.3011569621436833e-8
1.1075691320262073e-7
2.0313928065991208e-7
7.399692788543584e-9
1.542886202300832e-8
2.087612209780477e-8
3.506185105372582e-8
1.1688328974560432e-7
4.765790053253024e-8
1.0102335446814969e-7
1.4896871614238086e-7
1.8342326304445352e-7
2.3011958508233287e-7
0.00004005007613857153
5.419629646539848e-6
-1.988578800903955e-7
7.588818895744639e-7
4.9788739261262794e-6
0.00001409517648148254
7.081721098399833e-7
2.5436469113139427e-7
2.0063852376610293e-6
8.934666304013674e-6
3.2164163550237335e-7
7.826710490076058e-7
5.8107663848720614e-6
6.393426663995875e-7
4.154089174265953e-6
4.829864694535225e-9
7.693831880263774e-9
9.021954158335955e-9
9.674280553788082e-9
1.018949038359114e-8
1.4560891435410805e-8
1.8718207757163674e-8
2.083033251630454e-8
2.2500570911129435e-8
2.6377371601407753e-8
3.078491200309408e-8
3.426229760321436e-8
3.769401409236098e-8
4.340236657362248e-8
5.213733546523157e-8
2.865279835048781e-7
6.620701468650413e-7
9.065829207065065e-7
1.0312618695743868e-6
1.1298846153216777e-6
8.628479490062016e-9
8.701916916048088e-8
2.7638000671374745e-7
4.105175124878175e-7
5.168635903857725e-7
-2.171969190033844e-9
-4.206597270066841e-9
1.7083613296387924e-8
1.223344947392026e-7
2.2279256242235562e-7
6.410123566000533e-9
1.3890987315414224e-8
1.938331986811516e-8
3.605891751071727e-8
1.2559784350188338e-7
4.131659204910245e-8
9.125602594240827e-8
1.388456569006619e-7
1.7429192465502185e-7
2.2475504128872316e-7
0.00003646846092974028
5.595258359652842e-6
-1.5004438092452462e-7
6.965772005937879e-7
4.589891944917135e-6
0.000014297138102980907
1.031759862738282e-6
2.7396629428304926e-7
2.08606855758737e-6
9.130881298260608e-6
5.939805723096178e-7
8.849625393576173e-7
6.028887387677105e-6
7.986303986108308e-7
4.378666511247779e-6
3.998923009158635e-9
6.466335713180665e-9
7.631120638462536e-9
8.204164686051672e-9
8.656731898459537e-9
1.255486706537962e-8
1.6365341440531874e-8
1.8309542056177554e-8
1.9847114203022944e-8
2.3626433391100468e-8
2.7866903543770968e-8
3.1211282007410405e-8
3.4701636386220996e-8
4.0372007237733506e-8
4.926965517149809e-8
2.452451972818743e-7
5.806352292150212e-7
8.05827622503611e-7
9.213244625880812e-7
1.0126999540511653e-6
8.778145512616153e-9
8.645009437452076e-8
2.771350211858466e-7
4.138688499390151e-7
5.224417347194979e-7
-1.8080874486714943e-9
-3.4626020538640128e-9
2.0455455336240098e-8
1.3180013399760185e-7
2.391831855871176e-7
5.435351391693519e-9
1.2195045829038049e-8
1.746965687597376e-8
3.633874907992564e-8
1.329497944229089e-7
3.506502207353871e-8
8.03926939707289e-8
1.2630219936138578e-7
1.6178632090450462e-7
2.1525888562097377e-7
0.000032152119671999855
5.5338434902188355e-6
-1.0669720230850611e-7
6.20886120319165e-7
4.107613801988184e-6
0.000014219619296641233
1.3018521633226492e-6
2.8266804410368184e-7
2.106064847492196e-6
9.266700258569129e-6
8.571183423164616e-7
9.585690999149322e-7
6.214772964046708e-6
9.744161910201544e-7
4.571973086394871e-6
3.2765382643325665e-9
5.3617957103442754e-9
6.359756365455755e-9
6.8513104314702e-9
7.239631923331003e-9
1.0620166519283865e-8
1.4005820742153803e-8
1.5740262887259007e-8
1.7112201098771347e-8
2.0673576853828472e-8
2.462924591197453e-8
2.774766321539929e-8
3.1200033110609574e-8
3.6677904237027594e-8
4.5517627843985986e-8
2.0606994824873772e-7
4.969764637443281e-7
6.976103229689579e-7
8.010989965870291e-7
8.829894181203575e-7
8.354991096199717e-9
8.209307625348565e-8
2.676252637403717e-7
4.024931063069961e-7
5.096932192867183e-7
-1.489264031778288e-9
-2.8222628374384842e-9
2.2831811602706712e-8
1.3802903088480456e-7
2.50234993437655e-7
4.539427035551636e-9
1.0472144539962373e-8
1.531118199835861e-8
3.5876969751460914e-8
1.3836116182225933e-7
2.9304598895725504e-8
6.925246767578347e-8
1.1217100654641953e-7
1.4665249340504933e-7
2.020565839997721e-7
0.000027587095176556105
5.233717971762952e-6
-6.992157951835213e-8
5.38964218898999e-7
3.5775676504847595e-6
0.000013754165910286932
1.4998579698741542e-6
2.8103716606318783e-7
2.053000621301771e-6
9.295008692031115e-6
1.0788874476010627e-6
1.0054538301406104e-6
6.357955504716886e-6
1.1422945658573315e-6
4.734005657812258e-6
2.645952497012319e-9
4.38199707477949e-9
5.221255856360924e-9
5.6349792322061494e-9
5.961887649045222e-9
8.829479321869735e-9
1.1753566180034958e-8
1.3256601381193557e-8
1.4445649013607852e-8
1.7682035824725743e-8
2.1254563169393137e-8
2.4069234338173557e-8
2.737729881064559e-8
3.250967073313821e-8
4.1048968184212635e-8
1.709512774425978e-7
4.178511311417183e-7
5.913774864786262e-7
6.813331845157616e-7
7.525257031822698e-7
7.579620917765354e-9
7.448187312374374e-8
2.4776624704427197e-7
3.756004571470993e-7
4.772852984245627e-7
-1.207346329662071e-9
-2.2751170961878155e-9
2.394040919720872e-8
1.3974315898439459e-7
2.536115273770127e-7
3.737603203551123e-9
8.817516043891351e-9
1.306301183525519e-8
3.463693931349163e-8
1.4103673356537944e-7
2.4125486143953354e-8
5.8432415005527856e-8
9.723980017522559e-8
1.2967479823185786e-7
1.8566458252603383e-7
0.00002324123403474702
4.725563337266922e-6
-4.1049213383643117e-8
4.582117808575229e-7
3.047064659913819e-6
0.000012823975617067018
1.6041652492489433e-6
2.6797773006025974e-7
1.9214101987565803e-6
9.145878729616691e-6
1.2413725389729368e-6
1.0200753575057145e-6
6.424653357159563e-6
1.2818320102737816e-6
4.853791948666992e-6
2.1105969932921298e-9
3.5376986613209273e-9
4.233836756567204e-9
4.577223246416882e-9
4.84860302470867e-9
7.245625438987019e-9
9.716213436576919e-9
1.0988955238689435e-8
1.1995861676664122e-8
1.4834354968454339e-8
1.796090995404148e-8
2.0422284430572927e-8
2.3482050826919026e-8
2.8137455013222888e-8
3.613554079103157e-8
1.404789859847861e-7
3.47684176463384e-7
4.947451131668158e-7
5.712592835935209e-7
6.318180057379586e-7
6.6664984100613584e-9
6.487525924166871e-8
2.196336058153642e-7
3.3550239598635977e-7
4.277265715304369e-7
-9.64155040186171e-10
-1.8182667192096714e-9
2.360455404137001e-8
1.358329569027397e-7
2.47219738638602e-7
3.0421935132788583e-9
7.313735448115515e-9
1.0889557636117288e-8
3.2611212107347994e-8
1.400645056081097e-7
1.962105053046181e-8
4.851582970639836e-8
8.248135573801217e-8
1.1194565308534421e-7
1.6696646399692114e-7
0.000019448927289960347
4.101714532811873e-6
-2.0671800003221604e-8
3.84505020771093e-7
2.5577421285643705e-6
0.000011439835465452102
1.6009851281821951e-6
2.442909296025269e-7
1.721287899331815e-6
8.741508107137717e-6
1.3298511587777512e-6
9.950754728161526e-7
6.365858266640627e-6
1.374411424061126e-6
4.902517925976526e-6
1.6658345206753656e-9
2.8219088590239808e-9
3.3923150162330314e-9
3.6738750724050097e-9
3.896387307476807e-9
5.87952826197727e-9
7.938814423149064e-9
9.000727400261898e-9
9.840791807653968e-9
1.2259334082514351e-8
1.4923207238055808e-8
1.7018461377970406e-8
1.9745683921290438e-8
2.3835359988398097e-8
3.108476009193131e-8
1.1357234533131892e-7
2.857856620676858e-7
4.08875094010081e-7
4.730483909954775e-7
5.238403209472295e-7
5.745849458342978e-9
5.491937294769623e-8
1.8755240375524164e-7
2.8808794058233724e-7
3.68151998037512e-7
-7.618119685057752e-10
-1.4474715075082306e-9
2.1857695369283146e-8
1.2588639077032567e-7
2.301088451740212e-7
2.4456887786202065e-9
5.99221823739656e-9
8.910350568100242e-9
2.981164626162426e-8
1.3459664138470833e-7
1.5768134545415452e-8
3.979472358891807e-8
6.871832540206343e-8
9.455943531800752e-8
1.469655297714144e-7
0.000016103289136590187
3.4673548253857667e-6
-8.028150471226267e-9
3.1859386301649653e-7
2.1202236337591098e-6
9.769414662491326e-6
1.4938717903702738e-6
2.136065659071808e-7
1.4811978535821309e-6
8.033936882173511e-6
1.334418138629973e-6
9.268069839367331e-7
6.130265569846576e-6
1.405915966568482e-6
4.848393470875604e-6
1.305022530172e-9
2.224428446303648e-9
2.684703164320191e-9
2.912077825771249e-9
3.0918303388018375e-9
4.710951149363627e-9
6.4130159012884e-9
7.291309546504595e-9
7.986191295651158e-9
1.0013825747842843e-8
1.2242752614831532e-8
1.3994650097123777e-8
1.6343415574586093e-8
1.983716464926518e-8
2.6198381902410704e-8
8.969176557763247e-8
2.3050869901671705e-7
3.3269018295109843e-7
3.8603405292939277e-7
4.282593934331841e-7
4.887589169285853e-9
4.6161308209128336e-8
1.571882411644859e-7
2.418386186823811e-7
3.0928252679782084e-7
-5.982520514839537e-10
-1.1485492917231347e-9
1.9068735117145247e-8
1.1085197317120446e-7
2.036492716797705e-7
1.938253323289844e-9
4.8479964378921085e-9
7.1969309525953455e-9
2.6329436101257925e-8
1.2420443105965157e-7
1.2507786378773991e-8
3.2279307261196555e-8
5.6483107597838026e-8
7.845292908212894e-8
1.266795401751008e-7
0.00001304647815367183
2.916466015664295e-6
-1.3389522240245924e-9
2.596590411244186e-7
1.7323057641442112e-6
8.122846514601252e-6
1.3109009970420162e-6
1.817774378695016e-7
1.2441329746447503e-6
7.050235286218164e-6
1.255370265687047e-6
8.207160110830421e-7
5.680970943464287e-6
1.3673122756048726e-6
4.656264399178819e-6
1.0196021132410183e-9
1.7377783711835728e-9
2.101833960951019e-9
2.2819183345414487e-9
2.424307371705421e-9
3.7184421976792837e-9
5.1075131042871154e-9
5.825936208009431e-9
6.394388153245587e-9
8.087886849010049e-9
9.936684614355003e-9
1.1389225233642682e-8
1.3363748707731966e-8
1.6290718397479008e-8
2.1718045069689835e-8
6.984069382702107e-8
1.8252742887779567e-7
2.6628895285981213e-7
3.101253958181184e-7
3.4482892539669027e-7
4.093975192185791e-9
3.9084360994922005e-8
1.3241672308608413e-7
2.0342924881624e-7
2.6002194972351966e-7
-4.666519593612692e-10
-8.954375002578593e-10
1.6016090219264658e-8
9.356793627115728e-8
1.7254458753239086e-7
1.518347839757417e-9
3.868680984216962e-9
5.7732523019612485e-9
2.2430439973323066e-8
1.0949325269334388e-7
9.805086128932679e-9
2.583526175250122e-8
4.5950000319134226e-8
6.425051044155301e-8
1.0704370561342595e-7
0.000010364316162424773
2.468528810776262e-6
2.378970227616875e-9
2.0830539812889372e-7
1.394118431770975e-6
6.785987943117489e-6
1.1069404826314335e-6
1.5391069652943108e-7
1.0458353648654641e-6
5.928623535704379e-6
1.111330739769603e-6
6.95708900794766e-7
5.027618968391433e-6
1.2590466754679255e-6
4.303130208265238e-6
7.981643128968432e-10
1.3538366678237314e-9
1.6367691873628972e-9
1.7769020753845457e-9
1.887716061199463e-9
2.897067041721297e-9
4.0036779558066405e-9
4.578479503952298e-9
5.0333385007922685e-9
6.440299318758601e-9
7.96327465523912e-9
9.159765009596561e-9
1.0806177467631241e-8
1.3234947257626441e-8
1.7778263430641172e-8
5.4145717208076224e-8
1.4206600665450373e-7
2.088160361928596e-7
2.439135086602954e-7
2.7170150741182773e-7
3.304447611693845e-9
3.267504337857511e-8
1.1224862876133342e-7
1.726908947068992e-7
2.2086211660087922e-7
-3.629406404906275e-10
-6.81949454322058e-10
1.350835733772742e-8
7.788087668269006e-8
1.43593947322911e-7
1.183532715892888e-9
3.041430091172166e-9
4.599340880020813e-9
1.8565655409341538e-8
9.25591295027059e-8
7.636127370542972e-9
2.0336880013311156e-8
3.695225360313545e-8
5.210361614657587e-8
8.877366175152823e-8
8.076414393189397e-6
2.053677941597462e-6
5.4847889905387674e-9
1.6396313336080994e-7
1.0985162702824333e-6
5.80014371744307e-6
9.349480232806443e-7
1.3084235007095367e-7
8.882503610041337e-7
4.889531980011866e-6
9.412075431750397e-7
5.791752452903834e-7
4.254532623793158e-6
1.099287545526492e-6
3.8017904993567873e-6
6.277402295550412e-10
1.057804700911601e-9
1.2763190566474264e-9
1.384572029398608e-9
1.4701786753554972e-9
2.2467690027561887e-9
3.104236502650892e-9
3.5510570265733755e-9
3.904646191433599e-9
5.043016914394564e-9
6.2745827016037734e-9
7.24200091823013e-9
8.617313386516426e-9
1.0620160626317142e-8
1.4390852760944261e-8
4.176386268302421e-8
1.0904095378344895e-7
1.6045599400471937e-7
1.8762147370041965e-7
2.0913019263432164e-7
2.54216534071393e-9
2.5827954374563025e-8
9.200502512406003e-8
1.4292059104666539e-7
1.8350155606781814e-7
-2.8454179247151666e-10
-5.220515625328819e-10
1.1806799310659964e-8
6.639092149978292e-8
1.2193109675959142e-7
9.213852404858652e-10
2.3564744636024124e-9
3.598254339884341e-9
1.5223331769380632e-8
7.660468613761183e-8
5.945500261963135e-9
1.577270160275344e-8
2.9208571637178473e-8
4.175518987029845e-8
7.236161011981939e-8
6.154561466812908e-6
1.6137853037948765e-6
8.325431371993463e-9
1.2606383243634398e-7
8.453315401088827e-7
4.872176656245989e-6
8.140640049896216e-7
1.0885767373705056e-7
7.379479498262592e-7
4.120073648290034e-6
7.905149958146515e-7
4.918601106252065e-7
3.5118762007661496e-6
9.239043342689586e-7
3.2156959513909957e-6
4.961474761499158e-10
8.296566462317067e-10
9.985921852495094e-10
1.0822512120344984e-9
1.1484187565060498e-9
1.7476386639458356e-9
2.4051138518894953e-9
2.7473044912440583e-9
3.0180899162611005e-9
3.900360476023168e-9
4.863417274317314e-9
5.6192641619503846e-9
6.7539727773633895e-9
8.378525448188839e-9
1.1490130004425713e-8
3.242775186356535e-8
8.437724687585162e-8
1.2390397133496188e-7
1.4480359201008322e-7
1.6135207234810574e-7
1.917433721819629e-9
1.9429885994837853e-8
7.063439067755576e-8
1.1089765142823035e-7
1.429998724054297e-7
-2.2375541133409505e-10
-4.173179770994502e-10
1.0171059738329682e-8
5.743817599264975e-8
1.0550547538613211e-7
7.201634185639347e-10
1.8221322426056607e-9
2.7430299268786787e-9
1.2687055973093293e-8
6.437458488806974e-8
4.644011934340348e-9
1.2191094112333066e-8
2.266260688069353e-8
3.289785614069334e-8
5.822086828097724e-8
4.759976689347207e-6
1.222317924389362e-6
8.673308673235441e-9
9.732611537518147e-8
6.521912168580762e-7
3.7716338277204596e-6
6.9572335858952e-7
8.575331658680902e-8
5.750570061043771e-7
3.5670401407169048e-6
6.838206989870488e-7
4.256149206574616e-7
2.9438814472860172e-6
7.743879778230887e-7
2.6560958825057388e-6
3.9470672309531134e-10
6.5401555647975e-10
7.847847442389665e-10
8.495416274656546e-10
9.00761761085771e-10
1.363342828743621e-9
1.8707911120189933e-9
2.1344874363001182e-9
2.343132823927302e-9
3.01436613913171e-9
3.748286782545543e-9
4.3234131784850706e-9
5.218309215073771e-9
6.492653234935174e-9
9.01351645217991e-9
2.51938635732108e-8
6.510010448614997e-8
9.553199568315082e-8
1.116050204146876e-7
1.2433115481783226e-7
1.4690088512285528e-9
1.500077078162441e-8
5.351175778831376e-8
8.376430587077322e-8
1.0790034584583356e-7
-1.7739652714078055e-10
-3.410391817551209e-10
7.7824194119807e-9
4.649846396688209e-8
8.636264297783053e-8
5.650364719137359e-10
1.4138816290324362e-9
2.0554658757631197e-9
1.0588254456660052e-8
5.536997738398848e-8
3.6419575662575113e-9
9.46350625206053e-9
1.7435127532391932e-8
2.5421818788580685e-8
4.6532036838417386e-8
3.6481166023165885e-6
9.456253923405289e-7
5.963139085758388e-9
7.496445561039819e-8
5.024901991486954e-7
2.8123522111697957e-6
5.327243869161609e-7
6.566110180045833e-8
4.33903874700342e-7
2.94355462223157e-6
5.922844725814779e-7
3.484868682104019e-7
2.552374994053296e-6
6.6779646793152e-7
2.2237715949016868e-6
3.159170335047814e-10
5.191474799470333e-10
6.207666951092362e-10
6.710813214545497e-10
7.108817429174169e-10
1.0672835401409066e-9
1.4577284262092448e-9
1.660983167223529e-9
1.8218145722890443e-9
2.339924037174896e-9
2.9030949812057833e-9
3.344214545488509e-9
4.019582226390549e-9
4.989362656506445e-9
6.9574443136393075e-9
1.9780436079802914e-8
5.041390857410926e-8
7.368265084928848e-8
8.598336159116995e-8
9.572323244045312e-8
1.1065290987968485e-9
1.1571178439784286e-8
4.162519069778709e-8
6.500003726631818e-8
8.365135846292181e-8
-1.4111066298143628e-10
-2.5859427768950233e-10
5.633846262216581e-9
3.422888653136615e-8
6.407008659965382e-8
4.462401019313453e-10
1.1001619225169004e-9
1.5766541590797713e-9
8.272000269156188e-9
4.5596932206003726e-8
2.8741430404789658e-9
7.35796317375047e-9
1.3486356485954915e-8
1.945901344461281e-8
3.6957766359517394e-8
2.8059217510265527e-6
7.244434411492828e-7
4.188499812199347e-9
5.7765576274191334e-8
3.868850681113959e-7
2.206781122118874e-6
3.922607128246361e-7
5.088406803559352e-8
3.3638686736849583e-7
2.1713223770241617e-6
4.65965073683951e-7
2.586671538481609e-7
2.1418431335477686e-6
5.7167522754924e-7
1.917279267247535e-6
2.538958482831128e-10
4.147328793648055e-10
4.943391424914622e-10
5.337174440072461e-10
5.648631961784206e-10
8.420385300624711e-10
1.1417712870571954e-9
1.2975049788288888e-9
1.4207267959136516e-9
1.81670682887901e-9
2.2507964274556e-9
2.5910795009720497e-9
3.1090561860544235e-9
3.849515193064701e-9
5.341425341068841e-9
1.5672984373131624e-8
3.940597109639352e-8
5.724929070062671e-8
6.667816622228832e-8
7.414348282652944e-8
8.269017618037308e-10
8.648156157607488e-9
3.149075024012993e-8
4.9514702017733126e-8
6.389042921491146e-8
-1.1365424507640032e-10
-2.0633002926376534e-10
4.587695076340395e-9
2.6394027421137022e-8
4.885120145476279e-8
3.545148811565962e-10
8.592844703161353e-10
1.2472079685452744e-9
6.0609670197791556e-9
3.38153501060922e-8
2.2836819857949518e-9
5.738107897786972e-9
1.0449468375340739e-8
1.4993880192407226e-8
2.8680536193730065e-8
2.1782501234277016e-6
5.463206418432457e-7
3.5999642087629696e-9
4.478605891445193e-8
2.996769912826623e-7
1.6752768148550364e-6
3.1728013130512937e-7
3.870584455476423e-8
2.5692252855169353e-7
1.641672579746814e-6
3.368290055498569e-7
1.9722251582051974e-7
1.592449082762905e-6
4.4400395772073145e-7
1.5949347340163073e-6
2.0433281794611546e-10
3.328509654519549e-10
3.9586280318868286e-10
4.270144700713258e-10
4.516500766669239e-10
6.692076389149453e-10
9.019763681906018e-10
1.0226967971851313e-9
1.1182057131295005e-9
1.4177463216914873e-9
1.7470259413720013e-9
2.0050230240713387e-9
2.404221829957224e-9
2.9740248890291746e-9
4.114947267154188e-9
1.2542455216540203e-8
3.1095943264935145e-8
4.487014833732146e-8
5.2131569247847305e-8
5.788057940860235e-8
6.282221451654631e-10
6.596194795032139e-9
2.3687992259100815e-8
3.709359533428137e-8
4.779134811846007e-8
-9.1375921828728e-11
-1.6881616725829057e-10
3.3859826462049867e-9
2.0641525959902812e-8
3.848339067018468e-8
2.8343650310522814e-10
6.770607122474291e-10
9.627187213888613e-10
4.804768181125644e-9
2.553531609114508e-8
1.8258309084887993e-9
4.5164394254766186e-9
8.086622080429354e-9
1.1615028789039405e-8
2.167122419066898e-8
1.706729685879241e-6
4.152036876787749e-7
2.021831943836412e-9
3.50144570991203e-8
2.3396681797867144e-7
1.2496916332760632e-6
2.3394617823984903e-7
2.917834234563072e-8
1.9218346458479389e-7
1.3117194489213714e-6
2.6930139798092535e-7
1.5533784233958045e-7
1.1789865935156627e-6
3.23233350736587e-7
1.1831595295238107e-6
1.6411230653160684e-10
2.676296615703238e-10
3.179635945976363e-10
3.428261744743769e-10
3.624867655412753e-10
5.351300219307184e-10
7.173075940715485e-10
8.116188435145995e-10
8.862303591704673e-10
1.1159927726971023e-9
1.369107241767055e-9
1.5673793080383863e-9
1.8652156420120584e-9
2.295281259405757e-9
3.1680850708695994e-9
1.0118102655932412e-8
2.48082560662775e-8
3.5562339020877605e-8
4.122062890779083e-8
4.570008597618576e-8
4.821325377620763e-10
5.024817091944391e-9
1.8025874527109908e-8
2.822420344622387e-8
3.636066080802435e-8
-7.369435290413667e-11
-1.3279912055324407e-10
2.5216254735338736e-9
1.503546356414101e-8
2.808211183433369e-8
2.2756777642777788e-10
5.375260975813157e-10
7.554702432733507e-10
3.6918926787635785e-9
2.0334850775443067e-8
1.4653744055210532e-9
3.5797872932289357e-9
6.3221502643968935e-9
8.959355096116155e-9
1.6761989995898665e-8
1.3554007843604062e-6
3.174736713966047e-7
1.3287713611132114e-9
2.7690123566572862e-8
1.8475256966386973e-7
9.497467154543192e-7
1.7724105004665896e-7
2.2168732496854947e-8
1.4621876314624303e-7
9.441369727903706e-7
2.042269914592472e-7
1.1339460282841108e-7
9.552438393857418e-7
2.577694908533047e-7
8.82596867915224e-7
1.3107574742353675e-10
2.1485616706583508e-10
2.553758073507131e-10
2.753781729879484e-10
2.911928358298258e-10
4.2957213055599195e-10
5.7385767828784e-10
6.484044780553633e-10
7.073762968042636e-10
8.841929239905193e-10
1.0796983591068805e-9
1.2329779670460413e-9
1.4597808735863808e-9
1.787723283485387e-9
2.4417740957968947e-9
8.198609713800368e-9
1.9965096593705898e-8
2.8463354036832012e-8
3.2922183433631983e-8
3.6451823507784513e-8
3.7779788123111766e-10
3.884389429574532e-9
1.3746829831345956e-8
2.144030229119517e-8
2.7578643154823114e-8
-5.911593718190707e-11
-1.0721778798761238e-10
1.879271178218957e-9
1.1405135527584125e-8
2.125948678405128e-8
1.827635193179406e-10
4.296520341938984e-10
6.079272545044496e-10
2.7315184518169403e-9
1.4683479417556603e-8
1.1772881348738107e-9
2.857677052299336e-9
4.9740090581056445e-9
6.9796977429809505e-9
1.2969679676118771e-8
1.0885285414884487e-6
2.4549600483990096e-7
6.059444320570642e-10
2.2117583781125045e-8
1.4738409063739068e-7
7.177325879285827e-7
1.3166067172513326e-7
1.677727640898691e-8
1.1090377726715807e-7
7.217655486849348e-7
1.491952391256031e-7
8.58326322477273e-8
6.813969756454848e-7
1.9322090348281074e-7
7.08710293607476e-7
1.0375318195105265e-10
1.716006632782253e-10
2.0435497901788833e-10
2.2051585778435544e-10
2.332917242743246e-10
3.4502216592670077e-10
4.604053426322546e-10
5.199103786129678e-10
5.669813157785665e-10
7.049063097486364e-10
8.57769239477825e-10
9.776424136073776e-10
1.149508744505921e-9
1.400929054728108e-9
1.8981512036865414e-9
6.643924719165952e-9
1.615412876074297e-8
2.2947780079378913e-8
2.6503180163783945e-8
2.931746844337856e-8
3.0238242607708453e-10
3.0438742120510986e-9
1.0631154744934872e-8
1.6521646950198212e-8
2.1220374680637157e-8
-4.7133184259872095e-11
-8.567833717158568e-11
1.4179193168210223e-9
8.468302340709539e-9
1.5773725195850503e-8
1.4642474245296065e-10
3.447706885290232e-10
4.869806638385357e-10
2.104644775130403e-9
1.1185974339388225e-8
9.432796462484317e-10
2.290788737928896e-9
3.944447651996472e-9
5.487362050357994e-9
9.845049335073924e-9
8.815651551513468e-7
1.9249330389175831e-7
2.31490086656368e-10
1.7809762154137986e-8
1.1855354097974454e-7
5.500579498253283e-7
9.96606185554054e-8
1.287153554447151e-8
8.533538311265611e-8
5.320043815562407e-7
1.1191984259848282e-7
6.368757266158664e-8
5.198924917099163e-7
1.4161259883873132e-7
5.050910636400968e-7
8.114616394155627e-11
1.3587341114678238e-10
1.6234773286031628e-10
1.7540682008446038e-10
1.8572956649386106e-10
2.7623547174231265e-10
3.6918667971942105e-10
4.170626735192067e-10
4.549337511577619e-10
5.638286069538348e-10
6.845482258142996e-10
7.79266558789202e-10
9.113050720359589e-10
1.1060762325806026e-9
1.4837865133515589e-9
5.359546599698059e-9
1.3084169711952516e-8
1.856481126045766e-8
2.142696747927679e-8
2.369240623381554e-8
2.467097637314027e-10
2.4220737289667906e-9
8.341646988201267e-9
1.290806144088229e-8
1.655003970534963e-8
-3.7156690435628104e-11
-6.784417183737276e-11
1.0690938396735418e-9
6.38080909549576e-9
1.1878506047802425e-8
1.1655022448541065e-10
2.768058513243033e-10
3.934577106768507e-10
1.6038670051825223e-9
8.234131514331983e-9
7.510970368302956e-10
1.8383229218411515e-9
3.144457208048045e-9
4.338158128831541e-9
7.658659634312552e-9
7.168104213065547e-7
1.5314377913620306e-7
1.6058824729034664e-11
1.4402612937108506e-8
9.581732401570868e-8
4.276513217889504e-7
7.571956898378332e-8
1.0003749191458296e-8
6.655444881322617e-8
4.0051980965540046e-7
8.38056705466812e-8
4.795650077152553e-8
3.771398954624726e-7
1.0536324510178925e-7
3.8449710682086304e-7
6.255208027614271e-11
1.0632791814259974e-10
1.2762702729196518e-10
1.3813354684010447e-10
1.4643811733818597e-10
2.1964248792635378e-10
2.947667088146808e-10
3.334369129432329e-10
3.64026348565412e-10
4.5095648709222336e-10
5.472426036219874e-10
6.22842324985996e-10
7.25340163861218e-10
8.777037290142653e-10
1.1680985662710063e-9
4.2847935995293875e-9
1.0558451774308266e-8
1.500146588751488e-8
1.731839690628105e-8
1.9152238604707582e-8
2.0402248528191255e-10
1.9526516516369375e-9
6.637509353691093e-9
1.0228219251745785e-8
1.3091395048178155e-8
-2.8893973012958052e-11
-5.32091473357387e-11
8.217306687105451e-10
4.855215984239708e-9
9.012853331206379e-9
9.187937144111109e-11
2.2151700310000067e-10
3.185892886217553e-10
1.2239536770612733e-9
6.170985409016362e-9
5.92308361727478e-10
1.4711465185945526e-9
2.513483452158071e-9
3.4497687927490024e-9
5.930974363598687e-9
5.821627367014908e-7
1.2334101143945118e-7
-7.323273330168322e-11
1.1644322864865441e-8
7.746144375484469e-8
3.373633788143126e-7
5.829635297833641e-8
7.873603755905593e-9
5.2645671648029794e-8
3.036633018698651e-7
6.245539023181558e-8
3.638360501977767e-8
2.8133697656413447e-7
7.837411900376173e-8
2.785731053385881e-7
4.743683284860558e-11
8.202498608215725e-11
9.900732487525959e-11
1.0738697928343028e-10
1.1401035396877584e-10
1.7284935898257805e-10
2.3347594103918236e-10
2.6468691684915327e-10
2.8937677729847704e-10
3.593303351547758e-10
4.3662429726234166e-10
4.973469599623928e-10
5.77870776343175e-10
6.983404953196349e-10
9.237044085109556e-10
3.3817909801664337e-9
8.449865955398519e-9
1.2051016466715321e-8
1.3927831790469405e-8
1.541332820765554e-8
1.696817055924103e-10
1.587921319329846e-9
5.343102148986678e-9
8.205257012552188e-9
1.0487007946598443e-8
-2.2112848212019853e-11
-4.1189323959766994e-11
6.428489723618343e-10
3.747004734435216e-9
6.934595295773706e-9
7.15167792978851e-11
1.7600374867529227e-10
2.5652349643592497e-10
9.470063021677692e-10
4.6465088615817255e-9
4.612383051319194e-10
1.1695656587324988e-9
2.0071406424332367e-9
2.7507273313273502e-9
4.6210032437717525e-9
4.697821128804942e-7
1.0013982370365523e-7
-7.727540253832946e-11
9.367094989110342e-9
6.234098312708785e-8
2.6977437331577674e-7
4.55841951599067e-8
6.277261158874963e-9
4.21720694332834e-8
2.33213114685259e-7
4.7271223197487176e-8
2.7990351331033668e-8
2.0997345511834668e-7
5.7955322687715495e-8
2.0563328327479455e-7
3.5348441751242095e-11
6.225725826020305e-11
7.562616345955086e-11
8.222663189194898e-11
8.744387882573951e-11
1.342337591556143e-10
1.828569971583193e-10
2.0790932174558175e-10
2.2772847609887478e-10
2.842166121773243e-10
3.4639932929086786e-10
3.952733065234658e-10
4.591983589715996e-10
5.551708548044439e-10
7.318655420360238e-10
2.626736407530154e-9
6.679308090019088e-9
9.582412877581981e-9
1.1095887564419295e-8
1.2293834684148122e-8
1.4076457736741573e-10
1.2951434125440538e-9
4.331579760388823e-9
6.6365793364409316e-9
8.473820797730623e-9
-1.662924533534195e-11
-3.14009524359469e-11
5.114115017694559e-10
2.937017088037779e-9
5.418209151363886e-9
5.483560728315674e-11
1.3835768869851847e-10
2.0475136486071e-10
7.382489472936652e-10
3.535232707424568e-9
3.538314945572285e-10
9.204475961311787e-10
1.595197270162171e-9
2.1902134515083253e-9
3.617846037138741e-9
3.7486941246557754e-7
8.150984924751139e-8
-3.58306757210099e-11
7.463914515768358e-9
4.972254635603307e-8
2.1787916855033937e-7
3.6164327603517924e-8
5.051141064467001e-9
3.40758705916204e-8
1.8186712769424264e-7
3.630103204026272e-8
2.1866646559504605e-8
1.5830675357674753e-7
4.342261992739788e-8
1.522287930735058e-7
2.5868957816938326e-11
4.643267393829155e-11
5.679205457978147e-11
6.191091370806467e-11
6.59573214172594e-11
1.0263295910730362e-10
1.4121957790420197e-10
1.611302138032871e-10
1.7688291567069549e-10
2.2242284560618502e-10
2.7232263052827474e-10
3.115554097488082e-10
3.626614457716173e-10
4.3940539991187323e-10
5.790708650200926e-10
2.003234342423729e-9
5.19748119577838e-9
7.514054208811088e-9
8.723157553594907e-9
9.680237134579032e-9
1.1562210333035034e-10
1.053025557456418e-9
3.51667288669064e-9
5.3829662117128155e-9
6.870326130496961e-9
-1.2278702441095922e-11
-2.354419461316854e-11
4.123673116907499e-10
2.334376313360602e-9
4.293453450084264e-9
4.13457733401986e-11
1.0729012710907872e-10
1.6139544769899915e-10
5.790697966338127e-10
2.724297855204031e-9
2.6693661734713644e-10
7.149378317399284e-10
1.2572684838761808e-9
1.7353676477446663e-9
2.836436605839539e-9
2.945997439333777e-7
6.612386012955663e-8
2.2621862038242554e-11
5.868358240560106e-9
3.9148741326987966e-8
1.7680029340600298e-7
2.9020480457076642e-8
4.082364838959337e-9
2.7627254023082533e-8
1.4386276162883477e-7
2.8299338973995704e-8
1.7325063499028566e-8
1.2110482280201067e-7
3.2951590572035235e-8
1.135005845326241e-7
1.859525621645004e-11
3.400835220839718e-11
4.189227362958812e-11
4.57920329746786e-11
4.88750687181522e-11
7.712880232403102e-11
1.0731749880557948e-10
1.229267417762314e-10
1.352773728207354e-10
1.7174760880346727e-10
2.1150804582761067e-10
2.427742202168534e-10
2.8373686221079334e-10
3.4506480250711813e-10
4.559828291494681e-10
1.4978518089006697e-9
3.971437297704631e-9
5.7936615263052824e-9
6.746594510885168e-9
7.500951832558201e-9
9.34716394709833e-11
8.485829304126547e-10
2.842795412868838e-9
4.353466912759455e-9
5.557316642359471e-9
-8.901174376387256e-12
-1.7350809630661675e-11
3.351499285998598e-10
1.8740706420602346e-9
3.4382921729100215e-9
3.062372686509089e-11
8.187979695411779e-11
1.2523115515409213e-10
4.5600205917296254e-10
2.1254759566658188e-9
1.9783270502710382e-10
5.467484583390023e-10
9.79602989137033e-10
1.3635137227092547e-9
2.221095234967814e-9
2.2729854439314538e-7
5.3163529788079465e-8
7.871929434146823e-11
4.538536195349144e-9
3.0331431560583184e-8
1.4331224408630158e-7
2.343994593540512e-8
3.295717489946951e-9
2.2346896994855263e-8
1.1504669971286522e-7
2.236586880840751e-8
1.3872717827989465e-8
9.405012768517052e-8
2.5354519889133985e-8
8.557124385066915e-8
1.3139130924402793e-11
2.446300150301643e-11
3.034782669755606e-11
3.326230024155445e-11
3.556670100393042e-11
5.6915776170151666e-11
8.013346888449294e-11
9.216826456492094e-11
1.0169152151340384e-10
1.3057397524686176e-10
1.619044056321778e-10
1.8654163358880346e-10
2.1930003406238331e-10
2.6805947542085434e-10
3.561991303142493e-10
1.0975320288557373e-9
2.9752419283661436e-9
4.383681598407015e-9
5.122149707446261e-9
5.706781641346702e-9
7.404875960421385e-11
6.743946796959688e-10
2.2758526580879836e-9
3.491460780924861e-9
4.460157706114133e-9
-6.3387041569912554e-12
-1.2570845953408424e-11
2.72851535087715e-10
1.5118189816228041e-9
2.7688634800005613e-9
2.2274177469360573e-11
6.139741894531727e-11
9.541883117785786e-11
3.593943102199249e-10
1.6749778168666902e-9
1.4398142839093373e-10
4.109693526307482e-10
7.525955892100306e-10
1.0591898741085968e-9
1.732315679827405e-9
1.718280989512857e-7
4.215549579345759e-8
1.2147059455596956e-10
3.4453170692033906e-9
2.307258278198235e-8
1.15376670679606e-7
1.8950908943348987e-8
2.643286086821218e-9
1.7934688837792927e-8
9.25627941700725e-8
1.7851520484747578e-8
1.1170797610586212e-8
7.400892195373937e-8
1.9770506676391897e-8
6.532469843047576e-8
9.137178154539863e-12
1.729396333248201e-11
2.1600125264479507e-11
2.3735614105771464e-11
2.5424358053678034e-11
4.1230334776415945e-11
5.874837582570991e-11
6.785427269634555e-11
7.506050981727086e-11
9.759440958835785e-11
1.2192608172735872e-10
1.4105660352180813e-10
1.6707395802901354e-10
2.054874288717488e-10
2.752702294302192e-10
7.884068129168391e-10
2.1839693577405048e-9
3.2512598341573333e-9
3.812619818143988e-9
4.257079125749517e-9
5.7323706790349435e-11
5.264552005715218e-10
1.7960333754928134e-9
2.7634413358427345e-9
3.534383700413282e-9
-4.438792620147728e-12
-8.963056292641743e-12
2.2106488887315995e-10
1.2185048014747557e-9
2.22979727459138e-9
1.591525178160508e-11
4.519456617401711e-11
7.125888612362828e-11
2.825775892622651e-10
1.3284069302708118e-9
1.0293302446290541e-10
3.0330990715882616e-10
5.689941457384755e-10
8.114637484710625e-10
1.3420833934183607e-9
1.2715029659387882e-7
3.283705725993681e-8
1.4640208451532845e-10
2.5640310467530185e-9
1.7208219994433893e-8
9.177657890789714e-8
1.524750940235804e-8
2.0959746402591045e-9
1.4211812368239689e-8
7.451857011472058e-8
1.4321884923137751e-8
8.995539180534248e-9
5.879876287055192e-8
1.5578103665518083e-8
5.047021890620263e-8
6.263603664971358e-12
1.202974056686074e-11
1.5119659706149463e-11
1.665411653141851e-11
1.786778516607923e-11
2.933184607078923e-11
4.228439861518422e-11
4.903714425604341e-11
5.438158753645553e-11
7.165107727299093e-11
9.022663495763628e-11
1.0482670077289139e-10
1.2526337842709782e-10
1.5514631395322467e-10
2.099756429176625e-10
5.558542549543322e-10
1.5711954976364604e-9
2.3631495301607702e-9
2.7811622181607117e-9
3.112157149700352e-9
4.3305502701275586e-11
4.0251334628169537e-10
1.3920626338610764e-9
2.1501829975051425e-9
2.7543991250202796e-9
-3.060947779724129e-12
-6.30012564531462e-12
1.7722425995624934e-10
9.757132219166799e-10
1.7856371617862668e-9
1.1181467117667504e-11
3.265101338084967e-11
5.209600789282492e-11
2.2090334389874529e-10
1.0556866234231682e-9
7.234562966876453e-11
2.197213872308068e-10
4.2277737038280175e-10
6.119661052108948e-10
1.0304453318694182e-9
9.210905678409238e-8
2.505558368062473e-8
1.538567137323306e-10
1.8700355084897493e-9
1.2577759994947562e-8
7.181905762329311e-8
1.2144271433578532e-8
1.6365467198018683e-9
1.1075312943698665e-8
5.96916055766724e-8
1.1485252878708984e-8
7.203609925782443e-9
4.6946606817886746e-8
1.2356375307913217e-8
3.937657974777393e-8