1.2275615766635917e-8
1.9628191685260176e-8
2.1716218696955194e-8
3.9201742376720894e-8
4.710643903449117e-8
6.047502769293646e-8
0.000020289364505848643
0.00006953830919023885
0.00008319443187702658
-1.1256736005328778e-6
-0.000013993623757352411
5.943913596680909e-6
8.739855621260406e-8
-5.3054684505744e-7
-0.00002307455413063172
1.2667088048995225
-0.5791666721190227
0.009623336904973662
0.8915469864515977
-0.7313170102539417
2.5122345659937557
1.0906330205811951e-8
1.7934063821095856e-8
1.9963803236980846e-8
3.760138346245252e-8
4.5817949758904265e-8
6.006695140444869e-8
0.000016256425318523447
0.00005580346535180891
0.00006673345496431125
-7.92535063890577e-7
-0.000010369565893333136
7.2831971093727e-6
7.28842206162268e-8
-4.980155204294154e-8
-0.000020515158773525685
0.9990488455147684
-0.403651223718792
0.004416980011542865
0.662209626252896
-0.6488180462443656
2.4669729343733837
9.49205576831473e-9
1.6020881256837354e-8
1.7939079387653874e-8
3.528228728726447e-8
4.3632605573602044e-8
5.852821962224626e-8
0.000012433854775009873
0.00004338944483866021
0.000052017047988605535
-5.512568573551462e-7
-7.349083539692265e-6
7.96227866565703e-6
6.075438203430093e-8
2.638853203852962e-7
-0.000017877683117704122
0.7803490223491679
-0.2665846637434594
0.002260584400747931
0.4669445266318202
-0.5294775417040459
2.3448281289210553
8.084213814961026e-9
1.3975935490370095e-8
1.5735600081437977e-8
3.232368417818126e-8
4.059930694347658e-8
5.583425272780686e-8
9.09409859121146e-6
0.00003241782468289814
0.00003895713249668954
-3.7692882845601073e-7
-4.962015042059669e-6
8.037538523839245e-6
4.841717949074469e-8
4.5676391018531134e-7
-0.00001516383022695479
0.6045113689041514
-0.16370178793608897
0.001170386205973855
0.3202487608873616
-0.4215822274696677
2.116691436328135
6.7751665343293665e-9
1.1947838204136977e-8
1.3515083682701136e-8
2.8922530858555675e-8
3.689934607497529e-8
5.210265256283321e-8
6.607324753382472e-6
0.000023936747006099626
0.00002885733502719286
-2.5520269906472216e-7
-3.136212447496457e-6
7.668441711401112e-6
3.9807319081723055e-8
5.374916877557278e-7
-0.000012585304543324002
0.4890486403463341
-0.09428458618928322
0.0006378978594510603
0.22259315020624074
-0.33979910509134736
1.8249664281380131
5.5873646764866486e-9
1.0019232253286824e-8
1.1376918515261054e-8
2.5264056659410363e-8
3.272317563851203e-8
4.748059207428913e-8
4.448786910102599e-6
0.000016500865850146794
0.00001995555315500285
-1.67428760410887e-7
-1.797647512081039e-6
6.954417176148381e-6
3.1681945706822966e-8
5.276280610102939e-7
-0.000010093121712833815
0.4025251636417494
-0.04501700823148367
0.00035963505779470394
0.15609982990584023
-0.2631633948707418
1.4687440397687175
4.549060699571069e-9
8.274070892551012e-9
9.42379266026241e-9
2.1585100637164878e-8
2.834191461081998e-8
4.2234578901723514e-8
3.2373088569588073e-6
0.000011930684811737793
0.000014494175854627598
-1.0573418020564158e-7
-9.067366589303039e-7
5.933960417795791e-6
2.532039055739088e-8
4.587997719420272e-7
-7.832290316483046e-6
0.29698412623847553
-0.01594854914693279
0.00022795494416489866
0.1129257619323566
-0.18602944715867598
1.128211384408756
3.6616119261891535e-9
6.749475324358476e-9
7.707680149177506e-9
1.809627403569429e-8
2.4029393127651944e-8
3.6687072203108124e-8
2.1799504583402548e-6
7.871077824911947e-6
9.559218489158213e-6
-6.432689654545528e-8
-3.4023600942803323e-7
4.825232265195098e-6
2.077328869494753e-8
3.6314907051631474e-7
-5.893619247408666e-6
0.20305471772434816
-0.003011534402675395
0.000145179674261665
0.0812541432376422
-0.11252793846369981
0.8370737496773001
2.9134020108779087e-9
5.443757183560396e-9
6.234142545535772e-9
1.494647407204567e-8
2.001789436942084e-8
3.118008221221288e-8
1.4646664201320765e-6
5.26950055024424e-6
6.442856001805528e-6
-3.704258652361216e-8
-4.1800473749978694e-8
3.6775961430990044e-6
1.6556155610556637e-8
2.663909318155352e-7
-4.268524114029862e-6
0.11622288782934345
0.0011210730396711964
0.00008467561492535586
0.05473460831433115
-0.06042262489788109
0.5787890060985987
2.2918361919103852e-9
4.335479600410004e-9
4.9802625067573186e-9
1.2199388242044805e-8
1.6452560471237708e-8
2.601718037799286e-8
9.860277936771752e-7
3.474760758579533e-6
4.289737608955853e-6
-2.0539163599887995e-8
5.638817411278421e-8
2.5853102885194104e-6
1.2677594217932653e-8
1.8621406131549366e-7
-2.956067344778075e-6
0.06222152898704742
0.0013761805988260665
0.000045345804591054406
0.033507933397151655
-0.030428555707233983
0.38267832257818185
1.788096307739358e-9
3.406004069635201e-9
3.92216487815408e-9
9.841383265090298e-9
1.3371304295222417e-8
2.1403432732033506e-8
6.755470538842657e-7
2.4104272258789905e-6
3.0285614333256845e-6
-1.113652138285582e-8
7.284808454273293e-8
1.71414347262172e-6
9.91160807284086e-9
1.243580313743109e-7
-1.9577313791668095e-6
0.03206131503974608
0.0009856590520769739
0.000025714242737937896
0.018918280760751558
-0.014907792625928201
0.24457487043136766
1.3923670903822564e-9
2.6479402734854566e-9
3.0507845554999614e-9
7.822973779369583e-9
1.0728654034610627e-8
1.740764033859874e-8
4.478558299163112e-7
1.656618069381705e-6
2.1303953329711783e-6
-6.376030979914778e-9
7.358321799592978e-8
1.143329360757265e-6
7.50255417340632e-9
7.80941010521312e-8
-1.2335888644845037e-6
0.015365633613833859
0.0005561578711920885
0.00001376791091692987
0.010313798737034025
-0.0066649304518016225
0.15103147068228395
1.0873536291471828e-9
2.053089689414895e-9
2.3621348145890836e-9
6.114899840041683e-9
8.465630220909214e-9
1.3984437709317096e-8
2.8420705039183926e-7
1.0339931886505734e-6
1.3375294318999533e-6
-3.1998537642742747e-9
6.37419962193827e-8
7.530649923574052e-7
5.822108476052831e-9
4.82663193232112e-8
-7.498703302050888e-7
0.006630707391680155
0.00028596878748247837
7.14525750970015e-6
0.005640873230342008
-0.0024596314897036035
0.09165483862127932
8.527730358914562e-10
1.5978816725661987e-9
1.835574094461545e-9
4.724403228790962e-9
6.569886539161267e-9
1.1052050915034822e-8
1.7161511025935105e-7
5.862731363032194e-7
7.499954479692633e-7
-1.3720212398197744e-9
6.481143165925752e-8
5.291865253832901e-7
4.4317545725379295e-9
3.159822078077476e-8
-4.6632468462663535e-7
0.002836938015356761
0.00013560083644614584
3.6491181974026445e-6
0.0030697168300571694
-0.0005096114620034781
0.053710645010577894
6.720506944966475e-10
1.2478493481941785e-9
1.4315126907104242e-9
3.646045203573811e-9
5.0578011858892906e-9
8.576567703929587e-9
1.1302734262468232e-7
3.889263684047311e-7
5.038288990678475e-7
-5.727662178729917e-10
5.176709323915822e-8
3.636374281122815e-7
3.4422084369583216e-9
2.0716625186764408e-8
-2.907969949391382e-7
0.0012223669815789769
0.000055676392767688016
2.121628708143251e-6
0.0015840816088217825
0.000018549222687111157
0.03211509405750994
5.331175177093488e-10
9.78224821719303e-10
1.1193235593000883e-9
2.820918441225148e-9
3.898729775866361e-9
6.581647925903661e-9
7.500598163083029e-8
2.653671478014685e-7
3.522711290513826e-7
-2.048833959541883e-10
3.307834263249947e-8
2.2899909439750192e-7
2.689325985692599e-9
1.4116715373389664e-8
-1.7843324235418288e-7
0.000497767628723843
0.00002346366544926074
1.2870559713121227e-6
0.0007538165221841538
0.00012317654809366094
0.017929765975996485
4.2542701433773024e-10
7.729287636368277e-10
8.822623760021461e-10
2.1836527509879296e-9
3.0098731258290854e-9
5.055171844557886e-9
5.0618135859037565e-8
1.770838406155889e-7
2.3634371661033718e-7
8.631926461288888e-13
2.24431599864746e-8
1.4156433712433402e-7
2.115777561969531e-9
8.964889467033108e-9
-9.302443219018175e-8
0.000199712814616555
0.000010318238029207412
7.599961105314351e-7
0.000334968546956192
0.00006469755445342182
0.009148968837704082
3.4078080817322355e-10
6.14591585975136e-10
7.001662509610183e-10
1.699152449518574e-9
2.326372398082029e-9
3.889379268848548e-9
3.5095641899215014e-8
1.2192583792675494e-7
1.6407806436882445e-7
7.904393234159049e-11
1.1828988897288273e-8
8.051946508575142e-8
1.6817831690589878e-9
6.5006256968987125e-9
-4.6567627294513456e-8
0.00007439644682671815
4.09632234862348e-6
4.830494552891738e-7
0.00014089898805768299
0.000019092369608273085
0.004155544144554897
2.7329351472134e-10
4.911589783227476e-10
5.587775609092805e-10
1.3319428054840473e-9
1.8091558178849484e-9
2.9853270821214427e-9
2.432443116340533e-8
8.179282793812898e-8
1.1003384945428993e-7
9.656220826049186e-11
6.712543963781512e-9
4.728585268192416e-8
1.3473681915089481e-9
4.834489430136546e-9
-2.480411144377867e-8
0.000025671036424224333
1.510696958251728e-6
3.129846634311645e-7
0.00006065988309691668
0.00001069913627022491
0.0019196808235732654
2.186792404550808e-10
3.9340352178366467e-10
4.473564658887361e-10
1.0513357177462513e-9
1.4180457091145118e-9
2.3069980778092172e-9
1.7764557388934565e-8
5.772026162250308e-8
7.70514043205888e-8
8.977731504257905e-11
4.3767617900338445e-9
2.999053074723231e-8
1.082285800991626e-9
3.5758096731076645e-9
-1.0989979939107557e-8
9.743903922523434e-6
6.07994286593969e-7
2.091976465736569e-7
0.00002417540936291689
4.285905394676948e-6
0.0008077480089129559
1.7398207278341775e-10
3.1478753764076634e-10
3.581489601270446e-10
8.347490874300445e-10
1.118519282354957e-9
1.7938489967737804e-9
1.312277830759312e-8
4.1597920667174276e-8
5.49176751592537e-8
7.447529470392351e-11
3.1725045110202e-9
2.034664970428067e-8
8.689698734993422e-10
2.748850679913184e-9
-4.161788713796375e-9
4.1296540062323766e-6
2.8329110684723224e-7
1.4633772415199006e-7
0.000010455998968696056
1.5616382080600747e-6
0.00031514253176062726
1.371792871116256e-10
2.5071948558233683e-10
2.856837158605733e-10
6.650144672422448e-10
8.871577093752805e-10
1.4043841032062304e-9
9.629812917030634e-9
2.999244495974194e-8
3.923361113589044e-8
5.997073170721018e-11
2.474245490612145e-9
1.443158112200359e-8
6.949493116836217e-10
2.0987973869634166e-9
-3.2154337759408467e-10
1.976117725044923e-6
1.405700068007004e-7
1.0166299979856059e-7
4.529868816858154e-6
3.3632050793139893e-7
0.00012090039306962287
1.0688187402218098e-10
1.9808263968823338e-10
2.262441777565071e-10
5.298951074988091e-10
7.054674232615336e-10
1.1053386534248371e-9
6.934868817570303e-9
2.1172239933508608e-8
2.7494337963235392e-8
4.962111405892277e-11
1.9238233069096513e-9
1.0240807663537173e-8
5.512305559720965e-10
1.6329237855086489e-9
1.302023980949863e-9
1.1058363025247029e-6
7.579363037718269e-8
6.970096883250597e-8
2.084910637843038e-6
2.272503357240214e-8
0.00004566390474097439
8.209726375131485e-11
1.5475759216765663e-10
1.773117207911108e-10
4.20797578716818e-10
5.605632462778522e-10
8.73053376516503e-10
4.97104581295451e-9
1.5201013270890572e-8
1.9749834765419366e-8
4.017556859679406e-11
1.5236889053475918e-9
7.338471533328094e-9
4.317290285719623e-10
1.306214779334345e-9
1.4686244882977977e-9
6.801527495781518e-7
4.481580180577942e-8
4.90823219736374e-8
9.881199751240745e-7
-1.0936553807584446e-9
0.00001686500137256676
6.205793944324956e-11
1.1925817988736322e-10
1.3714391254862107e-10
3.318591679072186e-10
4.4351495330387e-10
6.897991478133891e-10
3.5582977002665475e-9
1.10036878100811e-8
1.4337379125214647e-8
3.184775110430802e-11
1.2201349446988045e-9
5.438692593048881e-9
3.3371750367733046e-10
1.050318369733591e-9
1.3304490482470961e-9
4.315322108781462e-7
2.8222068950051402e-8
3.5234560745712464e-8
5.122620957167732e-7
-4.03342810134331e-10
6.069621106386774e-6
4.611197613775248e-11
9.046820405354464e-11
1.0446224247177866e-10
2.5909219264912125e-10
3.482183196754363e-10
5.433795357031637e-10
2.5272508615775638e-9
7.952345932236137e-9
1.0406849408762223e-8
2.4795778789158228e-11
9.755238081392495e-10
4.100760949695568e-9
2.540409830115386e-10
8.290808698915489e-10
1.147027434530885e-9
2.782511462879948e-7
1.859924789905866e-8
2.542244308022987e-8
2.793437190222707e-7
1.8772373343510833e-9
2.230804014300211e-6
3.36635328682265e-11
6.746733586737212e-11
7.82394888681837e-11
1.9971973359514151e-10
2.7049401743798355e-10
4.253750461031233e-10
1.7830982957523401e-9
5.736771293260196e-9
7.548645234063989e-9
1.886851915468091e-11
7.654531533601706e-10
3.1040221849957474e-9
1.901701540159068e-10
6.435980455233085e-10
9.59343303276623e-10
1.8276182199005495e-7
1.2410375020206454e-8
1.8388020691525e-8
1.5993959445795125e-7
3.541331953415368e-9
9.045933471343351e-7
2.414774363754201e-11
4.942782844295691e-11
5.7569231583657984e-11
1.5168725982927573e-10
2.0737532098866085e-10
3.299574608625397e-10
1.2477372819793764e-9
4.119453864230402e-9
5.4539673344441886e-9
1.3987871986414286e-11
6.054366666298228e-10
2.385086393152422e-9
1.3987370110148507e-10
4.926817347419076e-10
7.815198008709894e-10
1.21903618444279e-7
8.515453546941505e-9
1.3270311285948464e-8
9.710475692330307e-8
4.1272050772651795e-9
3.880826615777441e-7
1.7031068625436694e-11
3.5570221161969426e-11
4.1604176261991536e-11
1.1334356444872347e-10
1.5661464539208958e-10
2.52985121908106e-10
8.6238242899457e-10
2.9275093016016294e-9
3.901825821826894e-9
1.014821281340453e-11
4.78188750568216e-10
1.843930611751185e-9
1.0104918433678216e-10
3.717535053952738e-10
6.160061617221169e-10
8.158502528787205e-8
5.977940038886081e-9
9.489489373260808e-9
6.226486210549826e-8
3.8924864025041526e-9
1.8337588791963632e-7