9.778744557466089e-9
1.5469918936523612e-8
1.748038131272378e-8
2.997363731337434e-8
3.698544472672704e-8
4.988658215170134e-8
3.2181459334399494e-7
7.468575057534165e-7
9.522459192372219e-7
-2.010958077171142e-9
3.4829235869472404e-8
1.7260398959650642e-7
5.9314389037547123e-8
1.2509557868015377e-7
1.8782355219387792e-7
0.00002204117345056883
3.2585666076067046e-7
3.2387376863737937e-6
5.529130862190834e-6
3.92219532404495e-7
3.50114123108798e-6
8.558702972337287e-9
1.3890253119241444e-8
1.5806498412670772e-8
2.8135896655537424e-8
3.525911604100448e-8
4.878902783607191e-8
2.972503611032712e-7
7.177814799376268e-7
9.263725891986067e-7
-1.4424116756948974e-9
4.050739766533685e-8
1.9152514244257967e-7
5.352421023841086e-8
1.1902917345771663e-7
1.8733900573430832e-7
0.00002134450251829955
4.953935902723793e-7
3.141424716604798e-6
5.841982011992106e-6
5.326008300722328e-7
3.7384493634672963e-6
7.347604411173077e-9
1.2199457558151549e-8
1.3973324023603072e-8
2.58061913396006e-8
3.2860410180798113e-8
4.674512854068514e-8
2.6690284035783676e-7
6.713710774557901e-7
8.777408377245293e-7
-9.77654235711811e-10
4.528383759855861e-8
2.0835479307348414e-7
4.724633268453196e-8
1.1074305986229247e-7
1.83732892730711e-7
0.00002011021863017377
6.413096622621214e-7
2.970399541631657e-6
6.11474039342629e-6
6.76076822099003e-7
3.966300322410532e-6
6.180543789302567e-9
1.047179990242801e-8
1.2065529686443945e-8
2.3089154543969755e-8
2.988092173302147e-8
4.3787063377528657e-8
2.3317525549778442e-7
6.103686738447104e-7
8.085023269163166e-7
-6.172179298442809e-10
4.8766507921735874e-8
2.215873756592969e-7
4.0751434472920396e-8
1.0054268993880338e-7
1.769179693830432e-7
0.000018403805567329514
7.509052470189816e-7
2.73193081905687e-6
6.323651111026019e-6
8.093235604401429e-7
4.1684630592888254e-6
5.127905395431272e-9
8.829122410765041e-9
1.0221299171749498e-8
2.0184738358919853e-8
2.6527416384705153e-8
4.0080899249359026e-8
1.9916710003226967e-7
5.400982088161881e-7
7.242403120659171e-7
-3.66017786876438e-10
5.048336933736227e-8
2.2929925202117348e-7
3.4496536849966976e-8
8.91257030992885e-8
1.6723672169506473e-7
0.00001637899695786768
8.158408725862778e-7
2.4445229391079827e-6
6.427496505985669e-6
9.182036277293687e-7
4.333817016715149e-6
4.191961393570133e-9
7.31908568321017e-9
8.506071135175736e-9
1.7251982907989778e-8
2.298923583439152e-8
3.580682112834625e-8
1.6725648286360824e-7
4.6624666118018815e-7
6.315797147306862e-7
-1.9212359093114814e-10
5.0079816395072316e-8
2.295960690922436e-7
2.8698219148848005e-8
7.713497232579371e-8
1.550062741677786e-7
0.000014203853985926367
8.282110930779964e-7
2.130402113673651e-6
6.376227077799779e-6
9.884914856253202e-7
4.441984881293144e-6
3.3854804604464763e-9
5.988115060652732e-9
6.982189693928245e-9
1.4467404652593275e-8
1.9498151911648663e-8
3.123410735294875e-8
1.3887888078309834e-7
3.947548100077848e-7
5.385741066193657e-7
-7.417946911814044e-11
4.738905471205925e-8
2.209802722793347e-7
2.3557166823618843e-8
6.534267640087037e-8
1.4080384302647296e-7
0.000012078975979691082
7.891591939940227e-7
1.816216020546475e-6
6.117735667409693e-6
1.009425906961922e-6
4.4670248292876845e-6
2.703076697833634e-9
4.843807455513317e-9
5.666565813606908e-9
1.1952858565754925e-8
1.6247788729233557e-8
2.6648330586086668e-8
1.1365364675548214e-7
3.2831409801945317e-7
4.500704132752074e-7
1.0667212553124916e-12
4.2608465974334494e-8
2.0315592544007156e-7
1.9118147375008085e-8
5.438128984257009e-8
1.252401899997987e-7
0.000010068205961399729
7.078701940676301e-7
1.5174895284913746e-6
5.626653920219529e-6
9.759257743394452e-7
4.37761171186162e-6
2.1340979087522153e-9
3.871388729646053e-9
4.5452868895734405e-9
9.76014509499903e-9
1.335933021616951e-8
2.2308935309256865e-8
9.120141240556305e-8
2.690345992007525e-7
3.705687081523254e-7
4.5602673775438463e-11
3.657649213102118e-8
1.7820646876150033e-7
1.5329449814279896e-8
4.464913739285808e-8
1.089394465698986e-7
8.252297072322462e-6
6.06069749717876e-7
1.248886501810996e-6
4.940883841537805e-6
8.936718514572519e-7
4.1439810289407e-6
1.6695149719201548e-9
3.0531594995844047e-9
3.596192095619842e-9
7.87835675768021e-9
1.0864882400652383e-8
1.840075017171499e-8
7.208454628462199e-8
2.1842897668333432e-7
3.0290668778915185e-7
6.912119069942897e-11
3.056681973293822e-8
1.506210238446169e-7
1.2124720068310015e-8
3.626855623476949e-8
9.256925035094172e-8
6.724108352181758e-6
5.099193919414743e-7
1.0204123061060066e-6
4.166837376204373e-6
7.805103290560894e-7
3.7589771536244813e-6
1.3011265001906076e-9
2.3807373627327243e-9
2.8080371160344326e-9
6.2691615422856896e-9
8.728083606966067e-9
1.500145222700696e-8
5.6267109996625784e-8
1.7505517662772162e-7
2.449952058201142e-7
7.406326211941964e-11
2.576443790079074e-8
1.2602158146316964e-7
9.46853675338791e-9
2.9117813988206446e-8
7.686289490234934e-8
5.429635397970577e-6
4.364069954225769e-7
8.252686062169504e-7
3.4609981856389297e-6
6.632750606488845e-7
3.255849754777579e-6
1.0164031411785808e-9
1.8489361683149439e-9
2.178556313104103e-9
4.90796152879748e-9
6.897257315537234e-9
1.2087394981036239e-8
4.3304393764759126e-8
1.3656984187519636e-7
1.9266858709263827e-7
6.116822392920494e-11
2.2205670580468398e-8
1.072660835437184e-7
7.344115648843745e-9
2.29944252484955e-8
6.264279939065207e-8
4.234301317905162e-6
3.762934856376318e-7
6.488665719491633e-7
2.928238169699935e-6
5.63590051079078e-7
2.7186954711847744e-6
7.973438168841569e-10
1.440077178718423e-9
1.6937005976888816e-9
3.7982234538515155e-9
5.3589594069713695e-9
9.591931958007475e-9
3.347182896383082e-8
1.047832882762748e-7
1.4783510580368192e-7
3.9836164275777386e-11
1.8564448248490215e-8
9.139343273403124e-8
5.709311834942149e-9
1.7850719793443835e-8
5.0676277815398294e-8
3.2297450788047427e-6
3.0399184759747903e-7
4.978951103300719e-7
2.5136177776993455e-6
4.817275650782411e-7
2.2540718263618896e-6
6.284262555337639e-10
1.1258937605043876e-9
1.3220458606257114e-9
2.937100321482641e-9
4.130913610033678e-9
7.4778233776875e-9
2.5905227520511142e-8
8.054640256685363e-8
1.1329975988677866e-7
2.2138945636955534e-11
1.4080350666965135e-8
7.325724598058464e-8
4.455742797160736e-9
1.3738870951400064e-8
4.1102757087598665e-8
2.474269824643585e-6
2.242120879173357e-7
3.81558480128036e-7
2.0464137363301568e-6
3.9983313593551315e-7
1.9214755514960454e-6
4.984451024200684e-10
8.835426013478764e-10
1.034784691801789e-9
2.2794592570181296e-9
3.1937780155253247e-9
5.757940345396793e-9
2.0140128887484933e-8
6.237063417076627e-8
8.780587272890884e-8
1.4984859803167795e-11
1.051301110393845e-8
5.513231589414175e-8
3.4875157679177882e-9
1.0610385953332436e-8
3.296474237118701e-8
1.915905939936914e-6
1.737104749659423e-7
2.957098243403523e-7
1.5340029001905737e-6
3.1304491492218625e-7
1.6487033576311806e-6
3.979039064897654e-10
6.984230029300135e-10
8.155283589366023e-10
1.7707024671641953e-9
2.4746071673841484e-9
4.431132016941064e-9
1.5774379494295253e-8
4.790592214659493e-8
6.720143230939136e-8
3.4713319841346325e-12
8.356095367733606e-9
4.23304245824123e-8
2.748347358511396e-9
8.22688970084076e-9
2.5255768708643113e-8
1.4583429747954583e-6
1.3620504071485389e-7
2.263270323002456e-7
1.1677968471576794e-6
2.3585626021347807e-7
1.3021631910022861e-6
3.190367519757416e-10
5.559019548705743e-10
6.475835113606731e-10
1.3827488501502481e-9
1.9185795881595275e-9
3.419632018815204e-9
1.2487441895054398e-8
3.7231296696113506e-8
5.193356863426822e-8
-1.516838757618583e-12
6.186329908427471e-9
3.2569977762776816e-8
2.1822405069581993e-9
6.381849547461475e-9
1.9048646596473968e-8
1.129303813172255e-6
9.936747673086227e-8
1.7491871259020665e-7
9.094686955730135e-7
1.8061033287651431e-7
9.495729647897667e-7
2.5628877281998517e-10
4.447671541675203e-10
5.171778296008929e-10
1.0886059896933087e-9
1.4991595927656451e-9
2.635826118924016e-9
9.978236147424305e-9
2.9150908838919587e-8
4.043688131652702e-8
-4.497425841341599e-12
4.660046741713433e-9
2.4294256338786148e-8
1.7428619386145728e-9
4.983948299743842e-9
1.4963239886509765e-8
8.783003147149192e-7
7.619609670572807e-8
1.3621329894269237e-7
6.741701776422823e-7
1.390561644014951e-7
7.473643656009886e-7
2.0558387445404952e-10
3.5686684129701446e-10
4.1465676937478296e-10
8.62823172121494e-10
1.1802665002632252e-9
2.0426079577909524e-9
8.034453742137515e-9
2.3073944117237904e-8
3.181682806468569e-8
-4.9277044470008635e-12
3.494895933343041e-9
1.8179703695272687e-8
1.3974838644479636e-9
3.929875590209042e-9
1.13226486021168e-8
6.92502638638528e-7
5.706236548106841e-8
1.0718651393850302e-7
5.046808059887659e-7
1.0154190711877057e-7
5.66380166039779e-7
1.6409372230542617e-10
2.861955471256974e-10
3.3267050630766504e-10
6.879430892529483e-10
9.356085856136843e-10
1.5945749398264801e-9
6.495980625867963e-9
1.8424401544493844e-8
2.5275704055290108e-8
-4.2668690676834565e-12
2.6387625599855015e-9
1.3621712732233067e-8
1.121302336167872e-9
3.1161062306132348e-9
8.693448338365017e-9
5.516304514609038e-7
4.338217244619281e-8
8.516041185780128e-8
3.766034833083313e-7
7.710187099514267e-8
4.1575028126120676e-7
1.2988371146320796e-10
2.285788493488109e-10
2.6611196706239716e-10
5.502118017431088e-10
7.456099058926768e-10
1.2530457373594976e-9
5.250856404667241e-9
1.4808755076916915e-8
2.0244612014181094e-8
-2.781483556944725e-12
2.015041561062205e-9
1.0291998290041377e-8
8.971018954021775e-10
2.4862711212415397e-9
6.6547548344763506e-9
4.4331975058949917e-7
3.34581406341517e-8
6.821511512085498e-8
2.8385212422520035e-7
5.7331145624386865e-8
3.086419449216669e-7
1.0163669969911851e-10
1.8117031452034912e-10
2.1147698389480066e-10
4.399580743359105e-10
5.956164530525902e-10
9.905491035081826e-10
4.224173840333546e-9
1.193409811561906e-8
1.6290588273838318e-8
-1.0580701941688208e-12
1.5615457631568823e-9
7.84697901405648e-9
7.13047508834522e-10
1.9876589598039235e-9
5.144637982567051e-9
3.580378023695477e-7
2.618343073176608e-8
5.489490058958877e-8
2.1529050936136393e-7
4.327432178592114e-8
2.28318146387286e-7
7.842950682138681e-11
1.4204351247386886e-10
1.6639804278091158e-10
3.5042376819125746e-10
4.752314395567562e-10
7.85839528738725e-10
3.3674809641019727e-9
9.600177437605188e-9
1.3114055628298913e-8
5.283378217898184e-13
1.2286616154859794e-9
6.071369339881016e-9
5.611551591537045e-10
1.5869084863104154e-9
3.989640904681881e-9
2.892242693467404e-7
2.0800151976663375e-8
4.419137716718018e-8
1.6568307304645464e-7
3.310407236670398e-8
1.6904694786285717e-7
5.956652356710836e-11
1.0986690576277537e-10
1.2926016839093447e-10
2.770219349112075e-10
3.773370448150512e-10
6.237329376437937e-10
2.6503110841571488e-9
7.67483088479021e-9
1.0513835952987186e-8
1.764018221215388e-12
9.80328049467271e-10
4.766585282061196e-9
4.359861300440275e-10
1.2605729181489967e-9
3.1084783809959546e-9
2.3255964679270862e-7
1.6728150696291557e-8
3.542797077360785e-8
1.2942298656219068e-7
2.5660828377078185e-8
1.2613430425817623e-7
4.446872123204665e-11
8.36581611721004e-11
9.89025551929445e-11
2.1665417768441115e-10
2.9710660008264607e-10
4.935865275838198e-10
2.053073518662923e-9
6.072846010547733e-9
8.358665403938824e-9
2.5595360225910933e-12
7.901754663698522e-10
3.7899840957438135e-9
3.3363836496933094e-10
9.927461677539976e-10
2.42916538062223e-9
1.8527879824178286e-7
1.3554193807924709e-8
2.8163481641830696e-8
1.024824081116527e-7
2.0162058388912426e-8
9.518211380802239e-8
3.2610207969898356e-11
6.261894356954989e-11
7.441213710641176e-11
1.6717672592021868e-10
2.3126694248974862e-10
3.881013941653877e-10
1.5619797962076602e-9
4.739962235150437e-9
6.565183995892275e-9
2.9256421962274276e-12
6.3993868821282e-10
3.0401016282263613e-9
2.5104751182118763e-10
7.727120903937515e-10
1.8992551136244104e-9
1.456852881381228e-7
1.1000732023825506e-8
2.2117849567436088e-8
8.198129073124504e-8
1.6017346375659577e-8
7.278045309499583e-8
2.3490898218044974e-11
4.6037514489455166e-11
5.499626757605879e-11
1.2700797687095476e-10
1.7751690339337238e-10
3.0227732698368746e-10
1.1655992421237173e-9
3.6398074166252505e-9
5.079076923941466e-9
2.936095743199593e-12
5.177251454893425e-10
2.447601147459869e-9
1.8555475079448954e-10
5.92941378853693e-10
1.481711130048795e-9
1.1271367869836044e-7
8.89004985451354e-9
1.710861269229889e-8
6.593115891328212e-8
1.2813747007262069e-8
5.6378617119740745e-8
1.6632166263063573e-11
3.323989751877323e-11
3.991343401790535e-11
9.486308304749542e-11
1.3410929622427808e-10
2.3260317621220106e-10
8.527876288472623e-10
2.7448258695045713e-9
3.861757692479116e-9
2.6959528901444735e-12
4.1601923643958696e-10
1.9669813583952246e-9
1.3467022705783574e-10
4.4770673094192624e-10
1.1503520828992532e-9
8.561953813101918e-8
7.114164415938466e-9
1.3005988275745829e-8
5.3016376588001236e-8
1.0269917263105763e-8
4.4152599227037354e-8
1.1587060763054374e-11
2.358019583630494e-11
2.8452393401464915e-11
6.96013260979819e-11
9.958941401987926e-11
1.7647612071451094e-10
6.119311385541792e-10
2.030621133513862e-9
2.8814578522919233e-9
2.3124713404842593e-12
3.3036157614826154e-10
1.5694477273408972e-9
9.600147383390767e-11
3.3220834623734717e-10
8.866709319052822e-10
6.377190821297179e-8
5.611015320529503e-9
9.702871552648047e-9
4.23926650239703e-8
8.202978234147705e-9
3.484216952496399e-8