6.711030091542122e-9
1.0928377995018358e-8
1.2640106791646527e-8
1.3276699511476164e-8
1.3672943096813185e-8
2.240275654572401e-8
2.8880301699616982e-8
3.138726880072532e-8
3.2948030161859123e-8
4.118489359741092e-8
4.6714156128122495e-8
5.014696976481363e-8
5.482169983599503e-8
5.995757906559907e-8
6.714959746397808e-8
3.618628267442634e-7
8.914077210794762e-7
1.175843843638384e-6
1.2833893572384496e-6
1.3502783591720514e-6
3.153305284063496e-9
8.490192156629398e-8
2.6151801966097124e-7
3.5451002397175187e-7
4.12030640183307e-7
1.2686939826946759e-8
2.8552920056676316e-8
5.558922170288e-8
1.2812355488991477e-7
1.819429367100466e-7
4.245683045809643e-8
1.0041689344049397e-7
1.4817930783018477e-7
1.689665188219671e-7
2.386810958201312e-7
8.218608817698699e-8
1.980850462543591e-7
3.0116714684959264e-7
3.5854283747216925e-7
3.830400219269425e-7
0.000042324323737174136
2.9014761805958797e-6
1.197572596561598e-6
4.117243179899005e-6
8.142494876481454e-6
6.895683320766754e-6
2.606116613378144e-7
1.138747543270365e-6
2.462301429331454e-6
4.104622851041052e-6
1.9421602837579156e-7
1.057002405392691e-6
4.6389849006559066e-6
1.0915917091348914e-6
5.900405566054332e-6
5.7516557354867806e-9
9.594551316642791e-9
1.1184301857039625e-8
1.1776120591401914e-8
1.2144400579422145e-8
2.057605115606563e-8
2.7011784042494198e-8
2.9512305480865274e-8
3.1069026951902674e-8
3.965485485560369e-8
4.541490229914104e-8
4.898997378006513e-8
5.402535153947466e-8
5.948510988055579e-8
6.726359208604868e-8
3.2634587437506584e-7
8.343992091061875e-7
1.114545024492654e-6
1.2208095125720363e-6
1.286905896709214e-6
4.1341363280954505e-9
9.176819900338108e-8
2.8145068224293335e-7
3.821699224947446e-7
4.446249497711779e-7
1.1214958299414187e-8
2.6732119732760605e-8
5.732317905311508e-8
1.375918560206513e-7
1.9727907728806925e-7
3.758247301661209e-8
9.419542345245464e-8
1.438323325017301e-7
1.667151084018561e-7
2.443870437232317e-7
7.285159124949976e-8
1.8634318272286357e-7
2.934427003171848e-7
3.548907603933894e-7
3.80902414559623e-7
0.000039800125309486513
3.1324115935554345e-6
1.1332105366551922e-6
3.906279589100342e-6
7.739894521555884e-6
7.264486955442814e-6
4.0433034457567557e-7
1.2182326883841475e-6
2.6505952880588387e-6
4.348961506342961e-6
2.8562914963340894e-7
1.183442103879268e-6
4.998151410441145e-6
1.1172759975626539e-6
6.323951132245375e-6
4.850616659053686e-9
8.25663390397692e-9
9.691325781768428e-9
1.0225896997941801e-8
1.0558571170196321e-8
1.8462368644753947e-8
2.4681833157549622e-8
2.7108791670901943e-8
2.8619858751410907e-8
3.735943117544898e-8
4.322688171085326e-8
4.6867500972364534e-8
5.21916877469926e-8
5.788316259637281e-8
6.615288889079116e-8
2.8642970856196e-7
7.585273266630248e-7
1.026144307813816e-6
1.1279777359924684e-6
1.191326627650618e-6
4.696987342695432e-9
9.585052555752699e-8
2.9553799981119165e-7
4.0262939567939944e-7
4.691300141646668e-7
9.711461142851314e-9
2.44114307202722e-8
5.811001970346091e-8
1.4584082926640992e-7
2.1163863558858282e-7
3.258827648603878e-8
8.63710141306587e-8
1.36663397136432e-7
1.6138981224619433e-7
2.4638965936873563e-7
6.32464004102034e-8
1.7134213904003496e-7
2.8017421331725284e-7
3.4451565304791207e-7
3.718064791746058e-7
0.000036253734716388735
3.253520444140904e-6
1.0414647493787807e-6
3.60198850595537e-6
7.150207778014557e-6
7.53651864692929e-6
5.350396168830378e-7
1.2780181913537355e-6
2.7920197883553035e-6
4.597639696285808e-6
4.016363395279928e-7
1.2721680579424022e-6
5.2918493721922916e-6
1.2107575800696498e-6
6.672013619150831e-6
4.016684377105505e-9
6.959851745876005e-9
8.21933545980001e-9
8.688985188861414e-9
8.98132765087091e-9
1.616560375459953e-8
2.199866496161794e-8
2.4285496881260127e-8
2.5709532217702055e-8
3.437045975767002e-8
4.0199666914037266e-8
4.3815204890195196e-8
4.932757532177112e-8
5.513073949295893e-8
6.375544680194662e-8
2.4520550207194184e-7
6.696527149454614e-7
9.169088843564248e-7
1.011292599848996e-6
1.070015800763054e-6
4.844933930364944e-9
9.643059458745524e-8
3.0152194112902664e-7
4.127734205175567e-7
4.819112391373922e-7
8.232726555752904e-9
2.1715177979551162e-8
5.785774454147774e-8
1.523446176348472e-7
2.2395950298095978e-7
2.766180964068434e-8
7.727132300016014e-8
1.268446774300887e-7
1.5290250063100086e-7
2.446491026242238e-7
5.373996880698754e-8
1.537013810407026e-7
2.615291631235914e-7
3.2734809846717235e-7
3.5528683641211796e-7
0.00003197433787426712
3.2334549545313475e-6
9.291755237787549e-7
3.224321974025485e-6
6.411588701554964e-6
7.67270620265776e-6
6.450382215094783e-7
1.3074125657045062e-6
2.864757480686941e-6
4.8233741423515406e-6
5.29506934425674e-7
1.3394846370915923e-6
5.526612757862641e-6
1.315718106533417e-6
6.958387329680794e-6
3.291473521995089e-9
5.7845402087999345e-9
6.864417214830029e-9
7.267449268808036e-9
7.518301074654408e-9
1.3859187419598988e-8
1.916213181449214e-8
2.125121084842929e-8
2.255219100086076e-8
3.0881480476726466e-8
3.6514159221006936e-8
4.000596906245007e-8
4.5578278492521054e-8
5.134989140618321e-8
6.015196985129705e-8
2.0606475684700828e-7
5.764128337792555e-7
7.973900608963239e-7
8.820056700802746e-7
9.346558036057464e-7
4.649692831277489e-9
9.313226428242804e-8
2.9744503565516786e-7
4.0973062662131635e-7
4.795421003239087e-7
6.8742914702855915e-9
1.885600556121001e-8
5.653875606565758e-8
1.5649508182413312e-7
2.3307337293613598e-7
2.312039546264436e-8
6.755080932514296e-8
1.1496552087404238e-7
1.4162603929706293e-7
2.392353911137936e-7
4.495167184047233e-8
1.3468530600047682e-7
2.38521499592209e-7
3.041549614668892e-7
3.3176581096108875e-7
0.0000274432291599789
3.0706232885299462e-6
8.072368972930522e-7
2.808913698310102e-6
5.593714224485459e-6
7.60993438737467e-6
7.275392008786333e-7
1.2964122830757787e-6
2.8483674572820253e-6
5.000232232279126e-6
6.539974319148475e-7
1.3885137202966436e-6
5.703293238187356e-6
1.4036867507652797e-6
7.188063566048249e-6
2.6583416350966905e-9
4.737501053180037e-9
5.646071689549762e-9
5.985366376012626e-9
6.196578348415451e-9
1.1650884461270442e-8
1.632649432901704e-8
1.8176638587519497e-8
1.9328931401176517e-8
2.708039094692008e-8
3.235980982142104e-8
3.563047359517323e-8
4.111115371975672e-8
4.6693158709570575e-8
5.5459112350722684e-8
1.7096465530226213e-7
4.866243615430852e-7
6.782624776080738e-7
7.518439596406349e-7
7.976308756279465e-7
4.24272858621278e-9
8.610057117670153e-8
2.8227911278926283e-7
3.916948328110134e-7
4.597366260532457e-7
5.6572772641779564e-9
1.6003781526597245e-8
5.411947319012732e-8
1.57520138146117e-7
2.3757713361478751e-7
1.9036546800523018e-8
5.77453959695732e-8
1.016451406194138e-7
1.280198603406327e-7
2.3019314909309216e-7
3.703838500561608e-8
1.1536870407883705e-7
2.1228196768680172e-7
2.759123735553761e-7
3.0205260078284065e-7
0.000023124825963779838
2.7823895020375876e-6
6.865861860214078e-7
2.3928515974390316e-6
4.770513251676394e-6
7.297227247002116e-6
7.768059831185466e-7
1.2386292518887078e-6
2.729218917976532e-6
5.096940462002228e-6
7.610856498461284e-7
1.4131396529830077e-6
5.824169609301153e-6
1.450300189125693e-6
7.331022552676508e-6
2.12074440250628e-9
3.832584897076998e-9
4.586487911050687e-9
4.8681854767673526e-9
5.0435016673628465e-9
9.644496010525289e-9
1.3657332575611433e-8
1.525065936084386e-8
1.6242991114356137e-8
2.3214316954339756e-8
2.8005848079903007e-8
3.097171317212419e-8
3.619791389821302e-8
4.143231288434718e-8
4.992581041277787e-8
1.4050480308999116e-7
4.0599457398424785e-7
5.68715041625283e-7
6.31315573541306e-7
6.702682978128005e-7
3.749210282894531e-9
7.624250306007502e-8
2.568854387907981e-7
3.5926343015186115e-7
4.2293356825548596e-7
4.601107141376554e-9
1.3330398185841651e-8
5.058688820941019e-8
1.545558654951471e-7
2.3588794709649992e-7
1.54846036199522e-8
4.8439931954359556e-8
8.774252610541924e-8
1.1289471570016988e-7
2.1771026547512314e-7
3.0149215683286404e-8
9.693113576334267e-8
1.84455775629985e-7
2.4421998869146757e-7
2.6774462336625607e-7
0.00001935281242368457
2.422272921011539e-6
5.761190400750998e-7
2.0088378652592926e-6
4.008083106089379e-6
6.715378620177578e-6
7.862759834658122e-7
1.1357053747861971e-6
2.509811456455604e-6
5.076147420539621e-6
8.374521659391792e-7
1.4024496447088944e-6
5.867812306730246e-6
1.4535849673073228e-6
7.367697910251026e-6
1.6740142054565817e-9
3.0635354099548735e-9
3.6815651909436204e-9
3.9125603045938034e-9
4.056366378428632e-9
7.886292405973383e-9
1.1262176823608809e-8
1.2604972304297791e-8
1.3441346534387424e-8
1.9512015835316885e-8
2.3724451281281582e-8
2.6329336442759658e-8
3.114559689056747e-8
3.589507119980718e-8
4.387930420666101e-8
1.1360926562256044e-7
3.3460786321908643e-7
4.70945682206497e-7
5.234517378248931e-7
5.561233646323343e-7
3.243723097961805e-9
6.51462864195241e-8
2.2447833029843982e-7
3.1618510799360195e-7
3.7321803809914667e-7
3.6967986312479994e-9
1.0939606278273675e-8
4.596096248189018e-8
1.4684852595033284e-7
2.265850432164351e-7
1.2445797530908172e-8
4.002987666402317e-8
7.411244983507686e-8
9.71887462854606e-8
2.01984354426888e-7
2.424808810964133e-8
8.019602337097084e-8
1.567580748227714e-7
2.1096662745042878e-7
2.307829657648759e-7
0.000016024292283934236
2.0519684001868984e-6
4.773485595938116e-7
1.66531222303081e-6
3.324857522420347e-6
5.910821075880592e-6
7.534596351983494e-7
9.993397528711068e-7
2.2142350222053785e-6
4.89930169706387e-6
8.728136171816674e-7
1.346892402749555e-6
5.799958369455247e-6
1.426045451622513e-6
7.3071751968630354e-6
1.3114873464198028e-9
2.419390923441762e-9
2.9183729992947175e-9
3.1049928971716153e-9
3.2211776283180993e-9
6.373786456753807e-9
9.179678519944645e-9
1.0296374556074627e-8
1.0991940062268635e-8
1.6145073877708358e-8
1.9746758494674005e-8
2.197160261269719e-8
2.6255831773558367e-8
3.042608173377484e-8
3.7693651556437514e-8
8.973596693030486e-8
2.7107614552616586e-7
3.8433798324397185e-7
4.2799009919773216e-7
4.551532140435385e-7
2.7672365246476365e-9
5.473273320959949e-8
1.9051450166161516e-7
2.695465715808699e-7
3.1869623763451505e-7
2.930056352642761e-9
8.869946337557774e-9
4.039147042392123e-8
1.3414684591629984e-7
2.0901953616701564e-7
9.87330750145755e-9
3.2682119720074953e-8
6.148404280950856e-8
8.183580341345587e-8
1.8328977706678014e-7
1.9245862787222506e-8
6.55449754828524e-8
1.307493825436819e-7
1.7820806135836864e-7
1.936462160476094e-7
0.000012984994488602985
1.7277238361529151e-6
3.8930548169936636e-7
1.3607151855907427e-6
2.7192111862966795e-6
5.016594031198945e-6
6.847755738222342e-7
8.518298668098324e-7
1.8904275143377368e-6
4.54084205699786e-6
8.60540117520072e-7
1.242340048507903e-6
5.579828772664178e-6
1.365086207310283e-6
7.110413152122385e-6
1.0246273714574299e-9
1.8919599169478634e-9
2.2869225025805315e-9
2.4347728301412087e-9
2.5268444140505003e-9
5.081816035844089e-9
7.393285026447629e-9
8.314159902033588e-9
8.887804099988177e-9
1.3198336202744671e-8
1.6217946239483987e-8
1.808148264458043e-8
2.1770353832751425e-8
2.5327965428258113e-8
3.173431250662967e-8
6.988348951202333e-8
2.1583368855081293e-7
3.0881344076826884e-7
3.4469891799655713e-7
3.670316255434747e-7
2.323802776915015e-9
4.6179643422417014e-8
1.6023315961117246e-7
2.2680966027812852e-7
2.68214113148278e-7
2.2955590802677405e-9
7.1151662802531536e-9
3.428954405379367e-8
1.1733343103421652e-7
1.8431705411012183e-7
7.740317822597185e-9
2.6379251693523785e-8
5.034429852173782e-8
6.766811953196848e-8
1.6210010032410768e-7
1.509241939662553e-8
5.2973425915446005e-8
1.0755747059274466e-7
1.478301368343474e-7
1.5885718771250743e-7
0.000010319276570752173
1.463176267029612e-6
3.125586100554228e-7
1.0952967974250327e-6
2.1914052969440416e-6
4.1958369248249045e-6
5.947536804652463e-7
7.167069616606594e-7
1.5907743815574783e-6
4.0158146558793075e-6
8.013077870352635e-7
1.0954714160371587e-6
5.174772186689331e-6
1.265581862458783e-6
6.730899146431318e-6
8.020488820213148e-10
1.4736244267190332e-9
1.7807639231839305e-9
1.8958271708090307e-9
1.967490086762479e-9
3.992257242462839e-9
5.868133919046015e-9
6.618058609683498e-9
7.0852404535654354e-9
1.0669133861662285e-8
1.3175516766580384e-8
1.4721353296995142e-8
1.7823993631459895e-8
2.0798947634745983e-8
2.6287944597031857e-8
5.417974263278211e-8
1.6863649265626425e-7
2.4293166061239953e-7
2.716777465279182e-7
2.895681307682755e-7
1.8783239412162127e-9
3.9001202754864637e-8
1.3530712094694117e-7
1.9132541969689955e-7
2.2616695515642667e-7
1.7885859584458057e-9
5.637694351507606e-9
2.832607405749369e-8
9.87600628964781e-8
1.5602675876421654e-7
6.028165294575463e-9
2.0997219050728366e-8
4.081199762255451e-8
5.519601426882148e-8
1.392313782362936e-7
1.1753469598053325e-8
4.22284611740462e-8
8.755955385115758e-8
1.2103270754858387e-7
1.2830582509254545e-7
8.043667614260967e-6
1.218956591157712e-6
2.46037018655446e-7
8.633077453546529e-7
1.7290347828269962e-6
3.540832282398042e-6
5.019709760426266e-7
6.045391682694497e-7
1.3412860878325296e-6
3.3991831571172008e-6
7.070684805803877e-7
9.273433831391104e-7
4.59115069375375e-6
1.1295625899554204e-6
6.14922035497442e-6
6.307508491510676e-10
1.150306154327464e-9
1.3875370633426415e-9
1.4764207436694255e-9
1.531790974382252e-9
3.102256249933039e-9
4.585925924454555e-9
5.182095779727945e-9
5.553530868600387e-9
8.504308402470676e-9
1.0570766374578398e-8
1.1844976199513396e-8
1.4429440810677776e-8
1.6894937994504755e-8
2.1502798472441993e-8
4.17883005144122e-8
1.2949981728079694e-7
1.8687270211221335e-7
2.091262129621062e-7
2.229771376310791e-7
1.444325221140608e-9
3.1734305254548885e-8
1.129478411654132e-7
1.6033187024051396e-7
1.8980558844236977e-7
1.3928181772973223e-9
4.393689421461649e-9
2.3235791928001303e-8
8.174492272533742e-8
1.294595825819095e-7
4.693260970396311e-9
1.643709264545884e-8
3.269162452125645e-8
4.45307290659944e-8
1.1609269555506862e-7
9.147307627394603e-9
3.308938835439161e-8
7.043183222547959e-8
9.807697348010244e-8
1.0278950074792407e-7
6.1294640805684875e-6
9.60408023069023e-7
1.892599210914276e-7
6.643700738724198e-7
1.3310203293940063e-6
2.9979551761101142e-6
4.22956019423726e-7
5.065818318503926e-7
1.1255726637515468e-6
2.813371530090153e-6
6.000352720516779e-7
7.694281387116115e-7
3.893490144888979e-6
9.68714756749644e-7
5.385250813214575e-6
4.984844589169563e-10
9.011795935757049e-10
1.0845470272363277e-9
1.1532460815968881e-9
1.1960446021825369e-9
2.404406776291667e-9
3.5482677767749446e-9
4.00884583668796e-9
4.295804866316307e-9
6.662546874284753e-9
8.338600885227259e-9
9.371830104415009e-9
1.1522077466628227e-8
1.3556108065795137e-8
1.73831225962575e-8
3.2445838419917205e-8
1.0009556375116654e-7
1.442099354733364e-7
1.6132835086000335e-7
1.719822348513911e-7
1.087717989314439e-9
2.4334935424607973e-8
9.029038141154447e-8
1.295003489316895e-7
1.5388714364657534e-7
1.088628720556778e-9
3.3794303027409886e-9
1.935838355549456e-8
6.874724849754764e-8
1.0890468547624056e-7
3.6657165994271346e-9
1.2715173611051488e-8
2.5752930789012345e-8
3.55399449215186e-8
9.485294337090788e-8
7.141806703169034e-9
2.5594767912672363e-8
5.5720544805195826e-8
7.857431032363059e-8
8.199038927733974e-8
4.73997457550278e-6
7.286519053043706e-7
1.4611610032902966e-7
5.125082261402856e-7
1.0266086078773921e-6
2.4364163140156233e-6
3.600426610149756e-7
4.0916169116338433e-7
9.125271035142796e-7
2.367465285235427e-6
5.057240806355413e-7
6.472273744013259e-7
3.2104898396842515e-6
8.054560099616549e-7
4.525472502325098e-6
3.965275861325701e-10
7.093736795582438e-10
8.513056236847009e-10
9.044823956364467e-10
9.376206985284254e-10
1.8687866971229656e-9
2.744753967267377e-9
3.096316226343993e-9
3.3153782330151337e-9
5.147276375589423e-9
6.463495704894108e-9
7.274245330940221e-9
9.04019027875169e-9
1.0692116278743382e-8
1.3849137178493831e-8
2.5206288383558115e-8
7.720781137794717e-8
1.111571457644289e-7
1.2432313867388593e-7
1.3251805654484808e-7
8.322021224804882e-10
1.851631055490976e-8
6.938994250631649e-8
1.0017969639124602e-7
1.1932484630491263e-7
8.542192254760913e-10
2.5901989123121807e-9
1.6092996603590645e-8
5.871744168329165e-8
9.334883204070716e-8
2.874509419548013e-9
9.819876425900099e-9
1.9911140625280126e-8
2.7967645766863733e-8
7.74934235277858e-8
5.597356274699705e-9
1.9751028820199736e-8
4.324514890280165e-8
6.18809226314538e-8
6.468368662177012e-8
3.633392349705315e-6
5.63255542039974e-7
1.1257449497891073e-7
3.948976278515488e-7
7.909176784923185e-7
1.8721192340807849e-6
3.0038614407666066e-7
3.1652723720651185e-7
7.075542332861105e-7
2.0485318472582997e-6
4.3453116139935993e-7
5.547423237144426e-7
2.673807279275978e-6
6.64672284407954e-7
3.7134732274834187e-6
3.1734982461148727e-10
5.621635081128594e-10
6.724381876493063e-10
7.137542791297951e-10
7.395054178851345e-10
1.4566135725727271e-9
2.131614709250865e-9
2.40242870592276e-9
2.5711714018897578e-9
3.966086880036701e-9
4.96968516978326e-9
5.586871989764461e-9
6.979977422863416e-9
8.273339943108795e-9
1.0835375629399455e-8
1.9787916881949847e-8
5.96652287785694e-8
8.563498423840001e-8
9.571151970200504e-8
1.0198309930936924e-7
6.257860614318863e-10
1.433145733113156e-8
5.2927515622002594e-8
7.615228386087671e-8
9.059398714110389e-8
6.74610862667955e-10
2.010432924879937e-9
1.252398907428365e-8
4.765082662074368e-8
7.655464548534265e-8
2.2682965184847618e-9
7.61928296057203e-9
1.525020611714742e-8
2.1590114892127777e-8
6.414606226250402e-8
4.414255309572608e-9
1.5317613778925027e-8
3.321464999955692e-8
4.7751718836624566e-8
4.969656143973927e-8
2.7941237932227704e-6
4.315620479111184e-7
8.673317600640417e-8
3.040302007946477e-7
6.087132469477046e-7
1.4198307234003612e-6
2.29735819286205e-7
2.406164939310537e-7
5.371902560192765e-7
1.7012249932682098e-6
3.695340020177532e-7
4.549637457904017e-7
2.3080794244927926e-6
5.573816352194615e-7
3.0857348889610134e-6
2.550342379263417e-10
4.484342135165425e-10
5.347739403422949e-10
5.67102987797142e-10
5.872560266043433e-10
1.1404475370098965e-9
1.658252992824952e-9
1.8664276324557265e-9
1.9961407904580737e-9
3.0679471568087112e-9
3.833996754442978e-9
4.3045342627857174e-9
5.359709235101108e-9
6.336382004276242e-9
8.347214393971477e-9
1.5677248356904315e-8
4.6495139373482563e-8
6.64030619974283e-8
7.4125426821077e-8
7.893175073923193e-8
4.660639252496125e-10
1.0849126254141414e-8
4.058656613065605e-8
5.841039177356768e-8
6.949615651001013e-8
5.361191220301835e-10
1.574187802097705e-9
9.23721696485258e-9
3.538838495288484e-8
5.725008311025378e-8
1.8021864890016346e-9
5.919525725354864e-9
1.173905969854421e-8
1.6345808281735567e-8
5.207305776166019e-8
3.5051978710107904e-9
1.1892256227757775e-8
2.559160636198539e-8
3.641827063657457e-8
3.6857487926675634e-8
2.168889254100017e-6
3.257231310724014e-7
6.724731600573774e-8
2.354704077769825e-7
4.711536246306129e-7
1.0944933148594546e-6
1.697033591241681e-7
1.8455834198697316e-7
4.1208285323173063e-7
1.2667813398910766e-6
2.9073916084380156e-7
3.402912803759576e-7
1.9534738386577907e-6
4.645701211976512e-7
2.6436249615704426e-6
2.0524600608104684e-10
3.5952843541061205e-10
4.278441094608184e-10
4.5341349710953896e-10
4.693519054307156e-10
8.997813383432003e-10
1.2967758112957583e-9
1.4557573841737272e-9
1.5548206262396867e-9
2.372500989549868e-9
2.9613048121775288e-9
3.3232503924856305e-9
4.12866821059785e-9
4.870567895117489e-9
6.399201359877771e-9
1.2544508079152811e-8
3.656439637311772e-8
5.191271895935898e-8
5.785904399672195e-8
6.155992146988723e-8
3.5326148927960566e-10
8.172632766134286e-9
3.073342091006641e-8
4.442312858791651e-8
5.293519332301398e-8
4.2873403384688873e-10
1.2259182558874627e-9
7.306423058383472e-9
2.705254237916407e-8
4.335780155946718e-8
1.4407745081894536e-9
4.617395899614036e-9
9.087988797491383e-9
1.2432729531640172e-8
3.92460879949649e-8
2.8014082273908187e-9
9.263957724521883e-9
1.9759117521813538e-8
2.793286185581143e-8
2.7164332357134188e-8
1.6990774564670221e-6
2.4729958662542687e-7
5.256491033629627e-8
1.8381729613152818e-7
3.6750469203388084e-7
8.293546116786945e-7
1.3557559289906094e-7
1.4036199753603187e-7
3.138831332846678e-7
9.500307260735203e-7
2.146997001064278e-7
2.5772450048813834e-7
1.4639181124179827e-6
3.6017657097011714e-7
2.196277659157415e-6
1.6485012876612608e-10
2.8894228854108103e-10
3.434861654372639e-10
3.6389059711916904e-10
3.766082827379368e-10
7.148772702131955e-10
1.0229916828946344e-9
1.1462580886975662e-9
1.2230610971713987e-9
1.8415285354193412e-9
2.2867904324945143e-9
2.5605654576062295e-9
3.178363099488405e-9
3.75009440917244e-9
4.91270765081187e-9
1.0118946940324359e-8
2.9074285508645724e-8
4.104402859597602e-8
4.5676512789987637e-8
4.855952734227548e-8
2.704384004315563e-10
6.222638298326991e-9
2.3084776738238235e-8
3.323787144001128e-8
3.9552103018910744e-8
3.4418894167810473e-10
9.71215844226902e-10
5.580570243306067e-9
2.1180918660211827e-8
3.407471155697018e-8
1.1562716566335155e-9
3.636091791518342e-9
7.021695624129962e-9
9.742183761820868e-9
2.9410565026730608e-8
2.2479188409034632e-9
7.28817387331225e-9
1.522644927907009e-8
2.1561356782876446e-8
2.1073994357855282e-8
1.3491012461146245e-6
1.890380444037286e-7
4.1558504417854015e-8
1.451329583080226e-7
2.89938632800074e-7
6.187801233216727e-7
9.994691739586224e-8
1.050228116517398e-7
2.3452880521677434e-7
7.557034313007632e-7
1.6715382290671323e-7
2.0253751569331568e-7
1.0665458377469878e-6
2.660926956282117e-7
1.62072018707257e-6
1.3167402513942774e-10
2.3201525566607773e-10
2.759087242388208e-10
2.923209779790403e-10
3.0255043852507364e-10
5.711752941627477e-10
8.120641807002755e-10
9.081669157138142e-10
9.68042609065687e-10
1.4414863046684324e-9
1.7805591995044122e-9
1.988772994310805e-9
2.4497951329198967e-9
2.8769988768232115e-9
3.7628034109673716e-9
8.198919350429645e-9
2.3334021847103356e-8
3.277829923429766e-8
3.64279122027667e-8
3.869914857581529e-8
2.1167215425235866e-10
4.754559268408345e-9
1.7539348601301517e-8
2.5239937124502954e-8
3.002839239278914e-8
2.7645506093422405e-10
7.737151557694586e-10
4.165977204751836e-9
1.5515439023505212e-8
2.501060399675966e-8
9.289778268145805e-10
2.881262253115047e-9
5.462002353009825e-9
7.459807029037408e-9
2.3371300776604098e-8
1.80608131878788e-9
5.7694714896158476e-9
1.1828091289556412e-8
1.6542859677967457e-8
1.650041305238655e-8
1.0832934216628863e-6
1.4600118648364435e-7
3.318591105006812e-8
1.1576359947059711e-7
2.3110388491634502e-7
4.6850547155809147e-7
7.545426536836097e-8
7.975123309720404e-8
1.780572024517971e-7
5.47634779633944e-7
1.283367695333883e-7
1.4867004975460213e-7
8.704593618145344e-7
2.0957253058849748e-7
1.1997787077504196e-6
1.0423788427055844e-10
1.8547310212276265e-10
2.2094578582128244e-10
2.3420437066424744e-10
2.424666228749166e-10
4.5774614011952245e-10
6.48352430312559e-10
7.242557645009237e-10
7.715433922032994e-10
1.135550440503176e-9
1.3956512926737627e-9
1.5556642550212126e-9
1.9041141918785493e-9
2.2278911744574533e-9
2.889464367275737e-9
6.644151164902127e-9
1.884608326708069e-8
2.638545762555687e-8
2.9294965323548097e-8
3.1105555923600346e-8
1.6942379964074268e-10
3.6893563274921445e-9
1.338164473534694e-8
1.9174956770464948e-8
2.2778023891394433e-8
2.2144543361835948e-10
6.20697793039892e-10
3.1885516581273314e-9
1.1724373048951484e-8
1.8789197076821283e-8
7.443524782801457e-10
2.2981020759663806e-9
4.298224490830692e-9
5.768742684212708e-9
1.714692740856523e-8
1.4476853331935591e-9
4.599122142950543e-9
9.25373836179281e-9
1.2800491603118286e-8
1.2351325572798427e-8
8.772141186108421e-7
1.143726427068389e-7
2.6713923140078033e-8
9.310951208020472e-8
1.857869098777743e-7
3.5444607827264203e-7
5.598722464289827e-8
6.05872119553342e-8
1.3506732534617958e-7
4.1205141721286906e-7
9.274524439820314e-8
1.1169386567128201e-7
6.185443712923522e-7
1.5787445430093583e-7
9.71598470581895e-7
8.153669480647098e-11
1.4708737828929104e-10
1.7575633554316461e-10
1.8646944942961224e-10
1.9314465230042837e-10
3.667284586826434e-10
5.189316281535115e-10
5.794226062778859e-10
6.17106429026309e-10
9.004188344742367e-10
1.1016870792406651e-9
1.2254686765801721e-9
1.4881483665452643e-9
1.7344873513663047e-9
2.232773551430059e-9
5.359941446933205e-9
1.5255528476124545e-8
2.1330768151923664e-8
2.367259215758156e-8
2.512986333304373e-8
1.3844275050537322e-10
2.9024113915148484e-9
1.0350456203798448e-8
1.4776214668154544e-8
1.7528714128499185e-8
1.7623704093390969e-10
4.984110189500863e-10
2.4297341401695438e-9
8.723031172537866e-9
1.3953532735538378e-8
5.927519272026129e-10
1.8387962869041505e-9
3.3949824984777203e-9
4.549384532113833e-9
1.3175364563718853e-8
1.1534380159283116e-9
3.679092338965053e-9
7.290667748226234e-9
1.0005420896561074e-8
9.896574149248816e-9
7.132199393066465e-7
9.090536125730532e-8
2.159771791501905e-8
7.524876571448932e-8
1.501151658582995e-7
2.7179017617801623e-7
4.2501542039213144e-8
4.6688373319698164e-8
1.0394115034962461e-7
3.0288551142629776e-7
7.027200561827636e-8
8.294661141191052e-8
4.705990038147946e-7
1.1720196063743632e-7
6.813983957561703e-7
6.286364855577671e-11
1.1535061934750637e-10
1.384171984869441e-10
1.470364053495915e-10
1.524059259774571e-10
2.926329220806926e-10
4.1498199828545876e-10
4.635505146746346e-10
4.938052759342879e-10
7.167771224329475e-10
8.741779173840825e-10
9.710772220274035e-10
1.171370350577727e-9
1.3608084301679758e-9
1.7352693565860095e-9
4.285452504976567e-9
1.2319036580200737e-8
1.7240320735087684e-8
1.9135880154102936e-8
2.0315420044248778e-8
1.1479914322865421e-10
2.3156530817867693e-9
8.117894677363782e-9
1.1538629067577155e-8
1.3666204395818324e-8
1.3889030482669844e-10
4.000722653513714e-10
1.8601001102046522e-9
6.555461821459132e-9
1.0445111005324268e-8
4.674899484090651e-10
1.4712345079924136e-9
2.7012291198958637e-9
3.5935737154799576e-9
9.808441948978806e-9
9.103871546086972e-10
2.944348976101482e-9
5.777882238469561e-9
7.856315722964518e-9
7.746656553547507e-9
5.792391726911429e-7
7.315710850895051e-8
1.7457885485513038e-8
6.083270454203103e-8
1.2136595245537234e-7
2.1136479341685165e-7
3.2271223906415006e-8
3.645770758423409e-8
8.103798230236926e-8
2.2551061177236843e-7
5.176630428978144e-8
6.209180748296598e-8
3.366796236263314e-7
8.801131874081734e-8
5.234233699185885e-7
4.768204246154659e-11
8.921948538525319e-11
1.0761558761894392e-10
1.1449054923206087e-10
1.1877285684368621e-10
2.3173665727699414e-10
3.3033642215180153e-10
3.694617643740914e-10
3.938330338484168e-10
5.710739003251118e-10
6.954566344961572e-10
7.721025137217708e-10
9.261665056208615e-10
1.0729634051477328e-9
1.3568990051563696e-9
3.3827010417961933e-9
9.877551707134491e-9
1.38652136434998e-8
1.540070141922886e-8
1.6356168482245458e-8
9.580540619195229e-11
1.8681785456205994e-9
6.450639437137657e-9
9.131248748468784e-9
1.0798610624708255e-8
1.0807162354437397e-10
3.193825413075703e-10
1.4388468824453965e-9
4.9552205713802245e-9
7.85402753319611e-9
3.640945463011049e-10
1.1726938595399797e-9
2.1535875430400683e-9
2.8423707058515677e-9
7.45491729840425e-9
7.096602274382925e-10
2.3484251817082892e-9
4.594265543267671e-9
6.211629867498564e-9
6.2665627052409266e-9
4.674456963814191e-7
5.93669988754581e-8
1.4042036572819551e-8
4.896007641595733e-8
9.771555738722501e-8
1.6670418739589362e-7
2.4826841391052146e-8
2.8850630706117902e-8
6.40338371726264e-8
1.6831488540640825e-7
3.836618858743902e-8
4.6686735608430024e-8
2.493392136052748e-7
6.56919337975388e-8
3.7311181695525364e-7
3.5538248327703204e-11
6.792109875799807e-11
8.240875500299928e-11
8.78248213288637e-11
9.119794561781476e-11
1.8152999541503694e-10
2.6082089631720343e-10
2.922973666399855e-10
3.119036264104084e-10
4.5376416679678755e-10
5.527938848262409e-10
6.138639757748292e-10
7.336955392797312e-10
8.488567877598431e-10
1.0661886056829498e-9
2.627821208196466e-9
7.831106782360155e-9
1.1046477336799133e-8
1.2284809413443334e-8
1.3055370053345952e-8
7.977492642432275e-11
1.5166291486844914e-9
5.17849671280802e-9
7.306430558750449e-9
8.630100859242807e-9
8.283313929784852e-11
2.5262447605219125e-10
1.121463400868496e-9
3.787461375394011e-9
5.975340859105671e-9
2.7935454316203534e-10
9.277859611499308e-10
1.7145004665721322e-9
2.263687066176694e-9
5.669921000483864e-9
5.450337027965444e-10
1.859902062276477e-9
3.652680125654329e-9
4.926461223811223e-9
5.0235262938219555e-9
3.730449821977621e-7
4.8315168953759827e-8
1.1188828005995565e-8
3.905332160691053e-8
7.799263606861997e-8
1.331117166463719e-7
1.9376440513395777e-8
2.3084402752909252e-8
5.117484722394854e-8
1.2715044629835507e-7
2.881928965783674e-8
3.551765993216466e-8
1.8342586407633318e-7
4.907365638494182e-8
2.736593408639867e-7
2.601315189970066e-11
5.0821443002279365e-11
6.20537707068448e-11
6.625494046380253e-11
6.887115529326784e-11
1.4028077614263415e-10
2.036161624423597e-10
2.2878865508692872e-10
2.444681822839398e-10
3.58303690397546e-10
4.374515078227537e-10
4.862936030244049e-10
5.804529686716742e-10
6.715443738539757e-10
8.393470258352192e-10
2.0043919556207267e-9
6.117429680601943e-9
8.68493466708628e-9
9.674388736400906e-9
1.0290093070034777e-8
6.57658180416144e-11
1.2318626727942968e-9
4.1806617317230184e-9
5.886166235295545e-9
6.947111351204444e-9
6.243202710075115e-11
1.9734015280880094e-10
8.798195575849234e-10
2.9300932920290258e-9
4.604304532852834e-9
2.1078622027329398e-10
7.261740292470849e-10
1.3583075563398095e-9
1.7993783449783227e-9
4.3329401241927455e-9
4.116853703671839e-10
1.4577020081274377e-9
2.8933988366649577e-9
3.904818335541813e-9
4.041465052681098e-9
2.932127085681187e-7
3.920240404435011e-8
8.797837517395994e-9
3.0752150063879325e-8
6.146625526023778e-8
1.0718542337173887e-7
1.5318156936742563e-8
1.859660844982628e-8
4.119473214976457e-8
9.745370352354543e-8
2.1890611863477747e-8
2.7366358424518934e-8
1.3571407870462102e-7
3.695528650254029e-8
2.0055939083723272e-7
1.870263274276189e-11
3.734818937058944e-11
4.590203133758844e-11
4.9103430542578725e-11
5.109692775473436e-11
1.0671422883073732e-10
1.567580603996964e-10
1.7668520329531342e-10
1.890976991457312e-10
2.8024838471255663e-10
3.434726130353646e-10
3.82508847457013e-10
4.570393218713035e-10
5.294401242995942e-10
6.601171318695649e-10
1.4989836418276978e-9
4.6958272714330726e-9
6.71768030365527e-9
7.497676813122171e-9
7.983057164177648e-9
5.334515453349468e-11
9.952911300339856e-10
3.3757736936373955e-9
4.749325056233488e-9
5.603793176448376e-9
4.6224736964009434e-11
1.5183468401208865e-10
6.93037755484359e-10
2.2921228000580273e-9
3.5914483413370672e-9
1.562456781179018e-10
5.607459287835409e-10
1.0671750587975817e-9
1.4224834818253004e-9
3.3298540210736806e-9
3.054853937248919e-10
1.1274106857722291e-9
2.275598770030694e-9
3.0830962873237428e-9
3.240011031598246e-9
2.2627437585106577e-7
3.153422822840506e-8
6.80557066043405e-9
2.3829641966893433e-8
4.767746789901077e-8
8.658601659268523e-8
1.2223469083626155e-8
1.5004510158342143e-8
3.322878202317635e-8
7.579998927668011e-8
1.6832475645695304e-8
2.1344584967983846e-8
1.0162901731587077e-7
2.800870255334553e-8
1.473348333448231e-7
1.3217485788994378e-11
2.6955709212727742e-11
3.334527474123993e-11
3.573847528618375e-11
3.722868268596069e-11
7.979734381380174e-11
1.187769990262996e-10
1.3433643427869803e-10
1.4402866461776373e-10
2.1652505615969093e-10
2.667794968994997e-10
2.978183639462791e-10
3.570158583957509e-10
4.146032458159905e-10
5.170086154003478e-10
1.0985613112237966e-9
3.5357483246323486e-9
5.100791270170287e-9
5.7054097842404114e-9
6.081670597023527e-9
4.238461951182492e-11
7.956866191998164e-10
2.711576951266638e-9
3.817170993033795e-9
4.504951043243954e-9
3.360981040587062e-11
1.1483311966456648e-10
5.463457885266116e-10
1.8083581072034279e-9
2.829481799740787e-9
1.1373391972234083e-10
4.262850743811173e-10
8.289567963202944e-10
1.1149049329633764e-9
2.569557123185673e-9
2.2259589931917157e-10
8.585629321468518e-10
1.7714559352452603e-9
2.416838398726427e-9
2.575328072498961e-9
1.7109436020263883e-7
2.5023729295229098e-8
5.167845543510091e-9
1.8130018173705265e-8
3.631391228932779e-8
6.97797219128364e-8
9.79943749812738e-9
1.2059296570475655e-8
2.671259340109598e-8
5.971377116684716e-8
1.310116318293832e-8
1.6814668102874006e-8
7.711797176359447e-8
2.1355021415659355e-8
1.0904723901112906e-7
9.193238790032071e-12
1.911771665141328e-11
2.379687108260032e-11
2.5550915134822924e-11
2.664315938062877e-11
5.860707757138418e-11
8.845736072425667e-11
1.0040686050391427e-10
1.0785079237230447e-10
1.6488932220684853e-10
2.044764970917876e-10
2.2893024865661452e-10
2.759069949387159e-10
3.2154912556285874e-10
4.0202698137919737e-10
7.892866947497293e-10
2.6091628047495976e-9
3.797215909375049e-9
4.256968866123413e-9
4.543092359956677e-9
3.289317618908752e-11
6.265998022000982e-10
2.1558495953618825e-9
3.040530866276998e-9
3.590876202697497e-9
2.400655593161051e-11
8.525212867332571e-11
4.296378061304636e-10
1.4335451457429423e-9
2.2433175414394786e-9
8.13218497620124e-11
3.185647893241255e-10
6.350629702268913e-10
8.639838961123414e-10
1.987242749469051e-9
1.593119663126028e-10
6.427761634997729e-10
1.3614289978702645e-9
1.875317997777647e-9
2.0231420316879827e-9
1.2663987788259529e-7
1.9511352591187868e-8
3.847389469305654e-9
1.3524528253828911e-8
2.7120447157917098e-8
5.579956451185153e-8
7.852975909199506e-9
9.605560121679255e-9
2.1292148491348166e-8
4.74673147052719e-8
1.0297154121925941e-8
1.333022843065713e-8
5.930798595637668e-8
1.6377090782270364e-8
8.144679782598291e-8
6.302980099977507e-12
1.3338164103692643e-11
1.669838152821958e-11
1.795912162632237e-11
1.8744242065219564e-11
4.227098358408874e-11
6.470378572479738e-11
7.371218545174711e-11
7.932432097484662e-11
1.235670579367371e-10
1.5436472861479825e-10
1.7338780353351778e-10
2.104747696938299e-10
2.463778026585428e-10
3.0956308668290206e-10
5.565673421445572e-10
1.8870088617640375e-9
2.770302768243101e-9
3.1127644759019152e-9
3.3259039823755566e-9
2.4900502852019048e-11
4.843780273875212e-10
1.6894159564208957e-9
2.3897692328894653e-9
2.825434189637229e-9
1.686020709519761e-11
6.208426052102015e-11
3.3588534286812334e-10
1.1369983713421761e-9
1.7820785579849852e-9
5.7164661582190106e-11
2.3382841349740825e-10
4.789377325202645e-10
6.604852627928786e-10
1.5366424492784679e-9
1.120828079715704e-10
4.726620945816363e-10
1.0309072042695257e-9
1.4368597499349529e-9
1.5664435206987478e-9
9.17633713189115e-8
1.490486562297637e-8
2.8071943816920585e-9
9.887263432736678e-9
1.984945609561655e-8
4.406451137484778e-8
6.258152905823187e-9
7.549620628609411e-9
1.675318425850041e-8
3.7894750122640414e-8
8.142216973210288e-9
1.058874439559081e-8
4.6140751548273124e-8
1.2609447771170255e-8
6.145573478202631e-8