5.480458221107819118e+06 -1.423793164255538490e+06 -5.087774572532682796e+05 -8.844238171389975469e+04 3.400447663031496340e+05 4.137026826934930868e+05 2.140399469193974975e+06 8.486614364234097593e+03 1.473414115938542272e+04 4.433376642267981879e+03 -5.950705975083870580e+05 -1.501870780651615642e+05 -7.955125550230927183e+04 -4.058869617598363402e+04 -1.983981941722874762e+04 -9.332627977089927299e+03 -3.318540780604504562e+03 -1.477282679176144029e+03 -2.902064726520193744e+03 -1.117635859591799817e+04
-1.423793164255446289e+06 2.272434697966463398e+06 1.447681898094881399e+04 7.641945778230578071e+03 -4.367831688968335511e+05 -3.818272181659276830e+05 -7.022976164311420871e+05 6.177265055276370731e+02 7.604314507735280131e+02 -5.059458972581421676e+02 -6.457673347657371050e+04 -6.204186147278689168e+04 -4.515733286576395767e+04 -2.850043226325603973e+04 -1.658594199693427072e+04 -7.854434119651711626e+03 5.853750911060848011e+03 2.015610131844957141e+04 3.002049301327810099e+04 6.437046309918470797e+04
-5.087774572532796301e+05 1.447681898095495671e+04 2.955046579989474849e+05 6.160223674512425350e+04 -2.873290195801214577e+04 -1.490428422642385995e+05 9.312610940366339637e+05 1.302135636103506044e+02 2.507636050702396915e+02 1.249225312006511217e+02 1.527121464704263490e+05 1.007544025504622114e+05 8.332132591749182029e+04 6.834997222482740472e+04 5.879205720824968012e+04 5.385638469189382158e+04 5.071946825715213345e+04 5.063405985169600899e+04 5.310519048153580661e+04 4.687987272798734921e+04
-8.844238171390180651e+04 7.641945778231306576e+03 6.160223674512440630e+04 1.346311721467988900e+04 -7.146121120979170882e+03 -3.315719456554226781e+04 1.959328088676081679e+05 1.022751042217762603e+02 1.790014329926089545e+02 5.494331222422831473e+01 2.050610978729162889e+04 1.715190017350646667e+04 1.614169655579900245e+04 1.427593077699887363e+04 1.300874709019024704e+04 1.244530034567232178e+04 1.215363515243591974e+04 1.258693332559066585e+04 1.365317322306364076e+04 1.259293435184663213e+04
3.400447663031321135e+05 -4.367831688968319795e+05 -2.873290195801057780e+04 -7.146121120978863473e+03 9.606089160540363810e+04 1.049158864922953508e+05 6.914425290962390136e+04 -1.899900362911680247e+02 -2.323407227719307571e+02 1.585280661545288012e+02 8.234756329084071695e+03 6.488401923430451461e+03 2.968288456527905510e+03 4.563931304060039906e+02 -1.762519171914433173e+03 -3.805632402146118693e+03 -6.711089978668782351e+03 -9.625320578484766884e+03 -1.382366502641038096e+04 -1.889060274596255840e+04
4.137026826934785349e+05 -3.818272181659238413e+05 -1.490428422642364749e+05 -3.315719456554187491e+04 1.049158864922949870e+05 1.964150955431913026e+05 -4.338410155919888057e+05 -3.602991941668792037e+02 -4.266456882952566048e+02 3.336154691318405980e+02 -1.840214304401640038e+04 -2.796437632977097019e+04 -3.213121636097365626e+04 -3.253165342914342182e+04 -3.277949875077514298e+04 -3.403991900351227378e+04 -3.588001944463056861e+04 -3.921105319033990963e+04 -4.417788548101956985e+04 -4.278860929828373628e+04
2.140399469193977769e+06 -7.022976164311831817e+05 9.312610940366312861e+05 1.959328088676081679e+05 6.914425290963036241e+04 -4.338410155919867102e+05 6.743858911513542756e+06 -8.768441274043849489e+02 -5.399920274426269771e+02 2.136099309600747802e+03 5.162922213875438320e+05 3.894181903256931691e+05 3.126770281295583700e+05 2.623992637316615437e+05 2.317902282504891336e+05 2.174506089533160266e+05 2.106430920235191588e+05 2.133213647257151897e+05 2.239458816602487641e+05 1.980577734015601454e+05
8.486614364234135792e+03 6.177265055278701311e+02 1.302135636102448188e+02 1.022751042217530681e+02 -1.899900362911849356e+02 -3.602991941668175286e+02 -8.768441274047384013e+02 1.679734022365421652e+03 2.731771708440631301e+03 3.903000546196775531e+02 -6.403370467239336783e+00 -5.875914649432790782e+01 -7.423548926663920611e+01 -1.183469938677480400e+02 -7.746276018325313828e+01 -4.075162731582813791e+01 -3.394296234910630261e+01 -3.350671386428679455e+01 -1.359787835419996611e+02 -3.129445287200110783e+02
1.473414115938549730e+04 7.604314507737060467e+02 2.507636050701084400e+02 1.790014329925811296e+02 -2.323407227719179673e+02 -4.266456882951455327e+02 -5.399920274431251528e+02 2.731771708440633574e+03 4.522174933882915866e+03 8.461732250288637260e+02 -3.204171702198320038e+00 -4.311876208546545541e+01 -6.123977232684883631e+01 -1.136649443466583875e+02 -7.794407254079190750e+01 -5.032483377000372116e+01 -4.479079313566642639e+01 -4.206462962357598911e+01 -2.321112825221783567e+02 -5.506432899515954205e+02
4.433376642268083742e+03 -5.059458972586003256e+02 1.249225312007217781e+02 5.494331222424450090e+01 1.585280661545897374e+02 3.336154691318562868e+02 2.136099309600946526e+03 3.903000546196779510e+02 8.461732250288646355e+02 6.614891958321261427e+02 1.944826330695801175e+01 1.400901919568916583e+02 1.362096668956089900e+02 1.494996270064877422e+02 9.970598915198597467e+01 4.138050240641876343e+01 2.263076667368340367e+01 2.290408838668638225e+01 -4.436572610966736363e+01 -1.877146347286266064e+02
-5.950705975083835656e+05 -6.457673347657031263e+04 1.527121464704257669e+05 2.050610978729148701e+04 8.234756329083691526e+03 -1.840214304401602931e+04 5.162922213875378366e+05 -6.403370467232146979e+00 -3.204171702178413739e+00 1.944826330698264982e+01 4.694215298772453098e+05 4.018788127076087403e+04 5.391957391010788569e+02 5.114917637695542112e+02 1.054464344408627596e+01 3.908848458622659905e+01 4.781395507769684805e+00 2.967066518076327153e+00 -2.017741498184996707e-02 1.206204977176949855e+00
-1.501870780651618552e+05 -6.204186147278826684e+04 1.007544025504628371e+05 1.715190017350651033e+04 6.488401923430623356e+03 -2.796437632977137037e+04 3.894181903256949154e+05 -5.875914649432358061e+01 -4.311876208545844946e+01 1.400901919568929088e+02 4.018788127076107776e+04 2.109252246504098293e+05 2.989848163554850180e+04 1.009890843523401713e+02 5.929040434303336724e+02 -3.191479673722890453e+01 2.233200800551218279e+01 3.565438406820533146e+00 1.183793691954918431e-01 7.210040070507860444e-01
-7.955125550231286616e+04 -4.515733286576249520e+04 8.332132591749158746e+04 1.614169655579893697e+04 2.968288456527355720e+03 -3.213121636097454757e+04 3.126770281295590103e+05 -7.423548926658313007e+01 -6.123977232677453486e+01 1.362096668955698249e+02 5.391957391020149544e+02 2.989848163554823259e+04 1.540413462395171227e+05 3.071985417632758981e+04 -1.166371643003156464e+02 5.296107824115645144e+02 2.529603993563828368e+01 6.402239359525045082e+00 5.295106559486816522e+00 7.724623583154981155e-02
-4.058869617597616889e+04 -2.850043226325539945e+04 6.834997222482667712e+04 1.427593077699875903e+04 4.563931304055242322e+02 -3.253165342914490247e+04 2.623992637316678301e+05 -1.183469938677040716e+02 -1.136649443465919234e+02 1.494996270064665396e+02 5.114917637699214765e+02 1.009890843514953076e+02 3.071985417632718236e+04 1.124244059786473517e+05 2.758755646335998244e+04 1.773426253048386343e+02 4.011357452737007065e+02 3.744892938960963136e+01 5.732918507403728547e+00 3.921428497522936318e+00
-1.983981941723565615e+04 -1.658594199693278279e+04 5.879205720824997843e+04 1.300874709019027250e+04 -1.762519171914588014e+03 -3.277949875077525212e+04 2.317902282504886389e+05 -7.746276018317958290e+01 -7.794407254071531099e+01 9.970598915189086142e+01 1.054464344449980651e+01 5.929040434300808329e+02 -1.166371643001031231e+02 2.758755646336008431e+04 9.087486507199844345e+04 2.493920718762526303e+04 4.787356025684122187e+02 3.059126489952271868e+02 5.573097117195538885e+01 7.321024182463013119e+00
-9.332627977099769851e+03 -7.854434119651835317e+03 5.385638469189347234e+04 1.244530034567220537e+04 -3.805632402146221921e+03 -3.403991900351180811e+04 2.174506089533102640e+05 -4.075162731578534192e+01 -5.032483376996533764e+01 4.138050240635225663e+01 3.908848458672465398e+01 -3.191479673732944278e+01 5.296107824117585778e+02 1.773426253045242902e+02 2.493920718762520846e+04 8.102498258011207508e+04 2.204770261994546308e+04 7.190381798777631275e+02 2.350360000530455409e+02 4.336151273547685747e+01
-3.318540780607131637e+03 5.853750911061373699e+03 5.071946825715182786e+04 1.215363515243593247e+04 -6.711089978669037009e+03 -3.588001944463093969e+04 2.106430920235184312e+05 -3.394296234910162013e+01 -4.479079313564309928e+01 2.263076667372144613e+01 4.781395507984358417e+00 2.233200800557268551e+01 2.529603993560371933e+01 4.011357452735718425e+02 4.787356025684192673e+02 2.204770261994554676e+04 7.708578087885861169e+04 1.874182771355068326e+04 7.846277348394688715e+02 1.366148224125338970e+02
-1.477282679176500096e+03 2.015610131844902935e+04 5.063405985169590713e+04 1.258693332559061491e+04 -9.625320578484699581e+03 -3.921105319033991691e+04 2.133213647257152479e+05 -3.350671386429421261e+01 -4.206462962357696966e+01 2.290408838671210745e+01 2.967066518098402828e+00 3.565438406867738053e+00 6.402239359621350268e+00 3.744892938960731499e+01 3.059126489951391363e+02 7.190381798776551250e+02 1.874182771355054865e+04 7.987744233368519053e+04 1.510515560957181515e+04 5.645607754062788217e+02
-2.902064726520105978e+03 3.002049301327812282e+04 5.310519048153583572e+04 1.365317322306364258e+04 -1.382366502641040097e+04 -4.417788548101959896e+04 2.239458816602487059e+05 -1.359787835419977569e+02 -2.321112825221781861e+02 -4.436572610967101582e+01 -2.017741497911978293e-02 1.183793692087353050e-01 5.295106559490321274e+00 5.732918507394968444e+00 5.573097117194458860e+01 2.350360000530601496e+02 7.846277348394455657e+02 1.510515560957182424e+04 8.769811356247289223e+04 1.042324355109069074e+04
-1.117635859591795270e+04 6.437046309918477345e+04 4.687987272798732738e+04 1.259293435184662849e+04 -1.889060274596256568e+04 -4.278860929828374356e+04 1.980577734015600581e+05 -3.129445287200099983e+02 -5.506432899515971258e+02 -1.877146347286268906e+02 1.206204977172621096e+00 7.210040070485974617e-01 7.724623583290397832e-02 3.921428497513968381e+00 7.321024182464525687e+00 4.336151273547351082e+01 1.366148224125142860e+02 5.645607754062780259e+02 1.042324355109069438e+04 8.095227319493875257e+04
