1.782029801447037607e+07 -1.206724680244595371e+07 2.226810987592173275e+06 5.524110457834484987e+05 3.090736465325345751e+06 3.750489929141062312e+06 2.272389516306670010e+07 2.153960440133856173e+04 3.547691856302822271e+04 6.202996400775457914e+03 -8.195658447370727081e+05 3.988895994482579408e+05 6.422325262324376963e+05 7.075746928930408321e+05 7.298014318696451373e+05 7.514122509461636655e+05 7.640634289968967205e+05 7.639329563105909619e+05 7.225309324423908256e+05 4.382340847057741485e+05
-1.206724680244586617e+07 1.991259830746104196e+07 -6.353789864698283374e+06 -1.344249734465764137e+06 -4.984113552521376871e+06 -5.878468636295093223e+06 -3.595171855194250494e+07 -9.136433255700287646e+02 -1.594469292417434190e+03 -4.864185749595673656e+02 -2.479162001152432524e+06 -2.108825425811633468e+06 -1.710777793384599034e+06 -1.534562155237956904e+06 -1.398021462625860237e+06 -1.285853504938669968e+06 -1.239475466609763214e+06 -1.224002200412198901e+06 -1.029205762859932263e+06 -6.066664707473017043e+05
2.226810987592183053e+06 -6.353789864698281512e+06 2.915335354896492790e+06 6.108703623813635204e+05 1.589967648342356784e+06 1.711735313918853179e+06 1.417133391220469587e+07 2.910436091153363577e+03 4.507549141778066769e+03 6.225641059917825260e+01 1.157020903288556496e+06 1.016245276688662358e+06 8.227920448240846163e+05 7.145138133017087821e+05 6.391226638472387567e+05 5.805203044441456441e+05 5.374793005755152553e+05 4.947831786630776478e+05 4.300669363219616935e+05 2.613163513235845021e+05
5.524110457834509434e+05 -1.344249734465763904e+06 6.108703623813635204e+05 1.323478349754686933e+05 3.314287987695692573e+05 3.253211363032821100e+05 2.949611131742454134e+06 8.222040268171948583e+02 1.292503225530608916e+03 6.937750255560837331e+01 1.619941279701433377e+05 1.735134235527363489e+05 1.578970278874738142e+05 1.479373514114257414e+05 1.393291844349966268e+05 1.320980210589481576e+05 1.272464727686764090e+05 1.209379430371188209e+05 1.109153410057274305e+05 7.093591276566004672e+04
3.090736465325329453e+06 -4.984113552521375939e+06 1.589967648342357483e+06 3.314287987695692573e+05 1.284322028510509990e+06 1.625758868832047097e+06 9.140439401901017874e+06 1.835669855958045957e+02 3.314688323840904332e+02 1.259737423042959676e+02 7.683846294178932440e+05 5.760237481168895029e+05 4.301387466466173646e+05 3.669441511585018598e+05 3.316912305223798612e+05 3.045397410659808666e+05 2.925337675932659768e+05 2.807164776893837261e+05 2.388671548508093692e+05 1.413048995250178559e+05
3.750489929141035303e+06 -5.878468636295090429e+06 1.711735313918854110e+06 3.253211363032822846e+05 1.625758868832046632e+06 2.600798265886535868e+06 1.062527571970813535e+07 -6.388604736323551947e+01 -4.673234209345656609e+01 1.300570531349239900e+02 1.543205387759129051e+06 9.192947272263395134e+05 5.719399146521547809e+05 4.023576707789670909e+05 3.018791707590483129e+05 2.347131903213970654e+05 1.849369243291774474e+05 1.422580153093945119e+05 9.676317062838048150e+04 2.896582244043319588e+04
2.272389516306677461e+07 -3.595171855194252729e+07 1.417133391220468655e+07 2.949611131742451806e+06 9.140439401901023462e+06 1.062527571970814094e+07 8.057943094692456722e+07 2.068076298881610001e+03 3.556798956095212816e+03 9.524713740591765827e+02 6.041475080078044906e+06 5.327791568681903183e+06 4.264345603271897882e+06 3.644968735573514830e+06 3.209511479970988352e+06 2.894258883392274845e+06 2.641301391499961261e+06 2.394763925255469978e+06 2.080552336124891881e+06 1.228659607543505728e+06
2.153960440133922384e+04 -9.136433255715846826e+02 2.910436091153084817e+03 8.222040268171327853e+02 1.835669855961778012e+02 -6.388604736282611896e+01 2.068076298880359445e+03 3.455205267352434930e+03 5.518815837625274980e+03 5.377071071862621920e+02 8.681440583786566378e+01 -2.840435062534803379e+01 2.742612012639686725e+01 5.772334033760046168e+00 -5.169861451511231110e+00 3.770869462421050855e+01 4.453659556212066661e+01 5.807168616301838426e+01 -3.455906770262757988e+01 -2.151990844221859618e+02
3.547691856302915403e+04 -1.594469292419427802e+03 4.507549141777695695e+03 1.292503225530526834e+03 3.314688323845857667e+02 -4.673234209289449836e+01 3.556798956093541165e+03 5.518815837625274980e+03 9.003165888056060794e+03 1.358683515945903309e+03 5.083966688752284568e+01 -2.972652184481261628e+01 2.650492308762317961e+01 4.970573821887242616e+00 -6.605699877997039948e-02 4.058676751319046616e+01 5.331509043260265912e+01 8.669801793255166444e+01 -7.333995375028047192e+01 -3.752471789900699832e+02
6.202996400775147777e+03 -4.864185749585183203e+02 6.225641059932303278e+01 6.937750255564216673e+01 1.259737423040960920e+02 1.300570531347614462e+02 9.524713740598294862e+02 5.377071071862625331e+02 1.358683515945904446e+03 1.430589007353638863e+03 -2.401375197795875920e+02 2.002183043874598667e+01 -9.614342738837727609e+00 -1.412706065788646725e+01 5.361870538823310994e+00 -5.172159023645247089e+01 -5.689618115918143104e+01 -1.311934179940192813e+01 -2.504169346460810175e+01 -1.227100940562671951e+02
-8.195658447370601352e+05 -2.479162001152432989e+06 1.157020903288557194e+06 1.619941279701434541e+05 7.683846294178930111e+05 1.543205387759126257e+06 6.041475080078057945e+06 8.681440583789422760e+01 5.083966688757409003e+01 -2.401375197795786107e+02 3.613713092868539505e+06 3.783535343952936237e+05 7.720653914637638991e+03 2.737182930106635467e+03 4.872604538985913223e+02 1.538325925684310960e+02 7.393346933218343509e+01 3.094507837752448154e+01 3.203958207109815604e+00 4.728516781799522839e+00
3.988895994482529350e+05 -2.108825425811633002e+06 1.016245276688663522e+06 1.735134235527365527e+05 5.760237481168891536e+05 9.192947272263386985e+05 5.327791568681906909e+06 -2.840435062531987853e+01 -2.972652184477695414e+01 2.002183043872160084e+01 3.783535343952948460e+05 1.979885597193088848e+06 3.688755621159228031e+05 8.678489590712844802e+03 2.382434261923742270e+03 3.844381287606356068e+02 3.641458666973770164e+01 1.206115716570412744e+01 1.915693490495954610e+00 1.613479771964065224e+00
6.422325262324210489e+05 -1.710777793384593446e+06 8.227920448240851983e+05 1.578970278874739306e+05 4.301387466466164915e+05 5.719399146521546645e+05 4.264345603271886706e+06 2.742612012632023877e+01 2.650492308752068027e+01 -9.614342738793482113e+00 7.720653914637518028e+03 3.688755621159222210e+05 1.237223232176464982e+06 3.481468548467358341e+05 1.082589141673799168e+04 2.165303536793044259e+03 3.631464350650068127e+02 3.239747258950963271e+01 7.099496013466068511e+00 7.617852060326468777e-01
7.075746928930524737e+05 -1.534562155237960164e+06 7.145138133017076179e+05 1.479373514114255668e+05 3.669441511585030239e+05 4.023576707789684879e+05 3.644968735573517159e+06 5.772334033785000429e+00 4.970573821971555617e+00 -1.412706065779918418e+01 2.737182930105168452e+03 8.678489590712262725e+03 3.481468548467356013e+05 9.177079227305457462e+05 3.063240197670672787e+05 1.195197514519011384e+04 2.045857801574906034e+03 2.356104556069581690e+02 1.913857905202148046e+01 5.130534035685194283e+00
7.298014318696544506e+05 -1.398021462625860702e+06 6.391226638472384075e+05 1.393291844349966268e+05 3.316912305223803851e+05 3.018791707590491278e+05 3.209511479970993474e+06 -5.169861451362606886e+00 -6.605699856191193930e-02 5.361870538788011231e+00 4.872604538978009714e+02 2.382434261923246595e+03 1.082589141673854465e+04 3.063240197670674534e+05 7.476504565176104661e+05 2.698147335018538288e+05 1.128109550680882057e+04 1.600995294632997229e+03 1.407507004447193424e+02 1.109171555407960774e+01
7.514122509461699519e+05 -1.285853504938669503e+06 5.805203044441451784e+05 1.320980210589481285e+05 3.045397410659806337e+05 2.347131903213962796e+05 2.894258883392282762e+06 3.770869462431107877e+01 4.058676751329119270e+01 -5.172159023655845544e+01 1.538325925682678417e+02 3.844381287612626465e+02 2.165303536792938758e+03 1.195197514519023389e+04 2.698147335018537706e+05 6.512095897017077077e+05 2.376795746374250157e+05 9.036977749400191897e+03 9.867963011708195609e+02 6.739602181659377322e+01
7.640634289969021920e+05 -1.239475466609762982e+06 5.374793005755147897e+05 1.272464727686763654e+05 2.925337675932655693e+05 1.849369243291765742e+05 2.641301391499965452e+06 4.453659556225381522e+01 5.331509043275298865e+01 -5.689618115930810660e+01 7.393346933241794261e+01 3.641458666991686499e+01 3.631464350645842387e+02 2.045857801574506311e+03 1.128109550680859684e+04 2.376795746374251903e+05 5.978835913989571854e+05 2.029855990896346630e+05 6.122376127553752667e+03 4.373789386394613530e+02
7.639329563105930574e+05 -1.224002200412197970e+06 4.947831786630775314e+05 1.209379430371187627e+05 2.807164776893832604e+05 1.422580153093939880e+05 2.394763925255471375e+06 5.807168616313893494e+01 8.669801793270552537e+01 -1.311934179948550394e+01 3.094507837751169887e+01 1.206115716569102680e+01 3.239747258935906160e+01 2.356104556067520832e+02 1.600995294632969717e+03 9.036977749400366520e+03 2.029855990896347212e+05 5.791737108223494142e+05 1.520539899110432598e+05 2.702756998666456639e+03
7.225309324423929211e+05 -1.029205762859931798e+06 4.300669363219615771e+05 1.109153410057274159e+05 2.388671548508092819e+05 9.676317062838040874e+04 2.080552336124892347e+06 -3.455906770254597404e+01 -7.333995375015695117e+01 -2.504169346461521783e+01 3.203958206971034173e+00 1.915693490498884710e+00 7.099496013363592262e+00 1.913857905197684772e+01 1.407507004447113559e+02 9.867963011707528267e+02 6.122376127553774495e+03 1.520539899110432598e+05 5.821387726198517485e+05 7.592967404001770774e+04
4.382340847057743231e+05 -6.066664707473018207e+05 2.613163513235845894e+05 7.093591276566003216e+04 1.413048995250178850e+05 2.896582244043322498e+04 1.228659607543506194e+06 -2.151990844221801353e+02 -3.752471789900605472e+02 -1.227100940562667972e+02 4.728516781786509249e+00 1.613479771974562382e+00 7.617852060259117097e-01 5.130534035692199346e+00 1.109171555409096221e+01 6.739602181659977020e+01 4.373789386394720964e+02 2.702756998666468917e+03 7.592967404001770774e+04 3.963584152388187940e+05
