6.636876064910111949e+06 -1.126756610798346251e+07 3.818244112069668248e+06 8.223995952613541158e+05 2.828545076640557963e+06 3.184440978483574931e+06 2.091838162452295423e+07 0.000000000000000000e+00 0.000000000000000000e+00 0.000000000000000000e+00 1.200226325524226297e+06 1.136965518118157052e+06 9.698447235545065487e+05 8.907281782847750001e+05 8.291790625290215248e+05 8.071953617542948341e+05 7.934708170464481227e+05 7.770391737842971925e+05 7.265798110026163049e+05 4.396158182879081578e+05
-1.126756610798346624e+07 1.981365923846500367e+07 -6.451349678021421656e+06 -1.361103201465898892e+06 -4.952710677406420931e+06 -5.813730839780574664e+06 -3.576242500510268658e+07 0.000000000000000000e+00 0.000000000000000000e+00 0.000000000000000000e+00 -2.608710572752130684e+06 -2.137190929703272413e+06 -1.729898176548317540e+06 -1.546515222994435346e+06 -1.405609914701649919e+06 -1.291239402542716125e+06 -1.242996174816890620e+06 -1.226243399983166717e+06 -1.029596113614279544e+06 -6.064341280424909201e+05
3.818244112069670111e+06 -6.451349678021424450e+06 2.623543587963725906e+06 5.558678730885123368e+05 1.620576005329702981e+06 1.773548499279221985e+06 1.438295665454415604e+07 0.000000000000000000e+00 0.000000000000000000e+00 0.000000000000000000e+00 9.079923050759766484e+05 8.700511079666045262e+05 7.439315215524438536e+05 6.651499263216372347e+05 6.095287676468386780e+05 5.628253180295054335e+05 5.276164432575275423e+05 4.901422890438922332e+05 4.286858399568202440e+05 2.613791805380780715e+05
8.223995952613537665e+05 -1.361103201465898193e+06 5.558678730885124533e+05 1.212963181484107045e+05 3.364677551499235560e+05 3.346441301653658156e+05 2.986357361904322635e+06 0.000000000000000000e+00 0.000000000000000000e+00 0.000000000000000000e+00 1.272755693430886313e+05 1.475634340891230386e+05 1.412469014283387223e+05 1.364029590835421404e+05 1.317917804467940296e+05 1.272331952527665271e+05 1.243307133027495875e+05 1.194603134721481038e+05 1.104390554353188636e+05 7.095416890727261489e+04
2.828545076640558429e+06 -4.952710677406417206e+06 1.620576005329702515e+06 3.364677551499234978e+05 1.274009357817616779e+06 1.603619641538691241e+06 9.079905754177637398e+06 0.000000000000000000e+00 0.000000000000000000e+00 0.000000000000000000e+00 8.143728379189580446e+05 5.843349622348099947e+05 4.349188278512069373e+05 3.699796976068216027e+05 3.334987206968800165e+05 3.058321665408615954e+05 2.933737703410382383e+05 2.812268538343947148e+05 2.389498398705075379e+05 1.412483001273386180e+05
3.184440978483572602e+06 -5.813730839780572802e+06 1.773548499279222684e+06 3.346441301653659320e+05 1.603619641538691474e+06 2.550605514657094143e+06 1.049940488754818030e+07 0.000000000000000000e+00 0.000000000000000000e+00 0.000000000000000000e+00 1.653627032178010326e+06 9.341421808787706541e+05 5.780429841143400408e+05 4.063489082785737701e+05 3.035659743216882343e+05 2.357802869495404593e+05 1.854936010399324878e+05 1.425112032259773987e+05 9.671109722273806983e+04 2.891687861990806414e+04
2.091838162452295423e+07 -3.576242500510267168e+07 1.438295665454415418e+07 2.986357361904323101e+06 9.079905754177637398e+06 1.049940488754818030e+07 8.013071625563897192e+07 0.000000000000000000e+00 0.000000000000000000e+00 0.000000000000000000e+00 6.313396359662041068e+06 5.394268907842089422e+06 4.312011049555758014e+06 3.672277394568025135e+06 3.226551706860298757e+06 2.906040123385299928e+06 2.648861120937062427e+06 2.398967413217696361e+06 2.082100273032385623e+06 1.228527999013431836e+06
0.000000000000000000e+00 0.000000000000000000e+00 0.000000000000000000e+00 0.000000000000000000e+00 0.000000000000000000e+00 0.000000000000000000e+00 0.000000000000000000e+00 0.000000000000000000e+00 0.000000000000000000e+00 0.000000000000000000e+00 0.000000000000000000e+00 0.000000000000000000e+00 0.000000000000000000e+00 0.000000000000000000e+00 0.000000000000000000e+00 0.000000000000000000e+00 0.000000000000000000e+00 0.000000000000000000e+00 0.000000000000000000e+00 0.000000000000000000e+00
0.000000000000000000e+00 0.000000000000000000e+00 0.000000000000000000e+00 0.000000000000000000e+00 0.000000000000000000e+00 0.000000000000000000e+00 0.000000000000000000e+00 0.000000000000000000e+00 0.000000000000000000e+00 0.000000000000000000e+00 0.000000000000000000e+00 0.000000000000000000e+00 0.000000000000000000e+00 0.000000000000000000e+00 0.000000000000000000e+00 0.000000000000000000e+00 0.000000000000000000e+00 0.000000000000000000e+00 0.000000000000000000e+00 0.000000000000000000e+00
0.000000000000000000e+00 0.000000000000000000e+00 0.000000000000000000e+00 0.000000000000000000e+00 0.000000000000000000e+00 0.000000000000000000e+00 0.000000000000000000e+00 0.000000000000000000e+00 0.000000000000000000e+00 0.000000000000000000e+00 0.000000000000000000e+00 0.000000000000000000e+00 0.000000000000000000e+00 0.000000000000000000e+00 0.000000000000000000e+00 0.000000000000000000e+00 0.000000000000000000e+00 0.000000000000000000e+00 0.000000000000000000e+00 0.000000000000000000e+00
1.200226325524226530e+06 -2.608710572752131615e+06 9.079923050759759499e+05 1.272755693430886167e+05 8.143728379189583939e+05 1.653627032178010559e+06 6.313396359662038274e+06 0.000000000000000000e+00 0.000000000000000000e+00 0.000000000000000000e+00 3.075702828455755953e+06 3.066237984092262341e+05 1.094162434878577551e+04 1.817204942702132030e+03 2.033663742050412395e+02 2.952267150339250179e+01 5.448928454122251352e+00 9.357162394374204384e-01 2.301654575195296037e-01 4.595368396684693102e-02
1.136965518118157983e+06 -2.137190929703274276e+06 8.700511079666034784e+05 1.475634340891230095e+05 5.843349622348106932e+05 9.341421808787715854e+05 5.394268907842087559e+06 0.000000000000000000e+00 0.000000000000000000e+00 0.000000000000000000e+00 3.066237984092265251e+05 1.788810037786705187e+06 3.384989600301218452e+05 1.303121222642246357e+04 2.115976086917156863e+03 2.354462628784032177e+02 3.819783424169192187e+01 5.783375565951135222e+00 1.090431086449216824e+00 1.986889692566457255e-01
9.698447235545061994e+05 -1.729898176548317075e+06 7.439315215524440864e+05 1.412469014283388387e+05 4.349188278512070538e+05 5.780429841143392259e+05 4.312011049555761740e+06 0.000000000000000000e+00 0.000000000000000000e+00 0.000000000000000000e+00 1.094162434878595195e+04 3.384989600301221944e+05 1.149906929676064989e+06 3.231029176798387198e+05 1.306723353376173145e+04 2.390926560957561378e+03 2.295102930931799960e+02 3.509607294035502889e+01 4.722339121161523323e+00 6.788365786834064108e-01
8.907281782847752329e+05 -1.546515222994433250e+06 6.651499263216375839e+05 1.364029590835422568e+05 3.699796976068215445e+05 4.063489082785731880e+05 3.672277394568032585e+06 0.000000000000000000e+00 0.000000000000000000e+00 0.000000000000000000e+00 1.817204942702415337e+03 1.303121222642328939e+04 3.231029176798386034e+05 8.690693771054018289e+05 2.909707738288330729e+05 1.317500573853594688e+04 2.210580749102394293e+03 1.840632364862375425e+02 2.501796420694431333e+01 2.858425366549224300e+00
8.291790625290207099e+05 -1.405609914701648289e+06 6.095287676468386780e+05 1.317917804467941169e+05 3.334987206968796672e+05 3.035659743216875358e+05 3.226551706860301085e+06 0.000000000000000000e+00 0.000000000000000000e+00 0.000000000000000000e+00 2.033663742051579675e+02 2.115976086917370594e+03 1.306723353376156592e+04 2.909707738288333640e+05 7.199454440085086972e+05 2.604021691946162027e+05 1.197835106230310157e+04 1.640564222973992401e+03 1.227043325012308514e+02 1.306316794931617409e+01
8.071953617542947177e+05 -1.291239402542715427e+06 5.628253180295052007e+05 1.272331952527664107e+05 3.058321665408615954e+05 2.357802869495408377e+05 2.906040123385296669e+06 0.000000000000000000e+00 0.000000000000000000e+00 0.000000000000000000e+00 2.952267150338770563e+01 2.354462628783226705e+02 2.390926560957300808e+03 1.317500573853566675e+04 2.604021691946158535e+05 6.343295216979479883e+05 2.323172288833272760e+05 9.413956225060468569e+03 9.936903134437609424e+02 6.433089126065202379e+01
7.934708170464481227e+05 -1.242996174816890620e+06 5.276164432575276587e+05 1.243307133027495292e+05 2.933737703410383547e+05 1.854936010399326333e+05 2.648861120937062427e+06 0.000000000000000000e+00 0.000000000000000000e+00 0.000000000000000000e+00 5.448928454114179587e+00 3.819783424164495500e+01 2.295102930930517573e+02 2.210580749102218306e+03 1.197835106230304882e+04 2.323172288833273342e+05 5.878427122681613546e+05 2.004626935754828737e+05 6.245831091196073430e+03 4.358961180155670263e+02
7.770391737842969596e+05 -1.226243399983166251e+06 4.901422890438924078e+05 1.194603134721481038e+05 2.812268538343948312e+05 1.425112032259772532e+05 2.398967413217695896e+06 0.000000000000000000e+00 0.000000000000000000e+00 0.000000000000000000e+00 9.357162394332548816e-01 5.783375565933370765e+00 3.509607294031513902e+01 1.840632364861689041e+02 1.640564222973967389e+03 9.413956225060577708e+03 2.004626935754829610e+05 5.739194410128556192e+05 1.511595494892307615e+05 2.712642286626120040e+03
7.265798110026161885e+05 -1.029596113614279893e+06 4.286858399568204768e+05 1.104390554353188636e+05 2.389498398705075087e+05 9.671109722273811349e+04 2.082100273032385390e+06 0.000000000000000000e+00 0.000000000000000000e+00 0.000000000000000000e+00 2.301654575184442497e-01 1.090431086444969333e+00 4.722339121152417718e+00 2.501796420692908640e+01 1.227043325012207333e+02 9.936903134437638982e+02 6.245831091196088892e+03 1.511595494892307906e+05 5.802540684709891211e+05 7.590405479031131836e+04
4.396158182879079250e+05 -6.064341280424911529e+05 2.613791805380780424e+05 7.095416890727264399e+04 1.412483001273386471e+05 2.891687861990804959e+04 1.228527999013431836e+06 0.000000000000000000e+00 0.000000000000000000e+00 0.000000000000000000e+00 4.595368396684218482e-02 1.986889692565931564e-01 6.788365786831790372e-01 2.858425366549158131e+00 1.306316794931621317e+01 6.433089126065313224e+01 4.358961180155710053e+02 2.712642286626124587e+03 7.590405479031133291e+04 3.961818055924493819e+05
