8.967560406814539805e+06 -9.847141797832172364e+06 2.621296470902246423e+06 6.023766698071432766e+05 2.410560515889170580e+06 2.443297693542960100e+06 1.750837924367892742e+07 2.250416792384523433e+04 3.651881893359394599e+04 5.035886572727849853e+03 -4.281239468358033337e+05 5.069644941597158904e+05 6.584442133869589306e+05 7.253731858051667223e+05 7.459198825476621278e+05 7.596577355527421460e+05 7.533429834253594745e+05 7.220369489667192101e+05 6.445898401590627618e+05 3.653032491142271319e+05
-9.847141797832207754e+06 1.644877085862665810e+07 -5.243449107763369568e+06 -1.176989311062554363e+06 -3.907922430291455705e+06 -3.772231904293121770e+06 -2.793229908829922229e+07 -1.967518031974280802e+03 -2.911197653486648960e+03 3.323742626903648443e+02 1.418195441483902978e+06 -2.154502135073181242e+06 -1.750284406868558843e+06 -1.550520550359222572e+06 -1.404141622076656204e+06 -1.279673977909413632e+06 -1.207596947460806929e+06 -1.149717776651920052e+06 -9.170095486657659058e+05 -5.060352722849692218e+05
2.621296470902243629e+06 -5.243449107763377950e+06 2.365786360008599702e+06 5.248721039846146014e+05 1.248424021941667190e+06 1.065135323461210588e+06 1.157663649124703370e+07 3.315631263940485042e+03 5.059497107745984067e+03 -1.260973775596822151e+02 -4.827495037936319713e+05 1.024852604891035822e+06 8.378945697634338867e+05 7.175391175234479597e+05 6.359253883877350017e+05 5.715520206791482633e+05 5.173297439958231989e+05 4.571646507304154220e+05 3.749074408953046659e+05 2.110885428171459644e+05
6.023766698071418796e+05 -1.176989311062555294e+06 5.248721039846148342e+05 1.176416784698857227e+05 2.815114767386564054e+05 2.386944056298605865e+05 2.559324056398620829e+06 9.179333395003088754e+02 1.431529489550080143e+03 4.826590728695935439e+01 -6.177678072307925322e+04 1.773089492668243183e+05 1.606839447814718005e+05 1.482447296204139711e+05 1.381921471457000589e+05 1.296641311847891338e+05 1.220893039841370774e+05 1.113939893008677172e+05 9.654044214112174814e+04 5.731723439247376518e+04
2.410560515889180824e+06 -3.907922430291460361e+06 1.248424021941664629e+06 2.815114767386559397e+05 9.468123532146933721e+05 9.510036034215315012e+05 6.658238213503810577e+06 4.590402077583524374e+02 6.557750553118345351e+02 -1.423162055145117506e+02 -4.714948252726720530e+05 5.841961195567629766e+05 4.409370885914542014e+05 3.715579649938153452e+05 3.337395486775928875e+05 3.034682453899728134e+05 2.856284114502918674e+05 2.644620207653343678e+05 2.135786474879719317e+05 1.183825341568294389e+05
2.443297693542983383e+06 -3.772231904293140862e+06 1.065135323461206630e+06 2.386944056298598880e+05 9.510036034215339459e+05 1.186854322599941399e+06 5.796894606673560105e+06 2.244286529573690245e+02 1.665199675116592175e+02 -4.911783220487698713e+02 -1.033273575189427822e+06 9.207639796364960494e+05 5.901183629446558189e+05 4.108547775237265159e+05 3.065478190853819251e+05 2.361631207809743937e+05 1.840391921268252190e+05 1.385672875086558633e+05 9.169535561944582150e+04 2.881663547879421822e+04
1.750837924367894232e+07 -2.793229908829928190e+07 1.157663649124703556e+07 2.559324056398619898e+06 6.658238213503824547e+06 5.796894606673575938e+06 6.175458129855687916e+07 4.394106879787657817e+03 6.431157828072727170e+03 -9.288226675754906410e+02 -3.015715122019733768e+06 5.395947313838392496e+06 4.346732024047689512e+06 3.680387794941876084e+06 3.223364172287137248e+06 2.877410218992364593e+06 2.566098115752986167e+06 2.229377403533161618e+06 1.822770639937224798e+06 9.944682850032667629e+05
2.250416792384498694e+04 -1.967518031973727147e+03 3.315631263940326789e+03 9.179333395002748830e+02 4.590402077582667175e+02 2.244286529574208089e+02 4.394106879786815625e+03 3.453460928463055552e+03 5.515883124859301461e+03 5.370477297769893994e+02 3.590824550816851684e+02 2.028527596008594003e+00 6.570021664866366962e+01 5.934384801105899498e+01 3.475188068978923894e+01 5.697305719444895544e+01 4.736305070515390980e+01 7.592366240474079575e+01 7.522232471694562150e+01 1.362547975394395507e+02
3.651881893359355308e+04 -2.911197653485860428e+03 5.059497107745826725e+03 1.431529489550045128e+03 6.557750553117134587e+02 1.665199675116882645e+02 6.431157828071827680e+03 5.515883124859299642e+03 8.998038190997693164e+03 1.357062915795900608e+03 2.310790385137490262e+02 -1.012227081633014691e+01 5.787536434808080799e+01 5.394670223936224573e+01 3.676337830247597793e+01 5.979546366467540963e+01 4.950549822048558468e+01 1.103466140475500765e+02 1.059761137335577246e+02 2.401300506234014733e+02
5.035886572727982639e+03 3.323742626901048425e+02 -1.260973775594879669e+02 4.826590728699969191e+01 -1.423162055144591704e+02 -4.911783220488687220e+02 -9.288226675745222565e+02 5.370477297769888310e+02 1.357062915795899471e+03 1.428994460495518979e+03 -9.061324395280147428e+02 -5.311092482418236216e+01 -7.508673154254663018e+01 -8.728073604469315683e+01 -5.199974877153216823e+01 -7.943018939094369557e+01 -7.513235314750919258e+01 -2.432067061848284339e+01 -1.184410111767755502e+01 7.853432014418173424e+01
-4.281239468357863370e+05 1.418195441483860835e+06 -4.827495037936338340e+05 -6.177678072307963885e+04 -4.714948252726630308e+05 -1.033273575189419789e+06 -3.015715122019748203e+06 3.590824550816634542e+02 2.310790385137606791e+02 -9.061324395278893462e+02 -2.083276115497331135e+06 1.772725158286771621e+05 4.923669923277338057e+03 1.098407005123391718e+04 9.601010457476022566e+03 5.243666844973761727e+03 3.640019506318724780e+03 1.711138887478302422e+03 3.380884744215285309e+02 1.318026296683870271e+02
5.069644941597178113e+05 -2.154502135073185898e+06 1.024852604891034542e+06 1.773089492668240564e+05 5.841961195567642571e+05 9.207639796364989597e+05 5.395947313838386908e+06 2.028527595957985596e+00 -1.012227081642064519e+01 -5.311092482420936278e+01 1.772725158286782680e+05 2.122807390616652556e+06 3.906042681267890730e+05 1.054767091321418047e+04 3.379435078327800511e+03 7.470895185937371252e+02 3.659103420639988826e+02 1.648562698222732763e+02 3.403088322947075994e+01 1.232037897549955296e+01
6.584442133869582321e+05 -1.750284406868556514e+06 8.378945697634342359e+05 1.606839447814717714e+05 4.409370885914539685e+05 5.901183629446562845e+05 4.346732024047691375e+06 6.570021664881915058e+01 5.787536434826523646e+01 -7.508673154268214489e+01 4.923669923277686394e+03 3.906042681267890148e+05 1.248810206765593262e+06 3.521248126907991827e+05 1.175220211373532220e+04 2.475032838241358149e+03 5.071490404765213498e+02 1.048172469114136902e+02 2.288570625842589834e+01 5.946235191127055231e+00
7.253731858051645104e+05 -1.550520550359216984e+06 7.175391175234494731e+05 1.482447296204142622e+05 3.715579649938142393e+05 4.108547775237244787e+05 3.680387794941881672e+06 5.934384801132838305e+01 5.394670223972245537e+01 -8.728073604481807024e+01 1.098407005123347699e+04 1.054767091321515545e+04 3.521248126907997648e+05 9.162273248288587201e+05 3.045331963496752433e+05 1.232322481109269211e+04 2.285997265139660612e+03 2.869328827147820675e+02 4.398890320190869829e+01 8.494240048043854685e+00
7.459198825476584025e+05 -1.404141622076657135e+06 6.359253883877347689e+05 1.381921471456999716e+05 3.337395486775934114e+05 3.065478190853834967e+05 3.223364172287136782e+06 3.475188068994882684e+01 3.676337830263254602e+01 -5.199974877173225707e+01 9.601010457477899763e+03 3.379435078329285716e+03 1.175220211373521488e+04 3.045331963496739045e+05 7.412213695193156600e+05 2.663328898405821528e+05 1.124565624213574847e+04 1.660103214000107982e+03 1.304187956806695752e+02 1.855578111650816453e+01
7.596577355527388863e+05 -1.279673977909416892e+06 5.715520206791498931e+05 1.296641311847894685e+05 3.034682453899736283e+05 2.361631207809754997e+05 2.877410218992370181e+06 5.697305719433661864e+01 5.979546366444350269e+01 -7.943018939110405086e+01 5.243666844974923151e+03 7.470895185941560612e+02 2.475032838241219906e+03 1.232322481109237560e+04 2.663328898405833752e+05 6.419510844773193821e+05 2.309633710941434547e+05 8.079540809650135088e+03 8.799008152331580277e+02 5.130153014541038914e+01
7.533429834253556328e+05 -1.207596947460808558e+06 5.173297439958237810e+05 1.220893039841371647e+05 2.856284114502923330e+05 1.840391921268261503e+05 2.566098115752987098e+06 4.736305070500952041e+01 4.950549822023320701e+01 -7.513235314759668881e+01 3.640019506319746142e+03 3.659103420649153691e+02 5.071490404765576159e+02 2.285997265139360934e+03 1.124565624213587216e+04 2.309633710941428435e+05 5.785560988796169404e+05 1.890149981162741315e+05 4.441197849159067118e+03 3.102431759749889579e+02
7.220369489667185117e+05 -1.149717776651920751e+06 4.571646507304153056e+05 1.113939893008676445e+05 2.644620207653344842e+05 1.385672875086560962e+05 2.229377403533160686e+06 7.592366240477502970e+01 1.103466140476152475e+02 -2.432067061845143741e+01 1.711138887478371998e+03 1.648562698226339762e+02 1.048172469113503951e+02 2.869328827146065919e+02 1.660103214000139133e+03 8.079540809649794028e+03 1.890149981162738986e+05 5.412313342349394225e+05 1.315552245947058545e+05 1.484092752820172336e+03
6.445898401590643916e+05 -9.170095486657660222e+05 3.749074408953047241e+05 9.654044214112173358e+04 2.135786474879719608e+05 9.169535561944585061e+04 1.822770639937226661e+06 7.522232471709638446e+01 1.059761137338240786e+02 -1.184410111758798223e+01 3.380884744217358957e+02 3.403088322952400802e+01 2.288570625834068650e+01 4.398890320196167636e+01 1.304187956807185174e+02 8.799008152331945212e+02 4.441197849159122597e+03 1.315552245947058545e+05 5.150825075794557924e+05 5.870173251532732684e+04
3.653032491142271901e+05 -5.060352722849692218e+05 2.110885428171459062e+05 5.731723439247378701e+04 1.183825341568294680e+05 2.881663547879423641e+04 9.944682850032669958e+05 1.362547975394400055e+02 2.401300506234014733e+02 7.853432014418012841e+01 1.318026296683823375e+02 1.232037897548001837e+01 5.946235191118020680e+00 8.494240048032949630e+00 1.855578111651441020e+01 5.130153014538386458e+01 3.102431759750117521e+02 1.484092752820176884e+03 5.870173251532735594e+04 3.217329457555039553e+05
