0.000021406117368341555
9.738868130737931e-7
2.944664735631924e-8
4.4732508466248145e-6
2.4199207017549824e-7
2.1446168509383805e-6
0.00002093956038392301
1.0395450428423392e-6
2.8256033523177966e-8
4.951000934768733e-6
2.7207433005661575e-7
2.4301261526681237e-6
0.00001989577463871765
1.0857416897981545e-6
2.606856658034218e-8
5.393094510301337e-6
3.0209973798262644e-7
2.725608010098398e-6
0.000018332484161367997
1.1047245204738383e-6
2.3179336656554557e-8
5.759418412567367e-6
3.301922907762398e-7
3.0154766349269076e-6
0.000016397519248018832
1.089578530173269e-6
2.0109367699498124e-8
6.000291465607038e-6
3.539255103729062e-7
3.280176701902177e-6
0.000014292164395932861
1.0360206011284566e-6
1.7354604490716903e-8
6.0610228517712405e-6
3.7024028198234e-7
3.494044731669558e-6
0.000012196080259357535
9.448489338528695e-7
1.5014919637880233e-8
5.893169901944151e-6
3.7567772072233395e-7
3.6257873444549582e-6
0.000010206610068323223
8.249121090061855e-7
1.2683120215938672e-8
5.4760723156897165e-6
3.669816403104864e-7
3.641485700888641e-6
8.391893925571613e-6
6.947861727179846e-7
1.0105154853177701e-8
4.845705668292277e-6
3.423863347087143e-7
3.5124359105152184e-6
6.85270629977648e-6
5.781309740587489e-7
7.935086221113468e-9
4.112307000721731e-6
3.0352699739376574e-7
3.2297940204122135e-6
5.538883309899122e-6
4.890494475674339e-7
6.423456905251823e-9
3.4322531402586695e-6
2.5698227755701105e-7
2.823490979846008e-6
4.325418404257484e-6
4.1646596577463243e-7
4.948142301568868e-9
2.9147633869942803e-6
2.131496734303365e-7
2.3715734766686756e-6
3.3061685640458525e-6
3.343296392299309e-7
3.835521399646371e-9
2.5082956216318835e-6
1.8062529718347478e-7
1.9753794597354646e-6
2.53721649937296e-6
2.472856629038354e-7
2.92606397193398e-9
2.045010254042265e-6
1.5733620959746228e-7
1.6935603159616049e-6
1.966028670446326e-6
1.9139266312512637e-7
2.2804607553551214e-9
1.5347750739662514e-6
1.2993106726768984e-7
1.4633410070706527e-6
1.4986067691551873e-6
1.496793038141107e-7
1.7574288385523005e-9
1.1699025749696325e-6
9.483324310100959e-8
1.1603483851410892e-6
1.161748722928835e-6
1.0981518333462719e-7
1.372664625713724e-9
9.117829226586793e-7
7.188798628797556e-8
8.445796680571401e-7
9.045853391474343e-7
8.436133804473786e-8
1.0873370020637465e-9
6.763893889454141e-7
5.7862071833160505e-8
6.650780978897089e-7
7.139239003668052e-7
6.352600873144561e-8
8.668908836522801e-10
5.065809468479781e-7
4.0736807528237226e-8
5.047110140589577e-7
5.690812155345125e-7
4.8550648781949625e-8
6.994119041428212e-10
3.7812808673943764e-7
3.151191905277746e-8
3.691523076466926e-7
4.5747613403953187e-7
3.761787640649417e-8
5.663743180061896e-10
2.850643482755493e-7
2.2874254281142125e-8
2.735400636152228e-7
3.69461692460682e-7
2.954000206864212e-8
4.5897967087995265e-10
2.162462992215641e-7
1.700036238684637e-8
2.0164010097534316e-7
2.98365313654031e-7
2.3503160562193337e-8
3.7006413721171353e-10
1.6644199548980618e-7
1.2774258587921392e-8
1.4870916247645875e-7
2.397737161125951e-7
1.889047594291607e-8
2.95394385666242e-10
1.3003113707285717e-7
9.69990480022183e-9
1.1052841105400743e-7
1.9088025788337816e-7
1.5266015476680332e-8
2.3245143740486756e-10
1.0297354719343692e-7
7.471431377448302e-9
8.312817324699845e-8
1.499554150460678e-7
1.2337585378895601e-8
1.7976378937412324e-10
8.238086206788644e-8
5.837831783843503e-9
6.342002436615715e-8
1.15905990529006e-7
9.917244955378312e-9
1.363852513098302e-10
6.625579500038617e-8
4.618224134371165e-9
4.9087050024334314e-8
8.795882322960064e-8
7.889270391432841e-9
1.0147925985975271e-10
5.327865446554813e-8
3.683640862014005e-9
3.847011512271756e-8
6.545281110792137e-8
6.184847731993077e-9
7.409501000299015e-11
4.260195123208479e-8
2.9476870795977437e-9
3.042366885390977e-8