11.563741012335077
2.027301849142551
0.350241827308874
-0.004608712619085766
0.5574176299353975
0.34576015297006496
0.0939780669717901
-0.040936486466872854
-0.02454795011923929
0.02735283443588778
0.0390119462725989
0.03327350152402194
0.021509510934831215
0.014776952553811102
0.014704965406364116
0.013772472381956736
0.02272978568497447
14.26443873002881
-0.29797828485898015
-5.055740223759923
0.5265511561023419
1.3778757193081643
0.41362100636337584
-0.20492061284425278
-0.08515124619785379
0.1192464358207392
0.14236187595330724
0.088023479043556
0.030715870853966164
0.012029379973856225
0.007870005123478378
0.007552515493906352
0.011598344137051774
12.389316439719629
-0.5766605291012558
-6.96263101967226
-1.3691788196964765
0.6349727459229928
0.11229411312380069
0.24996401685567327
0.37618073049333756
0.2988424304040755
0.14872839242811248
0.03785681535799611
0.009804444339768325
0.004575918043448931
0.0027280712665429248
0.00416801935935534
18.148696842471878
3.934388094654427
-10.452310356632198
-4.922940814756006
0.46722051662440406
1.2173096474941425
0.8701224964376291
0.5248873202125837
0.22764344195206265
0.05399470885671128
0.014447701308980184
0.004385654341105548
0.0007707073604615056
0.0004588382837669959
23.96461997381506
0.5382257450080759
-15.628774404556243
-5.845153261873717
0.5853025157183707
1.7786794022725723
1.2435506243021535
0.5160598280409734
0.1231257646835325
0.03408635380098878
0.011812172588115982
0.003051152040800823
0.0019388148092086051
26.831188173122264
4.470522538948736
-16.518605689617626
-10.1561611371924
0.05073476879822027
2.861049922936519
1.6808678153148446
0.4723340313375013
0.14711327322113746
0.05617094649974266
0.011906896183992035
0.002120494877924217
32.49726321723878
6.288126198522878
-14.144555700514925
-11.371408592450331
-3.10820130010088
2.109857410940889
1.8683119163815678
0.8537221328638737
0.3374644681760643
0.058016059297889555
0.0053495395078201995
26.603367398623284
11.306325236314136
-10.435644154606285
-14.27793283711395
-5.3901487358445275
1.4063954482826073
2.3676729738437867
1.3139297156901752
0.21376732501073462
0.013776590655887709
24.298126780299242
8.789858081125697
-8.067713970759396
-12.508313266842467
-4.80920267919136
0.6182241771428347
2.1032226237701024
0.7786669101267327
0.05704372469330809
22.18853213357975
13.284954576895938
-5.99743070969861
-11.925925791217992
-6.437732903614351
-0.5814816081848129
1.9723772950643041
0.3161591689300581
21.99970902699048
8.092435468438934
-7.9112808683238915
-10.770762433223009
-5.262950856678622
1.2329262241053762
0.8113254099600853
17.830776792285075
7.420284905760271
-4.160626124823319
-8.597850376225384
-2.7721504929509737
0.8713941848647809
16.466469683952443
8.692943825554984
-1.829601349796275
-7.356686393771599
-0.36736309197598027
13.481071820099844
6.4158449434552525
-5.0131466478215865
-2.324997472168017
10.982654755589406
1.192188846620891
-3.057228865432638
9.529425938189553
-0.47875147716232974
2.1731936139505366
7.012793816022974
2.5434022507432617
0.7004113641201323
0.0767980951498409
0.37364232465110514
0.22535788307527244
0.05182506022018347
-0.038345356027558
-0.015099015850052789
0.027160286813045414
0.029659599814179614
0.01826782914439054
0.012972760674657042
0.009163924678545547
0.009331634844937792
0.008952481430234133
0.01431163227989175
11.252883989488716
0.49796522994890796
-2.1123501366667843
0.7945168165318107
0.9277479299984591
0.136469267369854
-0.1947331138283847
-0.040194919066196766
0.10989942695675739
0.10007978762301095
0.04158859053632179
0.016708103654149018
0.008274768472693223
0.006410273675598809
0.006937489216395616
0.009985115660474633
7.978045299231586
-0.6694486110847404
-3.9355655151156617
-0.012518849759700489
0.13744799775133915
-0.06801397938872764
0.13810360488605594
0.24891022276907263
0.17904648199959444
0.05783555246305348
0.01237062031352954
0.0038043423347403427
0.0025016932778902192
0.002200950618006129
0.0033171484894182358
12.495151705132907
1.6875590240320508
-6.841784643929642
-1.7905500937794572
0.667782871399524
0.6910322342701768
0.4764600220393826
0.27772276040142896
0.08441108080476083
0.014704535194438756
0.004397471736214809
0.001372275924829316
0.0004654776962820542
0.00023914830309178952
18.2285515837055
-2.5088448206671456
-11.130486352952913
-2.00461576436971
0.9640511354361136
1.0377977660321713
0.6114659850812403
0.18625234111285052
0.03553423367074996
0.010453595682378927
0.004327216839181276
0.0018093872904138733
0.0013169932839794919
21.792212396907594
0.6148404373011428
-13.75578448065196
-4.735821554388815
1.7515398344221558
1.947445093657575
0.6706692473506688
0.14348189295756372
0.05045552109194196
0.02091612235955277
0.0035318294815271907
0.0006758499212420709
28.426501820593252
1.4977192757897622
-13.794022709010132
-5.82206957908232
0.8364538090774674
1.7926684536810122
0.8091281213360272
0.32070716018413414
0.12036290714569926
0.018940291947568386
0.0015030419667871498
23.09328038449568
7.187778928562913
-11.908008769358752
-10.869201475792412
-1.2263472984034092
2.288284423960606
1.412456239568135
0.5131534197422085
0.05383089743731573
0.002190202271787433
22.320921777591135
5.286084702467328
-11.088033113066068
-9.751571684916255
-0.5631224770556164
2.2638410530158435
1.4175300591301168
0.20417611363951044
0.00735333645766237
21.41760229451019
11.233162496795012
-9.257972882399315
-10.276725092641515
-2.464244376932644
1.6180322130561577
1.0113681938535277
0.05194886175866072
22.07585514866039
5.431302237413368
-11.239871785228246
-9.551348856337643
-1.902818640430717
2.075665271058288
0.2576506717650093
18.12423494961503
5.877753896206891
-7.408495123515299
-8.361781559208303
0.093886206820886
0.8954967676191004
17.485815551723803
7.9052034286124835
-5.173531989798071
-5.897718793138376
0.6578399282320341
14.524014064735232
5.562157050779853
-7.441691651267001
-1.0900358688045115
11.727637898687883
-0.14250051094002156
-3.163386489376571
10.643959654212686
-1.060466884513154
2.0602167291653353
3.951582745985238
2.144129143503492
0.5369951019797637
0.1033240689477799
0.22627508781529052
0.13122700399714626
0.0364858086160422
-0.0321014966132686
-0.006463098158027028
0.02227335226670099
0.015890101521017004
0.009523779776829257
0.0074826494453502194
0.0051226148660983096
0.005261471883357156
0.005322846152331902
0.008124119100805648
7.63826461400311
0.6222956955099904
-0.6533170771238267
0.5901593570789891
0.5578773529232518
0.05153508079369219
-0.14669274208250066
-0.0061663654833696195
0.08414328433638477
0.05024982883703788
0.019443839283547953
0.010066857325030711
0.005340344521872882
0.004340077569147047
0.004843726874953712
0.0066436273681231535
4.93961698545955
-0.2392128988940335
-1.9782525813389917
0.2567752349601606
-0.0010450551544379939
-0.09105392312650566
0.08840766126686514
0.16129971180997105
0.08366285554591299
0.021981447927248397
0.005381698879496418
0.0017274446333127007
0.0013462644787809442
0.0013839119574887068
0.0020665134284696537
7.640291875377861
0.597091424429868
-3.965852839447877
-0.45654835897002655
0.41355536158204304
0.35659891490397955
0.27284517507858935
0.12667145794435752
0.03091618265025164
0.004805725210839244
0.0017137576431166862
0.0006207186894126504
0.00028751050890770546
0.00023179926752745045
12.816561707195154
-3.4128057682636603
-6.119494188610514
-0.4151035260443191
0.6917693492728934
0.5734892825135802
0.2686653662150829
0.06831102097305129
0.012174251100490176
0.004237305922888401
0.0023260270271491974
0.0011216985957810943
0.0009489240119338597
16.127615801877788
-1.9278643205399772
-9.438871874409376
-1.3654760098622118
1.4290991984695183
0.9142118614164663
0.24730929690098402
0.05113652358287877
0.02194632742684784
0.008911664765372551
0.0005188392626599368
0.00014501426841186606
22.921795035325456
-1.9103062144644307
-10.455597274280825
-1.710836289293285
1.5239274407835555
0.986271165549554
0.3392483721237353
0.13349865473881664
0.048700096711614245
0.006348890061302419
0.0007601659913706303
18.176207897924456
3.3828407524895385
-10.484376513429817
-6.243456660940625
0.734240087673937
1.4381784665584483
0.6005357692458377
0.18305746459790687
0.013875620249084503
0.0005000061357648983
18.854406625583366
1.847038469271326
-11.489649723496685
-5.470871628383824
1.5912165949841324
1.7281639549183732
0.6595812387234172
0.04867557067898494
0.00024148372678444737
19.07063928409878
8.166894156833449
-10.217844244758737
-6.428104144164043
0.6787267258327478
1.6738623765441534
0.2733618510125243
0.006906892766855954
20.38339762953953
2.0341618912778667
-12.053184218683626
-5.9950326469734625
0.7109238729082953
1.0760201504252025
0.04854083169997866
17.25315044899236
3.6065256772662218
-9.402192691339454
-5.963333744004127
1.8948706142649918
0.3728635307996995
17.56150110967329
5.893500299100573
-7.389146317454482
-2.85018640985028
0.9165318123512404
14.656530525487755
3.620213275694255
-8.109513128208674
0.13655232186528174
11.796089845722276
-1.979535271658109
-2.5277719176685225
11.582754828129868
-1.7168931399776137
1.889559152641605
2.102154426051014
1.4272142907247505
0.34970991059634576
0.09213541590335116
0.1383364545911064
0.06894674705051833
0.031113614842233087
-0.026105960355218772
0.0012679359760339726
0.0129450033612919
0.006802066111805178
0.004511699391661996
0.003813129935771287
0.0025417047988899482
0.0026963780395780003
0.002810860015440199
0.004058216410197878
4.707620679684102
0.6045790953821261
-0.047965536214555
0.4310470141907895
0.29337311382519193
0.04872193315167001
-0.10579118168285044
0.01691607454771974
0.048289671616615876
0.020637039643169833
0.009074096618028103
0.0056662544518228854
0.0029424763702576547
0.0025080261407296415
0.00270186967087083
0.0034956000386997805
3.284593932502085
0.267924217917527
-0.6141968581823778
0.19278926786887918
0.02132693976877812
-0.09383076286259187
0.07068930744243564
0.08707773637671158
0.03248722996765374
0.00848900710338336
0.002785943817440933
0.0008376687013887225
0.0006702506504172919
0.0007563111511374841
0.00107171771913532
4.47919789211718
0.08221630422686743
-2.0770135969527024
0.07806855249127254
0.17260556030625607
0.20157029476851354
0.142349624879573
0.05067662637991269
0.011351167794835457
0.002050455199506741
0.000939183243765726
0.0002860184056607868
0.00020945966682492305
0.00015827706136746722
8.383478863801109
-2.95798761491568
-2.8651534791505004
-0.06210247439225189
0.42298969396952674
0.28977417875560074
0.10636359564604585
0.02503451512448867
0.00532456655192902
0.0023152471433138776
0.0012028363123878264
0.0007474828341865272
0.0005213726858568624
10.879946600754907
-2.7693915454547113
-5.487379654851676
-0.04027552925632631
0.8347527412856393
0.3711276690156763
0.08941954296461986
0.022300577730453502
0.010517405328616974
0.003366714670399585
-0.00010709808710873662
-0.00011425042584768601
16.92273110842826
-3.211345481957156
-6.225553572861456
-0.03822111732850524
1.003621948072545
0.4706488807654386
0.15247451577980922
0.05806426423370359
0.019447451019176235
0.002803842267680862
0.0005960959551266164
12.94242856189962
0.8234938381258212
-7.4581423820126735
-2.705675653717159
0.9169709723239006
0.7035321975432163
0.2311749378769808
0.06328005987219121
0.004153160911591415
0.00018419373742821737
14.449339301139341
-0.5876032330094171
-9.48238113377443
-2.123835675838338
1.5747211042592038
0.8488417685507793
0.2522855740532785
0.011982342176183592
-0.0005467890484836574
15.423491719007341
4.917027017965339
-8.767927245317699
-2.5232002928389794
1.5998318142100276
0.9879124125871155
0.0639345030204658
0.001047147758087064
17.001811617562705
-0.8950902081042947
-10.091473439844705
-2.3399030619634753
1.2608821867175564
0.33617784351201846
0.009322519160895557
15.146973258423191
1.2032722795503181
-9.309268942049433
-2.8752829502652486
1.6290934043365015
0.09877366080610181
16.33487012073403
3.2645539618645496
-7.335594925243451
0.05253970844660297
0.5426128492915588
13.401773298311086
1.2545441903630408
-6.717500213170729
0.7176260974733055
11.075014069613202
-3.857205078283387
-1.4516126110652012
11.995702773140328
-2.283602262195946
1.670679475198195
1.0542665688630188
0.7834009572237495
0.20534392672126406
0.0651744889608429
0.0799178750832802
0.03377354447899098
0.029851073357202145
-0.018874941730041703
0.004595288879369528
0.005639467108613594
0.0027033894156251828
0.0019068082823707313
0.0017118472291020028
0.0011429989795716665
0.00132384307037457
0.001399601938040412
0.001980057140945472
2.6007968354430724
0.5237931280478813
0.18578634191019505
0.2826154405680255
0.14649233955529595
0.06094867850457225
-0.07006000224966778
0.023803510436197304
0.021250883953998177
0.008267358489448852
0.003983947447449888
0.0028998405415463445
0.0015699959683424223
0.00126124068090921
0.0012803345913062038
0.0016201113076296043
2.2193349090478085
0.5638991475090059
-0.0031406304470412844
0.1221189631121825
0.07802252228518224
-0.07302388402757573
0.05863753785463743
0.03736240367900638
0.01248867740784664
0.003383563862320085
0.0016609633093542372
0.00038178530136895273
0.0003387723211662867
0.00037317581460554074
0.0004935919748532252
2.7590963136328512
-0.1506172041226796
-1.0397888337861012
0.18584125190139145
0.04306007530088192
0.12149778651434423
0.06094377383011811
0.020310135984044783
0.004057996771512889
0.0012657737012467492
0.0005075622475608073
0.00016149258039483064
0.00010111874888939203
0.00005813920783142992
5.570838425759381
-1.8797637466907082
-1.0665142967564083
-0.0026687361955646358
0.25868688989880984
0.12382945096326561
0.04241632500247742
0.009181084571791499
0.0031738836257866098
0.0012568221714290802
0.0007137290553003282
0.0005122682245827474
0.00026812470667427645
6.757529113735718
-2.370457795877212
-2.818814976744402
0.2499936553991346
0.38175787709647124
0.14650597669909723
0.03235396780138852
0.011100277442923119
0.004940333823923071
0.0013646710604778814
-0.00018042884267797628
-0.00018268948623757978
11.542147094549179
-2.9585042373870207
-3.055175193141362
0.20670565090129644
0.5056258567231847
0.214483291521154
0.06891371739710711
0.026597321635021924
0.008527162466541076
0.001496374993876454
0.0005587896521976503
8.338785011986893
-0.40847988350704617
-4.424273408515422
-0.8897649989544745
0.6288093656736624
0.3064791828158212
0.0921153077295935
0.023880967343224015
0.0013500979288165237
0.000074574551121801
9.993651855878815
-1.6483175838652078
-6.463410259260603
-0.525427726234792
0.9024486967158022
0.37235506635665006
0.09705383441265175
0.0029064437532107844
-0.0003992711186097244
11.160194210340842
2.3525500057564392
-6.014140944294153
-0.3645927505880659
1.2727360764296392
0.48285836416364386
0.017418113395342084
0.00006810573907342893
12.683199586337038
-2.42165073564224
-6.77527844344119
-0.22608105529336966
0.9391061675711674
0.08902373239394296
0.002982828839939061
12.146566938088991
-0.637482245832647
-7.437158587203926
-0.7864097118281917
0.7357023783958571
0.025034810543772098
13.810895462392352
0.9831626218649173
-5.410814857525776
1.1590654574332622
0.23222115615860436
10.907021438873095
-0.6233488775907954
-4.180149010775091
0.6661217989874122
9.779484045725654
-5.182490601221843
-0.43279678679894673
11.434646351001177
-2.454571256147892
1.4396546477737453
0.5351198692647237
0.39344047480905747
0.11566327901312427
0.034949135237316624
0.051117086676443546
0.016047586497290517
0.026233657035223946
-0.011291394174824478
0.0044574122229086195
0.0025190562846211908
0.0011409247172964136
0.0007851167487292968
0.000733358603465047
0.0004818268506513369
0.0006565584853934181
0.0006702537686062231
0.0009379166794114964
1.3523674284493994
0.42637428597024096
0.2343659315514147
0.22709602789917974
0.06920839219997642
0.07045510440017203
-0.0396273168275248
0.019989701548727357
0.009480041889870533
0.00366454861668847
0.0017935073326211725
0.0015166384283807326
0.0007777308208130766
0.0005730441562496836
0.0005346722992998152
0.0006433605955124549
1.5853453270160274
0.6294014569272478
0.3855211300865582
0.07053194050549073
0.12424695993977891
-0.042698952185594934
0.04195826420107821
0.016538234122209106
0.005392558743914493
0.0015575003270309148
0.0010668989334230996
0.00013431587712668967
0.00015679963717424194
0.000188975830727707
0.00019703088073267072
1.9543931130870646
-0.1569283685684139
-0.4905967751093384
0.1908642442523555
0.0028392245455176796
0.0727919100229767
0.02663202662158459
0.00894781743716037
0.0014993821899092236
0.0009604484109546565
0.0002189819775631937
0.00007976159134409813
0.000033307466043589785
-0.000023473305013463922
4.097875538344052
-0.9777849786037356
-0.2039435422677647
0.002628610220459955
0.15332443453422478
0.054426810725354886
0.01846211786242443
0.00376439583883577
0.0022581037427062173
0.0005217644668345048
0.00038807109381904154
0.00042710283332422587
0.00020122891472780144
3.89249887412678
-1.4397392470214552
-1.313958561749668
0.22467744672195716
0.17228080806139265
0.06063651462253005
0.012255807676107296
0.006273145043598213
0.0020535821437449838
0.0005433924462930034
-0.00012573383633915895
-0.00015123716760319546
7.355006929249283
-1.9862637127957445
-1.2835646396416434
0.17839208254576316
0.2366592681413919
0.09528267548232607
0.03329003349437994
0.012068290913825134
0.003701005992692783
0.0009207514094958456
0.0004906637016422217
4.93057359904452
-0.6632287162307631
-2.2357118938998024
-0.19975049201923128
0.3481513260328863
0.13458853670080234
0.03784346685865635
0.009106852611407347
0.0004942618763812957
0.000030557887499844285
6.234560884099536
-1.6150234789699318
-3.7426611842761304
-0.061385868889363364
0.44906406374018365
0.15944687508262775
0.03705275842121892
0.0007770487075095292
-0.00015365474182039654
7.275324389153703
0.8672495924168301
-3.5087817014381044
0.34478805871415263
0.7375668089830343
0.21303247902599917
0.005878840896157474
-0.00010011307361871301
8.487323976079127
-2.5726319906167965
-3.771404395365328
0.4523518764398777
0.5410157020335269
0.02530803360593469
0.00152620707730095
8.8341728796287
-1.5409108998110586
-4.966251146835617
-0.0685053246590242
0.2505789421650652
0.007501696609198788
10.510558136335396
-0.3404175585884555
-3.066320979702219
0.9349574573625729
0.08949253678084544
7.839931732089994
-1.4876714238732531
-1.9409214258263492
0.40190413687145793
8.115610973075013
-5.407479637606058
0.17633886104607732
9.808496196479213
-2.2180073861705623
1.146080520457714
0.2666905455625785
0.16878261270627698
0.06083547086496753
0.014058479290449571
0.03442999286496532
0.007200349640206136
0.01893985851210959
-0.005744970912095419
0.0028908101901362355
0.0011393459590491556
0.00048540273209225803
0.0003122806656134179
0.0003034137714966037
0.00020843055526418932
0.0003289373177514992
0.00032539926952341854
0.0004658115535355769
0.7089800918637496
0.2936841124865807
0.2050333114643831
0.2105723628084159
0.02778235456385363
0.06028597036929032
-0.019628642606092102
0.012660826268562896
0.0043576434077250165
0.0017029439320913184
0.0008379683071931178
0.0008067288135662245
0.0003353592610108507
0.00021912369959001124
0.0002005694096402134
0.00020735975621791907
1.0263348186950383
0.5127626100850765
0.563863034588057
0.030465020085892597
0.11821809907552226
-0.02051167006790016
0.025354381648822782
0.007809024014786276
0.002466482954073231
0.000842078221467657
0.0006282608580036199
0.00001850003207836434
0.00005872811000733951
0.00012579209951332513
0.00008504480014588493
1.4143966987412722
0.0050491361075129
-0.22398488791503615
0.1505660167292533
-0.004859424426576046
0.039430400195554334
0.011990967092312881
0.0040874122270233085
0.0005538161219904728
0.0006635421239574929
0.00005950307463511185
0.000028724924574046177
0.000019989388366900503
-0.00005000062817763951
3.2073684075702222
-0.4426825777927395
0.10203214954152957
0.004988704142273427
0.08379509509264514
0.026014639371601075
0.008459705737635062
0.0017806805604798422
0.0015009752889061352
0.00011421033207523754
0.00018378665015825597
0.0003982925409504677
0.0002170331983610009
2.0824372874424744
-0.6247443555331287
-0.5455604183573947
0.14663218884364254
0.08408454019950502
0.027086668899858182
0.0050932178592183915
0.0034932349951349775
0.0007731684514114152
0.00025867574759478793
-0.00005190072377157542
-0.00007732467191750557
4.335500639276739
-1.0613786460492505
-0.46749123045897145
0.12608200706301542
0.11016579366173584
0.041597973230287376
0.016519267666417845
0.00520945062751218
0.0016226375121737233
0.0005755270229114773
0.0003643556876068758
2.7014921828722005
-0.4852540999570359
-0.9581389751857724
0.011812346474055076
0.17090857178938607
0.060168620466735
0.015399349418430136
0.00354128240647739
0.0002221845028502621
0.0000370257184089171
3.5467574759706544
-1.1070167742629449
-1.8865103606835185
0.02814176380397256
0.2136150590187373
0.06639773286032681
0.014504058931409382
0.000296678467552298
-4.831810942423274e-6
4.376967730442954
0.26096823433807687
-1.8157883860360164
0.3853833990529618
0.3656585594045979
0.08968485557743044
0.0022781445612299507
-0.00009561178748249028
5.130061616358129
-1.9495123610360114
-1.812731562000807
0.4516816023328055
0.27969903350306446
0.008941918409120623
0.0009221559637228495
5.783273880798018
-1.6354754371551357
-2.879575098784362
0.05239529980283335
0.0810168207450532
0.0025259287105560816
7.1898575412185055
-0.7310406240451293
-1.472761951718345
0.5250630913140736
0.033302382498312896
5.0064571901087564
-1.5010888946479994
-0.5983892398910521
0.18897883748024943
6.2184011556214935
-4.658413938976615
0.30891588281125165
7.587233706850823
-1.6278864638837376
0.8209268096071902
0.12929667414518847
0.07015659476397001
0.032046512363056535
0.00455350992876488
0.022141090259195563
0.0030906743109190395
0.011965103106375939
-0.002619266478289323
0.0015029616110487382
0.0004828181503462808
0.00018585109329747926
0.00009619448933161265
0.00010091167225240326
0.00009251706977559379
0.00016796992632526618
0.00015658010779378908
0.00023962521243357397
0.3495425150365251
0.18702178347631362
0.1386912720180091
0.16490273324188326
0.009904853175706562
0.04037581516424636
-0.008662814316500992
0.0067187134844251635
0.0020131445597810996
0.0007944210336622795
0.00040638814070886403
0.0004180359617528368
0.00012648348298893288
0.00008123439875521087
0.0000796491434916332
0.00007172389474900646
0.6308061347672563
0.35078879774569915
0.4972015739177424
0.011350249312612049
0.08464328171494567
-0.008254678241714225
0.013599768380458859
0.003838324186709601
0.0011563123944075045
0.0004780363231634644
0.0003523256037955577
-0.00001318542919138506
0.000025100838180384085
0.00008634409954116758
0.00005360456037469226
0.9355626811005556
0.13147035057730627
-0.10055024891279876
0.10327570172992027
-0.003717349517762285
0.0196609290327236
0.005707930751939699
0.0018981523718358758
0.00023179856595585246
0.0003990115858997328
-8.963090299748956e-6
6.820537774257784e-6
0.000023725961446616546
-0.000021525824391683155
2.2510070467101406
-0.18454403769835143
0.15098608962992913
0.006617867180924612
0.04253183321101144
0.01328024384054007
0.004166033065237795
0.0010072967836470344
0.000860894981421477
-0.000019492790162069868
0.00007989975709033207
0.000318328328870981
0.00021991252137951351
1.0465655391610147
-0.18737242915521204
-0.19459184095825
0.08354810452118938
0.04439876917839087
0.013128792408517049
0.002568446347533428
0.0017544709623217652
0.00029501060102721856
0.0001563450710337558
-7.062705004210378e-6
-0.000022826630534952302
2.3495460229488816
-0.47763558573198994
-0.13971410739220386
0.08020386051777265
0.05222577745820165
0.018505388210345794
0.007796165026952547
0.002214733042394539
0.0007331805377815822
0.0003407844623567686
0.00024564008834518445
1.3813448159110089
-0.24444397353327546
-0.3287640921953913
0.05397547142121423
0.0809957130601837
0.02630116070339551
0.006204723078383138
0.0014344646842310291
0.00013301199557530356
0.00005131355715812699
1.8792103027999103
-0.556472486114049
-0.8319684440536831
0.03385783556399975
0.09629360459797148
0.027377963228582096
0.005903608368879584
0.0001857879569065923
0.000075511724906926
2.4802880586805953
0.09329916094804351
-0.8454803765580395
0.24906795295964382
0.16603560947992033
0.03663010998737531
0.0009782228941260798
-0.000017663922242487
2.823690728593483
-1.1933488571603714
-0.7941722745752651
0.2921437971537324
0.1330417598073666
0.0036622076217584106
0.0005642164018569133
3.414674123978082
-1.2503207001787093
-1.4956418897463104
0.04368501276797362
0.02662979250796871
0.0009370861019188181
4.397765759907812
-0.6310293571253335
-0.6692874120144876
0.2584866405729203
0.012540990510254734
2.8858694234607456
-1.1257926386165633
-0.011603730341981299
0.08082217503246408
4.339553270025662
-3.382383648003011
0.23542295682890663
5.295423856623481
-1.011241060320044
0.5513913415352534
0.057591752284445394
0.031728440020727895
0.015761866502359438
0.0004587756246245114
0.012689078226687805
0.0014280043805647126
0.006359530539282848
-0.0010814676717421988
0.0006853922336331975
0.00021788922309728395
0.00008276494670991242
0.00003971514227850717
0.00004225752514783564
0.000038651854427776354
0.0000777993079060397
0.00007118932130181116
0.00011760866745829769
0.16645516241694205
0.10566705347929206
0.08007370785795814
0.10748089803554761
0.003257303565141078
0.02351803780646946
-0.0031199462686072287
0.0031326218476541165
0.0009225995870109871
0.00036397160577409353
0.00019525730718656119
0.0002063596889954013
0.00004054751533851574
0.00003308309442233717
0.000044053973960457
0.00004279859057980419
0.3582532015062675
0.19751614056656572
0.3366074738927971
0.004820239835426497
0.05254095313218242
-0.001920622625686594
0.006408200190602117
0.0018572270898970168
0.0005339403518139974
0.0002572107938134206
0.00018242334944015652
-0.000014078580759967728
0.00001324912104505103
0.00005605923702642868
0.000040281206415773996
0.5462302662597678
0.14287891696757557
-0.041629110156817715
0.057852321928657
-0.0013289989037617422
0.009128043336323208
0.0028328328495073264
0.00088291987285764
0.00010675177064405441
0.00021556735061629292
-0.000016994852762751347
5.782789553443011e-6
0.00002512052481541223
2.9945156788431067e-7
1.3970337847909078
-0.06798859137872847
0.11440729897262299
0.00651213994408416
0.019971414445491078
0.00694301732072841
0.002131333998367933
0.0005773578548660672
0.0004491938355423661
-0.000035613019078227455
0.000034721762206288606
0.00021734287934987076
0.0001796583734687243
0.4954294808659114
-0.023221161025028716
-0.055109310115768036
0.04359787881210051
0.024147296114063615
0.006636508909126011
0.0014079134876277724
0.0008047024423769317
0.00012502431714697155
0.00009716875993823054
0.000010816382090857238
2.5807292570888972e-6
1.1679360943502295
-0.1821619802290247
-0.03285823554526309
0.04593512654625315
0.024952538301863718
0.008264601612746952
0.0034225945701552496
0.0009467158794546513
0.00032903647307010555
0.00018425722181488532
0.0001453774059318808
0.6573087598265513
-0.08939514602479892
-0.07749731152347694
0.04274450438775441
0.03680185512451973
0.010924221061978642
0.002474907389446741
0.0006127325558457296
0.00009699586356820879
0.0000498763045729142
0.9437469478142005
-0.1967654426166966
-0.32145761503790227
0.025334416619864665
0.04081374870115389
0.011153315837489812
0.002490155930129114
0.0001439951843122363
0.00007155916259451088
1.3404087615492992
0.060909078579692265
-0.3599931197885396
0.1296648343324825
0.07054566286652651
0.014579881630111662
0.00046569962649869984
0.000017613726119971194
1.4247288446482758
-0.6226877182475494
-0.32396963236579457
0.15529963452510134
0.059456447704102834
0.0016474913079579487
0.0003386809057588472
1.812557295148365
-0.7768090275846132
-0.7068221718820035
0.026964552848037095
0.00958916917329487
0.00038396627693727527
2.4170447026608772
-0.40384432142040794
-0.3050463108058862
0.11972857685476039
0.00480321585654724
1.5239787488815675
-0.6964255783026595
0.13157435568004988
0.032390353481527516
2.716978257912996
-2.0823461472994502
0.1321145557270942
3.3083339103676903
-0.5441910524421584
0.3716360319633369
0.023969716982020123
0.013180088586813458
0.007372825601400334
-0.0006359673312322026
0.006908429150817558
0.0006218860877626035
0.0033077226031018297
-0.0004418008730142055
0.0002941437104132767
0.00009606990495786047
0.00003809549815838597
0.00001821447138835809
0.00001870625543361247
0.000014000768955739977
0.00003341811078161999
0.000030189634983523595
0.00005282551621503989
0.07253998204674882
0.05167593142664042
0.042235998070115396
0.061467362754656266
0.0017864775007559984
0.01157982833822894
-0.0010479064425191196
0.0013340830479283475
0.00041867115011274083
0.00016036438908865238
0.00009067758046912365
0.00009483828616350124
0.000010519611712117909
0.00001349303628117212
0.000024635871013450717
0.000025009231191491953
0.18318310214925407
0.10477731604356127
0.2001547169901958
0.0026955682326687013
0.028232544434429678
-0.0002609242627105209
0.002792564184600701
0.0008847911646081487
0.00023969342028114487
0.00012845258080670108
0.00008430617298772616
-8.447438562239923e-6
6.868113222324313e-6
0.00003521683287102279
0.00003010037061653579
0.296056455336828
0.10631925355306457
-0.01776823596513804
0.02991549382758755
0.00014967833370608402
0.003950275453475918
0.001363789886126028
0.0003932783231052619
0.0000518185381855457
0.00010743435713198143
-0.000013947813954647754
5.3594434547383884e-6
0.000021656459914156042
0.000010030771807226735
0.8106438602419729
-0.0245692516456284
0.07203391690785574
0.003883589862098125
0.008944406708075215
0.0034859916080322694
0.001042572056413817
0.00030267084815739984
0.00022071231842479556
-0.00002457559170984517
0.000014490083012867544
0.0001309378578561261
0.00011567991860834643
0.23604846688048062
0.016515971284445593
-0.009890494049637648
0.019943401880498507
0.012413956166301303
0.0031299527419873644
0.0007524819913034095
0.00034324091426075963
0.00005399255488527971
0.000058096211800003135
0.000011825143027646268
7.997714880157183e-6
0.5556356825760584
-0.06848532847650073
-0.00155649665727804
0.02520173391938578
0.01128443717339587
0.0036460064000863966
0.001412865436811211
0.00039239001458471685
0.00014010901233514028
0.00008922859024165718
0.00007797025929476556
0.3000389262781299
-0.026193258162650085
-0.004764582733906065
0.022845313908445193
0.015795332492746336
0.0042958900266924244
0.0009465502329517368
0.0002630135587315428
0.00006079282455868428
0.000035714561841705136
0.4466723448888408
-0.033787857626050535
-0.11684868751662271
0.013937352048806306
0.016155699950753295
0.004356614205032948
0.0010410431952610861
0.00009343347661096871
0.00004510558661877806
0.679142340748913
0.0443856724713227
-0.14144412086700664
0.05888234539932609
0.028409478992686078
0.005672005596760089
0.00022498536851776817
0.000019606551237874433
0.6645997712004026
-0.2853551957682509
-0.12529457133880795
0.07255286449933435
0.025070534251397984
0.000747275860009749
0.00019433888344497162
0.8749484741200438
-0.4079215770279442
-0.30813823586438
0.01640951191284814
0.003788747450262288
0.0001826516948240914
1.2007602130641604
-0.21189161597625353
-0.13311158318802124
0.0536065515352625
0.0019129729937813521
0.7423618790299362
-0.3624936782196617
0.113977400939045
0.012550746175576045
1.516017371873405
-1.135412509765501
0.0639507532238747
1.871591133168468
-0.2523015025919889
0.26742092151072755
0.010626385843125537
0.005571964935533554
0.003414224560752201
-0.00038323716064531696
0.003616025343879166
0.0002724277340875868
0.0016311859420067418
-0.0001856375117788803
0.00012119678775549099
0.000040691113903655124
0.000018284111202277506
9.077092872635783e-6
8.956028441110719e-6
5.748446244194329e-6
0.000015809587835121746
0.000014478973929737442
0.00002710140474926701
0.030486905995820116
0.0230695878892848
0.020501876900048024
0.031193716253362036
0.0009392421899658252
0.005505647363566144
-0.00020107724680295473
0.0005105658953673362
0.00018682218815520404
0.00007041419005287641
0.00004186547136008356
0.00004464156112264898
3.964014263422389e-6
7.252300595863685e-6
0.000015036502562827064
0.000016216868647611948
0.08458029117299143
0.05086805475682273
0.1021509321199805
0.0014961038915282318
0.014420072387519463
0.00028490213959546666
0.0011216783233573954
0.00039819198188463636
0.00010526476300207159
0.00005701781096687285
0.00003656918507077128
-3.4089987750008837e-6
3.329101668160228e-6
0.000019604310584224487
0.000019687958960781487
0.14701463099493622
0.055739408164614125
-0.007983522671133414
0.013059360260940879
0.0005734388328970083
0.0016121222857463343
0.0006219393808367881
0.00016706505052287304
0.000024528242670105188
0.00004816170990945593
-0.000010682951845694659
4.158571840310419e-6
0.000014835175197134674
0.000010208467448099212
0.4131999556979674
-0.006646059462323307
0.03818553961546993
0.00224823723892582
0.003920477823089224
0.001639352689480674
0.00048417708383786425
0.0001489434036672119
0.0001000132844555056
-0.000012827942292380064
5.801561771834149e-6
0.00007021802564282185
0.00006521873814681468
0.11018539693889784
0.013157799629806833
0.001570989182923384
0.00867375220055068
0.006109869671790956
0.0014021685403454482
0.00036020720981828566
0.0001350942648918505
0.00002202570583686943
0.000029254679603024438
9.017091808012974e-6
6.588511797756516e-6
0.25621401373224273
-0.02426453726959077
0.0026732275365533697
0.011936207544954495
0.004735714920121644
0.0015508105679613833
0.0005471673551682018
0.00015545158843847912
0.00005374180468278208
0.00004000577925943556
0.00004135759137110244
0.12993658368958352
-0.004234757062426182
0.007466989182296633
0.009865883338595905
0.006415213993211948
0.00159107457119021
0.00033691389709850094
0.00010750076444813465
0.00003378789486186368
0.000025305692086738022
0.20837172990452268
0.012048312064080892
-0.040648840153777
0.007121655351556548
0.006036464721062201
0.001586350614597212
0.00041552945770881734
0.000052574363331978004
0.000023048275915804178
0.32837446235843415
0.027261365899483515
-0.05368137320438477
0.02380423336688028
0.010679698108638306
0.0021200621331803845
0.00009930266871991647
0.000013413628713727286
0.2947662844781039
-0.11628763487758587
-0.04659428780012181
0.029945074452899373
0.009797255969845072
0.0003326586886869954
0.00010648709950632561
0.39004540493478246
-0.18720329986575712
-0.12428676524554376
0.009560807197872459
0.0015334162092816733
0.00009273577728767391
0.546561391471355
-0.09601114297340041
-0.052929409286565324
0.022316992776529366
0.0007618505586876053
0.33789554814056577
-0.1632306700036476
0.06259187971805277
0.004639353010346949
0.7715848477286731
-0.5524743753172495
0.02861584800136884
0.9847885964754444
-0.09863963192117813
0.19359784026244956
0.004418552890050806
0.0022289705413740704
0.0013977176274206993
-0.0000404854498550469
0.0015761195482384166
0.00008328869177091665
0.0008164536470133463
-0.00009665149871736137
0.00004986296728488396
0.00001526941928356579
8.783209845758404e-6
4.4802004202622305e-6
4.0558257383768545e-6
1.913298866680646e-6
6.867208914302734e-6
6.247730176951966e-6
0.000011648682465015616
0.012508499202391886
0.009083204108337427
0.008772637292704503
0.01390408276367759
0.0005293366968788396
0.0025039427175116086
-0.00003763850872417489
0.0001830186465913438
0.00008091617814311046
0.00002975503196339791
0.00001649037348587984
0.00001895829625450182
1.8691845405846436e-6
4.335338560227079e-6
9.163442917811135e-6
0.000010746633046800263
0.03493171417853742
0.02156332608076355
0.04571425155347325
0.0009401123407737623
0.006950175992963419
0.00016532968981724817
0.00045145012051017237
0.00017559346119962164
0.00004386612960205545
0.000021739709232839924
0.000014134052310765688
-4.195905283318989e-7
1.5302618048923813e-6
9.866290250434854e-6
0.000012007474506020548
0.064044264202723
0.026085073053116584
-0.003829767500459808
0.005336398408337292
0.0004755261034578278
0.0005611295034411564
0.0002729750863444097
0.00007182664305877726
0.000012434727769371287
0.000020578955261071988
-6.535904133225992e-6
3.2259957833955726e-6
8.241116286318227e-6
6.184358432000929e-6
0.1870304523192624
-0.0019007110708502038
0.019351990026725018
0.0007210124509908767
0.001754224277328583
0.0007279412301411256
0.0002364489232096034
0.00006416634115903811
0.000043090534685607614
-5.9287198826892066e-6
2.029417456284965e-6
0.000035640905743835433
0.00003437804807973365
0.053811360454950705
0.010552741434356167
0.0026265350452636125
0.0032670834942208423
0.0029255250553271864
0.000590667211500438
0.000165760359848764
0.00005771870968158808
0.00001050560256573062
0.000013605279127266085
6.700937056364616e-6
5.324054758090424e-6
0.12049117751291061
-0.009429805267224816
0.0036310770194408616
0.005834593219412025
0.0020122844313652977
0.0006310243617614763
0.00021659377693629745
0.00006189806723461307
0.00001908703050464219
0.00001835367765220968
0.000020850972534809783
0.0596995191636179
-0.001067868322295732
0.006586725603656236
0.004058745903464715
0.002487588235328581
0.0005985984637023242
0.0001205613555471167
0.00004317612102668195
0.00001588779102544994
0.000016058275530266006
0.09846362162151438
0.014452656708273491
-0.013931821827518034
0.002971980670345542
0.0022186516156827677
0.000574033764171252
0.00016551055640715912
0.000027755483872127005
0.000011146843212195603
0.15302026465364746
0.014433659093161216
-0.019338472402848767
0.009549101329239756
0.004025691923162769
0.0007962648158702618
0.000040971309366066996
8.380901317515104e-6
0.13227501873050312
-0.04351223178550608
-0.016531158843516906
0.011704572869572886
0.003739283131949447
0.00014821033589045493
0.000057382583128393724
0.16642180873299453
-0.07885393859963054
-0.048327259394013326
0.004750298988719855
0.0006341906921585081
0.00004938880482812027
0.23327849082285362
-0.0384773502629352
-0.019393739672891108
0.00878970970693376
0.0003047322033336539
0.14789327366493182
-0.06852443886934283
0.02938476572644036
0.0017188441538483106
0.3678558021914438
-0.2448990598395923
0.011725538335459185
0.49833762769279544
-0.02705238731289502
0.12969152334791373
0.002004268189384597
0.0008779427586728591
0.0005148897536333166
0.000021429979462716507
0.0005743168276804308
0.000025747894892268903
0.00039005517995298317
-0.00004506406357526667
0.00002227175332704629
5.6361201732178945e-6
4.340015206152909e-6
2.163180589206422e-6
1.9310932985352334e-6
4.0714189353124897e-7
3.4634954422094722e-6
3.3080973042910593e-6
5.933079081480299e-6
0.005086749728721346
0.0034818089484806693
0.0034031614332847705
0.005295513607921564
0.000312474720273627
0.0010592260077719618
-0.000026125303622205904
0.00006743175401014596
0.000034592436768693976
0.000012820440282991075
7.0531728239322375e-6
8.680509865933089e-6
8.464361758600762e-7
2.7776211906287914e-6
5.843389113674324e-6
6.825428417887584e-6
0.014489202405288532
0.007953568485072794
0.017403818744518188
0.00046433683563775065
0.0031581238066166915
3.7899095460439716e-6
0.0001805119348325525
0.00007337450730770594
0.00001765305159602596
7.246095418498374e-6
5.306166660863461e-6
4.901573700446088e-7
9.814793295418359e-7
5.0224173951254406e-6
7.409753790516663e-6
0.027450450071979847
0.009890348413380691
-0.0014549039786292796
0.0020207000435571386
0.0002838267949775094
0.0002024346008416818
0.0001244527640236643
0.00003177667027434263
7.10917728882702e-6
8.342161378034526e-6
-3.40838408556299e-6
2.587050815102244e-6
3.920028143173259e-6
3.2608952513774055e-6
0.0705544480058769
-0.0005123258900815313
0.008910436624473127
-0.00003662470572694196
0.0007767032288487709
0.0002968926725200381
0.00011228229108864015
0.000025401458095015215
0.000016987104583188933
-2.0270093893365583e-6
3.3199380936915416e-7
0.00001674201995756836
0.000016294043938208215
0.024739030320354818
0.006280302079239993
0.0016064668089449505
0.0012036025476673319
0.0014048161395591866
0.00024540547453400137
0.00007458986652058964
0.0000231634439267522
4.426712122744838e-6
6.538443393432028e-6
5.3102965673471215e-6
4.314784268428404e-6
0.057680980462845144
-0.0036351491682316567
0.002214433824425528
0.002840010416754213
0.0009263547551908271
0.0002834088312877893
0.00008626526388445834
0.00002341848728584095
7.147515465943773e-6
9.487189378586596e-6
0.000011197431289411343
0.028629090972819786
-0.0002606348993761205
0.003498047494587177
0.0014253965881948316
0.0010065295240597324
0.00022032010745065875
0.000041283024008885027
0.000018861430093664335
6.692524072069342e-6
0.000010536169818808186
0.04732125972113644
0.009182043973984078
-0.004890698356959751
0.0014455382009916419
0.0008234527058645181
0.00020453463487539838
0.00006677179248719559
0.000012994990290265771
5.57246350752257e-6
0.0749095490493631
0.007282514034386982
-0.006925299634582291
0.0036684441582223322
0.0014894229223433417
0.0003090759409382402
0.000016339717441437745
5.562742965954496e-6
0.06192002124498948
-0.014379554669506411
-0.006362385600721544
0.004420056305659095
0.0014235396625852544
0.00006438133577855819
0.000030075949065797213
0.07307990050093031
-0.03187693872155025
-0.01899792039916659
0.00239403564373493
0.0002722940090568151
0.000027930467071462794
0.09810126982365994
-0.013612744258300618
-0.007979178500027844
0.0034400659829093103
0.00012195742688383309
0.06547469395155227
-0.029843766138325945
0.012726797311956863
0.0006337282879511945
0.17110662246091882
-0.10165503948051847
0.004642746622614101
0.2578250787128911
-0.00012036741116759752
0.07796185583656119
0.001000907019820528
0.00040248610141312293
0.0001989184001002286
9.111818278843464e-6
0.00019509522263189269
0.00001108605570018741
0.00016697484698455114
-0.000012124712076002754
8.54703022106126e-6
2.1797316983449953e-6
2.1530788232384734e-6
1.2300213913742974e-6
9.537477817409072e-7
1.1435610598764218e-7
1.8324165134250853e-6
1.8372966377456695e-6
3.3361299931982506e-6
0.00209653270828312
0.0013729946431187922
0.0011703061704409165
0.002075921995594549
0.00016828030914076543
0.0004030441800111914
-5.97494286070647e-6
0.000024320317686241958
0.000014192248791598721
5.494884938049246e-6
2.9543499914376187e-6
3.8106649245714347e-6
5.321926306552122e-7
1.8258323555687368e-6
3.7170991945435226e-6
4.4484500969274546e-6
0.005802116955595778
0.002539643891336899
0.006746879648042522
0.0002132186309754361
0.0012935786543021486
-6.923433657031793e-6
0.00007041236175506048
0.000028768068925563238
5.997349053795935e-6
2.1424598520785313e-6
1.6997970648670587e-6
6.168904109120056e-7
7.517395750138481e-7
2.7058134351718957e-6
4.553104036714138e-6
0.012579061945793937
0.0032181856838962874
-0.0005064709206638195
0.0005554123035294511
0.000127049583528992
0.00006115852816720882
0.00005075727591827681
0.000012010679436376749
3.1201011668542334e-6
3.1874372767014092e-6
-1.5705354042164636e-6
1.8311758080031855e-6
1.7551702380711457e-6
1.8248736301236585e-6
0.026806927198379155
0.000023767661462305378
0.0037749183998817878
-0.00009732785456002906
0.0003239671834206535
0.00011547233947107967
0.000052623899552179775
9.667673969926108e-6
6.790895486202505e-6
-5.041699333943792e-7
-1.751047520011533e-8
8.323553211943362e-6
8.123419231248395e-6
0.009661935459186081
0.0020240518093277877
0.0008624161972990852
0.00043008479969690864
0.0006476347446760281
0.00008833508687734013
0.000035126750727555305
8.997576723805123e-6
1.4094343888422936e-6
3.027576908655325e-6
3.7440733098108125e-6
2.7269864488597192e-6
0.023512907855079777
-0.0009877042314769466
0.0010354310272553688
0.0013032710445357448
0.000404613778068233
0.00012737951218151077
0.00003550231520958967
8.766550014254143e-6
2.35239641408104e-6
4.6798115943088816e-6
5.38649691142022e-6
0.01280667956234892
0.0002627149600010427
0.0018456608967534482
0.0004278830274545528
0.0004363078384775688
0.00009020362970681277
0.000015752613010367627
8.593225755880919e-6
2.2472890005986507e-6
5.966441649867609e-6
0.022400093683535252
0.006826858248128302
-0.0017346326218778277
0.0006361047303224502
0.00032071135534787005
0.0000788526686416174
0.000027201459564116826
5.7113977564422215e-6
3.40031441483688e-6
0.03565014321771541
0.003065084087216494
-0.002585862209204268
0.0015551958622728105
0.0005986153225367443
0.0001292111397352595
7.403725705263033e-6
4.518794317527629e-6
0.030671892766146763
-0.004664259532292754
-0.002419686567208265
0.0017999071757692842
0.0005768876827624521
0.000027050265967367
0.000016188497869412687
0.0332341468904146
-0.012975214850378511
-0.00775103593887028
0.001040476499086672
0.00012295615347272104
0.000016204277384760675
0.042490321760911894
-0.004520067919226805
-0.003706466785311812
0.0013970251399229047
0.00004733870762796385
0.031244449316606655
-0.015060467433157462
0.0055318654636303324
0.00023870887950141502
0.08449809864545328
-0.04137845978537912
0.0018538361216637802
0.13768717351395554
0.0059744613670627686
0.043922629964319726
0.0005147192948780507
0.00020200322562865104
0.00007325973639755753
5.426089606321953e-6
0.00006317945007064433
5.837306285015376e-6
0.00007053007911253954
-1.29116206134319e-6
2.442168882757709e-6
7.2447497963535e-7
9.489219176252135e-7
6.573854172685023e-7
5.209781185372512e-7
1.5356499155642262e-7
1.076047319683651e-6
1.1110840276402297e-6
2.0660780527275852e-6
0.0010007573902282407
0.0005650517694566644
0.0004001968484557365
0.000847772366090047
0.00007602235414481761
0.00014598210738404934
8.735159461964644e-7
9.359284372356285e-6
5.258185203339324e-6
2.1830389278728975e-6
1.2669100739486806e-6
1.7958564327558263e-6
4.269560201632491e-7
1.2219956731958105e-6
2.3546940294171476e-6
2.9016951269310446e-6
0.002276144196815268
0.0006816064424191247
0.002654629470467265
0.00006779188139954341
0.0005340479587162109
4.1126475235259067e-7
0.000028747336212398438
0.000010362263130637962
1.8661115911668395e-6
4.0410365593999343e-7
6.201760654363497e-7
4.5692434533388173e-7
5.438319227294944e-7
1.5289852674398192e-6
2.83795325163042e-6
0.005392531820125726
0.0009111999268812804
-0.00016622050225869922
0.00012655827633697026
0.000054853385215882106
0.00001278743482556266
0.000018209671142066812
3.854471166818388e-6
1.2640299702488095e-6
1.1994395038760743e-6
-6.854261133429426e-7
1.1102566155738187e-6
8.041107148524716e-7
9.72396241097602e-7
0.0101747858941935
-4.849933336745904e-6
0.0016329127771378118
-0.0000291993969943083
0.00012776589435903774
0.00003836650203626653
0.00002239506001292202
3.152513081178683e-6
2.8640829819387283e-6
1.4179774998829382e-7
5.206639409198483e-8
4.369031807526874e-6
4.498050415465656e-6
0.0038217407597638353
0.000444749475807059
0.000475024459201653
0.00011272817360243113
0.0002605270827100284
0.00003123664305412981
0.000014487205683363628
3.3593637463206494e-6
3.5295800357136953e-7
1.3973953322247006e-6
2.499298435655956e-6
1.7471645504660842e-6
0.009198840847664253
-0.00006318361328232103
0.00046095232932309276
0.00047983016102909896
0.0001688115118565351
0.0000499930521483806
0.00001416211413137637
3.0220552341292965e-6
3.295179874071229e-7
2.2629301641827674e-6
2.380022728506498e-6
0.005283370693495446
0.00010350208489248097
0.0007424793623033231
0.00013206490812225262
0.0001700363635191886
0.00003492192649084334
5.04907633265212e-6
3.6338524609985324e-6
4.683257041175997e-7
2.960683285662516e-6
0.0094031193979207
0.0029563834161849345
-0.0005182538983583728
0.00024170342953480387
0.00012283989983546845
0.00002776089376980895
0.000010755578805373874
2.4073250456036447e-6
1.9002144732949084e-6
0.014699728767210972
0.001319812615726799
-0.0010028290183273602
0.0006373448915825786
0.00021737450587234266
0.000052243071137100524
2.9877560814428994e-6
3.1222560838771846e-6
0.013874002958922224
-0.0014597392567073048
-0.0010188435745065653
0.0006507648305515899
0.00022187519940376833
0.000010205415777899585
7.603126008751213e-6
0.015027087386463063
-0.0051312697989302864
-0.003086276562276001
0.0004662449009264108
0.00005743738290527865
9.498215095584167e-6
0.01886242589116099
-0.0011994105157341435
-0.0019454840449734893
0.0005910947172561383
0.000017964351694606868
0.01582805669069954
-0.008062554132031741
0.0024557715948492057
0.00008618172223015966
0.042390537992517435
-0.016718561339054878
0.0008185342074314962
0.07557783644941453
0.005729914106192537
0.02535431913769231
0.0002691862993099565
0.00010698981393252381
0.00003225069069012147
3.1742148736046203e-6
0.0000193645868417108
4.454741501910125e-6
0.00003321503713076188
-4.3997359346153426e-8
5.126603487315353e-7
2.3463331684616507e-7
3.723402926096027e-7
3.0955297891192734e-7
2.95412075795442e-7
1.5834930068074615e-7
6.550869119502723e-7
7.030842399722296e-7
1.4095695329267752e-6
0.00046713629430388063
0.00024373392114161472
0.00014083065496213077
0.0002979451341062478
0.00003491452981208327
0.000046297416070618084
1.3220807365017023e-6
4.275657430858766e-6
1.9014416869564183e-6
7.981020928268823e-7
5.875662541061436e-7
8.00171863414026e-7
2.8514072586120535e-7
7.317332442488628e-7
1.3829183015869112e-6
1.7361440795677142e-6
0.000916133987677817
0.00019535179286283045
0.0009314493993336536
0.000023416655259634422
0.00022581410049632482
-1.6395848075492962e-6
0.000013571498104599594
3.6525064986195955e-6
7.545829006338215e-7
8.581979371839591e-8
2.121434063562575e-7
2.8033404450784255e-7
3.635439084996947e-7
8.29445190595651e-7
1.6542728686404334e-6
0.0023530352154978976
0.00016355011695617388
-0.000018810072916869186
0.000017555031784770888
0.000023704216765116163
1.0393007543254346e-6
6.569560113484348e-6
1.1591076415295723e-6
4.3160383676736533e-7
4.0351251578598893e-7
-1.9070239151116906e-7
6.225841519677179e-7
3.8729332299236104e-7
5.223534442314989e-7
0.003252875995064862
0.00002352065354728342
0.000745240751084387
-0.000013194376262839497
0.00005381699380022649
0.000011516566579719149
9.123025442755428e-6
9.960252206599764e-7
1.1437449444359754e-6
2.4155240473199685e-7
8.348173673769317e-8
2.0307931959126124e-6
2.1364942945340827e-6
0.001531552663736907
0.00009967276532752182
0.0002673719666780213
0.000024201584953593556
0.00010073636445332774
0.000012832997503895039
5.8162430103122225e-6
1.211390416176849e-6
5.725635656122383e-8
6.65307656517579e-7
1.4838662906162571e-6
9.773638559738495e-7
0.0038944159765433484
0.000010453933934203182
0.00021955429026661766
0.00016460260498558932
0.00007222527630425448
0.00001950330801436574
5.789421566594767e-6
8.781540774663974e-7
-1.1716186477095237e-7
1.135311626902431e-6
1.1632637528208905e-6
0.0024708538949970798
1.1644095593678229e-6
0.00018600208820694706
0.000043805984939149
0.00006690923041767926
0.000013014320825484727
1.2283235433393535e-6
1.5184420373410983e-6
1.4177317206695777e-7
1.936780419138304e-6
0.0038640102890729693
0.0006919873319264797
-0.0001881669745456074
0.00008881297984462497
0.00004402193561790946
7.478628303633077e-6
3.534917984208028e-6
1.1235589546067772e-6
1.0197304277620259e-6
0.005718803022209501
0.0004921706813382982
-0.0003875289230161482
0.0002438363821376101
0.00006166615900099687
0.000018361203914488748
1.0168750345171158e-6
2.1453711280077225e-6
0.005622750070301351
-0.00038169637567136636
-0.0003894463114848742
0.00020284197107162656
0.00007338819933948732
2.92183687913319e-6
2.9900676134871254e-6
0.0060833596288873875
-0.001800643175580019
-0.0010546326977178277
0.00017252190098183525
0.000026188394285927063
5.041756589013443e-6
0.007581508546021245
-0.000019146781080628306
-0.0008604113027263541
0.0002382642236451176
5.000717481561765e-6
0.007220865032506011
-0.00396042163412745
0.0010485582331130165
0.000028660378848540426
0.02069675002398816
-0.006812081860732046
0.0003353606403027241
0.039646825254294894
0.0037385361124525856
0.014932299108018443
0.00014398625591059054
0.00005824797024054673
0.000016007146429047023
2.0837633116936546e-6
7.906169390005095e-6
1.960188162658919e-6
0.000012679950300084063
4.3725018635458763e-8
-6.862233900524385e-8
6.550075806936094e-8
1.369159773669838e-7
1.4930436187341541e-7
1.7531014044195443e-7
1.3984091047281051e-7
3.931913718852019e-7
4.5872876654231174e-7
9.874846527302626e-7
0.00021963834029013122
0.00011310883693442671
0.00004998619224453286
0.00011018200818397358
0.000014963967866603343
0.000016279579657943926
2.1247374509273584e-7
1.553037723338476e-6
6.280385721303216e-7
2.681009574032275e-7
2.6987501553350614e-7
3.6830180947557536e-7
1.84405708882055e-7
4.113551301460225e-7
7.745208404882291e-7
1.0445395814776387e-6
0.00043056374690328403
0.00007441120345544198
0.0003623238809788001
7.757035775997142e-6
0.00008953706115633695
-1.1920376208495699e-6
5.554808057997998e-6
1.3043675921529624e-6
4.0747095529221213e-7
4.6683757744708404e-8
1.1434810502285841e-7
1.590820643760914e-7
2.3224246897829304e-7
4.892237500219057e-7
9.840578705393437e-7
0.0010778613360616599
0.0000415397772404244
8.798566283529923e-6
-1.2046958311898376e-6
7.890721944813961e-6
-6.369013907824888e-7
2.0576800822315015e-6
2.709364319145466e-7
1.2072105771212162e-7
1.1856246461272899e-7
-2.3665673505553282e-8
3.137782269015031e-7
2.438785631119678e-7
3.5961250515962046e-7
0.0011297311131554335
0.000013447646052187852
0.00030852856784273786
-5.304427080322267e-6
0.000020199012591971015
3.482265902957947e-6
4.193402943890065e-6
3.8785073092128737e-7
4.595236754647639e-7
1.390887294821611e-7
8.954720733510475e-8
8.971315475726316e-7
1.011779973138611e-6
0.0005362286212191189
-2.6144914958480925e-6
0.00011801748184643766
-1.7322879467287501e-6
0.0000388223373601494
5.832380398164452e-6
2.5003796656273855e-6
4.803503425173375e-7
9.686250543580833e-9
3.05984848526202e-7
7.446967496601213e-7
5.532475065728989e-7
0.0013622356100293433
0.000019837122806574534
0.00009462914452517418
0.000057722863061491205
0.000035618634283408426
8.986321680111322e-6
2.519397568945775e-6
2.0933511762337066e-7
-1.56636665721889e-7
4.011950180202991e-7
3.7744438744438086e-7
0.001167146778459384
-3.449748145567701e-6
0.000021693115937464023
0.000019640544095188278
0.000030938801610213715
5.786727514140875e-6
2.9411177107755555e-7
6.077941738792842e-7
1.5889840365769899e-7
1.3210046644838488e-6
0.0017886022580128752
0.00007651668249557439
-0.00007804557841152332
0.00003511259857750909
0.00001680680269304731
1.9045233524989392e-6
1.0186748540635666e-6
5.928614924029337e-7
7.032501963312022e-7
0.002452965741139692
0.00026655977400407707
-0.00017314590176113146
0.00010652308889597554
0.00001616800593903996
5.672937173874456e-6
3.9643847722535307e-7
1.5944301785542864e-6
0.002510417431524672
-0.00009350734204854114
-0.00013589272267854519
0.00006346772384543671
0.000022155684228994156
8.595698039675763e-7
1.1832277046115227e-6
0.0025072583188495146
-0.0006518872128919195
-0.0003318260506071174
0.000037355973946667114
0.000010158001304644623
2.5033115802707345e-6
0.0030271317237850173
0.0001067882300071245
-0.0003266205388514028
0.00007956665235644792
3.620477683766439e-8
0.00292952979959576
-0.0016532566072233734
0.0003750412264165158
6.212194345501014e-6
0.008597692733744057
-0.0024428729174421453
0.00011369320267743565
0.018141045873337674
0.001972202549059456
0.008581593643269976
0.00007939169353755269
0.00003240453779002229
8.48841998230757e-6
1.4854873330337916e-6
3.4815591872316166e-6
9.958444182403094e-7
4.903809918810542e-6
3.08958575246324e-8
-1.418077967453107e-7
1.5350557712319011e-9
4.06913643477955e-8
7.047229235520755e-8
1.0832927027366937e-7
1.0981778700039299e-7
2.428096946497412e-7
3.1266937157761543e-7
7.552782737829903e-7
0.00010352457465546954
0.00005282754374435017
0.00001604148798487653
0.00004450525101492992
6.274776418906799e-6
6.622871533578668e-6
-5.97463282099363e-8
4.5439650062669924e-7
1.573204938374432e-7
8.0221391535374e-8
1.1322898772416237e-7
1.6989798204191388e-7
1.1908704835647481e-7
2.402172683334743e-7
4.3443960910315837e-7
6.603589260054432e-7
0.0002019338824214197
0.00003089029791847789
0.00015709457871774518
3.430947106207767e-6
0.00003663552154466414
-5.209323205374337e-7
2.2555608053321865e-6
3.8082852759632184e-7
1.7776254259333113e-7
3.901302795261103e-8
5.6864874582759375e-8
9.210948267327595e-8
1.4838287276564997e-7
2.9969856025242284e-7
5.97368110112231e-7
0.0005047664668432161
0.00002243049862537263
0.000014000228149702708
1.1314298750131444e-6
3.5584923612394596e-6
-4.003687632586103e-7
6.290247790960613e-7
6.570233467285212e-8
4.3741736117359344e-8
4.947802070892272e-8
1.3977347541534737e-8
1.676447057919048e-7
1.7328566181479069e-7
2.7473101685256604e-7
0.0004909566570539369
6.019310485982255e-6
0.00013816856925134028
-1.8901598104163483e-6
8.124704085037149e-6
6.917461348940635e-7
1.8396014361268509e-6
1.2972974779357696e-7
2.131475523448146e-7
8.327495179865582e-8
8.526445611412398e-8
4.2186738376670377e-7
5.34279496822984e-7
0.00020219255598125094
5.362084019934114e-7
0.00005546168895578161
-3.659590733064429e-6
0.00001309828949483773
2.4938686203426706e-6
1.009434565042561e-6
2.2195115838753374e-7
2.3815636443282404e-8
1.692729370259804e-7
3.6520711647028867e-7
3.451730837604893e-7
0.00048938199034368
0.000014597859815108659
0.00003872738930263082
0.000012979831124015782
0.00001545404610380985
3.6059924192031727e-6
1.1500223908495867e-6
6.070652971808693e-8
-6.371683195819825e-8
1.3232643488339602e-7
1.569268292402166e-7
0.0005035802893465766
0.000011448621577379229
-0.00002101973690254357
7.429925498003111e-6
0.000012719061983048722
2.570542833137564e-6
6.778247956207898e-8
2.486874803451665e-7
1.259981358723848e-7
7.711927827652207e-7
0.0007121531749498342
-0.000024481553459098323
-0.000020023822133134108
0.00001031993738834328
6.231831879404072e-6
3.067125877041941e-7
2.750360693306263e-7
2.9133475856134234e-7
3.703537833785201e-7
0.0009234511875026909
0.00014512632846695237
-0.00008692776381622002
0.000051956459684186524
3.8162121068624825e-6
1.7574632624940881e-6
1.681575545136096e-7
9.581687176698596e-7
0.0011465298879768247
-0.000010760475769988668
-0.00004323912390349516
0.000019755609222168914
6.752317596470148e-6
3.3421219525395625e-7
6.224356141272128e-7
0.0011591870171280192
-0.0003009171047570495
-0.00010818812747470136
2.2298594969774363e-6
3.923769528035632e-6
1.3060511520865896e-6
0.00139011041850657
0.000051322641881240584
-0.00012549943523504112
0.000026921147080841344
-4.6591306901846726e-7
0.0012834638811889528
-0.0006387486696462111
0.00013887090820079284
1.2086747414009229e-6
0.0035720171405313208
-0.0008036972086261982
0.00003514085724644955
0.007599619591787922
0.0008756733644139995
0.004299964867347931
0.00004460335815088981
0.00001819590843080285
4.8097339573313704e-6
9.954894902561483e-7
1.519424233300689e-6
5.634457962746811e-7
1.3667547366056378e-6
-2.1156453624091634e-9
-1.0841136819155845e-7
-1.8019230737517756e-8
2.94955459033465e-9
3.1838642621699376e-8
6.634528903865686e-8
8.182726502939399e-8
1.560063296539014e-7
2.1557954078437694e-7
5.746497057431489e-7
0.000049231621562927027
0.00002490829722546414
6.22526501719544e-6
0.000017907858025250984
2.394865735605904e-6
2.0867738317531725e-6
-1.5051099084337486e-7
5.1191037822786874e-8
7.174945219376408e-9
1.3546334094607753e-8
4.21512248273222e-8
8.479860042415174e-8
7.806483500363184e-8
1.4452780722227754e-7
2.5854087534275176e-7
4.371978673915469e-7
0.00009515125239295987
0.0000124513611312387
0.00006965109750803455
1.6575652929426845e-6
0.000013265548753420204
-3.267310571424012e-7
7.528374418928872e-7
9.135675337940626e-8
7.543300558250496e-8
2.6948411489233538e-8
3.6179233343092655e-8
5.5684731105294694e-8
9.605994345701864e-8
1.8655992487358522e-7
3.825559491449216e-7
0.00024169622406963493
0.000012166095418859995
0.000011262390644923085
7.945439394102963e-7
1.2595746022206055e-6
-1.652139564353139e-7
1.6030057845197935e-7
1.584783196648931e-8
1.5640261468288048e-8
2.8276620189608607e-8
2.275065525825067e-8
9.367318894888834e-8
1.1873657818849193e-7
2.0279777531903368e-7
0.00021960501066122903
3.6927340354474012e-6
0.00005388652388661408
-7.014478601270186e-7
3.0590437302152746e-6
1.46231042219823e-7
7.738932683082689e-7
4.682817762260973e-8
9.226719749159988e-8
5.0568444521993877e-8
6.441776162631746e-8
2.2481860864647323e-7
3.2065030457601596e-7
0.00007912635490456993
-2.1414143606036794e-7
0.000021625452289076567
-1.422460532368797e-6
4.326941056971625e-6
1.0347780335320988e-6
3.969448334817288e-7
9.646432702731083e-8
2.576059472735017e-8
9.08563342338104e-8
2.0639245364799764e-7
2.326393213363103e-7
0.00015366534609739552
7.081166035205635e-6
0.000014651080349040729
3.7091260046004355e-6
6.8113771621146735e-6
1.4748881944715308e-6
4.630376139650885e-7
1.530163284896317e-8
-2.3384080522602886e-8
4.5053557266956034e-8
6.832928787043191e-8
0.00023492993815234865
0.000015170957121181561
-0.00002168656953814279
2.345565106490449e-6
5.268456093420332e-6
1.0009666662755633e-6
2.480440324408836e-8
1.1668802768011455e-7
1.2591408460901382e-7
5.155776598418281e-7
0.00031539912089487886
5.147272652690727e-6
-3.6583527675765726e-6
2.460316701379905e-6
1.8977469466463413e-6
-3.87541258457853e-8
9.689236825326665e-8
1.9072574172454986e-7
2.7371205782105517e-7
0.0003544037073885868
0.00007001109688229727
-0.00003759456509403347
0.000021494129023758845
4.4145576723405795e-7
5.176450994248207e-7
9.114114243766386e-8
5.803327810466047e-7
0.00047249576242618644
7.957916799118226e-6
-0.000011226940467550396
3.2571935750617263e-6
1.7960756199951066e-6
1.2298269296390134e-7
3.294166165521934e-7
0.0004696987977180536
-0.0001225770538711786
-0.00003259915725838566
-2.3536736711021694e-6
1.6016613750081993e-6
6.799734049444464e-7
0.0005602013776521246
0.000018622932285286645
-0.00005145635113593288
9.178359476181204e-6
-2.2937982829738013e-7
0.0005428450065716119
-0.0002465870428581859
0.00006079248749671437
5.883787263028181e-7
0.0015866071491956173
-0.00026604978817130706
0.00001316787847493103
0.0034815988766988735
0.00040053772302592577
0.0020431611661577012
0.000025874236106517448
0.000010631837137339143
2.919435858286945e-6
6.850319576174145e-7
7.112093822515714e-7
3.3631507667762934e-7
5.216546444952151e-7
-1.4715671082850399e-8
-6.539985365620962e-8
-2.0936427378565282e-8
-8.388642447357855e-9
1.4179111031625422e-8
4.151098452133227e-8
5.864282114866448e-8
1.0307849396789045e-7
1.5074355480910563e-7
4.070722397151313e-7
0.000024706498403905986
0.000012333191530577428
2.5415437848371343e-6
7.189946788901155e-6
1.0394952982844585e-6
6.864685904648162e-7
-1.1567023468638139e-7
-1.478572614434539e-8
-1.7765254685698882e-8
-6.864708565529272e-9
1.3316181737957267e-8
4.317430912665717e-8
5.2471513391671134e-8
9.083267423086062e-8
1.573934497833138e-7
2.938551476868561e-7
0.00004496487007396302
5.020937051846068e-6
0.00003097115286667934
1.0175855872031491e-6
5.59549343694245e-6
-1.7763628494213438e-7
3.024906920955794e-7
2.0782615566050167e-8
2.4716547309479607e-8
1.332312522603347e-8
2.2541540674884003e-8
3.830996026026189e-8
6.427043399344462e-8
1.19653801592995e-7
2.510423461814176e-7
0.00011588220661561731
6.784023036117156e-6
5.774594719674571e-6
5.10960902621745e-7
4.3168467794785516e-7
-7.356930882045133e-8
4.949524902053026e-8
6.605824351573505e-9
8.758517357523678e-9
1.7406386344872162e-8
2.033273986983064e-8
5.425508490171831e-8
8.26508915885497e-8
1.4773573195763245e-7
0.0000986516427887557
2.714898249572083e-6
0.000023931702419248355
-2.9161125635365415e-7
1.347895839268981e-6
1.7616259662236517e-8
3.1349280957825304e-7
1.7144362060825192e-8
4.276953098714202e-8
3.065498224559102e-8
4.461272308499401e-8
1.211745418121056e-7
1.9839058047181348e-7
0.00003552078758002299
8.616708228052568e-7
8.352277096784165e-6
-4.060795892409569e-7
1.3513564308066572e-6
4.21451343768665e-7
1.5315307926970275e-7
4.743842723663826e-8
2.19997701149197e-8
5.358698067783233e-8
1.1440214166540386e-7
1.6483449105055507e-7
0.00006656620257757672
3.326427442683008e-6
6.281295118589306e-6
1.3513784594667723e-6
2.62978284357665e-6
5.823893370560774e-7
2.1352224837493987e-7
1.1194440503747327e-8
1.8117265225077706e-9
2.562789231737722e-8
5.954059935706722e-8
0.00010869773411217837
8.902023582193802e-6
-0.000012499491916016232
1.1887170387887644e-6
2.112439342638446e-6
4.3389439608801576e-7
1.7938074510484184e-8
5.926929085308629e-8
9.741483193920816e-8
3.165861926529274e-7
0.00013073286789700453
7.633786337554706e-6
2.0731940309161873e-6
-4.1659432313703957e-7
6.005051238333301e-7
-2.8917903422380894e-8
3.929242656584405e-8
1.0129787569890011e-7
1.6686078231075336e-7
0.00012189801025637826
0.00003330247435906092
-0.000017230595183639976
0.000010209436175308706
-8.795714620167182e-8
1.4188875821106934e-7
5.5612215261714745e-8
3.2434758372457436e-7
0.00020625066671984413
0.0000100390859533183
-1.450987248812383e-6
8.872300378202353e-8
3.786871615053169e-7
7.16690241136831e-8
2.1073012456514018e-7
0.00020617224040908632
-0.00005230485381005802
-8.398123119057784e-6
-1.4945214984029146e-6
6.009191912420709e-7
3.633239140799315e-7
0.000233210094833914
4.909197584064401e-6
-0.000017195057616428522
2.9406331457376917e-6
-1.0498468296455871e-7
0.0002056527705308275
-0.00007456293178634954
0.000022488130944708224
2.818939403324666e-7
0.0005995684128054737
-0.00006675145974285368
4.1402688408287925e-6
0.0013231213154895414
0.00015098009493509022
0.0009948780200490332
0.000015220177148812067
6.244410364635158e-6
1.7928520974709522e-6
4.6137359129360477e-7
3.666317507234628e-7
1.9438405618020022e-7
2.1844998634763058e-7
-1.6419902568535703e-8
-3.935000285323108e-8
-1.8579003473113877e-8
-1.0972981067100766e-8
5.828559222337392e-9
2.5643570515989965e-8
4.1199042572308396e-8
6.974393215469865e-8
1.0612965975652298e-7
2.8313807961607846e-7
0.000012588647722645456
6.42265771844782e-6
1.2524138132333678e-6
2.9831716043909396e-6
5.53802870136917e-7
2.840863441775408e-7
-5.1527307308370144e-8
-2.2782987360298132e-8
-1.6785134286568955e-8
-1.0254262450445766e-8
3.067294678539442e-9
2.2951677223766986e-8
3.49242050067451e-8
5.87776629125733e-8
9.997227810822513e-8
2.0250792574976616e-7
0.000021502710835731675
2.247721758415265e-6
0.000013810031997279048
6.044835325994655e-7
2.532137665194879e-6
-7.558200389842844e-8
1.2270442838254687e-7
9.3856126280173e-11
5.142875386051862e-9
5.8423577500753e-9
1.608258409383257e-8
2.6111360265267373e-8
4.287286856045271e-8
7.832736074363634e-8
1.6535740218973341e-7
0.00005527999851849728
3.922950993206538e-6
2.9387092544652284e-6
2.991254369929254e-7
1.3144550585421592e-7
-3.377750848522629e-8
1.2362424374353038e-8
2.3810764303834154e-9
4.38960751035639e-9
1.1388445438795838e-8
1.713032329391928e-8
3.443180866491447e-8
5.884543834736545e-8
1.1422882276399066e-7
0.00004378869020998373
1.7354683347446665e-6
0.00001130492215259208
-1.0489714927355583e-7
6.536219923514932e-7
3.250052158389316e-10
1.2078821287070816e-7
7.876900236396579e-9
2.136440306662404e-8
1.9557887882559877e-8
2.9596320119690247e-8
6.942988930724682e-8
1.265002301656501e-7
0.0000163433337398595
9.587866650057808e-7
2.878477103368335e-6
-1.7793994551084616e-7
3.581492789712852e-7
1.662578449976837e-7
5.820619854188436e-8
2.356006832481431e-8
1.6730830579337215e-8
3.3331192888349955e-8
6.953730252621095e-8
1.1652855995893418e-7
0.00003034238459603304
1.7235843683769103e-6
2.5177845925240973e-6
3.7338154960577184e-7
9.101088614113462e-7
2.2951016936957914e-7
9.462515634831056e-8
8.64717537069013e-9
7.498891278922124e-9
1.854105745419998e-8
4.851216345316121e-8
0.00005033825426075351
4.685882706959207e-6
-6.748390443793269e-6
6.157382561815891e-7
8.516882273232865e-7
1.8004215077964743e-7
1.4623677708440272e-8
3.4099905620715194e-8
6.907959879750586e-8
1.9474116633245781e-7
0.00005864665624405159
4.713533139048076e-6
1.2871884471327233e-6
-7.918863465211387e-7
1.145258135537457e-7
-7.807378498047607e-9
2.5223980438034243e-8
6.295386599290393e-8
1.2018945206898932e-7
0.00003811100376014942
0.000014811613520038788
-6.905992209549686e-6
4.390497184642013e-6
-9.075165102990034e-8
4.555122866094172e-8
3.302397426578732e-8
1.740387077196236e-7
0.00008509812096278637
6.868540170832925e-6
3.991686906276359e-7
-2.539821805606208e-7
4.597171948158366e-8
4.80496400070281e-8
1.3596179524848287e-7
0.00008119685562125992
-0.000018793508471323712
-2.0257739793745803e-6
-5.556129563277897e-7
2.3291380342504446e-7
1.928136470249142e-7
0.00009120968267991713
3.2286572908555837e-6
-6.1788919578246e-6
9.322997383597832e-7
9.580379303446392e-9
0.00008597837708113306
-0.000027036618867362528
8.762934825333835e-6
1.9490186024755594e-7
0.00025244067081522166
-0.000017002531796353008
1.2706128377160588e-6
0.0005115838550042622
0.00005262004473600396
0.00041223863008084405
9.075463511715326e-6
3.7475263475173377e-6
1.117155879874695e-6
3.1423824738171797e-7
2.0843920648903821e-7
1.1218585334288085e-7
8.272063732034814e-8
-1.4618014072439394e-8
-2.5493365012880968e-8
-1.4809074266719276e-8
-9.293941418295683e-9
2.2564538984373628e-9
1.626801497967235e-8
2.8522760968813507e-8
4.718975379420523e-8
7.43823181382114e-8
1.847709097477527e-7
6.745799480942507e-6
3.6342964784708205e-6
8.049108817523961e-7
1.2641696469724198e-6
3.230095007236829e-7
1.329672143283806e-7
-1.7829929599774073e-8
-1.7288922772381474e-8
-1.21439414172695e-8
-8.551422518987162e-9
7.319301669502046e-10
1.3609866827088315e-8
2.3876581407095636e-8
3.9281835504891985e-8
6.658378852596983e-8
1.3969059797021583e-7
0.00001064494644753867
1.4763892893873754e-6
6.178135270143494e-6
3.714467843044717e-7
1.1991347372743773e-6
-2.6320041988673175e-8
5.466284709353256e-8
-5.942260646730152e-9
-2.227900857000121e-9
2.6308749978561914e-9
1.08026763689545e-8
1.8655840088503386e-8
3.012769628564976e-8
5.4258301068608056e-8
1.1440069498399081e-7
0.000026403997482527275
2.376057290457833e-6
1.6660729626492732e-6
2.0493210382371164e-7
7.291744827038617e-8
-1.3772728751822152e-8
1.5683097455277513e-9
2.4198173643977765e-10
2.8035481679001005e-9
8.300306458118709e-9
1.4018796931854951e-8
2.5302589033158643e-8
4.463133052025483e-8
9.036401531800812e-8
0.000019226184048748645
1.118650394909451e-6
5.408381153994138e-6
-1.3708385694622218e-8
3.267770178344257e-7
-2.867493268040593e-9
4.6272980551356225e-8
3.877849187909236e-9
1.1053778220411202e-8
1.2461629807772643e-8
1.9561454978863995e-8
4.1129049463145026e-8
8.110585163856472e-8
7.869034061438185e-6
8.468645666647117e-7
9.589451755864097e-7
-6.148900181484495e-8
6.544121841529765e-8
5.948214600904204e-8
2.1764604863593768e-8
1.286759561915314e-8
1.284918237619302e-8
2.3313040138080497e-8
4.519626304816727e-8
8.644894207058522e-8
0.00001406897143519084
1.0336086489421687e-6
1.2366239666139573e-6
3.782634919855386e-8
3.033442735899525e-7
8.519181100465694e-8
4.1823677848246664e-8
5.566555255383907e-9
7.547593652780554e-9
1.3168132231502613e-8
3.5706273328132166e-8
0.000024090345012875973
2.7584876913511433e-6
-3.5906150023131133e-6
2.3064425059435742e-7
3.0406315974142034e-7
7.761035740159807e-8
1.1523710087486577e-8
2.330830534896892e-8
4.8329280330901096e-8
1.2381648302951945e-7
0.000025908765231262264
2.4706000334916214e-6
9.514329957890001e-7
-2.924931498235948e-7
-8.311646661342885e-9
2.759976515438434e-10
1.6611544407608203e-8
3.854178694968264e-8
8.111126113185206e-8
9.804928573480672e-6
5.811954096369804e-6
-2.8712842540808927e-6
1.9793473592751377e-6
-3.977515587251597e-8
1.5314327842628974e-8
1.6844627572035677e-8
8.355571158900512e-8
0.00003638770699910706
3.4627016576850636e-6
1.3176796615882225e-7
-1.7466741483119944e-7
3.34284947046588e-9
3.230050126434735e-8
8.669772747424323e-8
0.000033078352004982567
-6.394948747935532e-6
-7.737794801610923e-7
-3.0939533625808276e-7
9.437012005363208e-8
1.0516328674272689e-7
0.00003772778758366273
2.029072194367578e-6
-1.717952029991388e-6
2.0534642173906521e-7
3.713095573507468e-8
0.000034206616491195635
-7.416243357511031e-6
3.0165436431127814e-6
1.0970633419493874e-7
0.000098585422873157
-3.1874476574066336e-6
3.142327807638416e-7
0.00018213631605455281
0.000016294328819729468
0.00017686656303720214
5.430194143849784e-6
2.376884566920956e-6
7.143916096865268e-7
2.1156967667003098e-7
1.2653195068335205e-7
6.6649350767759e-8
3.589886651736072e-8
-1.059612957070488e-8
-1.6803368920401823e-8
-1.0645531211684091e-8
-6.593389488877787e-9
1.3857568100581544e-9
1.1009016604601576e-8
1.9633256827095274e-8
3.200715208469831e-8
5.1810108221195196e-8
1.1987905888749522e-7
3.894048392178203e-6
2.1736314635349175e-6
5.555090719525996e-7
6.161578552513432e-7
2.0496837680085824e-7
6.438352309593303e-8
-3.984518079293282e-9
-1.1949598145984415e-8
-8.421306604142912e-9
-5.846795567100578e-9
8.180736956126902e-10
9.425949197797636e-9
1.6957697928020432e-8
2.7446421166076203e-8
4.6903464971500894e-8
9.841606497460513e-8
5.322002971361656e-6
1.0339217761271186e-6
2.8522034310490308e-6
2.469682299837717e-7
5.710767531260595e-7
-6.744631582879696e-9
2.3491484099636585e-8
-6.187877672219781e-9
-3.4523120378003332e-9
1.3627355499898414e-9
7.529454425786433e-9
1.3369361069458462e-8
2.162035797362697e-8
3.866732006773994e-8
8.143004617126227e-8
0.000012349457573097832
1.4409146653301595e-6
1.0116521056179501e-6
1.4513396407100808e-7
5.071284676553214e-8
-4.769081473530459e-9
-8.371689379564962e-10
-7.979244034404203e-10
1.7457624939408374e-9
6.184951673107438e-9
1.1068341711810114e-8
1.9169700332201305e-8
3.4106418647459453e-8
7.088809086966646e-8
8.542590312548653e-6
7.336834699333132e-7
2.6050747488351124e-6
2.0193405400358677e-8
1.6480959820190852e-7
-1.4196690780424504e-9
1.8784064520045015e-8
2.151923520871249e-9
6.1390131511674294e-9
8.076257689063304e-9
1.3051811016536481e-8
2.5682578222840717e-8
5.330573608837448e-8
4.021124016379741e-6
6.82771059328076e-7
3.3916313289001643e-7
-3.875136471480598e-9
2.6504168117428953e-8
2.0864685962676583e-8
7.297701907847014e-9
7.609801070898043e-9
9.846180727969813e-9
1.7199923448542628e-8
3.2130240508457746e-8
6.606872119138354e-8
6.606738981295669e-6
7.204814230915124e-7
6.388184892461745e-7
-1.110545814779317e-8
1.2066783316322662e-7
2.9443846963133394e-8
1.985150035399236e-8
4.015306109607565e-9
6.077963144704106e-9
1.0652357040675116e-8
2.726956361337262e-8
0.00001206811549796666
1.690441743952548e-6
-1.6418857180631823e-6
6.340572813636033e-8
9.14700287564036e-8
3.6085433095095804e-8
8.757152466397742e-9
1.643911043698073e-8
3.3204284321603304e-8
8.20052983809397e-8
0.000011108853537958026
1.5169461450529625e-6
5.873098585819517e-7
-8.264169297878475e-8
-5.694244686554708e-9
3.0982746905293045e-9
1.1114094015181009e-8
2.4338783005555528e-8
5.4715438450353314e-8
4.19932675875568e-6
2.3946273836403703e-6
-1.2527375845714114e-6
9.369348184295747e-7
-1.576176274816271e-8
6.840010523982721e-9
1.2366041707326646e-8
4.79557461123741e-8
0.000015734568198502865
1.9264147091777437e-6
-3.2470163538228274e-7
-7.047066416783571e-8
-2.522685806620626e-9
2.1353716191567283e-8
5.7855677805602784e-8
0.000013897295031706747
-2.1921768561398484e-6
-3.239546837971657e-7
-1.6657413732739199e-7
3.6599074633163374e-8
5.8963078935353974e-8
0.000016627969896547362
1.3014216247938588e-6
-6.782399017479994e-7
8.750057648812129e-9
3.417752395370482e-8
0.000013435064797225866
-2.4692035803140314e-6
1.0103269480720465e-6
6.268578202741707e-8
0.00004100443306076835
-1.3076979723006425e-6
8.731878139551971e-8
0.00006494882141574303
5.070641857273012e-6
0.00007136493141455909
3.257435709890581e-6
1.5082144277073135e-6
4.598756324226511e-7
1.4383975047338172e-7
7.969094099452685e-8
4.0472857007790445e-8
1.435545643922465e-8
-7.994026513403222e-9
-1.1215603548549044e-8
-7.530604021465341e-9
-4.600493080818947e-9
8.836026175330387e-10
7.4484387266670224e-9
1.3419708545828436e-8
2.168039397891053e-8
3.573526337425715e-8
7.771799005226263e-8
2.2926783946920796e-6
1.3295065907044283e-6
4.024887532437317e-7
3.4927013508934055e-7
1.3760061520384983e-7
3.651830253756417e-8
-1.4187806250347353e-9
-8.24874148833531e-9
-5.968718222082148e-9
-3.977587422451812e-9
7.225852143420924e-10
6.618215127595623e-9
1.2071601049017551e-8
1.9424019640633797e-8
3.3262559452665e-8
6.929529012254468e-8
2.6912725831969404e-6
7.727337602828843e-7
1.412718579153774e-6
1.8804529070604228e-7
2.793526773240371e-7
-6.68631509048244e-10
9.437843818015525e-9
-4.965279267064104e-9
-3.016469359909319e-9
7.741629193157646e-10
5.435447623735323e-9
9.838110642525796e-9
1.5920574072809408e-8
2.832038181575321e-8
5.9556047377143186e-8
5.609800015687059e-6
9.64641861562266e-7
6.382115117429132e-7
1.0885089810313865e-7
3.8683392987248825e-8
-1.3733503959715234e-9
-1.382036870141953e-9
-1.1734960450801468e-9
1.0269436834226695e-9
4.6647460353743855e-9
8.677046280191202e-9
1.465440672795425e-8
2.6029066707391518e-8
5.48201703898538e-8
4.019846456456723e-6
5.286080077137915e-7
1.2656933631600574e-6
2.1616183002289562e-8
8.384655968603037e-8
-1.0724234460575436e-9
6.8666374834236014e-9
1.278290587150035e-9
4.094284682486921e-9
6.012554772325546e-9
9.884951750228344e-9
1.8554734184362006e-8
3.953518775784792e-8
2.210178076989055e-6
5.564531543154245e-7
2.2936613693569113e-7
1.9345521685547614e-8
2.15915439618045e-8
9.338789874744716e-9
2.6448866849497095e-9
4.70348965655177e-9
7.535201928219795e-9
1.2993535882302995e-8
2.3710668205517645e-8
5.080921709594756e-8
3.1392238740482304e-6
5.03528808821819e-7
3.4985579128521094e-7
-1.1059516351011402e-8
4.884633285365216e-8
8.476192185430515e-9
9.642577724684401e-9
3.1795872554717676e-9
5.156609930924232e-9
9.211211856036069e-9
2.2168928932711645e-8
6.293670673672729e-6
1.064618927397704e-6
-6.806390686289496e-7
3.212274708619981e-8
2.3185380844224313e-8
1.7642853741054535e-8
6.477741112760601e-9
1.1596491435292372e-8
2.3026321296413827e-8
5.551684404328478e-8
4.653281697368518e-6
9.41322489894267e-7
3.3862546474490514e-7
-2.5370945017189303e-9
-3.3386864015449753e-10
3.559640821904917e-9
7.615984753925294e-9
1.592164549069623e-8
3.7448727358040485e-8
2.1718160958836677e-6
1.1931393041564494e-6
-5.12340863935279e-7
4.626261114819307e-7
-5.471937503894315e-9
4.895187454486648e-9
9.880709263190538e-9
3.1193325178186286e-8
6.819115799105016e-6
1.0522699671163276e-6
-2.9270842390239336e-7
-3.1628324263808505e-8
-7.583444050890137e-10
1.4498825645914277e-8
3.9020055633314004e-8
5.741281209780636e-6
-3.90308983288543e-7
-1.1530782866350967e-7
-7.698585302256686e-8
1.5577468637116873e-8
3.5668573718752606e-8
8.039475165610032e-6
8.474049189223446e-7
-2.6650369624907276e-7
-3.035110516488489e-9
2.4926894621932024e-8
5.632016482636892e-6
-8.932927171841124e-7
3.8302162257302754e-7
3.3745112435717505e-8
0.00001764225659388346
-6.391504229994477e-7
1.2623971332620615e-8
0.000020194860981974148
1.305792326553837e-6
0.000029358497626627174
1.9591971911837124e-6
9.553396537205946e-7
2.960208219983346e-7
9.842270132470845e-8
5.104683513584799e-8
2.5226702272690365e-8
5.065400474657411e-9
-5.8095415731686886e-9
-7.491640535666256e-9
-5.227353648377076e-9
-3.1597920226094205e-9
5.779524395076712e-10
5.0194528792494495e-9
9.099796408749854e-9
1.4631801304982444e-8
2.445199297800645e-8
5.1441213242404976e-8
1.399909891765494e-6
8.258638075499493e-7
2.9579953113412347e-7
2.0588360959217736e-7
9.323022964073848e-8
2.274271530473401e-8
-5.763978786249968e-10
-5.730111674159441e-9
-4.270535938238686e-9
-2.7400741600305126e-9
5.861167569289265e-10
4.700026396335812e-9
8.588669545384272e-9
1.3819145199952202e-8
2.3727371357526986e-8
4.920288316695948e-8
1.3770858354600042e-6
5.800929057170941e-7
7.044746054567393e-7
1.3895684457641583e-7
1.3734104865769096e-7
2.2042437681816604e-9
3.3486973332221255e-9
-3.534983814718435e-9
-2.2705874830087773e-9
4.743344520977889e-10
3.915808809243133e-9
7.183121439477684e-9
1.165691427887549e-8
2.065583036604447e-8
4.3383689941234324e-8
2.477802563857511e-6
6.511896466603556e-7
4.1471806882503257e-7
8.172614974472091e-8
2.863882287355642e-8
-2.0516199651063507e-10
-1.4480555753223844e-9
-1.2001657008670283e-9
6.189302199667474e-10
3.5406950909484993e-9
6.731980538200326e-9
1.1224570296245055e-8
1.992711028186501e-8
4.228318704834685e-8
1.858104103161999e-6
3.786035781716273e-7
6.091412997313786e-7
1.9806602958027445e-8
4.310143225285856e-8
-6.789250337712335e-10
1.999477997701009e-9
7.539383292583872e-10
2.8541788859894425e-9
4.541209968425565e-9
7.527932267129702e-9
1.376579258088495e-8
2.9621455229455088e-8
1.3388356598578827e-6
4.458426988001083e-7
1.7590937860450794e-7
2.408822614514417e-8
1.6069039988350418e-8
5.5976663959970235e-9
1.5551109027309443e-9
3.225722861873736e-9
5.718029370376974e-9
9.856782780798263e-9
1.776621369056541e-8
3.8873810866561636e-8
1.537162436121366e-6
3.7735761603839136e-7
2.0798629796978532e-7
3.808474941900964e-9
2.3035548598196244e-8
3.3893923709855415e-9
4.844457916547035e-9
2.5632293878021993e-9
4.415584565714018e-9
7.968497402221774e-9
1.8571288221264806e-8
3.3724212271942853e-6
6.690903582983268e-7
-2.903524888218647e-7
2.8303665416198813e-8
1.0591670207635194e-8
8.971459501505276e-9
4.67104939010338e-9
8.21107100846132e-9
1.5966693399506932e-8
3.801401970717351e-8
1.935419989881578e-6
5.51247439516843e-7
1.8553612933625558e-7
1.5893665778993086e-8
2.515331788573113e-9
2.7509971987237195e-9
5.297194512967109e-9
1.0713307652500882e-8
2.5722378842270543e-8
1.209316762794355e-6
7.079682222114136e-7
-1.8994164202570233e-7
2.2772613536713666e-7
-1.10703733637829e-9
3.6489187865251433e-9
7.562472697385612e-9
2.1263302321118035e-8
2.8967730796693583e-6
5.286972487040201e-7
-1.3026667543541432e-7
-1.2934231273215921e-8
7.088216631341441e-10
9.679741478773172e-9
2.5586824299028177e-8
2.331378806711856e-6
8.330820354704032e-8
-2.4366507413675566e-8
-3.3844452304481895e-8
8.21736679887881e-9
2.2574651791098352e-8
4.07691111580004e-6
5.491427784570874e-7
-8.808014194448217e-8
-9.335388109200822e-10
1.7504975163778968e-8
2.4605693840583836e-6
-2.3700745248599328e-7
1.3736141864511582e-7
1.9856535363638478e-8
7.457926292035306e-6
-2.90813767604253e-7
-1.53971797863735e-9
5.330491298962096e-6
2.8201700784760065e-7
0.000011874845751615324
1.1833413510846132e-6
6.038414958388786e-7
1.8970849079459623e-7
6.768818750522213e-8
3.305142852142288e-8
1.57970893536206e-8
1.4135496244581835e-9
-4.126520477122873e-9
-4.986568013622276e-9
-3.572202309916264e-9
-2.1413749905877363e-9
3.8367056007841764e-10
3.372621848544511e-9
6.107600399996903e-9
9.80511901518485e-9
1.6551740192958296e-8
3.421788161561899e-8
8.930300510757189e-7
5.260244536444393e-7
2.2182843478557436e-7
1.2827496825478803e-7
6.370499865666055e-8
1.532279540933341e-8
-1.8087905299327804e-10
-3.955849226725668e-9
-3.075446629176281e-9
-1.931136303871865e-9
4.49279522439454e-10
3.3715696986204663e-9
6.13674508369455e-9
9.890181693140308e-9
1.7052273877479666e-8
3.526367355035119e-8
7.346895219131364e-7
4.3756997696322664e-7
3.6306549178539985e-7
1.0052038096316397e-7
6.957242015228767e-8
2.8938419345733486e-9
9.438949435112266e-10
-2.4977313636264033e-9
-1.6700398128063491e-9
2.94760991737811e-10
2.7865884833710764e-9
5.186743733557977e-9
8.466444276423786e-9
1.4966916003919656e-8
3.14229455415707e-8
1.1123817464773634e-6
4.454672260659457e-7
2.7415548570196944e-7
5.995613052120234e-8
1.9914066969961684e-8
2.2939044444993972e-10
-1.2951426441598964e-9
-1.087895092901681e-9
3.9236081200332884e-10
2.698424233116565e-9
5.187501782813131e-9
8.611749120535616e-9
1.529833109275364e-8
3.2559102380142166e-8
8.609408867116071e-7
2.6831851153882276e-7
2.9136189698635174e-7
1.5784101022699206e-8
2.2117541231519793e-8
-4.943944692642059e-10
1.7452651816105792e-10
4.3939344936969756e-10
2.040367261656193e-9
3.449221886156064e-9
5.74292939469999e-9
1.037140618446348e-8
2.233990297106348e-8
8.252050520292471e-7
3.1954410484908295e-7
1.283530411344489e-7
2.1872852917554785e-8
1.1127586955329846e-8
3.432699187505422e-9
1.0595341191777288e-9
2.288267526046739e-9
4.23168897273395e-9
7.2631662288831596e-9
1.3093435281439298e-8
2.8818622123344915e-8
8.007223348946583e-7
2.7593273520182527e-7
1.3292983246510144e-7
9.46004273993532e-9
1.1630112741880729e-8
1.824933795037129e-9
2.6096015638246156e-9
2.140327673386117e-9
3.700618066208253e-9
6.743199149225518e-9
1.5487715446019864e-8
1.8590999991508242e-6
4.263471161655511e-7
-1.2145781044810476e-7
2.3644185953995572e-8
7.132371349456595e-9
4.574367123578722e-9
3.3206205317122454e-9
5.793775629344106e-9
1.1141558773152174e-8
2.6360541571103616e-8
7.929569859419274e-7
3.2661753872331813e-7
1.0587057517969194e-7
1.600697780693741e-8
2.091449165560667e-9
1.9876804841033357e-9
3.7122257297009472e-9
7.392444833894411e-9
1.7864340920346408e-8
7.240083629637125e-7
4.3922441214640017e-7
-5.6754201861597184e-8
1.0989136257481959e-7
3.7552644092451615e-10
2.8422945822953487e-9
5.823088291603322e-9
1.537740934478764e-8
1.2532864236262093e-6
2.5873467986021164e-7
-5.9190991819105276e-8
-4.982020501622816e-9
1.1526659122057175e-9
6.545138103977445e-9
1.707776838530896e-8
9.644190089107865e-7
1.2032192111500253e-7
3.966817045525721e-9
-1.4690407451739319e-8
5.217679562978213e-9
1.477629878969082e-8
2.1058419757011024e-6
3.4772919390675326e-7
-2.0349239723577368e-8
1.0200827127411245e-9
1.2441093655120755e-8
1.1369443123967167e-6
4.614715202081042e-9
4.688195156644955e-8
1.2766201354930626e-8
3.137880008804557e-6
-1.1784962111047148e-7
1.8935912568478758e-9
1.6173182098024346e-6
4.195109276042157e-8
4.7533694957671206e-6
7.345081590785742e-7
3.861227372806698e-7
1.2268636839434207e-7
4.637540406959896e-8
2.1754964261528057e-8
1.0130481855532519e-8
1.7288064820879196e-10
-2.8887439760399647e-9
-3.3385170912799208e-9
-2.428793606001122e-9
-1.4506967946579673e-9
2.512831086017655e-10
2.263805595310684e-9
4.104294236158724e-9
6.588165817626778e-9
1.1180116454452698e-8
2.2915697214875924e-8
5.837485386085284e-7
3.427770674924374e-7
1.6293162179171666e-7
8.452199262222871e-8
4.411411675976704e-8
1.0718747385315157e-8
7.523443506232172e-11
-2.7127567855891343e-9
-2.2039551682206006e-9
-1.3784518807072376e-9
3.128900820251064e-10
2.390356270362373e-9
4.359001550922559e-9
7.041043738830755e-9
1.2177231278872659e-8
2.5167023522276257e-8
4.422171905486084e-7
3.250619263041904e-7
2.0529549262620296e-7
7.358084416929917e-8
3.6243846878836296e-8
2.2792939714291985e-9
-1.1737141127024903e-10
-1.799274786308516e-9
-1.2237526884327415e-9
1.844449054865257e-10
1.9959384632307017e-9
3.7610256680433805e-9
6.1643228971514085e-9
1.0883392410220511e-8
2.2859645500553472e-8
5.611958584997302e-7
3.072888970627574e-7
1.838179933416301e-7
4.3923755098197014e-8
1.338378606632013e-8
3.030521885600389e-10
-1.0621018250118492e-9
-9.06609078549584e-10
2.4763565817846546e-10
2.019995585555103e-9
3.908005610516479e-9
6.482312303351999e-9
1.1526352433669209e-8
2.4562672847922253e-8
4.2895243629131055e-7
1.9227513816835642e-7
1.3953702710169902e-7
1.197250851914103e-8
1.1057669332840833e-8
-4.156059500790641e-10
-3.558320951233804e-10
2.585205198545849e-10
1.4863674667356351e-9
2.6348346613096756e-9
4.390506188953367e-9
7.886117215266586e-9
1.697745605001351e-8
5.23789201736831e-7
2.289670649166886e-7
9.437507015285006e-8
1.8466057945754303e-8
7.790273492969594e-9
2.1917794097485095e-9
7.381045927587776e-10
1.6597067854725078e-9
3.1525386766656782e-9
5.38211924298489e-9
9.741123495838839e-9
2.1469362069019184e-8
4.2519072681496666e-7
1.9538761644080808e-7
8.597861573359792e-8
1.003086686428167e-8
6.78847921587145e-9
1.1393076460882943e-9
1.496167973324839e-9
1.7032838503908833e-9
2.9318425417723033e-9
5.3691965622020115e-9
1.225797688713508e-8
1.0821141612675877e-6
2.8311441609223895e-7
-4.169609552338557e-8
1.994855128507392e-8
5.128895625857181e-9
2.502507069766833e-9
2.444156810023404e-9
4.2453286976460606e-9
8.1259959122729e-9
1.9143469275960233e-8
3.444638575384695e-7
1.9327855690756306e-7
6.342785218710841e-8
1.272912612791511e-8
1.6815527558624857e-9
1.4627392312945248e-9
2.6443869812593866e-9
5.185030190307055e-9
1.2543968321208877e-8
4.479202557066686e-7
2.749548554849721e-7
-5.5282481688410274e-9
5.351192848337814e-8
8.226080115333567e-10
2.204100985526584e-9
4.434407621108244e-9
1.1397356101163766e-8
5.652748350973868e-7
1.5192796098552598e-7
-2.4081065382209145e-8
-1.2699950459650161e-9
1.2234973702576048e-9
4.55432760887169e-9
1.1806151445996958e-8
4.1330465539463633e-7
1.0893163659469588e-7
1.3481522566953406e-8
-5.50067887204225e-9
3.632313763838035e-9
1.0048857025807853e-8
1.107112637102359e-6
2.2040713773930324e-7
2.1339056828486122e-10
1.4199606050487993e-9
9.04447489399561e-9
5.523841557908192e-7
7.663555274114626e-8
1.42488063021799e-8
8.929338626726267e-9
1.40039538632972e-6
-4.0210950899806553e-8
3.4575381721826574e-9
7.603543119534503e-7
2.871926453352084e-9
1.8877146576319593e-6
4.6765770248390756e-7
2.521213692181907e-7
8.141864887266476e-8
3.0523357591245236e-8
1.4780764568809707e-8
6.74120993594129e-9
1.28923645355832e-10
-1.9634604683401173e-9
-2.246666960194544e-9
-1.6481106653165227e-9
-9.873879658999282e-10
1.605976766561169e-10
1.521062796701727e-9
2.769078597415065e-9
4.4448626287912085e-9
7.559248866183469e-9
1.5436380847071023e-8
3.888504427184485e-7
2.3273899072605697e-7
1.094231970078759e-7
5.878073916468093e-8
3.058133569494271e-8
7.644938219886464e-9
6.146241846255045e-11
-1.8857636407358963e-9
-1.571698354543097e-9
-9.891996317471747e-10
2.038591439270109e-10
1.674523067083574e-9
3.0724777286879023e-9
4.9710063581231864e-9
8.609651198911219e-9
1.7799445776373468e-8
3.023693662343933e-7
2.1971142764730606e-7
1.3315588495993263e-7
5.5274917703424513e-8
2.0390026331807327e-8
1.7209778013517824e-9
-5.385539056604007e-10
-1.3283582065230278e-9
-9.123693172698294e-10
1.1715305842133866e-10
1.457346567389942e-9
2.775746554124881e-9
4.5598309649391456e-9
8.045544489171187e-9
1.6913314378172085e-8
2.955900208334454e-7
2.0935473496203477e-7
1.2002907399043589e-7
3.1377108335730844e-8
8.722436964119971e-9
2.977244197447779e-10
-7.675203730035805e-10
-6.662654860005094e-10
1.4822921710556703e-10
1.3919746143576151e-9
2.7022355076956275e-9
4.482634862304947e-9
7.978163640422874e-9
1.7023169131397366e-8
2.6608819245700363e-7
1.4912324528319567e-7
7.409236184660075e-8
9.409612925778704e-9
5.363236435912405e-9
-3.6954914483376534e-10
-4.106234261658791e-10
1.5843995922385703e-10
1.1473759945490322e-9
2.116303072950152e-9
3.5263551435969714e-9
6.326111853018969e-9
1.3641024844385606e-8
3.395494312129598e-7
1.654568012421315e-7
6.578801725250868e-8
1.403181562081229e-8
5.3384893986875606e-9
1.4108171471046969e-9
5.21945276447847e-10
1.2109503354676662e-9
2.3294786276593436e-9
3.9641372970053596e-9
7.198598639132654e-9
1.5880689395213753e-8
2.63201321786135e-7
1.425987481427189e-7
5.639073740409731e-8
9.195508251861747e-9
4.69717263095082e-9
8.864955746142606e-10
9.714088201003517e-10
1.3872260380454482e-9
2.3826934821761467e-9
4.380160055893502e-9
9.96790794351226e-9
6.502437677147911e-7
1.95287262647108e-7
-4.797825963937812e-9
1.6006152705879668e-8
3.884446395122569e-9
1.4871884258757347e-9
1.8170045460332645e-9
3.1460866366875376e-9
6.012005378538729e-9
1.4127229024474215e-8
2.0708024349528018e-7
1.2626712425024175e-7
4.335611802496562e-8
9.72353783869142e-9
1.329601992765154e-9
1.125236664604462e-9
1.9731449533518463e-9
3.831398372786405e-9
9.269920351507876e-9
2.899728719971016e-7
1.823026098551836e-7
1.1595450033843895e-8
2.6522988351632015e-8
8.970685718265889e-10
1.717771031253335e-9
3.4246830891925333e-9
8.702576680453908e-9
3.094873687956753e-7
1.007243352849506e-7
-6.8096571703086036e-9
4.263027325037865e-10
1.1805734521680322e-9
3.309352388491882e-9
8.570904524161094e-9
2.1285363975368253e-7
8.401914277792978e-8
1.389190709600096e-8
-1.2060354562834191e-9
2.646314881531539e-9
7.097148724418801e-9
5.931334161577836e-7
1.4168625215988936e-7
1.0363422129052946e-8
1.6259209197906642e-9
6.687181222168086e-9
2.8911989316014584e-7
8.384318861029629e-8
4.478467477389953e-9
6.385305792705047e-9
6.760820963349612e-7
-7.2786062583605556e-9
3.819229608702687e-9
4.245748499615194e-7
-1.1896565177835516e-9
7.459248041827805e-7
2.9651652271044046e-7
1.6334573924634428e-7
5.3555121962359674e-8
2.0169789920388055e-8
9.942841739349775e-9
4.494234382926624e-9
1.6827220307184063e-10
-1.3056435561079446e-9
-1.4947110256444506e-9
-1.1046030881155541e-9
-6.634386112209732e-10
1.0220692277847337e-10
1.011753417234273e-9
1.8484147171542615e-9
2.9672670436659882e-9
5.055096514452375e-9
1.0312318989228408e-8
2.5650511432346597e-7
1.5615953031762484e-7
7.40135000987897e-8
4.057841657906193e-8
2.1045608423864213e-8
5.505742594575514e-9
4.423200157735455e-11
-1.2904557610606052e-9
-1.1003761912270131e-9
-6.967744162580973e-10
1.3143244425347884e-10
1.155634775223533e-9
2.1311777786477054e-9
3.4527793263828648e-9
5.987383851371385e-9
1.2388922825398274e-8
2.0481668623488573e-7
1.51874637833566e-7
8.985489589001956e-8
4.085608279682926e-8
1.2567010057773618e-8
1.306170082391344e-9
-5.778716728942265e-10
-9.57840303108729e-10
-6.621736889163633e-10
7.670420536643648e-11
1.0479180413482914e-9
2.007713277809402e-9
3.303055460204148e-9
5.828135711914361e-9
1.2264815917594426e-8
1.980761590195643e-7
1.5033990317713325e-7
8.116722310079002e-8
2.280398127465308e-8
5.6834168754640116e-9
2.1989379116940757e-10
-5.869191481250839e-10
-5.061372786950951e-10
9.03461868351359e-11
9.976563315188608e-10
1.940842162409951e-9
3.2202293619714305e-9
5.736741132121437e-9
1.2253293247492135e-8
1.8198118334069557e-7
1.1420824973648102e-7
4.3919074576586195e-8
7.391424856732562e-9
2.694044238438735e-9
-2.6381376317577534e-10
-3.240766381631511e-10
1.069548189557388e-10
8.754404267449313e-10
1.655257578709456e-9
2.759579673203766e-9
4.953314259423959e-9
1.0699189342733243e-8
2.228605612205408e-7
1.1963517995740776e-7
4.526643485968472e-8
1.0462212417061417e-8
3.638528984524914e-9
9.222323544661438e-10
3.7217205943175095e-10
8.84471085523588e-10
1.7063462917838959e-9
2.895496461989091e-9
5.2701166541671855e-9
1.1634280999639234e-8
1.7559807569133205e-7
1.0486216015658342e-7
3.86527061631222e-8
7.956028773307945e-9
3.5652206747649815e-9
7.652294486365887e-10
6.943347773952644e-10
1.1216983439300033e-9
1.9230705630089366e-9
3.5462190513736367e-9
8.057255701831118e-9
3.977822400499686e-7
1.381624421896275e-7
1.0090072855340391e-8
1.2327784429362935e-8
2.899810846987948e-9
9.592517811891644e-10
1.346354258968846e-9
2.3279154581568526e-9
4.444590926558265e-9
1.0430350973931086e-8
1.4942157961354295e-7
9.293450430450867e-8
3.379285787994839e-8
7.497489923625605e-9
1.0218453630479093e-9
8.905330439745174e-10
1.539969025025522e-9
2.983752663435814e-9
7.220907185814955e-9
1.952818245332899e-7
1.3036725712827406e-7
1.5898035482367567e-8
1.3244691833650203e-8
7.967589701199119e-10
1.3416356699929095e-9
2.661602442797857e-9
6.735641791316521e-9
2.0612274165202626e-7
7.778245482782757e-8
1.6175656836980923e-9
1.0685819659368307e-9
1.0772091943153762e-9
2.5609373669972112e-9
6.646008825594221e-9
1.4776948685470822e-7
6.614242238803918e-8
1.274679228018691e-8
5.77364471340033e-10
2.076743842380052e-9
5.459745804122165e-9
3.289622066194112e-7
9.624301329554121e-8
1.2048056349981665e-8
1.6543921708776902e-9
5.034300459342592e-9
1.7182106404118643e-7
6.31052744098955e-8
4.105571787804878e-9
4.6722224734403946e-9
3.341658920147766e-7
6.327131482220596e-9
3.341546968907203e-9
2.5414038246928424e-7
1.1336005704224066e-9
3.1596896267787124e-7