0.0001592893466444524
0.000031157605759469976
2.1171448747251817e-6
1.5737410537235968e-7
5.320125996995197e-8
5.4227350827413095e-8
5.62442736215871e-8
7.302083455625373e-8
1.165761915968761e-7
1.3170754703937957e-7
0.000035137101431379205
8.119092816657153e-6
3.574480045361153e-7
4.3062518401593486e-8
3.188310169935824e-8
2.8836473979998323e-8
3.666138750732427e-8
5.8698540738953926e-8
6.294953464784253e-8
0.000012583474672910136
2.029686553997647e-6
7.399695390798754e-8
8.036569358976204e-9
4.390062718536469e-9
3.869370939886819e-9
5.021172941615503e-9
5.421328361559692e-9
7.325485383130126e-6
1.516982043638806e-6
1.7527955562853293e-8
2.173152757487022e-9
1.0625482579749784e-9
1.2594604337205213e-9
6.403879184451516e-10
5.115894896295634e-6
9.384855739381076e-7
3.1467977600110776e-8
2.696295708267262e-9
1.676746665881366e-9
1.127995035420026e-9
4.43976738580402e-6
9.770905986405694e-7
1.3141035626829196e-8
2.9516185345964765e-9
1.6060989001333822e-9
3.795690568197113e-6
9.303055784296045e-7
2.4897913501035315e-8
4.76896670866726e-9
3.749733759521249e-6
8.073538565126754e-7
1.0739519330557655e-7
3.1653108186621626e-6
1.6835708043118348e-6
2.49061688271879e-6
0.00013965507293954994
0.000029066321580925753
2.03273192144913e-6
1.500629798901097e-7
4.947160740430152e-8
5.0229829414119764e-8
5.193553915900109e-8
6.763087712351783e-8
1.0835606024213073e-7
1.2218356428009398e-7
0.0000349017338258575
8.420333162336724e-6
3.7211082698638797e-7
4.247636351082926e-8
3.07212254208062e-8
2.7525696287900775e-8
3.482990360840294e-8
5.559009586922617e-8
5.949290188137547e-8
0.000013492413492518217
2.218388542986479e-6
8.103703424729629e-8
8.447856055726237e-9
4.517853206426498e-9
3.899256714221084e-9
4.991345784885912e-9
5.377568077283959e-9
8.102005644796535e-6
1.6922137154316469e-6
1.9578047993482916e-8
2.3890358947096586e-9
1.1491350466961468e-9
1.3479115645999746e-9
6.608860521793074e-10
5.741612175809762e-6
1.0588916881269072e-6
3.5573738100455825e-8
3.0242903221882446e-9
1.8654046802575203e-9
1.2473145884170384e-9
5.02576039840279e-6
1.109718482204315e-6
1.493880632495149e-8
3.3331842181217074e-9
1.8019140208836086e-9
4.328891636856138e-6
1.063989854128311e-6
2.8477867197291648e-8
5.445660361451977e-9
4.297498806907049e-6
9.271943343229555e-7
1.2346217847737219e-7
3.6411380623590005e-6
1.939342717767833e-6
2.872962220956095e-6
0.00011954028451464062
0.000026017202272129525
1.8790232272816374e-6
1.378285313439704e-7
4.4029170740924056e-8
4.4475285764472554e-8
4.588432437041029e-8
5.983496010210811e-8
9.607497239825621e-8
1.0812856007003546e-7
0.00003340801897864524
8.483851321760332e-6
3.775388484574723e-7
4.0421463258400874e-8
2.8398415296043038e-8
2.5150952963452295e-8
3.162920992860934e-8
5.026654454524153e-8
5.367608459761283e-8
0.000014141137675694547
2.3800963328346863e-6
8.720942521318683e-8
8.67399283432447e-9
4.527735404553939e-9
3.813084963031158e-9
4.803289557473485e-9
5.161748274209465e-9
8.817572820604788e-6
1.8605820214763268e-6
2.1571770156174438e-8
2.585735713821558e-9
1.2221781535295003e-9
1.4172865047614236e-9
6.675122624085001e-10
6.359711916105557e-6
1.1815727545215945e-6
3.979658340548511e-8
3.35119490087554e-9
2.04966173710084e-9
1.3624683255766593e-9
5.632984020058727e-6
1.2482336838614754e-6
1.6813924290836273e-8
3.7281985906796365e-9
2.0029982732716004e-9
4.887137243829804e-6
1.2042371169369934e-6
3.2249599945782254e-8
6.163275110752898e-9
4.8755183919501665e-6
1.054818744641852e-6
1.4067376771418788e-7
4.151929038810414e-6
2.2156365031420173e-6
3.2882396537508272e-6
0.00010063516359610896
0.00002245747687288957
1.6760552048791968e-6
1.225499556581392e-7
3.7747709553832385e-8
3.790967147392805e-8
3.907182891487805e-8
5.0915359523965126e-8
8.173389750545597e-8
9.187256714356016e-8
0.00003068834423092352
8.256676521775736e-6
3.7200803050953967e-7
3.707280806344231e-8
2.5187083360456875e-8
2.2016657966850712e-8
2.748576470239884e-8
4.345511754462646e-8
4.631486508956426e-8
0.00001440478089728859
2.4950131215518664e-6
9.186254019669588e-8
8.669129000649204e-9
4.408968381549557e-9
3.6154835771740766e-9
4.476867421147493e-9
4.796836325802282e-9
9.40532088055825e-6
2.0095404359844973e-6
2.3367613937212052e-8
2.7467370871090476e-9
1.27576307138815e-9
1.4619860412158694e-9
6.609877822435774e-10
6.930478906144637e-6
1.299010457048602e-6
4.3890652029539414e-8
3.6585269117988526e-9
2.2192431604586033e-9
1.4676168131315228e-9
6.225486363649266e-6
1.3856660599283955e-6
1.8691704854773466e-8
4.119721419423262e-9
2.2010956166072018e-9
5.4526090481257724e-6
1.3483383847721296e-6
3.613324247864103e-8
6.9049967686898674e-9
5.474858389568171e-6
1.1879690243247454e-6
1.5866659229625541e-7
4.6862225963298765e-6
2.5052947886349436e-6
3.724914658555404e-6
0.0000839025534023048
0.00001899169391879653
1.4574187230787875e-6
1.0700807569240264e-7
3.1813057745940905e-8
3.1796094208049125e-8
3.274766977163168e-8
4.261953645164827e-8
6.828473925384357e-8
7.67678992903981e-8
0.000027077400893716693
7.722084054283168e-6
3.551813554188806e-7
3.2959784180253365e-8
2.1663088095722834e-8
1.871231057574035e-8
2.320300597895724e-8
3.65099811520164e-8
3.888503097870188e-8
0.00001416368574509453
2.540607270852906e-6
9.425257308274636e-8
8.407525001314667e-9
4.169252892612596e-9
3.3339919873579756e-9
4.067188768301734e-9
4.343347748088726e-9
9.782746185536991e-6
2.122602426521279e-6
2.4786363177313693e-8
2.8525288829853865e-9
1.303797724260614e-9
1.4773865774439861e-9
6.444792846736586e-10
7.401061112650797e-6
1.4022542992675492e-6
4.756643899665288e-8
3.921771672156003e-9
2.3614319690298496e-9
1.5560468867546611e-9
6.763238741259689e-6
1.5134315129319602e-6
2.045661125008134e-8
4.486589114374778e-9
2.3877080164226987e-9
5.991244485972584e-6
1.4877373509244402e-6
3.9917386992632706e-8
7.641280580812024e-9
6.061849823732973e-6
1.3201774933348263e-6
1.7669699626752048e-7
5.222796914318777e-6
2.798995701612193e-6
4.1715724573211106e-6
0.00006927233860555128
0.000016066792423397728
1.2540536250740106e-6
9.33057782795802e-8
2.703894518677091e-8
2.698252207064308e-8
2.7729171735087675e-8
3.615312288231582e-8
5.795024190375843e-8
6.523761479551449e-8
0.000023175519435426293
6.924706655014439e-6
3.2843786704761197e-7
2.8785222252106943e-8
1.8472248386462625e-8
1.5859793529490752e-8
1.9605815685797957e-8
3.079856518598655e-8
3.283508906347641e-8
0.000013346151726292443
2.4951971064353158e-6
9.36463825023097e-8
7.890511264598968e-9
3.83091002197285e-9
3.0071462362909313e-9
3.6393340232410903e-9
3.871056763896547e-9
9.85886757894419e-6
2.1803412856080768e-6
2.5612407737641192e-8
2.881309966674888e-9
1.299441054687948e-9
1.4580619070944274e-9
6.207236048577469e-10
7.706078689238977e-6
1.4795933999861878e-6
5.044158963786621e-8
4.109723513978136e-9
2.459350915409229e-9
1.618117237861689e-9
7.192427048127644e-6
1.6200922936683908e-6
2.1961153343109806e-8
4.7989678094935214e-9
2.5488170551043655e-9
6.460815574180501e-6
1.6125287861590576e-6
4.334285358085011e-8
8.32654187748049e-9
6.597877221263715e-6
1.4432839494986785e-6
1.9368007077802397e-7
5.729490216730669e-6
3.079504104376542e-6
4.602656839334446e-6
0.000056112010578785576
0.000013643547091328223
1.0727793303490728e-6
8.11125235845381e-8
2.317378255133576e-8
2.314426212709365e-8
2.3735302064274462e-8
3.1077119213091436e-8
5.0078381793932034e-8
5.6358560971134286e-8
0.000019594860790084088
5.9792162387156676e-6
2.9444230144120386e-7
2.499474131893366e-8
1.5874173594600846e-8
1.3646633689379875e-8
1.6899550191761054e-8
2.6611039922340577e-8
2.8399035962430145e-8
0.000011989976530971537
2.3456192523406843e-6
8.951793527440872e-8
7.147945162891266e-9
3.417192273918746e-9
2.657425643751244e-9
3.2180954197249738e-9
3.4048401579154357e-9
9.553190725046699e-6
2.1627770770939347e-6
2.56174175215329e-8
2.811536410336628e-9
1.254309658940443e-9
1.3954815156255238e-9
5.874890512895823e-10
7.773076055758103e-6
1.5173056132192788e-6
5.205722722682904e-8
4.184993791706154e-9
2.4912160332532996e-9
1.6399029857056192e-9
7.447879603383665e-6
1.6913612989761322e-6
2.3016167183009025e-8
5.0165380242443986e-9
2.6637665880938327e-9
6.806482862874331e-6
1.7094835130084173e-6
4.606271413844079e-8
8.898442528495717e-9
7.030685210844869e-6
1.5463590862215279e-6
2.0819650989392275e-7
6.164604347404943e-6
3.325224096796181e-6
4.987074059094978e-6
0.00004409335831250446
0.000011279098019957951
8.962693125678362e-7
6.824163545045674e-8
1.915553383632585e-8
1.9073231482141052e-8
1.955611490196737e-8
2.564062218523918e-8
4.144983726787634e-8
4.646501017114591e-8
0.00001657071600701135
5.041418884645071e-6
2.561324080082795e-7
2.1397195735877957e-8
1.344262570943798e-8
1.1550915867657054e-8
1.431171974782655e-8
2.2557043078287032e-8
2.4023520587217998e-8
0.000010296709268876656
2.0988506115949234e-6
8.186838651520355e-8
6.241673488543086e-9
2.944587106087649e-9
2.2756638180943165e-9
2.7605943061017404e-9
2.9000358588254743e-9
8.83263840637514e-6
2.055241516497005e-6
2.4617192605721572e-8
2.62988338026082e-9
1.1610819147673724e-9
1.2801685553896389e-9
5.365764660622586e-10
7.537241734747418e-6
1.501403188538812e-6
5.1928174118342774e-8
4.109513604850302e-9
2.432958789788396e-9
1.604329855207858e-9
7.459302992830442e-6
1.711222366452661e-6
2.340454858612356e-8
5.089921607120525e-9
2.705056407814016e-9
6.964483926662661e-6
1.762843245381399e-6
4.765448309476615e-8
9.275291189729743e-9
7.296635220011103e-6
1.6157164471171873e-6
2.1843240066051261e-7
6.4747281903297686e-6
3.507946280813608e-6
5.283489660709945e-6
0.000033853798084976194
8.823333391653902e-6
7.210502883979955e-7
5.4515537113643715e-8
1.4729625240709856e-8
1.4489011168140257e-8
1.4808605887866063e-8
1.9391049863944715e-8
3.127234132934901e-8
3.4995259758945534e-8
0.000013868645639398724
4.236913611835803e-6
2.164739325460381e-7
1.762266492503899e-8
1.0735433010559143e-8
9.091671599800783e-9
1.1163920931020419e-8
1.7457905788097456e-8
1.8522982301777865e-8
8.607876774661424e-6
1.7926302365380747e-6
7.158685284067771e-8
5.2875805383898636e-9
2.453464288904126e-9
1.869848114636883e-9
2.248110831592901e-9
2.347475943531618e-9
7.762257858319381e-6
1.8582973265038039e-6
2.2576223819716308e-8
2.347364278086283e-9
1.0240729820320054e-9
1.1168670387806708e-9
4.658946086296422e-10
6.9707484493862054e-6
1.4219490896669738e-6
4.967270711572858e-8
3.860128588028135e-9
2.2706959402633976e-9
1.5010517474044355e-9
7.168215801202065e-6
1.6649644010559102e-6
2.29202904376805e-8
4.974025623121145e-9
2.6481888309540206e-9
6.870844787197008e-6
1.755989626095138e-6
4.7668027420535506e-8
9.368673218682367e-9
7.326305464952576e-6
1.6359686022678806e-6
2.2231810308294334e-7
6.598556641381703e-6
3.5947581749303073e-6
5.442891693193913e-6
0.000026211899677397486
6.785456686591414e-6
5.725320162908066e-7
4.294704642687358e-8
1.1266653046641766e-8
1.1052523551405535e-8
1.1284855666835509e-8
1.4749351364584709e-8
2.375496269906633e-8
2.6693401943629294e-8
0.000011259877989553158
3.58405577816635e-6
1.792854331166099e-7
1.4143924850629733e-8
8.377763629329487e-9
6.975500349988776e-9
8.475238457529844e-9
1.3146713665525774e-8
1.3948556435527322e-8
7.242558432469553e-6
1.491627012750532e-6
6.051676849456081e-8
4.446266791476904e-9
2.0348453423880222e-9
1.5256724341636947e-9
1.8089841767438834e-9
1.8928844386700364e-9
6.5372334997194845e-6
1.5987814120349604e-6
1.972986829926364e-8
2.0124672657712073e-9
8.694556401519273e-10
9.400251931438513e-10
3.930707819928053e-10
6.123702155384627e-6
1.280253822701411e-6
4.524113792475977e-8
3.4519840692734927e-9
2.018799274265861e-9
1.3402842664744117e-9
6.559283425949016e-6
1.545424425501978e-6
2.145004301560973e-8
4.651176623381767e-9
2.486539920374754e-9
6.482380803747586e-6
1.675967978201011e-6
4.574370622686288e-8
9.107254726671398e-9
7.060396547285774e-6
1.592895728542451e-6
2.178733650259956e-7
6.476444339242149e-6
3.5524014856714314e-6
5.414065420977178e-6
0.000020358912213126343
5.314883844843662e-6
4.534952445069619e-7
3.4284271043070575e-8
8.974322314980975e-9
8.838213835341753e-9
9.035023499783162e-9
1.1845013342045449e-8
1.9138681370919176e-8
2.1437077686675542e-8
8.799386748886722e-6
2.9781036405461537e-6
1.4793168872508774e-7
1.1369228269671395e-8
6.711495038612676e-9
5.590373892877098e-9
6.809052209245504e-9
1.0616384167349635e-8
1.1285837844655008e-8
6.230548361795728e-6
1.2557674847990584e-6
5.072378886308905e-8
3.764090664675618e-9
1.714145720246329e-9
1.2748350158483524e-9
1.5053372653446417e-9
1.5862047788191916e-9
5.431914670962864e-6
1.3309631673766789e-6
1.661375278168189e-8
1.6930926833748114e-9
7.290441237201095e-10
7.872742827520771e-10
3.3225244262001836e-10
5.1512411012170054e-6
1.0966321229199384e-6
3.9181590020640335e-8
2.950580247258299e-9
1.720175893133785e-9
1.1488990000821344e-9
5.70066686631625e-6
1.3620349194009214e-6
1.9083768142015578e-8
4.145040670436976e-9
2.2319018779774042e-9
5.810788022339225e-6
1.5214126961990026e-6
4.1804505098378695e-8
8.458585279635516e-9
6.4798311746333486e-6
1.4793953305060467e-6
2.0393232187142858e-7
6.071936746043546e-6
3.3578364776830337e-6
5.157914074473368e-6
0.00001563767550662837
4.0479901104763035e-6
3.5142287199035086e-7
2.7079733473181337e-8
6.766829337198451e-9
6.598290586020424e-9
6.733473828783043e-9
8.803869537122536e-9
1.419244572259184e-8
1.592139623892037e-8
6.705578230772658e-6
2.3371761727498056e-6
1.2261234049562675e-7
8.890774658154888e-9
5.094693033223952e-9
4.225873518461191e-9
5.124814955650453e-9
7.951914592904843e-9
8.460154018948405e-9
5.22701247777843e-6
1.0876376116021624e-6
4.307649103397589e-8
3.118608895120042e-9
1.4066644988715238e-9
1.033968416660109e-9
1.2175516706528593e-9
1.2748011277622873e-9
4.634690300481299e-6
1.1136101953996793e-6
1.3874955908627948e-8
1.4359926865609283e-9
6.179157486664451e-10
6.690944501827693e-10
2.794557415496907e-10
4.274576522023915e-6
9.106494385002453e-7
3.271934065397795e-8
2.460833094486942e-9
1.434541083000393e-9
9.623020502318164e-10
4.762651019009476e-6
1.147586182792031e-6
1.6211424024641818e-8
3.53519292487209e-9
1.9200523295254635e-9
4.957834823724235e-6
1.312123940079708e-6
3.630670048352407e-8
7.472893850309056e-9
5.645840167355344e-6
1.3042096457260886e-6
1.8128264424822192e-7
5.405598508442477e-6
3.0157798025245914e-6
4.672561813461107e-6
0.000012197973738231491
3.1143634971131554e-6
2.6952505129718204e-7
2.1371827895311336e-8
5.244962410560811e-9
5.113671569067268e-9
5.225525289623201e-9
6.8379209618952305e-9
1.1040028083257511e-8
1.2373444103259348e-8
5.200164619335465e-6
1.7698437238535177e-6
9.906964155559155e-8
7.006690729907768e-9
3.939209448633369e-9
3.261138060252918e-9
3.959501008674686e-9
6.158320854429739e-9
6.53054583524801e-9
4.016359347650283e-6
9.129398622283972e-7
3.6417870906926085e-8
2.461859627926021e-9
1.0958308278581764e-9
8.000059679383412e-10
9.487426824879191e-10
9.732205704617998e-10
4.023861013698132e-6
9.644944742158394e-7
1.1840480738575703e-8
1.2275199561030894e-9
5.277168841763081e-10
5.716123248378888e-10
2.350946730849108e-10
3.649825003607269e-6
7.63376883544037e-7
2.7298851894811016e-8
2.0801626717068972e-9
1.2174579002392372e-9
8.174748005767501e-10
3.960401817832741e-6
9.511940124189142e-7
1.3469144793369778e-8
2.954181020958049e-9
1.6166907916428733e-9
4.111555377908081e-6
1.0917732738593956e-6
3.035321310916626e-8
6.327859754858657e-9
4.721467998633056e-6
1.0986480972949585e-6
1.5369805171221665e-7
4.586389376875047e-6
2.5771425102024334e-6
4.022552937790387e-6
9.575224589831821e-6
2.381944131352186e-6
2.0597682479388098e-7
1.6169753278243513e-8
3.999559628273347e-9
3.901394321363468e-9
3.9893075542764475e-9
5.2087811662738085e-9
8.38169188868155e-9
9.415414914065022e-9
3.97083778250837e-6
1.3723771810577794e-6
7.431825989886122e-8
5.3421233384623496e-9
2.999298676466933e-9
2.478301468867492e-9
3.000370132234582e-9
4.652414626265058e-9
4.954285412257187e-9
3.004206872332932e-6
6.864356093595097e-7
2.9100842760653162e-8
1.8958336060562897e-9
8.325979983450769e-10
6.037921307634506e-10
7.11549797300378e-10
7.346040979241122e-10
3.2515729698715774e-6
8.239927919438207e-7
1.012660826516819e-8
1.002347717157688e-9
4.269428494163567e-10
4.5597203696504007e-10
1.8867303798300445e-10
3.177897895334296e-6
6.63840789727018e-7
2.3546183633297524e-8
1.7997536872021991e-9
1.0540936720793119e-9
7.064007299846347e-10
3.41175330670777e-6
8.102834228017594e-7
1.1396828569901827e-8
2.50460338494907e-9
1.370876842288607e-9
3.4568754600312875e-6
9.106990529441639e-7
2.5291716970266852e-8
5.271761320079966e-9
3.920804688951472e-6
9.101355442124535e-7
1.27409697733268e-7
3.799619203515638e-6
2.1382318405686323e-6
3.3452997162837224e-6
7.621082337427337e-6
1.8501146055992176e-6
1.59250819431927e-7
1.2419232758160399e-8
3.1148390635502173e-9
3.0413213070905347e-9
3.110943519805511e-9
4.0608853826124474e-9
6.536822674917503e-9
7.3399791005233165e-9
3.023789203388465e-6
1.0515991606676144e-6
5.6396261974836956e-8
4.107830668403455e-9
2.3210333747766236e-9
1.9203036444181195e-9
2.3311335111557774e-9
3.6237139917569315e-9
3.8535418751202755e-9
2.3753049701284834e-6
5.112048796232374e-7
2.203693966546927e-8
1.4881135582673816e-9
6.491233978692594e-10
4.727654612672903e-10
5.583751601046692e-10
5.820838269175325e-10
2.368224420596455e-6
6.286575691288645e-7
8.091438628460115e-9
7.691339914942759e-10
3.237757250252417e-10
3.4138213519574253e-10
1.4552205404620912e-10
2.5654277049510445e-6
5.651122761053713e-7
2.0247427840949282e-8
1.4939531148687323e-9
8.662541698765313e-10
5.811506476729689e-10
2.9586740060850875e-6
7.072200334924944e-7
9.902758631717617e-9
2.1579485779435664e-9
1.171067790708401e-9
3.0136744957735066e-6
7.894249855184936e-7
2.17892953514425e-8
4.481009420543734e-9
3.372840742626141e-6
7.75383557918484e-7
1.0785090018399326e-7
3.2116086833441865e-6
1.7959725334602174e-6
2.7947640878724712e-6
6.135676654596986e-6
1.4487317968951636e-6
1.2291320195010743e-7
9.803451286462145e-9
2.4452131469308397e-9
2.3918401291268722e-9
2.4505314694568678e-9
3.1959112625720828e-9
5.140187229263238e-9
5.7766984150201664e-9
2.32001924127378e-6
7.936758216080658e-7
4.446940093374194e-8
3.1632814716621297e-9
1.7912531872017685e-9
1.4886162551927717e-9
1.8114352413414438e-9
2.8229360392198127e-9
3.0056204262379092e-9
1.7890162482944977e-6
4.130072792317983e-7
1.683457631590032e-8
1.134599628431278e-9
4.980016067871054e-10
3.6044632705465796e-10
4.2813259099542073e-10
4.393550816055918e-10
1.8412231908879257e-6
4.577241066484205e-7
5.979481542159365e-9
5.97398499430227e-10
2.512546272667997e-10
2.6808529628924425e-10
1.1363845575776989e-10
1.8508997827414393e-6
4.239671568171277e-7
1.5706613871272895e-8
1.120737186997044e-9
6.423886794449988e-10
4.345220619109903e-10
2.316576925517717e-6
5.756607889526124e-7
8.197125256120964e-9
1.7684791233876083e-9
9.572594009452305e-10
2.547254323668399e-6
6.802249132808262e-7
1.880353559158135e-8
3.867353265971964e-9
2.9342012201314514e-6
6.776757528152602e-7
9.413516315818572e-8
2.8059750894975756e-6
1.5648081302151319e-6
2.4252619373308678e-6
4.9878436772013565e-6
1.1512287329195059e-6
9.602768180179896e-8
7.550334963979584e-9
1.9450726597340445e-9
1.9097969783951633e-9
1.959561672786972e-9
2.5535664459558648e-9
4.102969794024355e-9
4.615668775859502e-9
1.790942029920043e-6
6.039909855885293e-7
3.285580078955432e-8
2.4379356674597886e-9
1.4009695885195707e-9
1.171963173490199e-9
1.4306056104171405e-9
2.233960363444787e-9
2.3815369974429237e-9
1.3430145021486212e-6
3.004126789464811e-7
1.2967812417768575e-8
8.505178496340938e-10
3.7569461731427196e-10
2.7519541102777653e-10
3.285983053821425e-10
3.4153669530737375e-10
1.44407389185225e-6
3.7212906532047506e-7
4.6048276665145495e-9
4.575879447005694e-10
1.9426998458668528e-10
2.0680628306335272e-10
8.930965283655949e-11
1.4442784635450276e-6
3.091282852404854e-7
1.1365934594827689e-8
8.523780998560455e-10
4.961816234635291e-10
3.386045157248288e-10
1.6563373422312684e-6
4.1392419866402563e-7
6.049565847607746e-9
1.3327345436280722e-9
7.403529596662437e-10
1.8843096612651502e-6
5.193902585715128e-7
1.4663196053730944e-8
3.143397468016838e-9
2.3113153993905735e-6
5.517597322374106e-7
7.804739091400576e-8
2.338230976268353e-6
1.3257016034517875e-6
2.0817463309878484e-6
4.07723344971278e-6
9.275768597805558e-7
7.597327126334619e-8
6.004414431573728e-9
1.5702769803508378e-9
1.5466946218765375e-9
1.5886138415485577e-9
2.0693147979502275e-9
3.322514877029792e-9
3.740147826993275e-9
1.403545609317024e-6
4.623979192355165e-7
2.5415631807916836e-8
1.906090315998486e-9
1.1126006633753402e-9
9.359877011910002e-10
1.1466085166384845e-9
1.7945315422678373e-9
1.9143841430370213e-9
1.0180556205448863e-6
2.3027569547367628e-7
9.69867453102238e-9
6.558413512040573e-10
2.8844506257277644e-10
2.118926831505274e-10
2.539908787649667e-10
2.629135080841595e-10
1.0430488025148599e-6
2.7220418201679025e-7
3.580401461272658e-9
3.4250297303776037e-10
1.4487927810900494e-10
1.5448987564682048e-10
6.797590281273593e-11
1.131256498910033e-6
2.540420999111019e-7
9.121529422611407e-9
6.70236110318443e-10
3.9174812940084616e-10
2.6798277101439684e-10
1.3338586642145679e-6
3.1985433360288146e-7
4.5551763269144835e-9
1.0213453401342615e-9
5.764759808862289e-10
1.3843216031167304e-6
3.7184064541228e-7
1.0564619318264858e-8
2.3267320528377855e-9
1.6427285601988452e-6
3.946924394521485e-7
5.675776290680989e-8
1.699424035757531e-6
9.83169323734791e-7
1.5784046060189231e-6
3.3338980407924557e-6
7.554064305218516e-7
6.081187235259813e-8
4.753889373844453e-9
1.2795588310077325e-9
1.265323004974724e-9
1.3005820394988279e-9
1.6942811378616612e-9
2.719636311474794e-9
3.062038015561885e-9
1.1150535628480026e-6
3.5801371304995227e-7
1.924713945539385e-8
1.4983958741247857e-9
8.931237675691606e-10
7.568371256086817e-10
9.305735203837359e-10
1.4597351959538461e-9
1.5578117566837333e-9
7.725229104646992e-7
1.7052234871746599e-7
7.270371543315542e-9
4.940056827247185e-10
2.2105589354268343e-10
1.6415726926410825e-10
1.9764104361814327e-10
2.0576266388069598e-10
7.977942400104816e-7
2.0516894324614842e-7
2.593904061980888e-9
2.587584051011374e-10
1.090561811540276e-10
1.1600103433573453e-10
5.076903885142311e-11
8.072961189553322e-7
1.8061200800684348e-7
6.783040491847256e-9
4.871726247797331e-10
2.797382492101047e-10
1.9088336906597346e-10
1.0006287788389628e-6
2.5326386746201135e-7
3.6263613422570058e-9
7.816473826759897e-10
4.2808197379217925e-10
1.1376795605044421e-6
3.0512727585640663e-7
8.44762117928897e-9
1.7679499629493535e-9
1.3169790590021534e-6
3.0486210935062523e-7
4.2736138986122795e-8
1.271489933852333e-6
7.184389556554612e-7
1.1332636840597956e-6
2.711987381569051e-6
6.188919094337315e-7
4.914296637098033e-8
3.81987682703022e-9
1.0490203106523995e-9
1.0403631123638666e-9
1.0695092974459818e-9
1.3940080115257361e-9
2.2383011451879057e-9
2.5203533467719844e-9
8.973546234685643e-7
2.809264127144827e-7
1.4904877127805983e-8
1.193153837088852e-9
7.247222135827308e-10
6.174196057286086e-10
7.615325090043359e-10
1.1969441953762615e-9
1.2776925551557243e-9
5.929005181362097e-7
1.2941091582563804e-7
5.441257416421843e-9
3.808197247503663e-10
1.7135791455113045e-10
1.2882039443556912e-10
1.5616568300460376e-10
1.630061617351413e-10
5.921210089456116e-7
1.5076989435555418e-7
1.968262948780618e-9
1.920783564909807e-10
8.20247906860519e-11
8.803684660073867e-11
3.922393179198452e-11
6.161929017381017e-7
1.3845349750604862e-7
5.00091686231424e-9
3.6967665275531006e-10
2.1609499513608615e-10
1.481281649729649e-10
7.297352561769937e-7
1.7730134594351216e-7
2.5900349793792715e-9
5.816099342805984e-10
3.27082939748663e-10
7.93018343991741e-7
2.1989573889517137e-7
6.288166944350881e-9
1.3743125083381925e-9
9.935378265193569e-7
2.413417484770841e-7
3.440134517898393e-8
1.0336607846836214e-6
5.893888449005455e-7
9.28435164165364e-7
2.1833541424264942e-6
5.071390548501024e-7
3.993393181903602e-8
3.080601565749803e-9
8.595489047197922e-10
8.542244971137019e-10
8.77885651749536e-10
1.1452683025265349e-9
1.840084741959601e-9
2.0715808535325363e-9
7.2920234613022e-7
2.2357110460198564e-7
1.1661317825150487e-8
9.583261523646144e-10
5.909496097984899e-10
5.055975936661407e-10
6.248410412661644e-10
9.831859318159564e-10
1.0494289516543129e-9
4.6198552231562907e-7
9.884712754810591e-8
4.135441988854337e-9
2.947105911924526e-10
1.3477629439003095e-10
1.0212507645874541e-10
1.2405874474929177e-10
1.29955067982683e-10
4.4574542837617375e-7
1.1375349921618009e-7
1.4498206835537904e-9
1.451721048475887e-10
6.192297196510839e-11
6.643686327603527e-11
2.979029173785455e-11
4.5455060626154554e-7
9.942227024618106e-8
3.685101827852566e-9
2.711698475059733e-10
1.5743820441948968e-10
1.082292119892052e-10
5.396518172083492e-7
1.3604952247729692e-7
1.954969564251986e-9
4.2676667843896927e-10
2.389375430051581e-10
6.129021828152569e-7
1.6465384574027192e-7
4.594552118061988e-9
9.933194462287544e-10
7.131571067884326e-7
1.6702984499189967e-7
2.3849249981466245e-8
7.098139095837796e-7
4.1007185866697464e-7
6.616898972924841e-7
1.7318921409759786e-6
4.1315033146858477e-7
3.245932149232644e-8
2.4840730648273384e-9
6.997749076160854e-10
6.961728210372845e-10
7.14867683527256e-10
9.337275395784583e-10
1.5017727361698722e-9
1.6897068619594248e-9
5.953283537542459e-7
1.8003548139869646e-7
9.226308546374023e-9
7.730397147655141e-10
4.819321605467141e-10
4.130286876898694e-10
5.109149235626921e-10
8.042470610520677e-10
8.579926461026752e-10
3.6530761440226977e-7
7.649599582408557e-8
3.161858594857939e-9
2.3155208630077413e-10
1.0681920096771295e-10
8.164080141174994e-11
9.938718688800104e-11
1.0434836708153482e-10
3.3990479086104184e-7
8.542217862500013e-8
1.0852352894175259e-9
1.0939652073581588e-10
4.7024415352255e-11
5.092130626944915e-11
2.2828018826799327e-11
3.375367436356634e-7
7.446873699322717e-8
2.7368837379288174e-9
2.007359129307586e-10
1.1750623656963784e-10
8.061470046715877e-11
4.0216550389597774e-7
9.877224061660026e-8
1.4156214114315595e-9
3.1739820948246483e-10
1.7791564432506054e-10
4.3379808961251825e-7
1.1764479735219578e-7
3.3640626096293452e-9
7.363158046136299e-10
5.262242386417728e-7
1.2778727800471787e-7
1.8270050839267872e-8
5.492888706913999e-7
3.1402452521123403e-7
4.955214436820275e-7
1.3487794443600253e-6
3.327344010249015e-7
2.6247367780682485e-8
1.9941467032645175e-9
5.628493603027049e-10
5.598724087885917e-10
5.742164016453166e-10
7.510485417257889e-10
1.2095364115815361e-9
1.359931005986588e-9
4.854602199544688e-7
1.4608421894942252e-7
7.373944526478339e-9
6.237064146642264e-10
3.9062452270725845e-10
3.3465088123541913e-10
4.138139831388842e-10
6.510754566847117e-10
6.94100889491898e-10
2.927064583541786e-7
6.011784059809381e-8
2.4517193530247217e-9
1.836993079905579e-10
8.547262813608021e-11
6.562486654932393e-11
7.978331263690868e-11
8.39554926795508e-11
2.6271581216937807e-7
6.495948943364673e-8
8.206966388292588e-10
8.371791353901793e-11
3.6231926929999945e-11
3.9326832302404296e-11
1.75664292089106e-11
2.543210356877176e-7
5.5494189020441695e-8
2.0222122445351735e-9
1.5034486665620297e-10
8.781729206193755e-11
6.010707936994167e-11
2.9563493467050653e-7
7.217502846364461e-8
1.0429576291757582e-9
2.3055472305590747e-10
1.2889090519679793e-10
3.201496316145696e-7
8.758262799836268e-8
2.4646222205336073e-9
5.296808322835624e-10
3.8829685130670466e-7
9.192688400718557e-8
1.2986843809715824e-8
3.8705130216989234e-7
2.2019692573714568e-7
3.5005679984399076e-7
1.0287647805519052e-6
2.636247170493522e-7
2.1006283662399932e-8
1.5861475019644086e-9
4.450871207337789e-10
4.421472527896313e-10
4.5280117369024505e-10
5.930818940037643e-10
9.565385243173268e-10
1.0744735437711096e-9
3.9310259418713343e-7
1.1879451688562588e-7
5.9295449998766075e-9
5.007497086484542e-10
3.1303121077807867e-10
2.674715734864078e-10
3.3021506695687127e-10
5.188801989052829e-10
5.526431503714744e-10
2.3675371000331368e-7
4.789970373727875e-8
1.928169121704308e-9
1.4686509366220795e-10
6.868277182713603e-11
5.277302312105754e-11
6.3970240440232e-11
6.741015478955645e-11
2.061302163314709e-7
5.017220376659668e-8
6.283452375195246e-10
6.491651438044335e-11
2.821691338409377e-11
3.0774383166782034e-11
1.3660481438508438e-11
1.9404769782526566e-7
4.169137338807602e-8
1.5101779989190534e-9
1.133827123538648e-10
6.645324994349161e-11
4.5401006596357206e-11
2.2014148916269532e-7
5.354321851715383e-8
7.689313419229705e-10
1.6998212558351044e-10
9.52744640047731e-11
2.3593537413398895e-7
6.390375258403656e-8
1.7921073051607638e-9
3.8664747054282803e-10
2.802842964547875e-7
6.599453586432437e-8
9.38035425199173e-9
2.7951561345169787e-7
1.6044900597211515e-7
2.567983204415622e-7
7.675041147922241e-7
2.0470069863001246e-7
1.656695883652805e-8
1.245229502910868e-9
3.447266525820777e-10
3.415987370997557e-10
3.49245161909215e-10
4.5804672904147013e-10
7.398318457193841e-10
8.301516947901815e-10
3.1441430076993125e-7
9.625707647236595e-8
4.7746735789451e-9
3.981771201534427e-10
2.468733188699883e-10
2.0993678566233282e-10
2.584626930982699e-10
4.052888888444783e-10
4.3116246933159767e-10
1.9227365485732917e-7
3.855545512432742e-8
1.534551201558365e-9
1.1786177442676447e-10
5.51697138767818e-11
4.226440400252078e-11
5.097980891073629e-11
5.373124406664564e-11
1.6391577968218918e-7
3.9346547388191474e-8
4.88119502099505e-10
5.0972036013165244e-11
2.223145516323177e-11
2.432445062236607e-11
1.0656431259663008e-11
1.5025497929704635e-7
3.179834393340526e-8
1.1429506120689275e-9
8.666954420171122e-11
5.0944427833300215e-11
3.4619994667415675e-11
1.6613942795870224e-7
4.012076745705752e-8
5.718038056965993e-10
1.2651668045353513e-10
7.050448545706057e-11
1.7470443859990473e-7
4.685497529556321e-8
1.3124349422059268e-9
2.8099249149537076e-10
2.0460037779985457e-7
4.807931461235847e-8
6.811590220022978e-9
2.0313662356164315e-7
1.1604182154074884e-7
1.8449435067536098e-7
5.600039862615328e-7
1.5538729747826398e-7
1.2834050964364904e-8
9.622110473792369e-10
2.608925136832155e-10
2.5760070244285877e-10
2.6290192797660166e-10
3.4518696944019825e-10
5.582811604264729e-10
6.25739776518984e-10
2.4728984315989647e-7
7.729079731410218e-8
3.830674897029384e-9
3.123464856892334e-10
1.9094556650812675e-10
1.6129304572836677e-10
1.9780565106676523e-10
3.093024455972662e-10
3.286380544874392e-10
1.5587277397305446e-7
3.118957254594999e-8
1.2308265253439253e-9
9.448094012924166e-11
4.409309484968457e-11
3.3563227604310704e-11
4.022165734484077e-11
4.2361060253748174e-11
1.3160019311867464e-7
3.125236052637556e-8
3.8425923507653326e-10
4.043864410873662e-11
1.766651226485744e-11
1.9356216303896963e-11
8.342560706079185e-12
1.1801892456781124e-7
2.4623602461687502e-8
8.781174859169843e-10
6.721813104485056e-11
3.957771851088598e-11
2.673453655967595e-11
1.2728978046544465e-7
3.044474222714793e-8
4.308024290704003e-10
9.517339536035769e-11
5.265454816777244e-11
1.3106429787434858e-7
3.479134487834519e-8
9.709394982580133e-10
2.0540091088623937e-10
1.5085142018995833e-7
3.5269386642043874e-8
4.966932546021353e-9
1.4807045386590527e-7
8.39689395556598e-8
1.3260252722883526e-7
4.0004006082117825e-7
1.1520539810356913e-7
9.747070147354127e-9
7.308319359563033e-10
1.928178879216034e-10
1.8952399891685015e-10
1.930782790860864e-10
2.5372420653276226e-10
4.108088894993958e-10
4.5995619717771466e-10
1.9061967051648646e-7
6.120643624507945e-8
3.047926655729916e-9
2.4104127285145773e-10
1.4455399615075122e-10
1.2110198864456546e-10
1.478063271980432e-10
2.3033374025220875e-10
2.44427049424648e-10
1.254145224439712e-7
2.5214335670968716e-8
9.898615537639487e-10
7.529233065101923e-11
3.4912920902982867e-11
2.633396381180447e-11
3.132387790193717e-11
3.2934407552175526e-11
1.0612790842058358e-7
2.5035244117776828e-8
3.0559893706466796e-10
3.2281440199226006e-11
1.409973204893505e-11
1.544286052110838e-11
6.536210208550413e-12
9.375927372069817e-8
1.932947050513828e-8
6.842348971191361e-10
5.279741156712456e-11
3.110815229111638e-11
2.0884801003028223e-11
9.896873228778253e-8
2.3442077859305992e-8
3.293582268168865e-10
7.253583041216527e-11
3.9820576843323896e-11
9.970285569679627e-8
2.622968775862233e-8
7.276473494065748e-10
1.5179458285604776e-10
1.1270330891981103e-7
2.610377056389644e-8
3.6539079030830225e-9
1.0886914109246721e-7
6.131394296430726e-8
9.610694851618751e-8
2.8031602220324374e-7
8.347105731690811e-8
7.2521740998200116e-9
5.455214655715413e-10
1.393100867312758e-10
1.362114521339654e-10
1.3852329411581602e-10
1.821422099454599e-10
2.9516588158120535e-10
3.301613871752201e-10
1.4370580552397666e-7
4.761589429624445e-8
2.3954370095703254e-9
1.8270835485900698e-10
1.070585764508703e-10
8.885928585809739e-11
1.078688273252909e-10
1.6746405911525212e-10
1.7750667810401054e-10
9.963966520210106e-8
2.025386965528755e-8
7.939576992013281e-10
5.939043179783032e-11
2.728892277914451e-11
2.035877857260529e-11
2.4030844081286456e-11
2.5200955035742836e-11
8.548172147433865e-8
2.012479661689744e-8
2.444087376608448e-10
2.5804921039355045e-11
1.1248705464443532e-11
1.2296840160614836e-11
5.110016558191188e-12
7.50086583127817e-8
1.5330862051746532e-8
5.393753301828967e-10
4.1853992342977355e-11
2.4654724428921692e-11
1.645581343746036e-11
7.788632970560972e-8
1.829609735318944e-8
2.552957839413151e-10
5.6008261773726625e-11
3.049207029153623e-11
7.695115947705787e-8
2.0060879331867646e-8
5.531158835780271e-10
1.1362411192421207e-10
8.54640144777439e-8
1.9594821949792847e-8
2.7225391645559714e-9
8.10096588245974e-8
4.5283666326886435e-8
7.047074110680846e-8
1.9312909107095777e-7
5.920088368134057e-8
5.287551952948902e-9
4.0041641375435735e-10
9.860015196903376e-11
9.585316949760776e-11
9.731857356081314e-11
1.2801281679145347e-10
2.0758616045654348e-10
2.3200963968019562e-10
1.0587409721066502e-7
3.6287190247838036e-8
1.85375749365395e-9
1.3595764868297054e-10
7.762002853007927e-11
6.379862081353644e-11
7.700878160430796e-11
1.1909215370437724e-10
1.261120048880182e-10
7.78334695985489e-8
1.6083525024003403e-8
6.318710240030419e-10
4.620385081788633e-11
2.099520211307856e-11
1.547755090342889e-11
1.8137113569223342e-11
1.8953985920659004e-11
6.838784411282675e-8
1.6141967741130925e-8
1.9554625371073808e-10
2.0550918585988633e-11
8.92783456711121e-12
9.728926072640827e-12
3.974511076538463e-12
6.010743666642237e-8
1.2231436468251044e-8
4.2846284913094065e-10
3.333363185303374e-11
1.961495636004548e-11
1.3025053802870052e-11
6.18162001208531e-8
1.442970209055623e-8
2.0014505101588794e-10
4.3728155380577465e-11
2.3608666485633478e-11
6.012778006732527e-8
1.5549711213071837e-8
4.2622663208948135e-10
8.622220580520025e-11
6.571601734187598e-8
1.4921197398552042e-8
2.057742293452309e-9
6.115913424433814e-8
3.391443752508424e-8
5.23546965290713e-8