0.00013609832148303772
0.000022836609072467984
1.4299861881955898e-6
8.036846564411186e-8
6.154117112181073e-8
5.697997475523876e-8
6.901072182155716e-8
1.2334304023766101e-7
1.3794582371984667e-7
0.000026362893258186256
5.4815229770723076e-6
1.1425595189649101e-7
2.9714987672651023e-8
2.005993924739453e-8
2.2001583374297437e-8
3.6693309551079184e-8
4.0480992694603626e-8
9.536629517974915e-6
1.5501301825036157e-6
3.413069547308623e-8
4.146426299657717e-9
2.728395225836186e-9
3.6207737252269495e-9
3.5027452143082032e-9
5.703299416331335e-6
1.021335359190662e-6
1.0187890648666488e-8
1.4874687397283442e-9
1.254453066196395e-9
6.91398892843279e-10
4.20769950319082e-6
1.1090384011559925e-6
1.069435345547531e-8
2.5755037728946008e-9
1.3837736940891764e-9
3.54045135696352e-6
6.305676121802358e-7
1.2411226657306608e-8
2.6670686091850006e-9
3.975745765250841e-6
6.099210276554912e-7
4.247072523442775e-8
3.3725717657905855e-6
1.371241716176323e-6
2.4852371054916545e-6
0.00012093925694636946
0.000021597681773230705
1.3858001036593037e-6
7.617919164814371e-8
5.739318384552324e-8
5.283985222684823e-8
6.410119422285585e-8
1.148809640292689e-7
1.28465657893276e-7
0.00002669102079597658
5.7591373107610986e-6
1.1958329427456663e-7
2.929770540619339e-8
1.9411594032190314e-8
2.107771505837027e-8
3.4883894517073283e-8
3.8454162119973396e-8
0.00001033876065263824
1.708500276355428e-6
3.754430237315744e-8
4.377561614094699e-9
2.812474514849247e-9
3.677005456463426e-9
3.5137379936632354e-9
6.350380334511519e-6
1.1456467685503104e-6
1.1449702509448166e-8
1.6511982027618898e-9
1.3772928955894213e-9
7.47640640125617e-10
4.745592002271502e-6
1.255646223136033e-6
1.2122319438089472e-8
2.8894993233573006e-9
1.5405386837335798e-9
4.023861151181576e-6
7.201021262753374e-7
1.4157262259516973e-8
3.0288332971373318e-9
4.549983144127701e-6
6.999253295959908e-7
4.878109163537618e-8
3.876761334329627e-6
1.5790526937925034e-6
2.8662398883581777e-6
0.00010442815006022539
0.000019593695886372496
1.2942009974380945e-6
6.93737685128127e-8
5.11729392929456e-8
4.686138656692983e-8
5.687195636959735e-8
1.0205670299588021e-7
1.1410156999765523e-7
0.000026126253048127456
5.893448603785263e-6
1.221527142325065e-7
2.7850442283142385e-8
1.803976301546702e-8
1.9339872970257992e-8
3.1697259186855523e-8
3.4907533225468204e-8
0.000010982743068485778
1.8516753300609297e-6
4.0631572454084297e-8
4.52093643470791e-9
2.8267795323248025e-9
3.6336811655542196e-9
3.4200568053164466e-9
6.966932200774624e-6
1.2680823587893743e-6
1.2714141295508308e-8
1.8076975461430978e-9
1.4904811976944218e-9
7.966778269605244e-10
5.292122545246629e-6
1.407675756955412e-6
1.359962755135452e-8
3.206935447015497e-9
1.6967478790463344e-9
4.529068519592953e-6
8.138632982008954e-7
1.5990184830858514e-8
3.4095843950577703e-9
5.153379561018013e-6
7.954408898536442e-7
5.552187714825315e-8
4.4160809557340705e-6
1.8032243397287622e-6
3.279778500545689e-6
0.00008823764965048575
0.00001709283498971902
1.1661585388861488e-6
6.098619490284967e-8
4.385100204718368e-8
3.9994523730782055e-8
4.8487257508524424e-8
8.69239056075053e-8
9.715937952283163e-8
0.000024592522957029668
5.8407969299794685e-6
1.2138520836483338e-7
2.548718973861703e-8
1.6098256384324562e-8
1.7002802728001273e-8
2.755767440005915e-8
3.031739614979828e-8
0.000011373563840022206
1.965164443933937e-6
4.310967237755801e-8
4.553833261664628e-9
2.7663509218314234e-9
3.4944835005974064e-9
3.2308735786990085e-9
7.504624494400589e-6
1.3807186485904549e-6
1.3901063600640915e-8
1.9468095170183007e-9
1.5866669116401957e-9
8.361693613043659e-10
5.813815709570334e-6
1.5561676139400314e-6
1.505785723293237e-8
3.5113163414738816e-9
1.8450092282660395e-9
5.0321168769435366e-6
9.094843153370456e-7
1.7858977050762503e-8
3.798009156274662e-9
5.775165146105871e-6
8.94906361326435e-7
6.255809647043593e-8
4.979659650341133e-6
2.0381113678725844e-6
3.714429866137824e-6
0.00007372024238392481
0.000014524476663379391
1.0226265414387006e-6
5.258378294666198e-8
3.683585633839148e-8
3.3523348693485865e-8
4.059164171168671e-8
7.26005788294527e-8
8.11387921849596e-8
0.00002220414474378371
5.5735730642182e-6
1.17074971191651e-7
2.257253255152267e-8
1.3927171972429848e-8
1.4501195663616047e-8
2.3275821253904567e-8
2.558666537839969e-8
0.000011409610584232297
2.031511894538679e-6
4.4646855351069904e-8
4.4618367678122275e-9
2.63713476651637e-9
3.2818299202153694e-9
2.9769426073124903e-9
7.900860279670594e-6
1.472941654148431e-6
1.4911725164925123e-8
2.0552909133354937e-9
1.6571211245251687e-9
8.640397857118143e-10
6.270237289609707e-6
1.691150935150708e-6
1.6401078340745077e-8
3.782807816059646e-9
1.977406054889074e-9
5.50184682481726e-6
1.0012222030495089e-6
1.9659475315661995e-8
4.178759787725985e-9
6.378929748708991e-6
9.931701840385653e-7
6.958423236713675e-8
5.542769269565545e-6
2.275769408663433e-6
4.158521849387656e-6
0.00006130253010996403
0.000012281119135509393
8.850841292416366e-7
4.541809343665264e-8
3.1203776908183195e-8
2.8369258048549692e-8
3.4391896569335447e-8
6.154310553339168e-8
6.880079240321505e-8
0.00001930477839458475
5.098594423233074e-6
1.0947234416017396e-7
1.9604511867568893e-8
1.1919427557654356e-8
1.2308514026991845e-8
1.9688451130794972e-8
2.1641839381234986e-8
0.00001100672578580852
2.032117254056259e-6
4.4895328471118215e-8
4.239973277079788e-9
2.4515190860380957e-9
3.023738376507193e-9
2.6951857442660803e-9
8.082834727402355e-6
1.5316866447307621e-6
1.562092691770024e-8
2.117097149630958e-9
1.6908953296642957e-9
8.769417961240533e-10
6.608766781962514e-6
1.7992104999961014e-6
1.7505687119981113e-8
3.994393657970466e-9
2.0818953159222207e-9
5.897138240006837e-6
1.0821966376675684e-6
2.126032278874078e-8
4.527054032416962e-9
6.922772026944741e-6
1.0840440017398436e-6
7.6173048814354e-8
6.071272058315327e-6
2.502184473596985e-6
4.586548236112609e-6
0.000050390446502961046
0.000010447230112191897
7.612028389400876e-7
3.939180268396415e-8
2.6793259564892437e-8
2.4333268613692403e-8
2.958273195577633e-8
5.322762440919992e-8
5.953336053717345e-8
0.000016379078294798
4.471827953651809e-6
9.917571843962219e-8
1.6920170645490616e-8
1.0249751970192022e-8
1.0589994994678032e-8
1.7004588872360573e-8
1.8701244080045336e-8
0.000010140604320705114
1.951829200071194e-6
4.355876577089368e-8
3.891723997954543e-9
2.217473872808229e-9
2.7285888783618217e-9
2.398841374776965e-9
7.977760858181386e-6
1.5425595782390267e-6
1.58859135347527e-8
2.1138918755995813e-9
1.67408245556805e-9
8.682667058304925e-10
6.76801721195633e-6
1.8640690590630025e-6
1.821739262065664e-8
4.110984639957705e-9
2.1409694355285427e-9
6.1663149035483735e-6
1.1433520958652815e-6
2.2487112373532524e-8
4.808185399766282e-9
7.3504751451849235e-6
1.159179506149631e-6
8.175970413171587e-8
6.5201725964824665e-6
2.6996595381324596e-6
4.967369036856585e-6
0.00004010554895449344
8.737464622035073e-6
6.413171235990797e-7
3.313546527482396e-8
2.2272566177296563e-8
2.015056159435408e-8
2.4510031039809896e-8
4.421815702698675e-8
4.9436284374574736e-8
0.000013810143828490423
3.7952141836777657e-6
8.691971166274978e-8
1.4416875196273956e-8
8.683910949572216e-9
8.979034270013922e-9
1.442321544623917e-8
1.5859321412527475e-8
8.899806381213706e-6
1.787196409228193e-6
4.051948482999757e-8
3.4334209100715814e-9
1.9340949498081353e-9
2.374392972792303e-9
2.063323476421431e-9
7.536494990938758e-6
1.4928744574245428e-6
1.5570408039058103e-8
2.0292004627511485e-9
1.5926437340096814e-9
8.285632363014285e-10
6.686059393663771e-6
1.868122543353708e-6
1.8365049716743155e-8
4.092259532441055e-9
2.13218878401819e-9
6.251053059021804e-6
1.1740455882081659e-6
2.3130003208151068e-8
4.976242912256398e-9
7.594646790547674e-6
1.2082280811674028e-6
8.562537563192731e-8
6.8324246644574364e-6
2.845178564383099e-6
5.259681509894376e-6
0.00003075727497344324
6.936050483398626e-6
5.198430441599951e-7
2.618578886567201e-8
1.7087264950569977e-8
1.5312413505264703e-8
1.8597567701806074e-8
3.3404811936897726e-8
3.7315487015726106e-8
0.00001164794755613441
3.1801442937296616e-6
7.370483920435723e-8
1.1844614476500193e-8
6.962066128655232e-9
7.1042057254536996e-9
1.1236067375714057e-8
1.233735745580462e-8
7.509579211700776e-6
1.5567143663506334e-6
3.6020758052962215e-8
2.917105484259033e-9
1.6184418814053891e-9
1.9654587274288066e-9
1.6872286535429818e-9
6.771756234558272e-6
1.3776022994921576e-6
1.4597560584025357e-8
1.8591026716738486e-9
1.4440400687008806e-9
7.540831141868632e-10
6.3201850944578836e-6
1.7966234501104391e-6
1.7798884771131578e-8
3.907560187382083e-9
2.0385094815483878e-9
6.096899177678579e-6
1.163336573158099e-6
2.297378551995464e-8
4.984083814847076e-9
7.583455429420886e-6
1.2196757953625743e-6
8.69571330741315e-8
6.943134848336688e-6
2.9119887382303293e-6
5.414615665348389e-6
0.000023722795892850568
5.345683849506711e-6
4.1289827510289813e-7
2.038073425187719e-8
1.2977840528506168e-8
1.1638205039881587e-8
1.4108069973172728e-8
2.5302467792188362e-8
2.8305434345986758e-8
9.677868425980044e-6
2.68614936056166e-6
6.11647452678319e-8
9.519148286535548e-9
5.4596027313230316e-9
5.462609009784904e-9
8.515411636604849e-9
9.340475623376603e-9
6.263667244801514e-6
1.3049583471570427e-6
3.078367259848095e-8
2.4412166997732063e-9
1.3355899839292072e-9
1.6022066567089312e-9
1.3675931126981348e-9
5.796747436606927e-6
1.2075274453279875e-6
1.3026961802703017e-8
1.6250579973824349e-9
1.2509438544782123e-9
6.574239731592912e-10
5.679333400877246e-6
1.6454654589253702e-6
1.6463081578563902e-8
3.559680340775452e-9
1.863840656040923e-9
5.675375779991048e-6
1.1032967381991213e-6
2.1865090787847956e-8
4.8002631520333765e-9
7.259235953486707e-6
1.1831682494113402e-6
8.499607238807062e-8
6.790516196209991e-6
2.873284459985955e-6
5.3813197299900015e-6
0.000018522113872255504
4.180428205515038e-6
3.293164243139064e-7
1.6294303204097907e-8
1.038796809485576e-8
9.331271734183209e-9
1.1335508242763373e-8
2.0424302117476417e-8
2.2832836131408183e-8
7.724641302905778e-6
2.2702376729860854e-6
5.068486703665906e-8
7.671713487050925e-9
4.391990820685367e-9
4.379365857835793e-9
6.8775414546221635e-9
7.54767918921116e-9
5.337983123922932e-6
1.0874250684099932e-6
2.579037085636108e-8
2.0627286619857407e-9
1.1224006083291109e-9
1.3433034054004808e-9
1.1502956287973458e-9
4.820216910947675e-6
1.0142971741229971e-6
1.1111216177390825e-8
1.37158479352129e-9
1.0516630138075575e-9
5.571429969070009e-10
4.8578665977287105e-6
1.4312833796160216e-6
1.4483303932827676e-8
3.0944254083223185e-9
1.6314720432961823e-9
5.016673739898601e-6
9.945498030521354e-7
1.980738098555202e-8
4.417708111011698e-9
6.611795973069885e-6
1.0941460091588189e-6
7.932376246214401e-8
6.339735922888886e-6
2.71097108855619e-6
5.1214291113427706e-6
0.00001415425810132243
3.1986451243648463e-6
2.5809032596992935e-7
1.26743243831288e-8
7.790886461442809e-9
6.9633546959978245e-9
8.442817098849287e-9
1.5149781115280793e-8
1.694551168389948e-8
5.913930617365368e-6
1.8350188031649755e-6
4.2216690942741464e-8
5.940287445949306e-9
3.3543293190878748e-9
3.3272300253998578e-9
5.180558779250801e-9
5.691850693478044e-9
4.590312913526784e-6
9.332062628765939e-7
2.1723038017101378e-8
1.7339399536852113e-9
9.345547847162232e-10
1.1141233452718825e-9
9.422441912822343e-10
4.049877689807473e-6
8.419150608378594e-7
9.255504360950214e-9
1.1484613211069309e-9
8.809991245342405e-10
4.672266161090636e-10
4.033780485991601e-6
1.196312712970896e-6
1.2219376370615798e-8
2.5994834769015444e-9
1.3809476199926716e-9
4.235735163886409e-6
8.52469354108408e-7
1.7075087573090604e-8
3.874226210053728e-9
5.71990310796293e-6
9.604351265702367e-7
7.030962779320609e-8
5.6192184933179435e-6
2.430034939371303e-6
4.634235136797757e-6
0.00001099702604675729
2.4564150600102664e-6
1.9879556201494868e-7
9.967285583136407e-9
6.029627161669192e-9
5.396471442570396e-9
6.5447101621823665e-9
1.1774486002211255e-8
1.3163476760272808e-8
4.537861802067762e-6
1.3903571123112127e-6
3.441334088201501e-8
4.613372348392603e-9
2.579291415370127e-9
2.561507922920218e-9
4.001294250045489e-9
4.387498371571e-9
3.699813472346629e-6
8.046010107440052e-7
1.846173409260498e-8
1.3992968061628915e-9
7.459668182843992e-10
8.910954573341498e-10
7.330634257464248e-10
3.5146888151789787e-6
7.200291730603753e-7
7.80926046662834e-9
9.81857725593679e-10
7.551658194736618e-10
3.9953242206724397e-10
3.38666748547365e-6
9.94488059076079e-7
1.0173057712738722e-8
2.1816748964810065e-9
1.1653507757394285e-9
3.510539682663575e-6
7.077149231337356e-7
1.4240136906877249e-8
3.273841649319665e-9
4.766279665763991e-6
8.067827259983272e-7
5.950073453919382e-8
4.7518221059386514e-6
2.073257324094018e-6
3.985596047173078e-6
8.573441924754189e-6
1.8747928784865665e-6
1.5081344325303352e-7
7.571715842948899e-9
4.590144394897432e-9
4.11582057883414e-9
4.984544800242557e-9
8.93451093792282e-9
1.0002050647358426e-8
3.505089974014074e-6
1.0623281452921579e-6
2.6111723763833047e-8
3.532619447864833e-9
1.9689264823345955e-9
1.945307377623592e-9
3.0282847153797266e-9
3.326943974837863e-9
2.7427956481238973e-6
6.359433744016112e-7
1.5205084177428114e-8
1.0711158587878668e-9
5.647243874910075e-10
6.702842526247613e-10
5.490875417557568e-10
2.9705064494447154e-6
6.264944351545327e-7
6.745237079524718e-9
8.367687535000319e-10
6.398542154484134e-10
3.3937247508621145e-10
2.945706399199629e-6
8.561625040792877e-7
8.67317216104614e-9
1.8761541887137633e-9
1.000111995693244e-9
2.9835408654903455e-6
5.927152233568515e-7
1.1922913530299602e-8
2.740287318041e-9
3.9699006384872895e-6
6.687600563772886e-7
4.934374776645902e-8
3.9358397349538396e-6
1.7195315543288782e-6
3.3133918355018035e-6
6.781504348651758e-6
1.4507590560304238e-6
1.1695151290708937e-7
5.826197092843335e-9
3.5760219635453063e-9
3.2070697790221592e-9
3.88382085581887e-9
6.966724299544956e-9
7.793940583660587e-9
2.660988798697075e-6
8.293677000425272e-7
1.9700462950587615e-8
2.733191157820041e-9
1.5236321566187883e-9
1.5096342130668917e-9
2.3570419629536994e-9
2.5889692719297138e-9
2.117552100304692e-6
4.634106409447177e-7
1.1702041123567091e-8
8.28431148828252e-10
4.3624999355391375e-10
5.168257418447847e-10
4.339552632921328e-10
2.2371024067009437e-6
5.031259742982529e-7
5.614076261118345e-9
6.637637244403314e-10
5.008343439922806e-10
2.684292907147751e-10
2.4969029581788266e-6
7.42943893277963e-7
7.495692578424844e-9
1.5934042951450772e-9
8.43581790835427e-10
2.6044657867728324e-6
5.157009808864116e-7
1.0309979216045998e-8
2.335732664813716e-9
3.4335471280878264e-6
5.717806724130737e-7
4.186643291018754e-8
3.338398922794964e-6
1.4462689246418625e-6
2.7699463215289587e-6
5.425445762751033e-6
1.1294530355467061e-6
9.008016713828888e-8
4.585117108097275e-9
2.8033482004764313e-9
2.5214900871227266e-9
3.052448085659375e-9
5.473360322920517e-9
6.124225215161919e-9
2.0269874669458227e-6
6.205303666227944e-7
1.5496928403491804e-8
2.087341853262871e-9
1.1718779095833893e-9
1.1665941789721656e-9
1.8314600830466865e-9
2.011485744393744e-9
1.6565461022618874e-6
3.667912242511635e-7
8.75689751845142e-9
6.455997942488831e-10
3.397255329673944e-10
4.037859666656171e-10
3.310197639221822e-10
1.6517519159134018e-6
3.6219599443215174e-7
4.216263517398596e-9
4.952314830732838e-10
3.719238528411025e-10
2.0053569025145933e-10
1.8673697105256686e-6
5.831575444267601e-7
6.046075390368335e-9
1.2368507553230582e-9
6.56950834172233e-10
2.134870269656248e-6
4.402191762378368e-7
8.788010091618009e-9
1.9894569760738832e-9
2.9681130765725333e-6
4.991688975387389e-7
3.651374014194959e-8
2.9182540658233175e-6
1.2609594052357224e-6
2.405156942961244e-6
4.389856232233641e-6
8.92237201607827e-7
6.992013282305078e-8
3.571140387921239e-9
2.2309753845493844e-9
2.012744927464523e-9
2.43601141518699e-9
4.3652955796542095e-9
4.88618042708153e-9
1.553649033088943e-6
4.720785077409488e-7
1.1555169540332381e-8
1.6144390468206068e-9
9.153261573619697e-10
9.171790143613301e-10
1.4455691068691956e-9
1.5898764340997513e-9
1.2170914641619645e-6
2.807147575824903e-7
6.821513165397514e-9
4.807122832416915e-10
2.55483765498919e-10
3.0431325338596986e-10
2.543573606629405e-10
1.3375175857508935e-6
2.8425813822269206e-7
3.144716029594897e-9
3.882274007050436e-10
2.940325722565771e-10
1.6028437099170884e-10
1.3697702776468946e-6
4.168387273052316e-7
4.4377771563395965e-9
9.263690065699086e-10
5.043005290048964e-10
1.5416104981616592e-6
3.299014555916734e-7
6.719977414993025e-9
1.5913443553459971e-9
2.2880201186177584e-6
4.017343364697509e-7
3.0047625959759263e-8
2.407712227951586e-6
1.06450952881371e-6
2.061254524856603e-6
3.579830665160815e-6
7.149845352839655e-7
5.5061131301538744e-8
2.844339933314647e-9
1.8017725573493854e-9
1.6294253548406839e-9
1.9720782612065895e-9
3.5327664110417222e-9
3.954748581680165e-9
1.2058009839969953e-6
3.5867454321419386e-7
8.842391828198387e-9
1.2653422519214324e-9
7.241688895927625e-10
7.305850800847707e-10
1.1572846127957537e-9
1.2731880838409546e-9
9.29249268164535e-7
2.0618044142683477e-7
5.144928937102302e-9
3.684846464042132e-10
1.9538719113825915e-10
2.342057799097749e-10
1.9527939920360985e-10
9.703561070034809e-7
2.2148837810365473e-7
2.507072807447558e-9
2.9426765642628877e-10
2.2318708225011095e-10
1.2261285139060844e-10
1.1207111555092907e-6
3.3497451216373263e-7
3.4160673649080087e-9
7.337212069088517e-10
4.0121880431968545e-10
1.1805269285652605e-6
2.3899139456411163e-7
4.908927392625369e-9
1.194676286758842e-9
1.6332755491578001e-6
2.8627943138667027e-7
2.1800873190527462e-8
1.7359326006264656e-6
7.858812649434281e-7
1.558161739044133e-6
2.92787815277534e-6
5.798034869645354e-7
4.379235333913213e-8
2.2729173851006826e-9
1.470303803466541e-9
1.3327189274062136e-9
1.6135326884630452e-9
2.8906667676863797e-9
3.235385384456693e-9
9.476022061685082e-7
2.753726595822841e-7
6.698581300367228e-9
9.972029393943606e-10
5.797001781454218e-10
5.895117674452679e-10
9.384396764174067e-10
1.0326709396150336e-9
6.955860963472742e-7
1.5593847147366804e-7
3.80986312274302e-9
2.7792708013499253e-10
1.4909183029071393e-10
1.7870276898747057e-10
1.5128795468019397e-10
7.368301557595956e-7
1.5833855157156543e-7
1.8200887031542914e-9
2.1770408658779281e-10
1.6346620902807883e-10
8.93364584140373e-11
7.972629200763497e-7
2.521819735748168e-7
2.651879329475309e-9
5.372625062276637e-10
2.88779106060645e-10
9.420098560746318e-7
1.9716898053018605e-7
3.933488565463343e-9
9.054080716872866e-10
1.3317106197612766e-6
2.24251284678463e-7
1.6562038734971896e-8
1.3172291551526892e-6
5.7713694796471e-7
1.120984526150568e-6
2.388645443807491e-6
4.7388905973715275e-7
3.520403328137518e-8
1.8367934494985483e-9
1.207220904367655e-9
1.0955358890187066e-9
1.3271641507576363e-9
2.3787354016271294e-9
2.662386029717901e-9
7.552572050406183e-7
2.1413913455356548e-7
5.158843608601799e-9
7.977470532660727e-10
4.689517222808007e-10
4.801286063754183e-10
7.675674580590807e-10
8.448831883921276e-10
5.300590862758775e-7
1.1695041829716333e-7
2.8641818994993917e-9
2.1241347650277176e-10
1.1516636738145242e-10
1.3929757319611994e-10
1.188039720502728e-10
5.421261342229573e-7
1.20688668042805e-7
1.371988070321317e-9
1.6329913304243848e-10
1.2414209465369174e-10
6.85312366440977e-11
6.105872917820242e-7
1.8334069277450707e-7
1.9166664077894033e-9
4.090723465024802e-10
2.2426112401218387e-10
6.578190950588359e-7
1.3882939061500721e-7
2.873454984283737e-9
6.961212613457715e-10
9.730299056946276e-7
1.7468454506946694e-7
1.3196551591573137e-8
1.0597748160539163e-6
4.727254460329645e-7
9.19015627500111e-7
1.933350257390235e-6
3.8823108884871844e-7
2.8495863601501646e-8
1.4882334787221384e-9
9.908598390133358e-10
8.995189110722046e-10
1.0905120593279377e-9
1.9558948587443958e-9
2.188999806023021e-9
6.092673524983131e-7
1.6892537760547165e-7
4.010798728789959e-9
6.426224479951335e-10
3.8176106670204966e-10
3.9273574279856013e-10
6.293300542768111e-10
6.927781620559894e-10
4.083333330904732e-7
8.823889403234915e-8
2.1584216524271007e-9
1.6402809847778906e-10
8.99015714291619e-11
1.0901242015263237e-10
9.383543729185604e-11
4.08136155381903e-7
8.931771925939696e-8
1.0052098818276917e-9
1.2212552281764708e-10
9.248458539861859e-11
5.1072158922290404e-11
4.401786908494545e-7
1.3590027026317646e-7
1.4362204515267678e-9
2.9613337973246927e-10
1.6211108172095216e-10
5.061477941624135e-7
1.063185160306728e-7
2.1339302502513483e-9
5.076931073136098e-10
7.192405692733324e-7
1.2219882794551437e-7
9.209031728204184e-9
7.285788504852003e-7
3.277901460052307e-7
6.525760316734886e-7
1.5449797771681522e-6
3.168999165721025e-7
2.311256133706849e-8
1.2039088731611249e-9
8.081596165914431e-10
7.331543286451414e-10
8.895832081670998e-10
1.597008218491592e-9
1.7869712708180084e-9
4.954475070384124e-7
1.3503842874552617e-7
3.1554946843490832e-9
5.201651298234413e-10
3.110029330647799e-10
3.207294533100121e-10
5.143941483057142e-10
5.66135012507163e-10
3.1905049198789153e-7
6.753901645117239e-8
1.6344834856920349e-9
1.279970125972631e-10
7.076008395068925e-11
8.626634564474369e-11
7.479468437372694e-11
3.075429435849761e-7
6.627465952102268e-8
7.495151196530863e-10
9.068855225354459e-11
6.939251658325514e-11
3.8237212566668106e-11
3.290386667357548e-7
1.0119062517231382e-7
1.04569668524296e-9
2.2158880942070578e-10
1.211678550367161e-10
3.65647911792603e-7
7.51350254993315e-8
1.5527504424527646e-9
3.761189844393879e-10
5.187044680182881e-7
9.24310923249275e-8
7.006851155013228e-9
5.621625285600228e-7
2.5173440297853336e-7
4.903950604843569e-7
1.2140305062322955e-6
2.5623604869929964e-7
1.8686795188032098e-8
9.675245006922008e-10
6.511466371519621e-10
5.89767698943429e-10
7.1622298429017e-10
1.2871395575241323e-9
1.4400659378338237e-9
4.039323474018062e-7
1.0904697937788006e-7
2.5099609717804974e-9
4.207813219034117e-10
2.521039190535524e-10
2.599876412247654e-10
4.165182224631556e-10
4.5828614094566094e-10
2.529997527004712e-7
5.245646486088648e-8
1.2557222696899114e-9
1.0102796101332499e-10
5.6299182670391495e-11
6.869756616388505e-11
5.987312750717263e-11
2.347623487303485e-7
4.9983206399709816e-8
5.599939383181317e-10
6.864331131876223e-11
5.259676824972536e-11
2.8845393358094406e-11
2.4533624691112606e-7
7.433569893969845e-8
7.730878164412469e-10
1.634956155877551e-10
8.912157481237567e-11
2.675393414824759e-7
5.57678383604313e-8
1.1368424992634676e-9
2.701660907966627e-10
3.853879504738285e-7
6.716499332854295e-8
5.012401539828891e-9
3.9954953247625375e-7
1.766138168071543e-7
3.4587784441144534e-7
9.352006347230352e-7
2.041783603201358e-7
1.4983151128637783e-8
7.687144473519395e-10
5.156877169836189e-10
4.659535199340462e-10
5.663059183504667e-10
1.0188172872916272e-9
1.1396820370870466e-9
3.282438333131314e-7
8.852301824158991e-8
2.01163077554679e-9
3.3839319324609655e-10
2.0226678739754145e-10
2.080437675432708e-10
3.323708654384587e-10
3.6554888289425406e-10
2.0307566159747904e-7
4.134894505787387e-8
9.783272251652035e-10
8.048600321873632e-11
4.5020984821363694e-11
5.49241627059086e-11
4.798128269901424e-11
1.819584241153277e-7
3.819463816043969e-8
4.230890753299911e-10
5.2488087772516206e-11
4.04106969665265e-11
2.2064963513049215e-11
1.8458309023003206e-7
5.5332856562400625e-8
5.733135327046162e-10
1.21946125148034e-10
6.655028628601163e-11
1.9826183362123578e-7
4.0950906775684434e-8
8.310534025329429e-10
1.980601293079424e-10
2.802381663470007e-7
4.8247206569937886e-8
3.6203061272863225e-9
2.8751009738004615e-7
1.2844432907351067e-7
2.5356043136243066e-7
7.048542028254191e-7
1.596654298857352e-7
1.1860366328205444e-8
6.014590683674054e-10
3.998640545551019e-10
3.6018951480725325e-10
4.380345915183818e-10
7.888113145490495e-10
8.82224234237359e-10
2.6437456120321004e-7
7.183161043514824e-8
1.6173604422247424e-9
2.6924841677705584e-10
1.5986932239043855e-10
1.6359733236476206e-10
2.6020262321501905e-10
2.8601063844896065e-10
1.6424660563551895e-7
3.3008864848181535e-8
7.721350645211781e-10
6.446869724040449e-11
3.605460921698758e-11
4.389281741477878e-11
3.8290118512001866e-11
1.4313570715749793e-7
2.9612271463026313e-8
3.242968355164703e-10
4.0672252841435495e-11
3.145786133872474e-11
1.702459333925571e-11
1.4093529856854964e-7
4.173495377825383e-8
4.2931231375327846e-10
9.213197630993873e-11
5.0011303993688716e-11
1.4825036468493683e-7
3.017508919583872e-8
6.118774345278065e-10
1.4467834719296244e-10
2.0515968828858153e-7
3.517459712385859e-8
2.6302500812121943e-9
2.092149161298913e-7
9.30026773261271e-8
1.8234363928331862e-7
5.193892033557015e-7
1.2216830473037536e-7
9.236549418299982e-9
4.621841489722425e-10
3.028021752781685e-10
2.7178616025011745e-10
3.3065330411862306e-10
5.958823321594976e-10
6.66330294597955e-10
2.0999926584983491e-7
5.7934111356096536e-8
1.2980462051129327e-9
2.1110994334374722e-10
1.2403711975870468e-10
1.2599876704267536e-10
1.992172985939863e-10
2.1882937827259326e-10
1.3311310002284972e-7
2.6569729089854547e-8
6.154561908579998e-10
5.167940357031664e-11
2.8789443825501232e-11
3.491098015328412e-11
3.0315716545965293e-11
1.1397523456603975e-7
2.3288836868957967e-8
2.522089718725357e-10
3.193649427193285e-11
2.4780192900942688e-11
1.3277948499193785e-11
1.0924839797766904e-7
3.195594881435219e-8
3.260760888897921e-10
7.053185408248451e-11
3.801695503356195e-11
1.122734657075707e-7
2.2538319717289243e-8
4.5547526786797747e-10
1.0635743865885677e-10
1.5198852881845263e-7
2.585371565440439e-8
1.920854168558671e-9
1.5297977861127644e-7
6.740605380453202e-8
1.3116590077406077e-7
3.7439009059953533e-7
9.133140154421107e-8
7.0609974976904625e-9
3.484210571442563e-10
2.2377253357891882e-10
2.0007739075731198e-10
2.4344670004728087e-10
4.3893349465274525e-10
4.907459022788832e-10
1.6385115408485254e-7
4.62014820594103e-8
1.0350410242915863e-9
1.6265098648730985e-10
9.426530294959103e-11
9.487645740616362e-11
1.4895262400513292e-10
1.6349600371877286e-10
1.0747593444531688e-7
2.1450557437638633e-8
4.9318169232598e-10
4.126219095824093e-11
2.2824475723222702e-11
2.753507491366027e-11
2.3733829320539772e-11
9.145361723747022e-8
1.8520243492568308e-8
1.986283037485783e-10
2.5325874269006477e-11
1.96827252040001e-11
1.044168070757946e-11
8.583828864268069e-8
2.4831866753397833e-8
2.5126735585089273e-10
5.4707120401402294e-11
2.926491916317563e-11
8.626726339014919e-8
1.7078314286643533e-8
3.4351595922908893e-10
7.907570258804822e-11
1.1427006416048521e-7
1.919570842738197e-8
1.4159784122184505e-9
1.1280800640706447e-7
4.929740891810355e-8
9.51604662964403e-8
2.6442251529191603e-7
6.671387066985507e-8
5.293261129048894e-9
2.577421985882943e-10
1.6154098649183066e-10
1.438668007935381e-10
1.750380268322867e-10
3.156699281736815e-10
3.5288252900749956e-10
1.2521292057213698e-7
3.62728785346169e-8
8.165404211142531e-10
1.2294348661754764e-10
7.01224213800298e-11
6.983743620682507e-11
1.0879820969166146e-10
1.193309509043861e-10
8.597652858578399e-8
1.7269653602644798e-8
3.952877123785333e-10
3.2666965990417754e-11
1.790060678603011e-11
2.1470670666896068e-11
1.8327616126126364e-11
7.356324809240341e-8
1.4826434770338163e-8
1.5782989106648302e-10
2.01960606279045e-11
1.5698150136477405e-11
8.251243793832774e-12
6.812659324809771e-8
1.9532776004258106e-8
1.9613115868737676e-10
4.2907076784865254e-11
2.2773547393247503e-11
6.720214501455797e-8
1.3128784536801089e-8
2.627832628182167e-10
5.955304412025007e-11
8.717028772288763e-8
1.4464371899409685e-8
1.0576870621876336e-9
8.427155118482029e-8
3.646898609022701e-8
6.984340864079583e-8
1.8339910336373584e-7
4.7675439037346383e-8
3.8909640744792365e-9
1.873108355621215e-10
1.1415951691699844e-10
1.0127784636267489e-10
1.2319177398621712e-10
2.221861842403138e-10
2.4835238287812286e-10
9.35593149667557e-8
2.7939961975030218e-8
6.35129065311087e-10
9.112313608174666e-11
5.107889415116757e-11
5.030635854169078e-11
7.775800530660096e-11
8.522423387972532e-11
6.782143293305597e-8
1.3790134988731186e-8
3.1524744406738893e-10
2.554510346042137e-11
1.3845896985610063e-11
1.6510793401856247e-11
1.3933930411961143e-11
5.898327994671493e-8
1.1884308854698178e-8
1.2594297589259217e-10
1.6113683369010192e-11
1.2509334596037218e-11
6.524145782131748e-12
5.4371531969586364e-8
1.5497222959900317e-8
1.5460281864651072e-10
3.390966664775804e-11
1.7863596360018666e-11
5.2918837939617536e-8
1.0223131727677092e-8
2.0365674037107625e-10
4.544298199433938e-11
6.740582017895856e-8
1.105465735561391e-8
8.013615062935476e-10
6.387113066773408e-8
2.7361926135745798e-8
5.1944322465579946e-8