0.00029078315973788424
0.00007886528412017538
8.421517643684354e-6
1.304441058377136e-6
2.848763039384838e-7
4.5752980344881336e-8
2.7523664584445584e-8
3.3024518994441474e-8
2.6018398702930825e-8
3.2601475210632634e-8
3.274019369789583e-8
4.55094197177202e-8
6.199944549098745e-8
6.048272932755065e-8
6.608573989646307e-8
0.0000983028646982081
0.000026716351349975453
4.919888303647392e-6
1.0157084611699194e-6
1.2757257559152625e-7
6.572571872193599e-8
7.221527919539624e-8
5.728101734816119e-8
6.476241808740864e-8
6.903230248583657e-8
9.499677047858647e-8
1.416110024866294e-7
1.4435566963204544e-7
1.5194276618163576e-7
0.0000306335664387787
0.00001214371523537495
1.9241284953722583e-6
1.5013966083757276e-7
3.5045668593510356e-8
2.780419100050782e-8
1.758061260876941e-8
1.7067934871448417e-8
1.662089898749493e-8
2.198005041713321e-8
3.000632657959801e-8
3.175156176300988e-8
3.15531669248012e-8
0.00001680714033363689
4.923029840874403e-6
4.1322315012923783e-7
4.80596100790055e-8
1.4211748503092814e-8
6.938933601388238e-9
5.249110577622508e-9
4.1882861421553196e-9
5.15650375255063e-9
5.699143250893578e-9
6.712793601236941e-9
6.651901141517073e-9
0.000011154667434868348
3.7695676978360693e-6
3.9461164920939185e-7
2.8265445761016677e-8
4.595528694291417e-9
2.9749739555526138e-9
1.950119524257746e-9
2.010466274130469e-9
2.4781820072539794e-9
2.0357641259357076e-9
1.648158427331051e-9
7.973879032654658e-6
2.7294782890416924e-6
1.8378434546887327e-7
7.855648535200661e-9
2.308556064813877e-9
1.1098026193796434e-9
9.201003331303218e-10
1.139974864022583e-9
5.268045826497694e-10
4.105730601681567e-10
6.585052572042458e-6
1.936858462910614e-6
1.321989187483719e-7
1.3020316428738812e-8
2.734961632329619e-9
2.1042114232387097e-9
1.7919982825661939e-9
1.038769021155178e-9
8.737506751652389e-10
5.6636256974446675e-6
2.291410805902048e-6
2.7120144607301085e-7
1.164432214371782e-8
3.665429248065823e-9
2.2958743694716914e-9
1.8689785359861797e-9
9.801532162929986e-10
4.916235742403212e-6
1.7422714220329323e-6
6.126025172327565e-8
9.038630804121545e-9
3.7801227410377404e-9
2.029970822551943e-9
1.2996702334869488e-9
4.5740093334529505e-6
1.6326383357142602e-6
1.2035164331109211e-7
1.6607970155346944e-8
5.500835543863123e-9
2.846179342699582e-9
5.180097733200053e-6
1.6529488874558995e-6
1.2639792111014602e-7
2.421686122575776e-8
1.0828806655070866e-8
4.455781326628032e-6
1.689792991558901e-6
3.4458071327917393e-7
1.357428549177167e-7
3.6330938161912312e-6
2.1665516746418362e-6
1.1544521680273694e-6
2.7607830097360365e-6
2.1729152584179096e-6
2.511575411908965e-6
0.0002469599700771325
0.00006962609372179462
7.816948203720134e-6
1.228188196598476e-6
2.6825274444809174e-7
4.24202386839242e-8
2.5298223025127753e-8
3.0174066501892105e-8
2.38372949571983e-8
2.9609353994199844e-8
2.991552466227506e-8
4.15598610976329e-8
5.708429857100544e-8
5.58844824299122e-8
6.090381685326372e-8
0.00009144605593682127
0.000025938218874063047
4.860856362711355e-6
1.005205301894947e-6
1.2402238669971406e-7
6.233103167478202e-8
6.805155516715663e-8
5.379194281388389e-8
6.067866252912944e-8
6.465546059194243e-8
8.889652442569625e-8
1.3264681540353608e-7
1.3537788524383722e-7
1.422905546986874e-7
0.00003121091840696558
0.0000126732094855605
2.023865973678361e-6
1.576314189457044e-7
3.551884893183549e-8
2.7579224479425615e-8
1.7236731429082722e-8
1.6569003460850644e-8
1.6018982620108652e-8
2.1132712589100316e-8
2.8614449156027424e-8
3.036268812940356e-8
3.0068784130543626e-8
0.000017926497694006627
5.323791214088966e-6
4.5048579757706555e-7
5.2080418594767055e-8
1.4973037422111927e-8
7.2005235548465825e-9
5.370779583695855e-9
4.226217722990319e-9
5.170311586521732e-9
5.604206824467963e-9
6.675470185333054e-9
6.587249701499559e-9
0.000012207172444075777
4.157129142877405e-6
4.374192868394582e-7
3.122155861440349e-8
4.982033413455708e-9
3.1914517455396183e-9
2.064789635701943e-9
2.1032886609691044e-9
2.5753872979678498e-9
2.0784065955943594e-9
1.6515583425568577e-9
8.849845446694467e-6
3.045955903618352e-6
2.058050743248105e-7
8.780531272072418e-9
2.5602570003551937e-9
1.2212823166051796e-9
1.004537920454137e-9
1.2380824782245067e-9
5.573388621480394e-10
4.284600009620053e-10
7.38072450642787e-6
2.1789058697374455e-6
1.49118720199866e-7
1.4683887002457414e-8
3.06810637258051e-9
2.3496627329662613e-9
1.991643364276327e-9
1.1473976692085784e-9
9.604941954314783e-10
6.390098393642686e-6
2.591016314358268e-6
3.07180610254789e-7
1.3193154124933032e-8
4.130302098186993e-9
2.5713703318356205e-9
2.087987938973455e-9
1.0842136817624954e-9
5.571891125045571e-6
1.9792788421617832e-6
6.975275135998401e-8
1.0271841345761393e-8
4.281436977749804e-9
2.2906790718259826e-9
1.4602339989534553e-9
5.211871177831651e-6
1.8646662438984978e-6
1.3756404841850454e-7
1.896475159045698e-8
6.2741383118090396e-9
3.240055189483431e-9
5.924863526423684e-6
1.893494004319608e-6
1.448867159837802e-7
2.7764908962326732e-8
1.2416198947168188e-8
5.111916160355169e-6
1.9407803957531493e-6
3.960630000086939e-7
1.5610591383322767e-7
4.1775680870134394e-6
2.493806818754263e-6
1.3297310022228169e-6
3.1807925709615137e-6
2.5055327909024028e-6
2.8985599522966984e-6
0.00020791861954156619
0.00005989015484879875
6.9874211180204295e-6
1.1142559915396083e-6
2.43488397888505e-7
3.784783280358327e-8
2.229348637519987e-8
2.645048929537061e-8
2.0910329875586278e-8
2.5860896553745985e-8
2.6188598234246893e-8
3.6375809849719414e-8
5.020045349348704e-8
4.9281500606865474e-8
5.3592473816460567e-8
0.0000815449091225939
0.00002418608100844791
4.632741646917094e-6
9.614684450323228e-7
1.1625622190155344e-7
5.659083330374997e-8
6.130457069583706e-8
4.8241486520909603e-8
5.430076312441703e-8
5.7807778713248996e-8
7.939571052230884e-8
1.1850894428508368e-7
1.2107747179093722e-7
1.2707820999984276e-7
0.00003074657621778087
0.000012855583829028306
2.0748809046566017e-6
1.6147818325357386e-7
3.4897642918277164e-8
2.6384300770064982e-8
1.6266476038342433e-8
1.5448324427846282e-8
1.4802462994907986e-8
1.9471944883319285e-8
2.6092242902754193e-8
2.7777056280726167e-8
2.73989319081605e-8
0.000018665828181645172
5.6383778994645345e-6
4.81917075734081e-7
5.5358540762207606e-8
1.5404784349759404e-8
7.278421545404035e-9
5.3427836862069394e-9
4.1371712089544535e-9
5.023280081536245e-9
5.319419954158934e-9
6.424069322849555e-9
6.30758508329769e-9
0.00001311593200678308
4.5085709777078e-6
4.773509494443961e-7
3.3948022456786804e-8
5.304489267225221e-9
3.358664850923447e-9
2.1421576434571325e-9
2.152730008935173e-9
2.6175808849156723e-9
2.0674579155020533e-9
1.6067025108788975e-9
9.671679801228546e-6
3.350532908543226e-6
2.2734929761874912e-7
9.684614606158075e-9
2.7987692251616203e-9
1.3238493385854838e-9
1.0799049229471386e-9
1.3234089510164252e-9
5.792818928201105e-10
4.388629573290734e-10
8.16104994403673e-6
2.42091243697109e-6
1.6633201216198134e-7
1.6374476740952636e-8
3.3988977486181146e-9
2.5897428402068684e-9
2.1847271295651553e-9
1.251388952658425e-9
1.0421428362087938e-9
7.13011758371461e-6
2.9001773750077363e-6
3.44511810373614e-7
1.479341550311306e-8
4.604761867117202e-9
2.849222989855336e-9
2.30764185836809e-9
1.1867912636919358e-9
6.254394661688954e-6
2.2269679787803796e-6
7.863347057297903e-8
1.1559618684904945e-8
4.803561856482468e-9
2.5613299601734934e-9
1.6264251486676048e-9
5.8795545358202865e-6
2.107647576425288e-6
1.556166846263939e-7
2.144272374082101e-8
7.090192210148119e-9
3.6572127144011393e-9
6.706154819413376e-6
2.1468623664652415e-6
1.644330010609474e-7
3.153159997967091e-8
1.410906657940713e-8
5.807069516289629e-6
2.2081405936657178e-6
4.511277688697493e-7
1.7795052047071647e-7
4.760926398849878e-6
2.8461629638311057e-6
1.519010121369282e-6
3.6348768774196184e-6
2.8662890522952355e-6
3.3196178461209073e-6
0.00017265222698401513
0.000050740860175985994
6.05330674966547e-6
9.795781646853963e-7
2.1456258064753104e-7
3.280808165921707e-8
1.902527531598723e-8
2.2487563740457914e-8
1.7750087329382967e-8
2.197270213063045e-8
2.221284626112855e-8
3.085987733544785e-8
4.2546105351085104e-8
4.180150199164049e-8
4.541870225563958e-8
0.00007008227911603692
0.00002161843441463974
4.250045552435034e-6
8.882594005989903e-7
1.0527183731521153e-7
4.931167721688721e-8
5.294809105470705e-8
4.145673628597017e-8
4.65829489441662e-8
4.95275595935354e-8
6.794393111172582e-8
1.0134350358875776e-7
1.0360638885173226e-7
1.0862441489449243e-7
0.000029095161751596124
0.00001259529239269233
2.0626730358954035e-6
1.6076930836261005e-7
3.3142414707215865e-8
2.4276581698638173e-8
1.4751852633118075e-8
1.3820534312470063e-8
1.3108910003398967e-8
1.7193151864492065e-8
2.2761130364908474e-8
2.4314521225533655e-8
2.3890132069320237e-8
0.00001885892153037672
5.81780672592318e-6
5.035549110276304e-7
5.747738955730495e-8
1.5415450736640643e-8
7.140568844474474e-9
5.154231651437625e-9
3.9233765222444946e-9
4.723877948834749e-9
4.87638233181967e-9
5.982527926185321e-9
5.8417071616290274e-9
0.000013771325962127086
4.788609245281186e-6
5.109267777027165e-7
3.6204791033783587e-8
5.527271023640661e-9
3.457144128676006e-9
2.1732890130066146e-9
2.152769933990024e-9
2.6010861517712842e-9
2.0038061020025335e-9
1.5192215332015298e-9
0.000010368979218979417
3.6207380235503862e-6
2.469599879101844e-7
1.0504340595158431e-8
3.0062122682725848e-9
1.4098619498793577e-9
1.140673574687417e-9
1.3895633024373854e-9
5.917231666967265e-10
4.4213670457237786e-10
8.874812569403894e-6
2.6479457773038303e-6
1.8278422081982305e-7
1.799259995688958e-8
3.7085349749415268e-9
2.810027774469739e-9
2.360008874032251e-9
1.3453405373539213e-9
1.1146783193348946e-9
7.838348545677837e-6
3.200082776542745e-6
3.8105815697393673e-7
1.6368620443085847e-8
5.06373322776854e-9
3.1150704333241325e-9
2.5166930635786285e-9
1.2837150101486389e-9
6.924553846470164e-6
2.4730171076328007e-6
8.756467378695636e-8
1.2849225848021248e-8
5.32479123711852e-9
2.8309947885802235e-9
1.7923449171004427e-9
6.552742861821632e-6
2.3555704965887972e-6
1.7411713632136757e-7
2.397858566175158e-8
7.92733732097394e-9
4.08707723528904e-9
7.509150461332128e-6
2.409102028591033e-6
1.8471158441400429e-7
3.5444879485679866e-8
1.5872657339534228e-8
6.5305502718119754e-6
2.487156787749668e-6
5.086641603079425e-7
2.0080265175424716e-7
5.370796450815903e-6
3.2150500787782224e-6
1.7174316007230723e-6
4.111002534977687e-6
3.2452632684644483e-6
3.762963026383066e-6
0.00014020953649903142
0.000042659501434587035
5.151025135236963e-6
8.452495708643166e-7
1.8632758490648582e-7
2.815752122680072e-8
1.6072895248601726e-8
1.8953285005785926e-8
1.493479188116986e-8
1.850403658769798e-8
1.868895305534264e-8
2.5961631205539668e-8
3.565489724219958e-8
3.497371215004324e-8
3.803401755327011e-8
0.000059045096462620296
0.000018637795404245484
3.765669300778473e-6
7.967395312517734e-7
9.30358338837828e-8
4.188854040050814e-8
4.4598645466857016e-8
3.4786032852500546e-8
3.903694656549155e-8
4.1468361163711905e-8
5.6839233868541346e-8
8.466417023897541e-8
8.655246024379895e-8
9.072138880347127e-8
0.000026327277927802443
0.000011843885577631134
1.9785413418633075e-6
1.550755988868044e-7
3.044297125531311e-8
2.1544792975114125e-8
1.2930983316833215e-8
1.196179110141328e-8
1.1240589098741067e-8
1.471031485616445e-8
1.9259987104898404e-8
2.0630854498841384e-8
2.022144863370182e-8
0.00001835571194012765
5.8107901292260684e-6
5.109995502143355e-7
5.800415968163004e-8
1.494797617877118e-8
6.780280267943039e-9
4.819340748209172e-9
3.6116477217915795e-9
4.3132773351035254e-9
4.351664146693283e-9
5.4220564682390714e-9
5.266419177181384e-9
0.000014046976765954571
4.954559108931738e-6
5.337831830782719e-7
3.7702195226188365e-8
5.613548834303558e-9
3.4688374406642736e-9
2.152274333928471e-9
2.102541855927593e-9
2.530093770017413e-9
1.898003805873985e-9
1.4049053012108572e-9
0.000010852693019699047
3.826929256603726e-6
2.627066756001852e-7
1.1160408923578328e-8
3.1603252637637776e-9
1.4698963389307502e-9
1.1804963655437071e-9
1.4296916753590983e-9
5.94819943729855e-10
4.3996436207836127e-10
9.45286579141725e-6
2.8405727177771786e-6
1.9721104611615626e-7
1.9415228299693745e-8
3.971183275053523e-9
2.9914065255255466e-9
2.503047917053212e-9
1.4229090545908968e-9
1.1734811375994336e-9
8.460716619564034e-6
3.469748326498882e-6
4.1438496052754464e-7
1.7813486858348948e-8
5.475809300593746e-9
3.352148027262714e-9
2.702603821766194e-9
1.37117491672785e-9
7.5388268036084454e-6
2.7021591521938776e-6
9.600139650242267e-8
1.4062979578589138e-8
5.816721915532953e-9
3.0872105432458287e-9
1.952257981215075e-9
7.190799633657468e-6
2.593546785569283e-6
1.9196974832482115e-7
2.6433339297612776e-8
8.747320566220126e-9
4.5150066732224925e-9
8.286125617227488e-6
2.6651550436370145e-6
2.0462638886164244e-7
3.931749510811777e-8
1.7635250906949413e-8
7.243681898377192e-6
2.764297710968697e-6
5.661596127769713e-7
2.2375039764801135e-7
5.98152680941495e-6
3.587157763330539e-6
1.9185303372322405e-6
4.594336908272598e-6
3.631999992955412e-6
4.2177682752966164e-6
0.00011089390107245189
0.00003546644454744245
4.360233970187779e-6
7.245050880174853e-7
1.6143760224370475e-7
2.426795763079973e-8
1.3697325773868023e-8
1.6098540486023028e-8
1.2715828253399436e-8
1.5618325900956867e-8
1.589421043818791e-8
2.205028975646815e-8
3.0392037155834846e-8
2.978429554055221e-8
3.241848531033372e-8
0.000049888754855787666
0.000015766959207212612
3.256393894573768e-6
7.013704195971873e-7
8.156893716260428e-8
3.5634313918017846e-8
3.771955724628718e-8
2.9415841258598847e-8
3.297887913288157e-8
3.505215855977667e-8
4.805089195764526e-8
7.154601123930484e-8
7.313130835969728e-8
7.669399800085708e-8
0.00002282474583791679
0.000010648353792358593
1.8251608864858154e-6
1.446892341125181e-7
2.7196124562000726e-8
1.864329132421887e-8
1.1120705278668595e-8
1.0210837021762431e-8
9.547929081738174e-9
1.2490848276715139e-8
1.627300721828859e-8
1.7447059754448656e-8
1.711137879709288e-8
0.00001708665808882185
5.576866682308585e-6
5.001918400418877e-7
5.6575947644509364e-8
1.4001966740809155e-8
6.221134977693321e-9
4.373226417824272e-9
3.2430997670707947e-9
3.849084106724684e-9
3.8331223567911665e-9
4.829915435792212e-9
4.672330415744177e-9
0.00001381865152761524
4.960564275348887e-6
5.410379996091838e-7
3.812345927550998e-8
5.528135239125602e-9
3.377694994945872e-9
2.0747551699460812e-9
2.003095142143663e-9
2.4097948718184372e-9
1.7631863555853893e-9
1.2812300963291533e-9
0.00001102160734529879
3.934072015136593e-6
2.7224296602137336e-7
1.1556445192622408e-8
3.2350369788900363e-9
1.4930290220271578e-9
1.191816539958101e-9
1.435495359962599e-9
5.882001548222165e-10
4.334794030382983e-10
9.810728527975015e-6
2.974202040970323e-6
2.079637579518341e-7
2.0483204170702088e-8
4.154510723641507e-9
3.109802378395864e-9
2.595229196028599e-9
1.4752610021477429e-9
1.2118610702255231e-9
8.926467120406114e-6
3.6811025645539953e-6
4.412288292901091e-7
1.8992172372965988e-8
5.7995132204059974e-9
3.5372047128007937e-9
2.8473723006109872e-9
1.4423472780921761e-9
8.038340935290572e-6
2.8940514581739508e-6
1.0325143071599265e-7
1.5100342262082664e-8
6.240077318093847e-9
3.3107945960020857e-9
2.0956352553655105e-9
7.742188669809938e-6
2.8037822159421832e-6
2.0788480421989975e-7
2.863214192529441e-8
9.49547501949094e-9
4.91538164386248e-9
8.981963070622057e-6
2.89789069236612e-6
2.2288067549868025e-7
4.2904343259147525e-8
1.9290372004728203e-8
7.901200986709009e-6
3.0225022676690566e-6
6.20128507104567e-7
2.454215606890884e-7
6.55630086069816e-6
3.940383354836218e-6
2.1105001592989524e-6
5.056558758148329e-6
4.004186343113037e-6
4.6583135906253326e-6
0.00008628082669716172
0.000028833649285072566
3.6630239823522893e-6
6.143944522171113e-7
1.3836458719778658e-7
2.0741808673569384e-8
1.1632130111337575e-8
1.3590337264617973e-8
1.0794831657438025e-8
1.3114941556542745e-8
1.3462258648049573e-8
1.8658117820674498e-8
2.6051744465071703e-8
2.5651841513795815e-8
2.784776877732378e-8
0.000042435914642165835
0.000013354535184713277
2.7826932288679518e-6
6.109808824149616e-7
7.143292502339471e-8
3.074106590179457e-8
3.2444852101964016e-8
2.5365468991620733e-8
2.8427185529838636e-8
3.0241591560970365e-8
4.150167684483512e-8
6.191566852594295e-8
6.334563442473279e-8
6.642101058162149e-8
0.000019234296416796133
9.183097235632576e-6
1.6200810675541868e-6
1.3062241653178353e-7
2.3827261133505855e-8
1.5962534697774945e-8
9.526286186448129e-9
8.747964955116297e-9
8.188172531998346e-9
1.0722937810445381e-8
1.4016591841709134e-8
1.5017151150795525e-8
1.4765371568640284e-8
0.000015148333098681475
5.108683957544949e-6
4.6893510667514804e-7
5.303543357188693e-8
1.2647351487020759e-8
5.5119215622153796e-9
3.853889525915079e-9
2.8473140449228756e-9
3.3675217199027055e-9
3.354400148198159e-9
4.244850683179659e-9
4.095401962417586e-9
0.000013006749415768639
4.768675569654157e-6
5.28189672468537e-7
3.718374808981648e-8
5.244941242231413e-9
3.171181708421426e-9
1.935132644234978e-9
1.8513483669027827e-9
2.234999998707119e-9
1.6018994974580306e-9
1.1517972356574747e-9
0.000010779522334676047
3.905899447129209e-6
2.7303478084711085e-7
1.1588867324691687e-8
3.203089745994233e-9
1.4673510405834733e-9
1.1654736292805271e-9
1.39632736636812e-9
5.685758491877269e-10
4.20416929466138e-10
9.85607285912811e-6
3.0208930790919524e-6
2.1311423854552114e-7
2.1008955726093922e-8
4.2205726442637014e-9
3.136723414895331e-9
2.613312466011415e-9
1.489776540637783e-9
1.2195750327303748e-9
9.152732135528086e-6
3.800497906219105e-6
4.576132044453267e-7
1.9736266240188965e-8
5.9829988737255154e-9
3.639348496246813e-9
2.926448929371848e-9
1.4856467480510727e-9
8.35096489975229e-6
3.023224256108703e-6
1.0842709286782271e-7
1.5831742249041917e-8
6.542468991734049e-9
3.474924694937182e-9
2.206281874630406e-9
8.140560714325124e-6
2.962834962087321e-6
2.2014784707181658e-7
3.034235886726856e-8
1.0097865955034739e-8
5.2521083224854204e-9
9.523002397899303e-6
3.084142798222356e-6
2.3772547638827876e-7
4.587770488894667e-8
2.0695928366614483e-8
8.441795001964895e-6
3.2389098718078415e-6
6.659780224134807e-7
2.640314067517035e-7
7.0469078301555585e-6
4.246519593278242e-6
2.2785153718647963e-6
5.462365748157705e-6
4.33448969987941e-6
5.053547260718525e-6
0.00006697845576599526
0.00002275142740310166
3.0009656892248454e-6
5.054301397151019e-7
1.144443881853698e-7
1.7017724962625663e-8
9.464349135987351e-9
1.1007176768093896e-8
8.748538915936696e-9
1.064931604413188e-8
1.0899672886832479e-8
1.5143750602252714e-8
2.119302856124441e-8
2.0981282967222643e-8
2.26939357987022e-8
0.00003509383399254371
0.000011310572621347466
2.352235985090522e-6
5.227417014419736e-7
6.116070304640541e-8
2.5937526620105914e-8
2.7253064530690345e-8
2.1267882458615254e-8
2.3816868745244556e-8
2.531308325002208e-8
3.4737546798319345e-8
5.1925435808457756e-8
5.318961335317915e-8
5.567790771664891e-8
0.00001617524361422297
7.719216144275452e-6
1.39310622302695e-6
1.1428899224665563e-7
2.0530408083405035e-8
1.3554763712660125e-8
8.069630569387717e-9
7.415166398754103e-9
6.9468276109064026e-9
9.086599856500089e-9
1.1903261145943156e-8
1.2759457771832082e-8
1.2534965127381452e-8
0.000012864435180765617
4.458476810776008e-6
4.1906692031772275e-7
4.7611728713826715e-8
1.1028019888048771e-8
4.719721932032392e-9
3.2884144951916616e-9
2.4255701683632015e-9
2.860291661738988e-9
2.8570996439376382e-9
3.619956576801454e-9
3.4817323724534902e-9
0.000011643245419689068
4.369069920221779e-6
4.929402471697725e-7
3.4746044441166105e-8
4.763623613448779e-9
2.8487985766790673e-9
1.7295119268141272e-9
1.6409615040232162e-9
1.988805869436794e-9
1.4011298268949453e-9
9.99882043402591e-10
0.000010072094492772894
3.7153383022478296e-6
2.629524847574144e-7
1.1171378255029048e-8
3.044072131560504e-9
1.3835902356479104e-9
1.0932067555990387e-9
1.302002872541065e-9
5.295216006302874e-10
3.943564993162072e-10
9.50929096592753e-6
2.9540783446839203e-6
2.1070837590772145e-7
2.0801653241301236e-8
4.1321013704622855e-9
3.0442893459840454e-9
2.532986439565684e-9
1.4510716315688362e-9
1.18363036265785e-9
9.055043435125861e-6
3.7922007757380755e-6
4.5921713334599875e-7
1.98603810564228e-8
5.969047997503073e-9
3.6221699273457044e-9
2.9099902674757483e-9
1.4843965293803137e-9
8.39756731002744e-6
3.0610391088100803e-6
1.105084948151821e-7
1.610727463589024e-8
6.660446061400315e-9
3.5450295352173626e-9
2.2614432195286322e-9
8.309323589613068e-6
3.0431339220265436e-6
2.2672272803633875e-7
3.128249751585928e-8
1.0460545543904903e-8
5.47601648380065e-9
9.821485293361569e-6
3.195860235854532e-6
2.470156897459249e-7
4.782655190610632e-8
2.166817818582135e-8
8.789835590287748e-6
3.384872926063093e-6
6.978801558724248e-7
2.7729053922328176e-7
7.3919436883541966e-6
4.46910269594295e-6
2.403225912207444e-6
5.765531774422148e-6
4.586739205997467e-6
5.3619576750984815e-6
0.00005185765183238968
0.00001753100751128497
2.374112133417018e-6
4.02396455231822e-7
9.111987634968985e-8
1.3324751054567112e-8
7.2725599688186505e-9
8.433671066533688e-9
6.666550499729496e-9
8.093986186189366e-9
8.285204220673176e-9
1.1495380912359558e-8
1.6028382910101458e-8
1.5807520217146118e-8
1.7116918287208845e-8
0.000027282590959789422
9.293139223360571e-6
1.9436921828499962e-6
4.3150959861168866e-7
4.9721302691854615e-8
2.0352825111654607e-8
2.115256336087448e-8
1.634128373277206e-8
1.8234740081586737e-8
1.9355156121891684e-8
2.6449260224760938e-8
3.9501843380257255e-8
4.046218408209032e-8
4.229556574679135e-8
0.0000137932565074617
6.493846091253083e-6
1.1752544972813642e-6
9.7196171036564e-8
1.7290659311122282e-8
1.1245103158197282e-8
6.5865205945170605e-9
5.986845453397092e-9
5.560698539000458e-9
7.231191655454136e-9
9.344090369609698e-9
1.00641144590022e-8
9.810459442273484e-9
0.000010715562752449353
3.7472796035867024e-6
3.582435853766016e-7
4.1067824551598414e-8
9.36409605262573e-9
3.943546118209059e-9
2.724239753311034e-9
1.993541196016851e-9
2.3379748049869514e-9
2.3042441186873968e-9
2.9382119847154755e-9
2.8128048489563768e-9
9.93626946953247e-6
3.805747832249594e-6
4.378002860305356e-7
3.099016579725606e-8
4.1386412819602435e-9
2.4452472458078474e-9
1.4749876605338777e-9
1.3861438379174745e-9
1.6793650696527472e-9
1.1647815154340306e-9
8.214641252304559e-10
8.942502352171254e-6
3.362357631123942e-6
2.4137639769027427e-7
1.0281747618259666e-8
2.760375198153615e-9
1.2440908730424929e-9
9.76468056645858e-10
1.1549037397167447e-9
4.694686678705546e-10
3.523035831538993e-10
8.74294086099759e-6
2.7588056631354237e-6
1.9938071411928018e-7
1.9727730939891495e-8
3.868232660960696e-9
2.8193440324720535e-9
2.342535252462478e-9
1.3501915851713674e-9
1.0969559539035828e-9
8.573465507119055e-6
3.627698738586278e-6
4.423745539581952e-7
1.9204985059189373e-8
5.712825055136578e-9
3.4577755472292666e-9
2.775350793788577e-9
1.4254757074031738e-9
8.109413140361927e-6
2.9810032695583004e-6
1.0850363202613836e-7
1.5784321823686348e-8
6.534057022728538e-9
3.488507290334487e-9
2.2394584998013286e-9
8.172901593620061e-6
3.0162817969920495e-6
2.2548088636712884e-7
3.1159107413692426e-8
1.0484368440638255e-8
5.534491095246498e-9
9.784762649632648e-6
3.202672273438558e-6
2.4840155133147596e-7
4.829598894197065e-8
2.2001129016359496e-8
8.861506315565807e-6
3.4281483570619183e-6
7.092078105558089e-7
2.82576212072227e-7
7.521267785886118e-6
4.565964159274037e-6
2.462075738123527e-6
5.912010679165001e-6
4.718240134151258e-6
5.534030157965987e-6
0.000040092277508752186
0.000013530284761060261
1.844662741904618e-6
3.1845826812923676e-7
7.18858359548706e-8
1.0409499879157707e-8
5.595636524413273e-9
6.463579933132225e-9
5.104517590994996e-9
6.190639738410583e-9
6.345552683899462e-9
8.776708634425463e-9
1.227742997854152e-8
1.2119645035268127e-8
1.3130991428507939e-8
0.00002083425925183444
7.3000680758429885e-6
1.5679615945253638e-6
3.4574129563490933e-7
3.929242675666459e-8
1.559064350286277e-8
1.6065086094650816e-8
1.2362660984808974e-8
1.3784320298008221e-8
1.4614789426875632e-8
1.9969881737319762e-8
2.9696686998029395e-8
3.045369957719551e-8
3.1852368289990694e-8
0.000011603132212115305
5.5353583086450354e-6
9.845700786610041e-7
8.090614129627892e-8
1.424766698412985e-8
9.126547887544802e-9
5.268620139037323e-9
4.709951896701592e-9
4.31569845629695e-9
5.603989290035274e-9
7.1032129249755515e-9
7.688104842718721e-9
7.45159050197221e-9
9.075366828405697e-6
3.124560975143057e-6
2.9884188506220033e-7
3.458796249907993e-8
7.90195951296799e-9
3.307549056160825e-9
2.2594306450166026e-9
1.6337973196827683e-9
1.908794950158813e-9
1.838641167494372e-9
2.366264265278605e-9
2.2632319035841893e-9
8.254297641603668e-6
3.187933495554048e-6
3.7203489300627984e-7
2.6528316295688865e-8
3.4912871200784116e-9
2.043914345613556e-9
1.225932549154454e-9
1.1444003787381082e-9
1.3809857129222326e-9
9.51896137268172e-10
6.657719833128999e-10
7.578940034169629e-6
2.8942918918224134e-6
2.1061864491081656e-7
9.018138984041295e-9
2.393328590128475e-9
1.0716773951249403e-9
8.356047867585365e-10
9.827595317878219e-10
4.0142857092300956e-10
3.041456165264912e-10
7.634538670152156e-6
2.4472322690311146e-6
1.7936955650858736e-7
1.7809368730664642e-8
3.4474746259652467e-9
2.483131780419049e-9
2.0619506013964857e-9
1.197832705659274e-9
9.703893050629622e-10
7.716152877636472e-6
3.3023790432066496e-6
4.059560645062619e-7
1.7716591255743918e-8
5.211615180196091e-9
3.1491868601755323e-9
2.5266319394528936e-9
1.3120815238792209e-9
7.461642027632935e-6
2.7698088208529177e-6
1.0180816836312032e-7
1.4784265461601319e-8
6.133841825807535e-9
3.2912138645401835e-9
2.131675164309965e-9
7.682935658960807e-6
2.8615885848139715e-6
2.1480408146957688e-7
2.975265498374209e-8
1.0094696913911333e-8
5.387972884377689e-9
9.340437401064807e-6
3.079154587944297e-6
2.3985528478867976e-7
4.688547911357873e-8
2.150968323232654e-8
8.582244379392516e-6
3.338853232227471e-6
6.936640820133123e-7
2.77354122279384e-7
7.367427046097249e-6
4.495335007158434e-6
2.4323182645611866e-6
5.8469211205537845e-6
4.684769995781274e-6
5.5174479780662025e-6
0.00003123770711527214
0.000010492056310666076
1.4301645892162861e-6
2.5014610314659504e-7
5.682233068577128e-8
8.222308358699108e-9
4.421571410085257e-9
5.109607634794575e-9
4.051119641953348e-9
4.914330329155522e-9
5.0331581117619295e-9
7.000462631543126e-9
9.775396821828966e-9
9.672468952991243e-9
1.0471872132450463e-8
0.000016339250516371814
5.626915571302131e-6
1.2466686089498912e-6
2.7721316607289844e-7
3.149757218610877e-8
1.2447274292685596e-8
1.283676440641834e-8
9.936087910825229e-9
1.1075638949321304e-8
1.174612094927006e-8
1.6116352461082395e-8
2.4044168681327856e-8
2.4647395481887598e-8
2.5772323934985392e-8
9.149059074001643e-6
4.626148354209113e-6
8.21287586817214e-7
6.677340301839944e-8
1.1530166463719957e-8
7.273295954191853e-9
4.220090213683132e-9
3.7548287546265506e-9
3.4337215834714334e-9
4.4732400126640725e-9
5.69887151275459e-9
6.147526210555931e-9
6.0088701284864395e-9
7.841895192625602e-6
2.6705006497110276e-6
2.517184466826775e-7
2.91439596773097e-8
6.687657281131421e-9
2.8044150030126577e-9
1.9034807714438235e-9
1.3677222477913655e-9
1.5935185755013201e-9
1.5239009417938918e-9
1.9748538188517378e-9
1.895667777662663e-9
6.948401997948429e-6
2.6539264872359145e-6
3.098039163762155e-7
2.224543178891361e-8
2.9419585091823214e-9
1.7206705493419582e-9
1.0298187166610012e-9
9.598166064675385e-10
1.155286074169278e-9
8.005668515666547e-10
5.602216968860309e-10
6.285608470050736e-6
2.408933184581228e-6
1.7659313840527382e-7
7.614891120443804e-9
2.015913599487976e-9
9.016392173827987e-10
6.996867714761345e-10
8.224606225509404e-10
3.393738353017775e-10
2.5933912995294243e-10
6.395999671286955e-6
2.0718039653633904e-6
1.535819963967567e-7
1.531974319676354e-8
2.9399151175427666e-9
2.096262039040449e-9
1.742520221645101e-9
1.0205328377390997e-9
8.2681026903616e-10
6.606392456034986e-6
2.856022212441948e-6
3.5383384006620726e-7
1.554410335133527e-8
4.5277079872956726e-9
2.7371400032827394e-9
2.197548894698823e-9
1.158495170405666e-9
6.518713610132843e-6
2.443499633230392e-6
9.075552145162648e-8
1.3166256196807436e-8
5.483357191599473e-9
2.96370919906792e-9
1.941449141112964e-9
6.859931519376522e-6
2.580412335932109e-6
1.9461045415215472e-7
2.7045371572328493e-8
9.272682189219126e-9
5.017468908742608e-9
8.480480209774357e-6
2.818316205284895e-6
2.2065691960816048e-7
4.341834374739961e-8
2.0092154561960027e-8
7.921166096193612e-6
3.101906260459437e-6
6.476974706210376e-7
2.600819680354091e-7
6.89091358276042e-6
4.2300670330284295e-6
2.2982804117960474e-6
5.531723704894928e-6
4.45340204688615e-6
5.2710458279460176e-6
0.000024519953728611077
8.040467644850162e-6
1.0940753744104767e-6
1.9286071329777365e-7
4.460518260903769e-8
6.371371763729672e-9
3.342086427195303e-9
3.845444703517334e-9
3.031292157489713e-9
3.6822790845768655e-9
3.7681142949882e-9
5.212414562280132e-9
7.290071565087861e-9
7.2037176454444886e-9
7.796345672545757e-9
0.000012471562579768867
4.333103496669134e-6
9.715397107726636e-7
2.2311665775423847e-7
2.5105301262335645e-8
9.49162994827658e-9
9.675576664017262e-9
7.439427389595643e-9
8.292666710695796e-9
8.793609750431816e-9
1.199459321676672e-8
1.788747437676113e-8
1.8343221710766587e-8
1.9186368510266903e-8
6.904779870594575e-6
3.61335924336796e-6
6.752791065708919e-7
5.54423048951193e-8
9.168608578252313e-9
5.586356414613631e-9
3.2196504122105754e-9
2.8607262357862883e-9
2.614397717995328e-9
3.3874427972632544e-9
4.299158741025025e-9
4.650166218220116e-9
4.548134932718717e-9
6.463717329753524e-6
2.295240775217523e-6
2.1677296012398494e-7
2.4708744871446082e-8
5.513435788510525e-9
2.2787072628299078e-9
1.5401818758345751e-9
1.101533232106651e-9
1.2708552448115181e-9
1.208283337014348e-9
1.591999189155098e-9
1.514628364472066e-9
6.039577619831972e-6
2.2792125352755965e-6
2.6229246322957736e-7
1.8792905246902896e-8
2.5114925556724522e-9
1.4740150174025335e-9
8.792729958818816e-10
8.153212343962953e-10
9.805756887713373e-10
6.718973265936947e-10
4.6331602974342383e-10
5.321604710860833e-6
2.0139856146426814e-6
1.4693429078261996e-7
6.363746768531914e-9
1.6982043496478472e-9
7.623210492062851e-10
5.897429299569559e-10
6.95841308327975e-10
2.8660550221283435e-10
2.1835225516827673e-10
5.310833810909241e-6
1.7171485845199538e-6
1.2757404802202938e-7
1.2777561035233804e-8
2.4530462367693147e-9
1.7422301517006638e-9
1.4501449494215638e-9
8.515784762035267e-10
6.920506836291992e-10
5.484060402060549e-6
2.3799253808640266e-6
2.961519519988963e-7
1.3091633232272177e-8
3.794342757092894e-9
2.2984124275403404e-9
1.8484673062972202e-9
9.872199312890542e-10
5.460956231489246e-6
2.0599154368665414e-6
7.71286978615872e-8
1.1194034703923619e-8
4.6827125615928865e-9
2.551436746100406e-9
1.6898401056592706e-9
5.833960144744884e-6
2.2123032401904595e-6
1.6756909658827808e-7
2.3380373650093834e-8
8.104514443664156e-9
4.44793821187873e-9
7.314718086269436e-6
2.4491678104360404e-6
1.92737729525991e-7
3.819248800380098e-8
1.783803030918506e-8
6.939290795565896e-6
2.7353250602402848e-6
5.742000296851464e-7
2.316454781988812e-7
6.119206622172873e-6
3.780576444413696e-6
2.063396719411312e-6
4.972908842716903e-6
4.0246237264764716e-6
4.7897726742927745e-6
0.00001949322556678422
6.2387702144508935e-6
8.442041851333201e-7
1.4789465031748477e-7
3.475553932950272e-8
4.990941095307005e-9
2.591207842106999e-9
2.9802445954529707e-9
2.353486293808072e-9
2.8591982572956086e-9
2.9202261646067134e-9
4.0561689972266174e-9
5.6632323242880035e-9
5.594015400755822e-9
6.061564029570455e-9
9.54882620279786e-6
3.347042338793742e-6
7.427740044258178e-7
1.7516826335129876e-7
1.9970903598337552e-8
7.36841967463455e-9
7.474514840592914e-9
5.754292105392498e-9
6.404209535206681e-9
6.786872019383929e-9
9.300489895342533e-9
1.3860129711968413e-8
1.4210922612099021e-8
1.4853595199217196e-8
5.385364647525286e-6
2.7201869024033558e-6
5.317133185066828e-7
4.529716581626401e-8
7.313713434430737e-9
4.355987931006851e-9
2.4908666213636303e-9
2.211017480628867e-9
2.0192546517983707e-9
2.621771886358147e-9
3.3266604825913578e-9
3.6054698255493624e-9
3.4925114002363863e-9
4.828680200348733e-6
1.8306475319510736e-6
1.8085832477960407e-7
2.0411070800091254e-8
4.327293005606186e-9
1.7402449790711726e-9
1.1746870563086417e-9
8.389753484669852e-10
9.676494853152997e-10
9.272432020377439e-10
1.2192948735000196e-9
1.1487424166172975e-9
5.083587103069302e-6
1.970530693302981e-6
2.2672217955481672e-7
1.6025927815061408e-8
2.1043063568205142e-9
1.2314793028010738e-9
7.323010405407587e-10
6.740551235249364e-10
8.182286985637768e-10
5.415567614365334e-10
3.676629048457389e-10
4.63836736560246e-6
1.7448873347730324e-6
1.2601497019320142e-7
5.423434657502973e-9
1.4551001127545724e-9
6.545748621186089e-10
5.069612459673612e-10
5.994235599653969e-10
2.4469949182611235e-10
1.8584091410175123e-10
4.556639826744651e-6
1.4548599556662123e-6
1.0702860275569648e-7
1.0721957398757083e-8
2.0793577288097303e-9
1.4854991260791642e-9
1.2374923375243282e-9
7.239005521846182e-10
5.912636567112159e-10
4.597558621519851e-6
1.9827594666538315e-6
2.4612598153304104e-7
1.090430934782051e-8
3.1732117131532456e-9
1.9287050046527103e-9
1.5551261892955947e-9
8.34661199603622e-10
4.532233782924891e-6
1.7069305912302767e-6
6.396715336018228e-8
9.304042308944164e-9
3.906351379761358e-9
2.1413988336025726e-9
1.4278645672675488e-9
4.834421296929435e-6
1.8366240043741998e-6
1.3937516524295976e-7
1.951452177603257e-8
6.817413135914195e-9
3.7802629918844144e-9
6.086254957651009e-6
2.045159068237559e-6
1.614685092271955e-7
3.216722755249193e-8
1.5133329407440555e-8
5.82105607218548e-6
2.3044444681128462e-6
4.85695974438491e-7
1.9669608058641746e-7
5.181558855203906e-6
3.2174651038089608e-6
1.762793865052521e-6
4.252626622732327e-6
3.4574133913957305e-6
4.1347039383065405e-6
0.000015685001837388633
4.8731885073437185e-6
6.46058273956276e-7
1.1345978703147428e-7
2.6345494845211605e-8
3.810604693004011e-9
1.9837233877665684e-9
2.2840390795786056e-9
1.7994974704085025e-9
2.1973107044948676e-9
2.2384092681135776e-9
3.104381291168634e-9
4.316235152379643e-9
4.262101133993198e-9
4.625528248310475e-9
7.325765318324398e-6
2.5356316473835755e-6
5.676927417808302e-7
1.311941978025255e-7
1.5109173631815155e-8
5.597434970498581e-9
5.678878768268184e-9
4.371632603880815e-9
4.875714628393833e-9
5.165408693263219e-9
7.062644370396659e-9
1.050828201004406e-8
1.0774091542383623e-8
1.1288014757673515e-8
4.137659456674147e-6
2.123760689850091e-6
3.9812464332971957e-7
3.427103338509742e-8
5.58798745899839e-9
3.3192965279190675e-9
1.9010351053950225e-9
1.6808384810226556e-9
1.5305123560670696e-9
1.9857745802039922e-9
2.5126792705167024e-9
2.7144737175734666e-9
2.6599099303796834e-9
3.668756520591893e-6
1.3437564779263224e-6
1.371498625509949e-7
1.594406800136054e-8
3.3542285976913553e-9
1.3369802867913731e-9
8.960031467387699e-10
6.372590479918573e-10
7.36719397588857e-10
7.010672949363518e-10
9.106488247249847e-10
8.704760851377144e-10
3.800412625225981e-6
1.5573462956869556e-6
1.8693704250209677e-7
1.317612937311026e-8
1.640174187874976e-9
9.403173039833262e-10
5.56810461802061e-10
5.084502848608273e-10
6.204454217006696e-10
4.0408119890971886e-10
2.7585795174894735e-10
3.844257769893453e-6
1.4941788821392339e-6
1.0902052109170782e-7
4.6377867774480685e-9
1.2191670719611156e-9
5.425471883724066e-10
4.206619387739781e-10
4.922942579438051e-10
2.0066553074607613e-10
1.5450879194821588e-10
3.96295865828213e-6
1.2695922215362298e-6
9.303212378983811e-8
9.265794977086936e-9
1.797597509693567e-9
1.2900153072746933e-9
1.0727139516927169e-9
6.26383899825756e-10
5.108574744611709e-10
4.0003035406518175e-6
1.7145029129169433e-6
2.1153300661242863e-7
9.31760084333856e-9
2.730641950138419e-9
1.6599723118799739e-9
1.3395756075617213e-9
7.138386750000468e-10
3.888848418433241e-6
1.4529211690034808e-6
5.401401658617233e-8
7.871413710064933e-9
3.3034414120563948e-9
1.8090778187726016e-9
1.2034094348809552e-9
4.075840307629427e-6
1.5377539107900852e-6
1.1641672287014124e-7
1.6308299737632096e-8
5.691511181173737e-9
3.154710225173166e-9
5.076050032812321e-6
1.69974641250903e-6
1.34063878208987e-7
2.671104119522022e-8
1.2576792475012079e-8
4.825995662485786e-6
1.9087417213943524e-6
4.0237666393521363e-7
1.6308821253492845e-7
4.29157663189051e-6
2.6666620409362494e-6
1.4625455056995715e-6
3.5285656825532787e-6
2.873082624787092e-6
3.442164308932078e-6
0.000012754230630552716
3.860882312539188e-6
5.026235632491181e-7
8.800753621471989e-8
2.0442772590817028e-8
2.9493300498783095e-9
1.549108424914928e-9
1.7880463683560712e-9
1.4065023754412036e-9
1.7216451218662155e-9
1.7503953767290867e-9
2.4278576104018107e-9
3.3719246125537867e-9
3.3267300497235452e-9
3.6088867985560274e-9
5.689084581848766e-6
1.9519349379944966e-6
4.3736904397054425e-7
1.0127442636928942e-7
1.1526609350104797e-8
4.338613147507294e-9
4.415851027166503e-9
3.3993240092353705e-9
3.7899423559876885e-9
4.017834076764728e-9
5.495792139979247e-9
8.189128838059187e-9
8.395785213586121e-9
8.783460081684427e-9
3.122877217914678e-6
1.6238917335102698e-6
3.075524816619875e-7
2.5789962544409435e-8
4.280591120228171e-9
2.561381012389772e-9
1.465859241940572e-9
1.2986449864467957e-9
1.1865552428561403e-9
1.538857642228187e-9
1.9550597677224637e-9
2.1170061285978125e-9
2.060099669024218e-9
2.922954498469474e-6
1.0510770929710368e-6
1.0263687820021117e-7
1.2212548462244754e-8
2.646910797785506e-9
1.0544791326018808e-9
7.044093637823308e-10
5.0230541749108e-10
5.767120042258726e-10
5.511742897181804e-10
7.267827479084153e-10
6.887840175510417e-10
2.8259822657324964e-6
1.1293125732244778e-6
1.396630484775448e-7
1.0177129394770575e-8
1.2573544337976243e-9
7.115325914958555e-10
4.200505132046307e-10
3.8420386976239795e-10
4.6404505499933165e-10
3.13725988582807e-10
2.1604917355505665e-10
2.8166135905748307e-6
1.140510166552885e-6
8.649781875881517e-8
3.7224509468672317e-9
9.492293399979163e-10
4.162230941683612e-10
3.2055428496465654e-10
3.704269132986881e-10
1.5396244318756253e-10
1.209257680313153e-10
3.1503365750595883e-6
1.0503462225667704e-6
7.899701604763137e-8
7.844774476715307e-9
1.4792103234902302e-9
1.0443481643987942e-9
8.660872811461185e-10
5.125159282839967e-10
4.1274740081616737e-10
3.405581267825791e-6
1.4809654987811324e-6
1.8364173774608544e-7
8.046708619644326e-9
2.3367845501311367e-9
1.4114205262814372e-9
1.1352255356920638e-9
6.021777814847553e-10
3.38622375435897e-6
1.2687964295872656e-6
4.7086266076497724e-8
6.838035512780909e-9
2.855619445331825e-9
1.552522810333736e-9
1.0260998894470702e-9
3.5582572170075564e-6
1.3379409044261879e-6
1.0098888690668603e-7
1.4087007709561865e-8
4.872894741221866e-9
2.6734672260384634e-9
4.4000599444728925e-6
1.4652694586055372e-6
1.1507532540813873e-7
2.279721832259346e-8
1.0662044520256696e-8
4.13328102594168e-6
1.625769733707305e-6
3.4126720329371307e-7
1.378594609667733e-7
3.6344912256697713e-6
2.247318982885009e-6
1.2288039414612516e-6
2.9615436667809522e-6
2.403594842778067e-6
2.8708040469447998e-6
0.000010441424488475524
3.0968617686261574e-6
3.9377831967745056e-7
6.834153836042465e-8
1.6039972936130607e-8
2.333428216972281e-9
1.2209340478596481e-9
1.4127294854841236e-9
1.1109538275707501e-9
1.3644186326122387e-9
1.3840169846565447e-9
1.9207004074603266e-9
2.6602055865594575e-9
2.6214409873311175e-9
2.8473088279257744e-9
4.463837814510487e-6
1.5045139547418263e-6
3.3367943525851564e-7
7.87588095099512e-8
9.073696953037858e-9
3.3816154695003395e-9
3.4449502605043454e-9
2.6582577243322712e-9
2.9668491215658593e-9
3.146198812520921e-9
4.307060533697703e-9
6.41700787502579e-9
6.575165663581177e-9
6.8865660222348875e-9
2.386406869555856e-6
1.2212204094875578e-6
2.3734010040473545e-7
2.0353708949559778e-8
3.285899540356065e-9
1.955461973570915e-9
1.123662897291507e-9
9.985461420093747e-10
9.147323715551633e-10
1.188452512488326e-9
1.516737993993204e-9
1.6375630298631086e-9
1.6024731619821793e-9
2.146748626070756e-6
8.173478965002094e-7
8.17153931695718e-8
9.33645635910721e-9
1.988242492981723e-9
7.913418975183003e-10
5.305904146032797e-10
3.777971592091835e-10
4.3561145548699837e-10
4.1892936551792744e-10
5.461510844659796e-10
5.189391558210248e-10
2.2998733952627326e-6
8.974587147874635e-7
1.0546972624114044e-7
7.68430171039223e-9
9.924979111980012e-10
5.718769034075297e-10
3.3818115578256295e-10
3.078518483183825e-10
3.747504237493521e-10
2.463995453098304e-10
1.68439949225186e-10
2.1325706950598643e-6
8.280223218650717e-7
6.259746380293267e-8
2.776917593764704e-9
7.233586259097333e-10
3.201379623309985e-10
2.4303915749175145e-10
2.843241660023042e-10
1.1924963825315815e-10
9.295471885609923e-11
2.2580606004214555e-6
7.646104715416277e-7
5.9263834508254345e-8
5.989927769737088e-9
1.1065739869986006e-9
7.602612719648479e-10
6.318851636884917e-10
3.789946888357293e-10
3.048383859746526e-10
2.5501192928258428e-6
1.1427006835117073e-6
1.4495045208117253e-7
6.441375975076269e-9
1.8185008036079738e-9
1.0927074217845199e-9
8.7500443671109e-10
4.74341117540122e-10
2.6919732349716746e-6
1.035600242130919e-6
3.929961513089597e-8
5.662900592964018e-9
2.3631018957057196e-9
1.2859696082866777e-9
8.559135463049465e-10
2.986564198887933e-6
1.1430148194350801e-6
8.673012228427074e-8
1.2070278034162085e-8
4.182481727281643e-9
2.297868266193912e-9
3.792947451378633e-6
1.2725824736752919e-6
1.0012632888658144e-7
1.982737573897813e-8
9.26077110328245e-9
3.607605850429731e-6
1.4213382184241625e-6
2.982037400627405e-7
1.2028479093680536e-7
3.1771351389839853e-6
1.9617868243310087e-6
1.0707025286769496e-6
2.579957898189675e-6
2.0885048281772545e-6
2.4869600356570185e-6
8.5630169166643e-6
2.51293179856716e-6
3.12939952845142e-7
5.386217125046223e-8
1.248581511908844e-8
1.8351245109069858e-9
9.754116741401393e-10
1.1324704544239406e-9
8.905334737729539e-10
1.096852679132605e-9
1.1106936863936122e-9
1.5418057963293502e-9
2.1302104491723896e-9
2.097038186936581e-9
2.2803092685266542e-9
3.5547918571734425e-6
1.175427407808564e-6
2.584609179753203e-7
5.977838006371699e-8
6.945032995941952e-9
2.6625939241430273e-9
2.729057488175078e-9
2.1110541545649295e-9
2.3592467002498092e-9
2.502645963497884e-9
3.4277992123155417e-9
5.1060717338387e-9
5.2298866506593e-9
5.482535721323751e-9
1.8230686147911023e-6
9.300548596637978e-7
1.7631509340235706e-7
1.5115693333118324e-8
2.5077778476540495e-9
1.508125472246095e-9
8.713232681029127e-10
7.791811872491914e-10
7.170637440854915e-10
9.316845689734589e-10
1.1954633145042724e-9
1.2898530400335374e-9
1.2628642678578217e-9
1.6459901286952167e-6
5.981540950010704e-7
6.039029073017628e-8
7.110136148536888e-9
1.5065924099730307e-9
6.01661474817102e-10
4.056188480220938e-10
2.9126686286047337e-10
3.352037408228018e-10
3.256213708464224e-10
4.2414174829158985e-10
4.044150631031652e-10
1.6590956406428008e-6
6.866638447954492e-7
8.360613136575584e-8
5.9028315000008355e-9
7.316997123683744e-10
4.1976730415429476e-10
2.4926665804990094e-10
2.269552951773111e-10
2.7723422813311644e-10
1.8508772611390988e-10
1.2834637590778808e-10
1.7226449135934298e-6
6.752512829810491e-7
4.942784157667608e-8
2.125846472775652e-9
5.620799407345044e-10
2.5096591276553113e-10
1.9207239012534577e-10
2.2470213989246875e-10
9.516321168873146e-11
7.533200852972565e-11
1.7955719039282588e-6
5.79534648619735e-7
4.336054685564526e-8
4.417263360942414e-9
8.505545036831884e-10
5.942217607184762e-10
4.968538107304949e-10
2.95642171820274e-10
2.431276707550488e-10
1.859124824157989e-6
8.1862827053822e-7
1.0382629425723726e-7
4.720856953837604e-9
1.3402266120613928e-9
8.176518726930642e-10
6.605299697294765e-10
3.6858317915995004e-10
1.921094832238944e-6
7.447211854953267e-7
2.8846033521738533e-8
4.187551252172023e-9
1.7753493270716247e-9
9.89692626561482e-10
6.753022935990928e-10
2.1885801785639647e-6
8.56984228087035e-7
6.592018418806286e-8
9.290629634166132e-9
3.3141406944419023e-9
1.8800364028399097e-9
2.896895234187957e-6
9.946354860689541e-7
7.941989990595539e-8
1.5997375373208882e-8
7.617229937546137e-9
2.8876436992931097e-6
1.15830287969394e-6
2.4602754279595513e-7
1.0011754858073365e-7
2.6334302143888108e-6
1.6480108697019725e-6
9.063609658934718e-7
2.190223221821457e-6
1.7868483485139578e-6
2.1431377635831218e-6
6.995810107281919e-6
2.054928178236784e-6
2.519986425385932e-7
4.293164045731336e-8
9.964292506876648e-9
1.473714427877434e-9
7.900633475919791e-10
9.197259704490867e-10
7.234690588673846e-10
8.924898515988361e-10
9.030542236379892e-10
1.2538065606595568e-9
1.729498419118329e-9
1.7009989636866877e-9
1.8509860457253895e-9
2.8704215978001043e-6
9.317933500790141e-7
2.0190764043861246e-7
4.688020477618049e-8
5.466254290725315e-9
2.130199596861358e-9
2.1952701657241427e-9
1.7017971116784893e-9
1.9038245581170683e-9
2.0203308573034085e-9
2.7686655955365346e-9
4.124125825028957e-9
4.222239678740659e-9
4.42896284251768e-9
1.4137473699091138e-6
7.100752025187987e-7
1.3555628299678728e-7
1.1590247133412172e-8
1.9368358729199576e-9
1.18147552800865e-9
6.856317560058078e-10
6.162240877511189e-10
5.694443473924238e-10
7.414671342659251e-10
9.56179900479747e-10
1.0295636721310794e-9
1.009624619325768e-9
1.2358152940561944e-6
4.5840042202161e-7
4.573659519325635e-8
5.3547867114713685e-9
1.1568555625505512e-9
4.6088929291723486e-10
3.1044584808521184e-10
2.2320047861653084e-10
2.5851124397394323e-10
2.526852072033743e-10
3.2565591435461046e-10
3.1117961861848003e-10
1.2787350193864412e-6
5.0326140460145e-7
6.111607163401363e-8
4.5084349836501485e-9
5.643498584099696e-10
3.2138662233950293e-10
1.906066801035044e-10
1.7475205346656045e-10
2.1343526700119166e-10
1.424012051124578e-10
9.931523808157127e-11
1.221997745702335e-6
4.931350406648809e-7
3.795443155596465e-8
1.6480206256482886e-9
4.19213776757375e-10
1.8472404450709081e-10
1.4213986913197802e-10
1.6551127506799698e-10
7.088365680464265e-11
5.7028991799157473e-11
1.3800610412697863e-6
4.6795056634977473e-7
3.547520495948298e-8
3.517956747705663e-9
6.604696657545097e-10
4.633472110961704e-10
3.866525619890422e-10
2.333849852396024e-10
1.8936325259322366e-10
1.531404186704012e-6
6.673871991397292e-7
8.28632976464721e-8
3.6645766608737846e-9
1.0647421074784068e-9
6.521024401236419e-10
5.305833196131434e-10
2.9345628770342356e-10
1.5271897758810486e-6
5.738572400360045e-7
2.154050780137397e-8
3.1590275229523636e-9
1.3477167535893172e-9
7.578070924744914e-10
5.205284432503322e-10
1.6241398489711408e-6
6.201446979442021e-7
4.741903639114832e-8
6.751603412674733e-9
2.440848893443851e-9
1.4116227254458576e-9
2.072580379621978e-6
7.069781750990198e-7
5.663925784573221e-8
1.1552910081611117e-8
5.601475571486573e-9
2.0526701444085273e-6
8.282383643922547e-7
1.7762908064443874e-7
7.308981721731371e-8
1.9039035916090056e-6
1.2074874117073162e-6
6.717217577601578e-7
1.627142791609204e-6
1.3460632608620068e-6
1.6385035983421458e-6
5.662840366047347e-6
1.6845997777115414e-6
2.0495324303031942e-7
3.461444990924142e-8
7.966883153856454e-9
1.1866646431315485e-9
6.450971858901181e-10
7.530649171387887e-10
5.929761241694522e-10
7.317646076747658e-10
7.406823581142056e-10
1.0284327775092354e-9
1.4178763550663904e-9
1.3936470427996144e-9
1.5167953957857033e-9
2.3423626952492836e-6
7.487771842779726e-7
1.599871319962453e-7
3.664954373685384e-8
4.2935233663403695e-9
1.720865204670173e-9
1.7854831236445852e-9
1.3875655955669539e-9
1.5538697028967094e-9
1.6498211116603913e-9
2.261818957242367e-9
3.3698659125917122e-9
3.4486648743653257e-9
3.6182680261361065e-9
1.1110227545541774e-6
5.490455012500692e-7
1.0326226622343706e-7
8.77063123696421e-9
1.4992934540392385e-9
9.319044412394642e-10
5.45177145175189e-10
4.934924063812623e-10
4.5829418717918463e-10
5.974296964055812e-10
7.746481158214624e-10
8.328871177249669e-10
8.176658064545959e-10
9.451820008335591e-7
3.4448672741706025e-7
3.4207926148372565e-8
4.023880381002237e-9
8.713815306848365e-10
3.528293478945148e-10
2.3991857120227716e-10
1.73667494025294e-10
2.01655297155872e-10
1.9869029237781826e-10
2.555406136593144e-10
2.445149980609215e-10
9.43360909318117e-7
3.809249335363794e-7
4.62603067315279e-8
3.3061747585829723e-9
4.1856328020665705e-10
2.4080947829116757e-10
1.431921440530229e-10
1.310360609054225e-10
1.5963067663880687e-10
1.083932260380827e-10
7.625611634881789e-11
9.478251327070883e-7
3.721083982277019e-7
2.7502570413387684e-8
1.2076670255096641e-9
3.177692954893605e-10
1.4066047339773666e-10
1.068773860943117e-10
1.2478513854174515e-10
5.3253943338038206e-11
4.232692700196027e-11
9.95157879450601e-7
3.2803055373391683e-7
2.5306419555424186e-8
2.593880171119343e-9
4.838599195343791e-10
3.3245131461389374e-10
2.7703397859393215e-10
1.6576581253083768e-10
1.3551099830084285e-10
1.0847440232419112e-6
4.902566693544436e-7
6.285562603440617e-8
2.813761323714027e-9
7.864780120413333e-10
4.731639209148781e-10
3.797362932902705e-10
2.1057792080370543e-10
1.1709109390333664e-6
4.5621524095339766e-7
1.7462471382121145e-8
2.5049198754744026e-9
1.0472977252156228e-9
5.743697584913469e-10
3.884926237825051e-10
1.3312282561391244e-6
5.121027045672441e-7
3.887822436674345e-8
5.414541372233032e-9
1.892540322606074e-9
1.0582830013991087e-9
1.7015963715959262e-6
5.710804401069026e-7
4.4980792498435404e-8
8.963170012318829e-9
4.240660228687129e-9
1.619694753323467e-6
6.392617738069747e-7
1.3474299101580299e-7
5.474984844412464e-8
1.4355400655860426e-6
8.93028620490034e-7
4.914366787704409e-7
1.1854765171610648e-6
9.704633892721463e-7
1.1707730693861682e-6
4.519801875985686e-6
1.3765022826949536e-6
1.6759350300506977e-7
2.8110044443270823e-8
6.432478059095819e-9
9.636674787111023e-10
5.291778405811137e-10
6.185801143094671e-10
4.877350762282067e-10
6.011827041374866e-10
6.093555793373295e-10
8.460604633697353e-10
1.167236543804001e-9
1.147281882441218e-9
1.2486559093664521e-9
1.9220790313765185e-6
6.083443206992007e-7
1.282644761828747e-7
2.9080185242773578e-8
3.4249325499888823e-9
1.4025355196859554e-9
1.463423538069489e-9
1.1391507412743554e-9
1.2764319159731214e-9
1.3559022587049046e-9
1.8594048016131355e-9
2.771388530174722e-9
2.8357652501547342e-9
2.975698386582959e-9
8.85754836285297e-7
4.303366694744069e-7
7.987324636960441e-8
6.761706003014929e-9
1.1761710054410299e-9
7.463733193428031e-10
4.388112833070674e-10
3.99424756523189e-10
3.7245677023854695e-10
4.861499989598733e-10
6.333051800611291e-10
6.800338191696162e-10
6.6814365087984e-10
7.300013405405082e-7
2.622589498628966e-7
2.5910363085356726e-8
3.0338652730737298e-9
6.731148379190459e-10
2.7408350495907493e-10
1.8718918056518536e-10
1.3647790599268126e-10
1.5920514748038143e-10
1.5838114963709788e-10
2.0220151951277677e-10
1.941286768830611e-10
7.165342413175381e-7
2.858646437283278e-7
3.423113954607261e-8
2.5006992221493524e-9
3.171044439836503e-10
1.821807539230307e-10
1.0902252670436803e-10
1.0060609967339041e-10
1.2304968497148602e-10
8.422171028579042e-11
5.974789360584076e-11
6.94149026342068e-7
2.7297247669816365e-7
2.078148470235868e-8
9.079268116068879e-10
2.3407461959727254e-10
1.043341892421582e-10
8.011015631128552e-11
9.392881333084765e-11
4.0727833226319964e-11
3.260518791317853e-11
7.520651097016587e-7
2.5461543707912913e-7
1.9337500270220772e-8
1.9278456639138822e-9
3.6437216483861255e-10
2.537808707809784e-10
2.1249126287807316e-10
1.2888159609255018e-10
1.0455403106803339e-10
8.345074796073745e-7
3.642437477469732e-7
4.5477165148151986e-8
2.0512205088308156e-9
5.918177752997161e-10
3.6365123420236514e-10
2.9536187697458257e-10
1.646998276231506e-10
8.375814153002813e-7
3.183058418123771e-7
1.2221512302539696e-8
1.797681691246408e-9
7.695001385234391e-10
4.3351540292704736e-10
2.97465578965526e-10
9.210358022228329e-7
3.604730526332631e-7
2.789329196923156e-8
3.971191285365953e-9
1.4366212479501887e-9
8.253185335788484e-10
1.2262438758503387e-6
4.2578319683998663e-7
3.427354677040592e-8
6.959905971327166e-9
3.3397395468591246e-9
1.2518835892230855e-6
5.069136920702988e-7
1.0826573312282312e-7
4.4195411159839725e-8
1.1616792009365162e-6
7.308374794002187e-7
4.028263731979237e-7
9.74539540922184e-7
7.964244182221641e-7
9.564473414858672e-7
3.5432297810275757e-6
1.1147803396943722e-6
1.3701639262627497e-7
2.288902037149936e-8
5.209514165745428e-9
7.822759276000402e-10
4.3315954992024003e-10
5.064791790586112e-10
4.0001547028374876e-10
4.918472563270965e-10
4.996777718394023e-10
6.936852540476347e-10
9.586711292200946e-10
9.426181571735889e-10
1.0255156956886282e-9
1.576488595552752e-6
4.973770584415945e-7
1.0378697655934262e-7
2.329564488427814e-8
2.7468405473020063e-9
1.146220154026773e-9
1.2008520656605282e-9
9.358541224111845e-10
1.048890103934278e-9
1.11458009537199e-9
1.5286085192060402e-9
2.2791942871087086e-9
2.332087312092618e-9
2.4470643475533517e-9
7.152114245450975e-7
3.422226033495727e-7
6.266971851479854e-8
5.261405729279424e-9
9.333547521447562e-10
6.023191509805592e-10
3.559628444943164e-10
3.254937318312231e-10
3.043406307354609e-10
3.9749059533588295e-10
5.19268470803852e-10
5.571035402176794e-10
5.475546328656444e-10
5.721631837397587e-7
2.0266003587437508e-7
1.9788435024350303e-8
2.3220130808540284e-9
5.209876512484444e-10
2.1523308681643717e-10
1.4817950280018207e-10
1.0853857375300228e-10
1.2697467547913376e-10
1.2697466483311567e-10
1.6118354699012477e-10
1.552040338396503e-10
5.471609271683534e-7
2.1543356086599776e-7
2.583583811695983e-8
1.8719264949128544e-9
2.401703079508834e-10
1.3969421920275905e-10
8.38090668549439e-11
7.755897395513791e-11
9.46850923743694e-11
6.55276639298609e-11
4.693035960552987e-11
5.217624502967965e-7
2.0611135538285937e-7
1.542714093910446e-8
6.693579162409847e-10
1.763086457408432e-10
7.85664407935226e-11
6.013062812288779e-11
7.039835481051161e-11
3.04501460209095e-11
2.4536758859265442e-11
5.611947900991689e-7
1.8453204784879034e-7
1.3940033777930469e-8
1.4232804231311178e-9
2.7010816160005385e-10
1.8754572582646228e-10
1.56766535036016e-10
9.410810561965795e-11
7.753902248641874e-11
5.977585423773913e-7
2.654761450381443e-7
3.387658113902685e-8
1.525793180782108e-9
4.2999811441750876e-10
2.6112243692930646e-10
2.1162724902036928e-10
1.1918978808834125e-10
6.289319633335135e-7
2.44999457915734e-7
9.400761260491084e-9
1.3500588285200764e-9
5.692527763633132e-10
3.173175196501184e-10
2.1867643603017663e-10
7.167289572171164e-7
2.761541504812117e-7
2.0982605544400668e-8
2.94227882005049e-9
1.0478439743358865e-9
6.013592269193385e-10
9.181799919812975e-7
3.0873564085813306e-7
2.444841945388308e-8
4.94144785311246e-9
2.3851978105822495e-9
8.801015452718111e-7
3.5017279731308926e-7
7.462753598112737e-8
3.068490808320887e-8
7.966232562166099e-7
5.031198224625102e-7
2.8026403038371424e-7
6.781013181239558e-7
5.630663952146467e-7
6.889891317062793e-7
2.7207170554375503e-6
8.9034730601129e-7
1.1134752247897409e-7
1.8586094766967133e-8
4.210136134398784e-9
6.318814527643999e-10
3.5170701003149675e-10
4.1097325771803867e-10
3.251601513898625e-10
3.9837653557048615e-10
4.059194704941232e-10
5.634003861444955e-10
7.807017357017888e-10
7.682330123891506e-10
8.351070117462461e-10
1.284594366207381e-6
4.06870010596956e-7
8.437230389075647e-8
1.8763692030508158e-8
2.209780116279763e-9
9.338315981747372e-10
9.808538355975935e-10
7.646378134056371e-10
8.568023573980374e-10
9.106664821172963e-10
1.2488679946992145e-9
1.8629043053484663e-9
1.906369486809275e-9
1.9995412129243065e-9
5.82472579285746e-7
2.755819769714103e-7
4.9802371591093406e-8
4.1443726515609645e-9
7.463558271300643e-10
4.88902142344357e-10
2.8972995127080205e-10
2.654786061633549e-10
2.485214369674068e-10
3.247214329124969e-10
4.246343537905938e-10
4.554554762181144e-10
4.474241298670242e-10
4.551940733409348e-7
1.588691680216522e-7
1.5325786750224244e-8
1.792148011051542e-9
4.092866771294024e-10
1.7124314233174984e-10
1.182904291750289e-10
8.697090453066786e-11
1.0211116393743084e-10
1.0240353596906488e-10
1.2953064797883328e-10
1.2489133824395056e-10
4.2331427487835463e-7
1.6487478147322127e-7
1.9578299441506316e-8
1.4150216209440657e-9
1.846326145759783e-10
1.0766681911257262e-10
6.483970295532654e-11
6.05269556516696e-11
7.386425168075028e-11
5.1656502582769424e-11
3.7158293317085304e-11
3.9638913316930817e-7
1.5471669240798696e-7
1.1491365950253637e-8
5.017666927153476e-10
1.31940576571067e-10
5.887904215052483e-11
4.5431644002179405e-11
5.351385007974507e-11
2.321148435173757e-11
1.8525673913352902e-11
4.1656100759352733e-7
1.369978578919855e-7
1.0427312306104363e-8
1.0539444377906954e-9
1.9876408178026597e-10
1.391438176795784e-10
1.1666197778583633e-10
7.012655558810554e-11
5.753689694833887e-11
4.4782054076829726e-7
1.9908661751280418e-7
2.5102365776725513e-8
1.1148674830986943e-9
3.1997431692113423e-10
1.9621664323114715e-10
1.5884974616038494e-10
8.889474584088808e-11
4.656658866131724e-7
1.775311459628331e-7
6.71649299538138e-9
9.84741544435031e-10
4.213845867954707e-10
2.365098785653327e-10
1.6199897450739954e-10
5.07715416761457e-7
1.9499535970531302e-7
1.4983326570248256e-8
2.1412285562765137e-9
7.739682920898149e-10
4.4393092537111807e-10
6.557358020376177e-7
2.2576145557438851e-7
1.8174465448979853e-8
3.6998296583427335e-9
1.7783817243186316e-9
6.617933700687867e-7
2.683557832900143e-7
5.7437357547708826e-8
2.3481752417608513e-8
6.167268379051771e-7
3.8891840981343207e-7
2.1459879924678444e-7
5.194041254235558e-7
4.2487598538635213e-7
5.107666343699892e-7
2.0433638806881504e-6
6.984264718534231e-7
8.946003808650672e-8
1.4969481214858742e-8
3.379112436631045e-9
5.05406935050301e-10
2.817640429591521e-10
3.2867360048039116e-10
2.604930282878023e-10
3.177775302908658e-10
3.248774897079423e-10
4.5079235675383217e-10
6.267656975484935e-10
6.174715273329222e-10
6.705512303373274e-10
1.034012262971842e-6
3.310138138652072e-7
6.853568129881965e-8
1.5133472575661083e-8
1.7756287439526056e-9
7.542004277769568e-10
7.926351464070169e-10
6.175941576638191e-10
6.916278190670817e-10
7.351522316524088e-10
1.0079230762531618e-9
1.5040876536660672e-9
1.539645841931661e-9
1.6141118329061775e-9
4.7580077801389015e-7
2.2377782310949876e-7
4.000304387417308e-8
3.301122523048161e-9
6.00024680574027e-10
3.966974516774337e-10
2.351858512913637e-10
2.1552606696442548e-10
2.0167354163814333e-10
2.6345516764446794e-10
3.441572401645399e-10
3.692609773587347e-10
3.6243074949204135e-10
3.666443364311622e-7
1.263429245711304e-7
1.204772311882896e-8
1.4027207432490896e-9
3.2502015153036347e-10
1.3732391603258865e-10
9.516197420295556e-11
7.009049125136011e-11
8.242030072140611e-11
8.255047812125168e-11
1.0431985195680335e-10
1.0066512134557883e-10
3.326509352059042e-7
1.2805077365544252e-7
1.5035986585992635e-8
1.085089728428649e-9
1.4351037617593184e-10
8.426132346296946e-11
5.094220058050076e-11
4.7754499925868025e-11
5.811494834052647e-11
4.095467492663983e-11
2.9552432660760635e-11
3.047580573801282e-7
1.1758907559697342e-7
8.685242358188196e-9
3.7832482956940927e-10
1.0011025552739599e-10
4.4981399618249585e-11
3.475356559244098e-11
4.0980845067923406e-11
1.767920293441918e-11
1.4040752711221623e-11
3.1443736055591e-7
1.0293596714702237e-7
7.769626835114887e-9
7.826353801726514e-10
1.4919223107812005e-10
1.0470157890181378e-10
8.762750326925584e-11
5.2439706032144937e-11
4.308894851165438e-11
3.339444675212497e-7
1.469848408594004e-7
1.843805715106096e-8
8.257291593508658e-10
2.3724764357858425e-10
1.447691360272634e-10
1.1714014683381004e-10
6.529777988588535e-11
3.407661443199047e-7
1.2964014657562195e-7
4.943527118591286e-9
7.225267535735986e-10
3.057195831034261e-10
1.704200538696196e-10
1.167840499092627e-10
3.7318055907053405e-7
1.447898907959535e-7
1.1124904537342838e-8
1.5654705041181345e-9
5.575413549565149e-10
3.187583998077598e-10
4.884234486588794e-7
1.67339551383804e-7
1.3313918768036811e-8
2.6752460295545865e-9
1.2808467950749263e-9
4.836888455220618e-7
1.9293498230460365e-7
4.086339509496269e-8
1.667286420157082e-8
4.361822678561149e-7
2.726214816239457e-7
1.5059591246204594e-7
3.635124877927571e-7
2.990368085909033e-7
3.6281989512496087e-7
1.500781346704139e-6
5.365518987686891e-7
7.073386495326652e-8
1.1901703767985215e-8
2.6811241898998663e-9
3.985108382053887e-10
2.216932111778303e-10
2.579246222612427e-10
2.047274793426691e-10
2.4859238081127137e-10
2.5501066966962724e-10
3.5373731077327974e-10
4.936738731227427e-10
4.870583712459547e-10
5.282773368887673e-10
8.18203124049648e-7
2.663272508455348e-7
5.532127397856146e-8
1.2161137072289062e-8
1.4182079657724367e-9
6.007027998401973e-10
6.304372952154191e-10
4.905720009115817e-10
5.488668563318646e-10
5.833323092444355e-10
7.994470398228459e-10
1.1934001711326586e-9
1.2221505973517024e-9
1.2803776771762394e-9
3.8749701152530183e-7
1.822305105483496e-7
3.2338591327138896e-8
2.64942672438391e-9
4.82655601315122e-10
3.200402014009923e-10
1.8939552779956516e-10
1.7319318045447908e-10
1.6171809944570935e-10
2.111260551651497e-10
2.7499107689267706e-10
2.9532137582475593e-10
2.894387328420655e-10
2.976499694575533e-7
1.0164690309556578e-7
9.59817960128463e-9
1.112048712491618e-9
2.600812445122064e-10
1.1065777012662605e-10
7.67490793231345e-11
5.647884352793086e-11
6.644463780030192e-11
6.625016239720697e-11
8.386526658361393e-11
8.089983966683137e-11
2.650884453032976e-7
1.0093726926996119e-7
1.172528891017734e-8
8.435747548379044e-10
1.1296819859872853e-10
6.672017245022875e-11
4.039594489648725e-11
3.7995387729732595e-11
4.6133204703460773e-11
3.2663597711786664e-11
2.354769756399014e-11
2.3785840066380083e-7
9.077876909407837e-8
6.6537755994263296e-9
2.888141803229979e-10
7.700578855081399e-11
3.4708445392077067e-11
2.690251415619537e-11
3.18304684118433e-11
1.3661642303056674e-11
1.076845168035578e-11
2.40709252646101e-7
7.814686739004563e-8
5.840700535943504e-9
5.87636892573918e-10
1.1282401032625277e-10
7.968072220182822e-11
6.669413487034866e-11
3.976243582145615e-11
3.26992647734145e-11
2.5095702782932597e-7
1.0965668037991526e-7
1.3718390710340479e-8
6.129094846427466e-10
1.7675062922456613e-10
1.0795658574730997e-10
8.756899585158775e-11
4.86347958994089e-11
2.532623073420714e-7
9.615606852625694e-8
3.6496970273070388e-9
5.319292802362196e-10
2.2497948315870926e-10
1.2561746076879e-10
8.604000021130765e-11
2.757432203874755e-7
1.06312543309504e-7
8.129844555310628e-9
1.1431536047522463e-9
4.077038802868801e-10
2.333288600640681e-10
3.5634825486891674e-7
1.210617945617841e-7
9.608646293234658e-9
1.937527917148563e-9
9.309012269840389e-10
3.475078191585607e-7
1.3842269410969312e-7
2.9429015026560263e-8
1.2055702127843444e-8
3.1417345868990326e-7
1.976584079201711e-7
1.0967280283526955e-7
2.652261132837673e-7
2.190947594510786e-7
2.664662637750584e-7
1.0789950984975916e-6
4.0301980232433123e-7
5.4846572745335734e-8
9.305644349911062e-9
2.0954133754164682e-9
3.087516945669358e-10
1.7073180810636113e-10
1.9796891121712513e-10
1.5731531036360306e-10
1.9014481290382315e-10
1.956708631819453e-10
2.7133780217241e-10
3.8011253407099735e-10
3.7560858894123206e-10
4.068466359860201e-10
6.340595436436242e-7
2.1088829711806786e-7
4.415013265914271e-8
9.691368181784201e-9
1.1211738172803054e-9
4.698277638548256e-10
4.914529336187176e-10
3.8162753760485253e-10
4.264539727108741e-10
4.530874107603518e-10
6.206037946621731e-10
9.266388085958166e-10
9.49460844579911e-10
9.938756950412193e-10
3.128047793307407e-7
1.4794475365981325e-7
2.6171891209371704e-8
2.1328588134769845e-9
3.865674979842388e-10
2.5543620561311945e-10
1.5056804086034165e-10
1.3710212853651073e-10
1.275498394728245e-10
1.6634478122186742e-10
2.1563448065128757e-10
2.319047044573005e-10
2.268574077022692e-10
2.421498141858163e-7
8.233388101920261e-8
7.721998463184399e-9
8.900527635951277e-10
2.0887079836249084e-10
8.915791690453605e-11
6.174060321320177e-11
4.5291855033453586e-11
5.3238909455226545e-11
5.2675167252453127e-11
6.694458584849218e-11
6.448777919792539e-11
2.1345153965928348e-7
8.058740117924598e-8
9.27319080218705e-9
6.646014432433429e-10
8.987098980963993e-11
5.3286242214212914e-11
3.225874846080556e-11
3.0398845181060387e-11
3.6813456581640124e-11
2.6066037252089137e-11
1.8698947891321073e-11
1.882771388431006e-7
7.116549312359889e-8
5.1732175881071596e-9
2.2374962723087374e-10
6.003619922799075e-11
2.712088599868573e-11
2.110163691206352e-11
2.5024391432816804e-11
1.0629213165602936e-11
8.280391061877075e-12
1.8703726212142737e-7
6.017523411213826e-8
4.4565883219338786e-9
4.472122868633153e-10
8.641526674363434e-11
6.151097970561315e-11
5.145902947525973e-11
3.047893219027624e-11
2.5040443520232026e-11
1.9147799234167574e-7
8.29933255892307e-8
1.0336484009386322e-8
4.596274885964931e-10
1.3347284037282376e-10
8.155990451583918e-11
6.611131346816623e-11
3.6315288760203286e-11
1.9056915648078924e-7
7.20227268188879e-8
2.7123647832015018e-9
3.9556734131482106e-10
1.6718711979678252e-10
9.291951692970871e-11
6.313484946956913e-11
2.048954432049236e-7
7.831536145347772e-8
5.9713878808837234e-9
8.401843542288061e-10
2.982656201485109e-10
1.69291478879748e-10
2.6122212527003933e-7
8.842859015312926e-8
7.0129438071342086e-9
1.4109061062288793e-9
6.744322441181393e-10
2.5337785487456714e-7
1.0084721473033686e-7
2.1406459995688094e-8
8.745469875624801e-9
2.2855204509381456e-7
1.4341966036954995e-7
7.932680938393919e-8
1.9177089805109327e-7
1.5773592613844558e-7
1.90917677854895e-7
7.607349891311029e-7
2.958893143983913e-7
4.1611988962762243e-8
7.136759026056178e-9
1.6092338015012983e-9
2.3459590866284866e-10
1.2845742654816736e-10
1.4836230432248572e-10
1.1797388317835147e-10
1.4198569018100552e-10
1.4651014675892153e-10
2.031023776197056e-10
2.855194446790297e-10
2.825799249208376e-10
3.056732102519304e-10
4.800388367393595e-7
1.637201634826819e-7
3.469148195071139e-8
7.628456875199829e-9
8.743434801982568e-10
3.597782910301885e-10
3.744054178581081e-10
2.899362246629476e-10
3.235217212872175e-10
3.435527212855697e-10
4.70252580442994e-10
7.021878472919789e-10
7.199039188189166e-10
7.529159304053407e-10
2.4899222714564577e-7
1.190651901058435e-7
2.108885630985818e-8
1.7134722303231301e-9
3.0686908751981647e-10
2.0083212000636658e-10
1.1770052755800166e-10
1.0652053007165132e-10
9.860218285679402e-11
1.2841208988887509e-10
1.6540009923484304e-10
1.7821251750697486e-10
1.7395457394100956e-10
1.9624938753603112e-7
6.676587425016257e-8
6.241613397616236e-9
7.158539309443278e-10
1.6752222896494524e-10
7.146107826290977e-11
4.9305449656879956e-11
3.598747594889452e-11
4.221182733638621e-11
4.1336266068360784e-11
5.2854191490563204e-11
5.0801734204534566e-11
1.7275920610889897e-7
6.48805211872076e-8
7.412788334592171e-9
5.29131840431461e-10
7.19567820466906e-11
4.274494092522601e-11
2.583687109702573e-11
2.43420043147262e-11
2.9400011325516745e-11
2.0731823842284402e-11
1.4755225177283015e-11
1.506660519632137e-7
5.651152986670171e-8
4.078016485947608e-9
1.7571555799085919e-10
4.737562176980867e-11
2.143428218155821e-11
1.6725368786234825e-11
1.9858996142890086e-11
8.32741164540058e-12
6.410510678087581e-12
1.4741673721120033e-7
4.70055777677254e-8
3.452158778426959e-9
3.4535938999807123e-10
6.715816133100088e-11
4.816342707748289e-11
4.024643280620053e-11
2.3655772153273725e-11
1.9419814792364382e-11
1.4831884851272527e-7
6.381959233285925e-8
7.90394346855666e-9
3.4975634204138184e-10
1.0225054989359189e-10
6.243659670792287e-11
5.0529976785320897e-11
2.7406658558991076e-11
1.4544441240224327e-7
5.4616786023364805e-8
2.042132639531075e-9
2.97808918081817e-10
1.255464654036794e-10
6.931726259661855e-11
4.667131391270995e-11
1.5420106585618333e-7
5.848224894179281e-8
4.442039747182055e-9
6.241045907876621e-10
2.1979581505245442e-10
1.2348144466715743e-10
1.939325998580022e-7
6.528147777055266e-8
5.165937627737577e-9
1.0345381154715418e-9
4.91284489597036e-10
1.863487274864021e-7
7.39790637487507e-8
1.564596075974188e-8
6.368283265349325e-9
1.6693841247279105e-7
1.0421505711797241e-7
5.7421098703170496e-8
1.3865060468240077e-7
1.1356572268391986e-7
1.3693857619442877e-7
5.271575239760689e-7
2.1253172349780927e-7
3.086452504960436e-8
5.3620161653275026e-9
1.2131477996736622e-9
1.7475193673064915e-10
9.440987186546401e-11
1.0855624886782928e-10
8.633762881183393e-11
1.0351718949578103e-10
1.0705275874771647e-10
1.4835732234504183e-10
2.091920763914131e-10
2.0734041842885624e-10
2.2400712920943634e-10
3.547756239309806e-7
1.243019547938822e-7
2.6756763555221388e-8
5.9135780768054705e-9
6.712182241755763e-10
2.6939119513954727e-10
2.784364206912318e-10
2.1491390772361514e-10
2.39422527553679e-10
2.5407925191734126e-10
3.4751922799930077e-10
5.188556480645053e-10
5.322698136952189e-10
5.561799931620931e-10
1.9460392381272636e-7
9.451421950662096e-8
1.6832523914406013e-8
1.3671107934665146e-9
2.4053405975720976e-10
1.5505579300554498e-10
9.02259754345802e-11
8.103829836165817e-11
7.455775107322965e-11
9.693784576765943e-11
1.2390258281809766e-10
1.3379533926048398e-10
1.3029634301080719e-10
1.5754623559509134e-7
5.3886632761515184e-8
5.040302945783619e-9
5.755000326318804e-10
1.3353008290295673e-10
5.671255212023662e-11
3.8923584570617576e-11
2.822698996429467e-11
3.3003632388717934e-11
3.193224519526686e-11
4.1146741084191245e-11
3.943374387442277e-11
1.397480330880446e-7
5.239588758045858e-8
5.960630607081929e-9
4.238724141793037e-10
5.7704356279684085e-11
3.4271566537510086e-11
2.0657721827289612e-11
1.9421622081796387e-11
2.3402580927090044e-11
1.6373723289080884e-11
1.1533227730875363e-11
1.2129701506030401e-7
4.526407936734463e-8
3.248476358290136e-9
1.394624927326282e-10
3.770357361959223e-11
1.706647428695176e-11
1.3341018597892206e-11
1.584389564381773e-11
6.553000680267221e-12
4.986091358857857e-12
1.1743242189770178e-7
3.7181191152252166e-8
2.710654095377158e-9
2.703143870900396e-10
5.28418926715937e-11
3.8138491918659355e-11
3.182089395971321e-11
1.85685693594884e-11
1.522003541746961e-11
1.164642499497619e-7
4.97837700978327e-8
6.132876530256664e-9
2.700191838868245e-10
7.94271495646261e-11
4.841988950653425e-11
3.912488394820143e-11
2.0932143659078027e-11
1.1269138797970881e-7
4.2026260445542975e-8
1.5595563950974068e-9
2.2745763587222302e-10
9.552061104252403e-11
5.237548537053067e-11
3.4909498097054594e-11
1.1762728176092571e-7
4.430472561872316e-8
3.353107154723632e-9
4.695346750210863e-10
1.6387832533803854e-10
9.098541646870697e-11
1.4619667519859781e-7
4.888377462293767e-8
3.852016022798273e-9
7.673051550658679e-10
3.616407855863011e-10
1.385608815304587e-7
5.473991125450032e-8
1.1534732533256478e-8
4.677569568589794e-9
1.2296070169110581e-7
7.641306968518546e-8
4.193958667917507e-8
1.0117749540168646e-7
8.248230142024303e-8
9.899002766001157e-8
3.5990680995289954e-7
1.4962896116315656e-7
2.238955164151938e-8
3.946203113626624e-9
8.978112405754456e-10
1.2773107944630495e-10
6.786858802822302e-11
7.766312402165727e-11
6.175492237148405e-11
7.38012818306087e-11
7.645442511202667e-11
1.0592127956688806e-10
1.4972934634583734e-10
1.4859555633403244e-10
1.603656339012611e-10
2.5615216603588476e-7
9.219674565798717e-8
2.0218719226392882e-8
4.506365511582139e-9
5.067845821920416e-10
1.9730370143017033e-10
2.0225029368861114e-10
1.5555377376717465e-10
1.7300007172813475e-10
1.8345160358189119e-10
2.50725782430527e-10
3.742345854927744e-10
3.841388041144632e-10
4.010525730644753e-10
1.4886224336787867e-7
7.369612624267836e-8
1.3249987184814728e-8
1.0786183012685164e-9
1.856422081929477e-10
1.1732815343033548e-10
6.773007554143559e-11
6.031517527562982e-11
5.511656118334673e-11
7.153364209736604e-11
9.065952255427394e-11
9.813267190651982e-11
9.5351991433454e-11
1.2466526911385746e-7
4.3053176462553865e-8
4.043599251888435e-9
4.6006748136283443e-10
1.0531857516892304e-10
4.439035620660319e-11
3.027348846941699e-11
2.1794419187475343e-11
2.5381804825229137e-11
2.4247114326288383e-11
3.151985318527994e-11
3.010419267182662e-11
1.1232936654122894e-7
4.219856395190141e-8
4.795281390866448e-9
3.3988735745135466e-10
4.61095019777472e-11
2.7328364761314847e-11
1.641168504960597e-11
1.5374663668167694e-11
1.849358383734463e-11
1.2799276852374142e-11
8.908328232942102e-12
9.770255860948029e-8
3.6387103547302024e-8
2.602836697513025e-9
1.1137507374026986e-10
3.0125209213963905e-11
1.3625099144943163e-11
1.0660082921105613e-11
1.2649603537640965e-11
5.161603174509628e-12
3.887011506095488e-12
9.41206930047736e-8
2.9658066846835576e-8
2.1502279010146707e-9
2.1381406129577145e-10
4.1942291020021115e-11
3.0420611518840755e-11
2.533746940203638e-11
1.469090319167456e-11
1.2016830432386097e-11
9.239554794247714e-8
3.928717530381757e-8
4.818110365899016e-9
2.111131628163065e-10
6.241564496224832e-11
3.7965878737542544e-11
3.062263328753988e-11
1.6163095165392203e-11
8.842518162790194e-8
3.2782158044620074e-8
1.207995866975719e-9
1.7615605612220158e-10
7.366031257757599e-11
4.008848317003614e-11
2.6441297972151043e-11
9.10389972028491e-8
3.405132668521586e-8
2.567922870511359e-9
3.5828399838079805e-10
1.2382199408497486e-10
6.787862943085937e-11
1.1180232064285962e-7
3.7150739334992954e-8
2.914505442711024e-9
5.768748025290674e-10
2.696549990594619e-10
1.0459260059784641e-7
4.108189939326131e-8
8.61526733957205e-9
3.47941476996421e-9
9.1696830149361e-8
5.6667597244922894e-8
3.0983786976211685e-8
7.466809030514469e-8
6.060445039180921e-8
7.239410213059236e-8
2.4266506148821075e-7
1.0349735656111355e-7
1.5906397805803514e-8
2.8468448867836345e-9
6.527920682696048e-10
9.175625098334468e-11
4.782838371186462e-11
5.445239059226421e-11
4.3277366416402775e-11
5.157640101682179e-11
5.350101824034932e-11
7.410104995480004e-11
1.0495885560983204e-10
1.0427983752997284e-10
1.1243772474736745e-10
1.810263953531866e-7
6.682815870008755e-8
1.495759813492468e-8
3.3728071282891637e-9
3.76321870656403e-10
1.415648134823637e-10
1.4375589950291446e-10
1.101645332706511e-10
1.223129444933073e-10
1.295986391927832e-10
1.7699709891892477e-10
2.640858196689629e-10
2.712270349778127e-10
2.8295278434360446e-10
1.1124474888222562e-7
5.627145397921366e-8
1.025081308425151e-8
8.386341765518863e-10
1.4082077270930266e-10
8.694441079699463e-11
4.977472202226103e-11
4.393076732604757e-11
3.986398630386278e-11
5.164491089840171e-11
6.488791511400905e-11
7.040758494682246e-11
6.827632631522901e-11
9.684065403510092e-8
3.389303238039743e-8
3.206741765296162e-9
3.6398521244979885e-10
8.189902176851992e-11
3.416247232397807e-11
2.3137188538294685e-11
1.653157156482283e-11
1.9166923278278112e-11
1.808497032101972e-11
2.3726698090344885e-11
2.2575628124307007e-11
8.92591701647576e-8
3.370938828978006e-8
3.838220532317563e-9
2.7137425537740906e-10
3.6538550806272486e-11
2.157532081167588e-11
1.2902035962464128e-11
1.2030464876408355e-11
1.4457139027109855e-11
9.875912129920583e-12
6.787295400898228e-12
7.829358510186512e-8
2.91908601988796e-8
2.0863323420708234e-9
8.903956191231179e-11
2.4040434635372735e-11
1.08517563163363e-11
8.489743003559618e-12
1.0057279384168477e-11
4.054085652201022e-12
3.027888440049133e-12
7.548196554116993e-8
2.3737182657298865e-8
1.7155168618947492e-9
1.7017681253196827e-10
3.3425503522594225e-11
2.4316971573020945e-11
2.0218320636392715e-11
1.1664479131867864e-11
9.517141279961342e-12
7.373092285934151e-8
3.1242981652941046e-8
3.81892982843641e-9
1.6662653770676913e-10
4.9434940393488085e-11
2.999711260147302e-11
2.4148917062348716e-11
1.2589408214016598e-11
7.003167682832803e-8
2.584349139365454e-8
9.467064416476679e-10
1.3799360542364e-10
5.7465468137484285e-11
3.104769557872846e-11
2.0270646507993625e-11
7.130696956098133e-8
2.6510244614561233e-8
1.992764176160018e-9
2.770540665114991e-10
9.483097999344712e-11
5.1321351333234707e-11
8.665386421418709e-8
2.862632672703719e-8
2.2362626335577586e-9
4.398655463607561e-10
2.0387828640598056e-10
8.007123234239938e-8
3.1277074190879576e-8
6.528127973768533e-9
2.625202115953644e-9
6.938394152268396e-8
4.263275031147095e-8
2.321217887929951e-8
5.5875578383050965e-8
4.5127586713234325e-8
5.362708755507991e-8