0.00008524977832807221
0.000016276740612436848
2.8260471013055885e-6
-1.6577885060169e-8
-3.620245545802966e-7
2.317569483772612e-7
1.1746753869155018e-6
2.8829128808641406e-6
8.079863529981936e-6
0.000030245962397100214
0.000011665572418234948
6.296885830414077e-7
-2.5469959658422895e-7
9.832686766051112e-8
5.438372316908539e-7
1.3883497695272853e-6
4.075505750640045e-6
0.000020792260035293984
3.4010271343888534e-6
-8.513250874362669e-7
4.364408984463433e-8
3.278761434032632e-7
8.504300808588048e-7
2.5997843746516453e-6
0.000016396572409407007
3.041077952979166e-6
-1.0677996418598823e-6
6.580542977240657e-8
4.808027447684668e-7
1.5219306917532863e-6
0.000012768863806823593
2.4933555541206163e-6
-1.2931883205308236e-6
1.2037269859909235e-7
9.834760080983568e-7
0.000011281374535773971
1.093192553500818e-6
-1.1988023640768926e-6
7.164480020701852e-7
8.607390297408095e-6
1.909261262243814e-6
-1.451474602422553e-7
6.685811613130133e-6
6.562819104880381e-7
5.1093935309997265e-6
0.00007731418197932
0.00001633972301774536
3.060320928068133e-6
6.91373510302615e-8
-3.17909176522664e-7
2.1487998844579628e-7
1.0786775691036357e-6
2.650052072940875e-6
7.437493929709916e-6
0.000030264821598118905
0.000012329267232934837
9.905142712791675e-7
-1.9273145809696304e-7
1.0383952125762391e-7
5.534879335779351e-7
1.4190781201315029e-6
4.170110034218217e-6
0.00002093967143030645
3.9430185375516895e-6
-4.445679486634016e-7
6.667449132760938e-8
3.3957606191334915e-7
9.017012284595991e-7
2.7598935126809224e-6
0.00001668053091393959
3.2830406637329016e-6
-5.690263763361487e-7
1.3870004469085198e-7
5.113995802255524e-7
1.6667684473465452e-6
0.000013219364330682338
2.4121765313967465e-6
-8.408467360921386e-7
2.650293219677591e-7
1.0809524589681892e-6
0.000012025642982428703
8.275675341036959e-7
-8.469427501872118e-7
8.248596956692788e-7
9.356246396293063e-6
1.7343332187524216e-6
1.3100458201498713e-7
7.313488301020086e-6
5.505759078343516e-7
5.521369358083742e-6
0.00006782870545586598
0.000015659027588717928
3.1130767409136222e-6
1.3911879293966302e-7
-2.716592806689006e-7
1.9159851908637197e-7
9.608628258022276e-7
2.3634594160135683e-6
6.642332105871358e-6
0.000029498760105548244
0.0000126466628400639
1.2521018425289284e-6
-1.4118959727769565e-7
1.0369533148926437e-7
5.469255098361033e-7
1.4052074343442062e-6
4.134511671734099e-6
0.000020776302803811477
4.523894884231934e-6
-1.5546926359665867e-7
7.616918261002198e-8
3.4977646829897e-7
9.327343275435479e-7
2.857365963292371e-6
0.0000166788747650056
3.6935657585884323e-6
-1.8952804846308505e-7
1.7092814215480508e-7
5.439139673940292e-7
1.7898119134575387e-6
0.000013388288398664351
2.554488825833907e-6
-4.380677944449811e-7
3.2068214577531624e-7
1.1814233244814647e-6
0.000012442957421999319
8.08433590349383e-7
-4.6923427433688593e-7
8.866564665666943e-7
9.90354094304962e-6
1.6802475205473324e-6
4.0472832422670366e-7
7.768598620349002e-6
5.248679694169501e-7
5.889983205383358e-6
0.00005776877013345893
0.00001434153931297497
3.0051549427835045e-6
1.8769273030317674e-7
-2.2593253831012762e-7
1.6554168590033798e-7
8.315937373782527e-7
2.048220094743127e-6
5.763591109996277e-6
0.000027855012745261007
0.000012560277078772458
1.4219134029529347e-6
-9.616687964153553e-8
9.971578261364344e-8
5.212824839625553e-7
1.3415089864827855e-6
3.952644048522433e-6
0.000020275871865506062
5.00307968474938e-6
4.8362394777840903e-8
8.431134254907969e-8
3.5113827041980486e-7
9.363782445754388e-7
2.8715661442605962e-6
0.000016442197588389138
4.149492023626213e-6
7.811351094526881e-8
1.9117150388743095e-7
5.687023995230505e-7
1.8767934137171816e-6
0.000013337688397202733
2.8661710369409034e-6
-1.5891434839212698e-7
3.458173632045178e-7
1.2689437866852472e-6
0.000012549296216540633
1.030379987426881e-6
-1.7984570091336484e-7
9.430464723339971e-7
0.000010203424136297066
1.7964527286970905e-6
5.935530091671064e-7
8.046994670428471e-6
5.79278924428062e-7
6.2043792205957274e-6
0.00004829681427420091
0.000012599024064501306
2.7648380733177095e-6
2.1308353739947569e-7
-1.8412146134646243e-7
1.4004474870911192e-7
7.043476298290429e-7
1.7370076582540185e-6
4.892717054364389e-6
0.00002531057192599379
0.000011998966447411922
1.4977018722965743e-6
-5.788090009461781e-8
9.255891518161753e-8
4.7710890017408e-7
1.229616201884038e-6
3.6281985088229085e-6
0.000019314531893609687
5.277448296673115e-6
1.904541572469791e-7
9.017605396738314e-8
3.398657624353585e-7
9.056096416442953e-7
2.780711799245135e-6
0.0000159579657701213
4.523671999086678e-6
2.604143617222253e-7
2.0383746171547074e-7
5.782303457765203e-7
1.9103532741832747e-6
0.000013109676265896104
3.223512294720817e-6
1.94460974557914e-8
3.620082056200459e-7
1.3301275149579306e-6
0.000012403099713078844
1.3844585450803262e-6
1.1856057308928022e-8
9.928241268025918e-7
0.000010275296766334821
2.033248288303917e-6
6.985551355492208e-7
8.19341938075172e-6
6.82555101221265e-7
6.457332601331602e-6
0.00004016739476312178
0.000010737810790120212
2.4511054085786275e-6
2.1902559861876433e-7
-1.4784278479368657e-7
1.1751824274062929e-7
5.893432550956698e-7
1.453994870781704e-6
4.098101419204776e-6
0.000022036133543179245
0.000010966056020774386
1.4781256123741438e-6
-2.7137496388334404e-8
8.28587167669769e-8
4.1948228013634976e-7
1.0821446706616414e-6
3.1969175995340706e-6
0.00001778634419007991
5.275596870274914e-6
2.817578663020085e-7
9.186677874717622e-8
3.155658230212201e-7
8.401014193411426e-7
2.5828854789627875e-6
0.00001513059063800726
4.716701090448111e-6
3.7948342898239157e-7
2.0723770121771795e-7
5.670331461661046e-7
1.8749849384365534e-6
0.000012667455763209598
3.523581040589951e-6
1.3259258243528835e-7
3.685691147016787e-7
1.3516792191638912e-6
0.000012052042322860983
1.7444965323874184e-6
1.3279964017438994e-7
1.0232243563122763e-6
0.000010149480720111035
2.299673903061345e-6
7.509362566759465e-7
8.230741738737694e-6
8.195304659716734e-7
6.616274347069986e-6
0.00003349018820735087
9.074844362665134e-6
2.1225752470599376e-6
2.1221298366789158e-7
-1.178729604041015e-7
9.853776028877326e-8
4.908456416253819e-7
1.2104797712606895e-6
3.4132907654023473e-6
0.00001852607043872818
9.557915390802428e-6
1.3732827751774751e-6
-5.811198148338329e-9
7.194696581676507e-8
3.575093502000544e-7
9.225691859081359e-7
2.7273902555534973e-6
0.00001563825701020943
4.974818701346642e-6
3.2598438980735326e-7
8.831427194938189e-8
2.799612931069722e-7
7.445861433504476e-7
2.2917585114044343e-6
0.000013874931730239909
4.667451973551462e-6
4.441727480728494e-7
2.002517319235788e-7
5.325951322727023e-7
1.7626910251654427e-6
0.00001193440222021021
3.6754226699681967e-6
2.0296353267075355e-7
3.613605501836834e-7
1.3215902233010118e-6
0.000011475400886599949
2.0175100696115474e-6
2.0451942595318273e-7
1.0218139486215328e-6
9.834191835322654e-6
2.5151700811172576e-6
7.698367449734721e-7
8.138455862678424e-6
9.539015339239315e-7
6.668759344807381e-6
0.000027422541799776064
7.671792053800053e-6
1.8115578125737992e-6
1.9653871977479827e-7
-9.313352863934457e-8
8.136063781005409e-8
4.0322790622369004e-7
9.943494278406243e-7
2.805732244584401e-6
0.000015382506347446525
8.058099752418089e-6
1.2116849868534595e-6
5.911530282781418e-9
6.14161940574689e-8
3.005153335998329e-7
7.753906962888814e-7
2.29268367936658e-6
0.000013199254576173676
4.424996204887609e-6
3.2905787873715333e-7
8.051329905652988e-8
2.3920258168893453e-7
6.354413465408261e-7
1.95711340483102e-6
0.000012183189819773398
4.36265453617338e-6
4.607113771843756e-7
1.8326274223466482e-7
4.7641392908466113e-7
1.5781584926443818e-6
0.00001085067548220937
3.6258301039905675e-6
2.3853264408790213e-7
3.382546815246541e-7
1.2340023874079383e-6
0.000010630926200676738
2.1538961373143865e-6
2.407839153492682e-7
9.807133103091314e-7
9.30412280406306e-6
2.624659793646648e-6
7.582289369254664e-7
7.883638710285659e-6
1.0583790583657477e-6
6.579741273932282e-6
0.000021483819558678163
6.413840724520438e-6
1.5220001924661996e-6
1.7413820168873687e-7
-7.235742880157582e-8
6.475322271167921e-8
3.2155211391366284e-7
7.940451449091152e-7
2.243173928753075e-6
0.000012990981442191053
6.735603258178193e-6
1.0330390693485596e-6
9.651596532370022e-9
5.2162756310285814e-8
2.534163122143293e-7
6.539600757091167e-7
1.9337725406812584e-6
0.000010863097260184699
3.758595138789216e-6
3.022549423627718e-7
7.033395753008685e-8
2.0013489862535348e-7
5.310122526818877e-7
1.6355815176520094e-6
0.00001025663597538571
3.8534596698900145e-6
4.3716056144262496e-7
1.5962989934759277e-7
4.073814211089834e-7
1.3503351972505376e-6
9.446441021650124e-6
3.365676477437149e-6
2.4425646094251115e-7
3.0071588514298177e-7
1.0950418930164845e-6
9.484955111784903e-6
2.132342219489021e-6
2.482044036706184e-7
8.975769913780903e-7
8.522791365164363e-6
2.5976753844895255e-6
7.145919309751832e-7
7.421710407189993e-6
1.110557916930433e-6
6.31296110365935e-6
0.00001647722094931847
5.168631992625618e-6
1.2520931247174262e-6
1.4773249077570615e-7
-5.5206514288439875e-8
5.0340263078131855e-8
2.5051797764822247e-7
6.194703252402186e-7
1.7514510587296253e-6
0.000011047655394771156
5.734349990587685e-6
8.731291973247237e-7
9.823036622838744e-9
4.3913546030723916e-8
2.131127698753492e-7
5.505043612309479e-7
1.6290278283346457e-6
9.08928577642726e-6
3.1439692874607884e-6
2.620168453149018e-7
6.021862063643467e-8
1.6880421591679537e-7
4.4756898011299206e-7
1.378299876383275e-6
8.421210242026763e-6
3.2524625825613798e-6
3.8733656186413946e-7
1.3479715935529856e-7
3.3937041559479254e-7
1.1249450978156896e-6
7.887307527397596e-6
2.9446286713411727e-6
2.2761607267037617e-7
2.5528167718140173e-7
9.281897749405285e-7
8.101606795624366e-6
1.9667550069327357e-6
2.3342321666184005e-7
7.811241833165066e-7
7.494574422890425e-6
2.425552660820069e-6
6.416574971110682e-7
6.7224070212617545e-6
1.0939630719249735e-6
5.85323489670506e-6
0.000012796655691534733
3.988433215614742e-6
1.0070159141676301e-6
1.2386081469651412e-7
-4.163163360850494e-8
3.929087898298063e-8
1.9444562026468434e-7
4.804586347653394e-7
1.3584361764428364e-6
8.943162456619887e-6
4.852215872247766e-6
7.423997503803037e-7
1.1118412677615935e-8
3.5755004740604104e-8
1.7267716283152717e-7
4.466448314194267e-7
1.323600793416414e-6
7.801022009580258e-6
2.69017846499597e-6
2.26043661276763e-7
5.1461684699814346e-8
1.4387790774070148e-7
3.816260802694578e-7
1.1758579858731336e-6
7.01583905114974e-6
2.7174476512685948e-6
3.31661113497007e-7
1.1417767710369042e-7
2.855597505302795e-7
9.460746363397929e-7
6.462383484807829e-6
2.4766318007140677e-6
1.998614866226449e-7
2.124139008466211e-7
7.709747713458989e-7
6.686481259823793e-6
1.7092432235033505e-6
2.0585823833276894e-7
6.540476935740055e-7
6.3139337359181565e-6
2.1372461691554023e-6
5.496857176655603e-7
5.820593941919533e-6
1.0121048878545534e-6
5.207418825051307e-6
9.81877565898477e-6
3.0499451873936555e-6
7.90011020521006e-7
1.0516622959218997e-7
-3.123384285753327e-8
3.0258619894375876e-8
1.4996697136109902e-7
3.708856252716233e-7
1.0489769941584051e-6
6.734807890642277e-6
3.839891443877637e-6
6.225481006518305e-7
1.371687035844268e-8
2.7893927877682766e-8
1.3276086770678237e-7
3.4364646388092064e-7
1.019433787567206e-6
6.484040498059881e-6
2.3279902613897437e-6
1.9980461238901481e-7
4.345906125026591e-8
1.1842610177695552e-7
3.1441431567743705e-7
9.703900679786516e-7
6.050362628945855e-6
2.3352423220299842e-6
2.8567991071611325e-7
9.860536747464387e-8
2.4631203108242144e-7
8.160386308821589e-7
5.418983959600251e-6
2.0828267720141543e-6
1.72851309702235e-7
1.8038437379449865e-7
6.535201905577893e-7
5.486507988942347e-6
1.4413414379966852e-6
1.7637282048165255e-7
5.433989269999954e-7
5.1761415300953225e-6
1.8021251386208607e-6
4.5680153227411893e-7
4.841666036208228e-6
8.85218645446556e-7
4.435460621184485e-6
7.554608081527498e-6
2.3742888278491815e-6
6.046105887844002e-7
8.480503966974983e-8
-2.348525031100956e-8
2.3429511754584418e-8
1.1588623062237711e-7
2.865914373538693e-7
8.10549454403455e-7
5.157907175469778e-6
2.8662436470028196e-6
4.929040094233275e-7
1.3734886941229855e-8
2.1706208553084304e-8
1.0177167807804231e-7
2.632498972089453e-7
7.806714840219512e-7
4.873500895906668e-6
1.8789595434529403e-6
1.7184775709186709e-7
3.5141338139744004e-8
9.033973229114458e-8
2.3972322533185176e-7
7.407218665483266e-7
5.100473959028304e-6
2.0264480885738442e-6
2.4979009138107554e-7
8.296438515777155e-8
2.06260274524579e-7
6.844659485190343e-7
4.693389797333004e-6
1.811706453555416e-6
1.5196459652946903e-7
1.568126590085692e-7
5.678346469963874e-7
4.670670295468e-6
1.2352649924201346e-6
1.532893223770363e-7
4.657442100385643e-7
4.291814654820327e-6
1.508577063395417e-6
3.8167557877740505e-7
3.977340793682039e-6
7.491848075587189e-7
3.658183299045719e-6
5.807601479338327e-6
1.794706955351887e-6
4.587336025809914e-7
6.130158974190904e-8
-1.8353432206916892e-8
1.7970212330805322e-8
8.915658055802281e-8
2.2054708315003392e-7
6.235601879267454e-7
4.037149783365857e-6
2.2276352449888763e-6
3.68292967494139e-7
1.0175643861759285e-8
1.6787245516964247e-8
7.877641110394299e-8
2.038329121668656e-7
6.045431515436969e-7
3.641963730232261e-6
1.3775410568437647e-6
1.3181909904443663e-7
2.729409485226451e-8
6.833081594214815e-8
1.809805171133399e-7
5.587011151275571e-7
3.827128803323873e-6
1.6145235586791342e-6
2.0778934820734048e-7
6.372933322220465e-8
1.560507532453315e-7
5.188054723430803e-7
3.888416913918063e-6
1.557736148121005e-6
1.3128300122792032e-7
1.2922358382505585e-7
4.68647786313351e-7
4.039842580993302e-6
1.0857210655304024e-6
1.3417756831938435e-7
4.0240544832609855e-7
3.7039435053894467e-6
1.3051943615043279e-6
3.285423308456586e-7
3.3645760860209473e-6
6.383017916528782e-7
3.0163620528910257e-6
4.531150712212722e-6
1.3748363763170798e-6
3.5402494163332984e-7
4.665037344400308e-8
-1.454213415467764e-8
1.3987091471611761e-8
6.947502975818467e-8
1.7182964001183836e-7
4.856443396871981e-7
3.0199370954625533e-6
1.7218413078188594e-6
2.8532464796263853e-7
7.59242012292373e-9
1.2778872144279521e-8
5.980991235598486e-8
1.5473453220641577e-7
4.590534589013004e-7
2.9195258492747913e-6
1.0711833128960895e-6
9.816618268824735e-8
2.1129596594341894e-8
5.3786232322527485e-8
1.4245363500595923e-7
4.3987310795007226e-7
2.820639610176466e-6
1.17082464671695e-6
1.5622224110078102e-7
4.797736770164838e-8
1.1643571195019342e-7
3.8655694125504454e-7
2.84961329464849e-6
1.1943038800029951e-6
1.0307990995698822e-7
9.53537959000408e-8
3.458379396798163e-7
3.2037753634271467e-6
9.033030070716802e-7
1.0931436695558543e-7
3.1850784744424087e-7
3.1515070155148e-6
1.1335221799526545e-6
2.7736546427085706e-7
2.9221112909959066e-6
5.555768049466008e-7
2.572043699893487e-6
3.565225249523337e-6
1.0521050899190856e-6
2.668665522614282e-7
3.590847577393807e-8
-1.1407855607050895e-8
1.09535845195037e-8
5.4485660018913756e-8
1.347456491093411e-7
3.806335975130157e-7
2.3026945828018594e-6
1.2827130573775004e-6
2.2089596481108929e-7
6.559594074748912e-9
9.738032427283416e-9
4.544974333099747e-8
1.1756512181464512e-7
3.4869764848699665e-7
2.145843921115014e-6
8.409753426242291e-7
7.91166671143927e-8
1.6049985362825335e-8
4.024589169896722e-8
1.0663082774574163e-7
3.2947365344174135e-7
2.294264933995708e-6
9.257000657726241e-7
1.1818605133104745e-7
3.7998134586888724e-8
9.311165196134654e-8
3.0911520379653493e-7
2.1421903169215846e-6
8.666895491874823e-7
7.618087468483255e-8
7.249155887099472e-8
2.6217151337124417e-7
2.2907748083576138e-6
6.606758697429643e-7
8.070694834283952e-8
2.3015908009581516e-7
2.3705706511723985e-6
8.869770698762006e-7
2.098188035570771e-7
2.3680543591211456e-6
4.6248840632186357e-7
2.192750948934881e-6
2.84345636773704e-6
8.149794535490069e-7
2.0462372043425398e-7
2.5500030173146e-8
-9.329945782812607e-9
8.672432642503336e-9
4.323701100922606e-8
1.0689899169948131e-7
3.017889927014576e-7
1.7463650652901434e-6
9.77763442620441e-7
1.6291834078973233e-7
4.590139329901914e-9
7.426828354246524e-9
3.467719464296376e-8
8.966450170695765e-8
2.6584472464458295e-7
1.637002560478089e-6
6.111077870322545e-7
5.849972048212015e-8
1.2220242471201374e-8
3.047205388410435e-8
8.069500648931582e-8
2.4917438421179394e-7
1.6597784828331031e-6
7.139070852711733e-7
9.400333721683652e-8
2.8156128034733878e-8
6.846791855785314e-8
2.2765843029398874e-7
1.7337098094980845e-6
7.068311290567833e-7
6.046823503659864e-8
5.776156294151644e-8
2.0943332038929048e-7
1.8156332267087303e-6
5.013781968923438e-7
6.262566079654381e-8
1.8232379736097052e-7
1.7158921320459187e-6
6.356378579632117e-7
1.5416518718229668e-7
1.6989589509541937e-6
3.426001269596272e-7
1.6888593228786765e-6
2.2949186115974175e-6
6.402216710370665e-7
1.5778996054529996e-7
1.9269864905980686e-8
-7.610232559348845e-9
6.949110614620335e-9
3.4684921804785485e-8
8.57252219649062e-8
2.4188742417513966e-7
1.3450340429115784e-6
7.420562833581199e-7
1.2496800572611492e-7
3.410358044598378e-9
5.718051012428339e-9
2.674406409280582e-8
6.910939184544726e-8
2.0479597556220805e-7
1.2263523513387876e-6
4.699749418638361e-7
4.42443223549169e-8
9.218308071180446e-9
2.3076469262187126e-8
6.107078298593753e-8
1.8856175097783642e-7
1.2727199772466652e-6
5.199933990464372e-7
6.880331610504363e-8
2.141791367868486e-8
5.1957807934548394e-8
1.7254030736428225e-7
1.227455140649389e-6
5.177688303801166e-7
4.5795782479810196e-8
4.157462805047282e-8
1.5058702718825015e-7
1.3961735628344188e-6
4.054284506297209e-7
4.891680168512293e-8
1.395915155813009e-7
1.408239076444485e-6
5.130169042658847e-7
1.2488822943533974e-7
1.3124702075974733e-6
2.581869406138453e-7
1.2160896455020518e-6
1.8676363916038967e-6
5.101317873293806e-7
1.236110388351538e-7
1.4167578391616588e-8
-6.291932413503627e-9
5.6133416208298e-9
2.8047470719482836e-8
6.929576287048096e-8
1.9544906472888825e-7
1.0478509094651571e-6
5.708630818672634e-7
9.437268161400121e-8
2.3445428851567687e-9
4.439375825830549e-9
2.0871705155990522e-8
5.3909047054352286e-8
1.5964972036707906e-7
9.362523027624647e-7
3.5175118325484285e-7
3.302993601102168e-8
6.963313473827038e-9
1.762432668957484e-8
4.6658800074417354e-8
1.439881010098316e-7
9.389036566717742e-7
3.9525191992292484e-7
5.214663069292394e-8
1.5921760486623834e-8
3.874510992563026e-8
1.2871340024645103e-7
9.515579257460134e-7
3.8977260902895086e-7
3.371499694658372e-8
3.182984529222969e-8
1.1533265190948758e-7
1.0040878295448822e-6
2.847841399412081e-7
3.558891851525099e-8
1.0137453251884298e-7
1.005598359023936e-6
3.8400190201438136e-7
9.045904721849999e-8
1.036820030273614e-6
2.0842270026440598e-7
9.797810672751592e-7
1.525399642463485e-6
4.117487189868607e-7
9.817522081068063e-8
1.0736279532557644e-8
-5.176656197226677e-9
4.558178337700196e-9
2.277533161147491e-8
5.624992350434612e-8
1.5861790041237053e-7
8.284097233615826e-7
4.448891271938609e-7
7.242595318885877e-8
1.6263566236806969e-9
3.4941023141567893e-9
1.652242197274161e-8
4.2650366648387355e-8
1.2622597874013883e-7
7.201312639695777e-7
2.672871776792061e-7
2.4902872503236264e-8
5.288469437979655e-9
1.3614862372338341e-8
3.603059437317753e-8
1.1112300097130704e-7
7.129947186699084e-7
2.9577996588434284e-7
3.859720342312454e-8
1.2063916857762232e-8
2.9351088815097017e-8
9.746427238188376e-8
6.951191567157273e-7
2.863217721562634e-7
2.5359173565303375e-8
2.3451810999048656e-8
8.492302907939915e-8
7.593283290387007e-7
2.2102974977859102e-7
2.6876660564366585e-8
7.64661632944263e-8
7.662870833449462e-7
2.8099245202670343e-7
6.874492575473341e-8
7.262839074859611e-7
1.477862857439193e-7
7.20225920832681e-7
1.243463828991267e-6
3.353851638234601e-7
7.900993970428326e-8
8.35519405531429e-9
-4.233029677763005e-9
3.701839409535641e-9
1.848162030690597e-8
4.5632184066177606e-8
1.2867625968237913e-7
6.642568981918633e-7
3.5184653732893413e-7
5.63801874049778e-8
1.1068720160178754e-9
2.7861474859690832e-9
1.3251290165682373e-8
3.419315598698071e-8
1.0113878560265033e-7
5.622160284923468e-7
2.0605397013282538e-7
1.891198592308574e-8
4.077548611753769e-9
1.066839423274768e-8
2.823853609784154e-8
8.703718303355047e-8
5.433652730561728e-7
2.226562660720035e-7
2.9140738922250567e-8
9.176867901785785e-9
2.239674107261766e-8
7.43292742148615e-8
5.226551727664575e-7
2.1617671926147137e-7
1.8895060921312205e-8
1.763357114366733e-8
6.38817872120723e-8
5.658759700023455e-7
1.6021957427169308e-7
1.9885058011767833e-8
5.696523864857332e-8
5.507607587205177e-7
2.0753563904783738e-7
5.020374760542049e-8
5.564012528127084e-7
1.1396542784153912e-7
5.341997820376465e-7
1.0061804906170321e-6
2.742225995109625e-7
6.418264320126452e-8
6.6825125393919185e-9
-3.418403503477418e-9
2.9914997323746748e-9
1.4913103697435764e-8
3.681352732770029e-8
1.0383034284642783e-7
5.385800575639799e-7
2.8211409402733143e-7
4.449734934459313e-8
7.558778036071504e-10
2.2431913611803068e-9
1.0734074877438916e-8
2.769096273704145e-8
8.187232102360304e-8
4.456813895308872e-7
1.6110405969610469e-7
1.4559872500668842e-8
3.176331427128139e-9
8.480906852806944e-9
2.245203190129504e-8
6.91617154980938e-8
4.196147919609446e-7
1.7022966123329654e-7
2.2082899089469034e-8
7.075313392900657e-9
1.7333300580932706e-8
5.748948744084228e-8
3.9672881155389534e-7
1.6214460883177948e-7
1.4153315074574283e-8
1.3380531606448727e-8
4.8460405967512054e-8
4.197621125052772e-7
1.1903864264202667e-7
1.4851722494390186e-8
4.2450733157124564e-8
4.1280987897481844e-7
1.5492665963469754e-7
3.766687543587783e-8
4.0441477467188497e-7
8.236217043469808e-8
3.885994321951347e-7
8.041825275832777e-7
2.2371304991881e-7
5.234157531173621e-8
5.482253425579678e-9
-2.713270474687528e-9
2.394101121657633e-9
1.1910435239899752e-8
2.9398342626706273e-8
8.294997892345565e-8
4.392591590452103e-7
2.2849234202939215e-7
3.5576609924654014e-8
5.305361581742861e-10
1.8168124171474146e-9
8.737680408237477e-9
2.2540061951032283e-8
6.662951919521249e-8
3.57981538768925e-7
1.2782342346186773e-7
1.1381659613041998e-8
2.5081084433634988e-9
6.8221504746562e-9
1.806547222212276e-8
5.562434848044308e-8
3.2918812530303e-7
1.3203580125788744e-7
1.6958503465075335e-8
5.538666903926419e-9
1.3621468359612027e-8
4.514988896294139e-8
3.0468037752471795e-7
1.231665012695513e-7
1.0751588576515304e-8
1.028537027260065e-8
3.724111367825105e-8
3.167505742885771e-7
8.94457779556691e-8
1.118182794193286e-8
3.2108975839394664e-8
3.070008326273478e-7
1.1403441401576076e-7
2.8198349315604884e-8
2.9566569945671097e-7
6.122463927536164e-8
2.884299801968247e-7
6.322059774935081e-7
1.810300499776478e-7
4.259453699808166e-8
4.574438600029628e-9
-2.1093389490060285e-9
1.8893935996636354e-9
9.377264492056687e-9
2.31465697291337e-8
6.534797815634008e-8
3.582326740482876e-7
1.859716582819291e-7
2.8709801297393228e-8
3.9239980438752096e-10
1.4723035445112528e-9
7.106495991911077e-9
1.8335538149066018e-8
5.420220171557605e-8
2.901731941241855e-7
1.0266883838957942e-7
9.028455891337329e-9
2.002923213467647e-9
5.528882366392466e-9
1.464587957508308e-8
4.508351281053751e-8
2.619485698190384e-7
1.03940140232063e-7
1.3223258348696306e-8
4.3962955223570384e-9
1.0853527446218855e-8
3.5954633867317585e-8
2.3755750459958653e-7
9.502984743444443e-8
8.28268555579463e-9
8.029183337973171e-9
2.9063708912542533e-8
2.4239898236924947e-7
6.789849561493844e-8
8.523413078792086e-9
2.462014318102344e-8
2.302283562136294e-7
8.498821108217521e-8
2.1297784456973002e-8
2.1944212332288733e-7
4.565866020102197e-8
2.11540964876673e-7
4.872945634165631e-7
1.4453920688688818e-7
3.4384922058330555e-8
3.84192538825422e-9
-1.6016642953740517e-9
1.465391174390269e-9
7.254843939998087e-9
1.7910980180860117e-8
5.0603312440918574e-8
2.903849277575866e-7
1.5119031855893958e-7
2.3265299722554884e-8
3.117144736038092e-10
1.1872397056958894e-9
5.741778573117544e-9
1.4819992586765915e-8
4.3820641405865313e-8
2.3597382557532158e-7
8.309814057308192e-8
7.246523102730187e-9
1.6109227432777072e-9
4.488881008669142e-9
1.1895491180117716e-8
3.6615362211294146e-8
2.1070624209155803e-7
8.289414305063578e-8
1.0456539824215391e-8
3.5272038817420187e-9
8.736634696272958e-9
2.892930271022019e-8
1.8787006117149962e-7
7.445650185273288e-8
6.4750462461432935e-9
6.358666565843871e-9
2.300976757508258e-8
1.8827700151110867e-7
5.2278219967867e-8
6.592241146420002e-9
1.9154465744873945e-8
1.7527339911488898e-7
6.419416254899574e-8
1.6292146237616748e-8
1.6449792766639586e-7
3.4245559866233394e-8
1.5605643716471443e-7
3.67486492701178e-7
1.1337278372527589e-7
2.739463094178823e-8
3.2146577138751473e-9
-1.1856292197987745e-9
1.1142852695107129e-9
5.503134905203317e-9
1.359092249040006e-8
3.8429894325629336e-8
2.3266859521013992e-7
1.2205887644005537e-7
1.8824929815477107e-8
2.654429600723464e-10
9.47796019023974e-10
4.584642293186785e-9
1.18397023254481e-8
3.502388527132805e-8
1.9139124967109812e-7
6.739531283609312e-8
5.856316090813633e-9
1.2982470168963206e-9
3.6301423856811347e-9
9.623630593416008e-9
2.9627168720917727e-8
1.7044216209737082e-7
6.668898398983856e-8
8.357843222521454e-9
2.846484646068061e-9
7.067561901882187e-9
2.33965315599816e-8
1.5023671260654686e-7
5.909767828723189e-8
5.128259082091091e-9
5.0913517337904425e-9
1.841849141285092e-8
1.4834227258763279e-7
4.0829487055228375e-8
5.169722997877793e-9
1.510458096197106e-8
1.3550615221734372e-7
4.92252382764349e-8
1.262336251467034e-8
1.2487708902511108e-7
2.5971772223354862e-8
1.1633094112003351e-7
2.7094017371550166e-7
8.708509851107832e-8
2.1453036864285157e-8
2.6573816270366956e-9
-8.547684176022997e-10
8.297211017314181e-10
4.088143532161914e-9
1.0101159306868094e-8
2.8587826212557894e-8
1.8340222448563923e-7
9.733797952789602e-8
1.5124415027378722e-8
2.371441398560111e-10
7.458353012042207e-10
3.6019700181575786e-9
9.308110263628483e-9
2.7551659887606644e-8
1.5392763132622308e-7
5.444928990471653e-8
4.7384745420665e-9
1.0426996172502708e-9
2.908165305065694e-9
7.712548055950306e-9
2.37520770201092e-8
1.3786533407097225e-7
5.3838455234220166e-8
6.720084761355952e-9
2.2978219339335126e-9
5.7131111113758554e-9
1.8911657569362243e-8
1.2089898180911008e-7
4.732029016877996e-8
4.099070301478867e-9
4.1012447436713256e-9
1.4833104086723898e-8
1.1813776954040021e-7
3.22897583839712e-8
4.09889490049834e-9
1.2031013521001826e-8
1.0621645083595522e-7
3.829472712856569e-8
9.890260088821186e-9
9.618058957790476e-8
1.99123636917141e-8
8.777258091126657e-8
1.953955860454023e-7
6.538539318052736e-8
1.646717306985533e-8
2.157314415366057e-9
-6.001511448240101e-10
6.050048190850541e-10
2.974071947170221e-9
7.352651422223433e-9
2.082829331675632e-8
1.416896516094027e-7
7.63355372031194e-8
1.2005188557253675e-8
2.1583325578507114e-10
5.765795642676234e-10
2.7751864472228212e-9
7.176798663049402e-9
2.125843778215597e-8
1.2213882373103814e-7
4.357978884980137e-8
3.816262562800763e-9
8.30423092367317e-10
2.2971250912464745e-9
6.0940718036157375e-9
1.8777252129392724e-8
1.1086543498122668e-7
4.336548533220963e-8
5.40618331027997e-9
1.845028812980355e-9
4.5885577204189015e-9
1.519123295589439e-8
9.737092102381553e-8
3.8034736079881174e-8
3.2903819703100615e-9
3.305103316972591e-9
1.1951770666048047e-8
9.466917255575168e-8
2.5751738085122838e-8
3.2719556545781736e-9
9.635421939444657e-9
8.414520518135651e-8
3.0144234345242943e-8
7.811033937364138e-9
7.506667101539298e-8
1.5425443737976578e-8
6.701869853742201e-8
1.3805008961032252e-7
4.7963480403430244e-8
1.2370068063183332e-8
1.7135165052106005e-9
-4.1076290654550447e-10
4.3241673340923565e-10
2.120657318263727e-9
5.246014674881608e-9
1.4874125489170745e-8
1.0700901883301503e-7
5.8666711443999916e-8
9.375980910347443e-9
1.9519636388868075e-10
4.368984153107355e-10
2.092188006126588e-9
5.414578111377434e-9
1.605131907956048e-8
9.521213023193533e-8
3.4389890678434676e-8
3.042890693267741e-9
6.529317683546424e-10
1.7822404002145549e-9
4.729353298076694e-9
1.458137825732098e-8
8.817414453011738e-8
3.4660077525557436e-8
4.3273691403865366e-9
1.4660820008428174e-9
3.6432104022323566e-9
1.2065249837217203e-8
7.804191845752044e-8
3.0513554459115966e-8
2.6377954827715227e-9
2.649486013130529e-9
9.580290202138138e-9
7.591593037080878e-8
2.0607783785745874e-8
2.616263722637402e-9
7.717433004768967e-9
6.708249397243581e-8
2.3921859809717406e-8
6.194072339837981e-9
5.9187098638347214e-8
1.2044631940668134e-8
5.1725269174687765e-8