0.00012669425707039734
0.000043083916201554146
0.000011156500517204973
4.374170729624275e-6
2.2318782853149058e-6
8.708082714368528e-7
2.2894682729568575e-7
8.827413237847374e-8
6.312415686886662e-8
5.437031470277305e-8
6.551419604095564e-8
6.109196019689801e-8
5.755926669129764e-8
5.9248977871032235e-8
1.107106310499955e-7
0.000052261093741624557
0.000024910969699143313
0.000010814575928220777
5.295007580103187e-6
1.832687210134261e-6
4.097010917064351e-7
1.1490569048736534e-7
6.032052359894486e-8
4.311387498315923e-8
4.740035470338935e-8
3.786667443607927e-8
3.299906492418286e-8
3.334912384635034e-8
5.8755117350315496e-8
0.00002807230007749511
0.00001851936068973124
8.851488358787722e-6
2.5586624792812515e-6
5.001450532259692e-7
1.2017413065296393e-7
4.372011214617611e-8
2.39519059253281e-8
2.1812596903937453e-8
1.4223267126027703e-8
1.1535433349971537e-8
9.838511301893093e-9
1.4469004362743914e-8
0.000021663040789294972
0.000013633598534629662
3.992262210798825e-6
7.712385862170863e-7
1.8131782089015308e-7
5.519692080893649e-8
2.231094834461457e-8
1.549142783524409e-8
9.51925144604817e-9
6.921477672650874e-9
5.50142691240506e-9
6.696146239798006e-9
0.00001594691701604121
8.655304000834122e-6
2.1117884442714133e-6
5.280722547134096e-7
1.4400819124626806e-7
4.061068416808306e-8
1.5563137613340282e-8
7.540618142297193e-9
4.729768612058163e-9
3.761369545982772e-9
4.365239621286823e-9
0.000013898132245739758
7.131080771389059e-6
2.273049597660291e-6
5.824613365741658e-7
1.3522108699308756e-7
2.671829409780688e-8
7.028743774196519e-9
3.65351868838081e-9
2.7814410881877225e-9
2.3267829158521238e-9
0.000010651865304657729
6.610987872235087e-6
1.98042390041925e-6
4.464003012054605e-7
6.042281920013548e-8
7.811773423372421e-9
2.895265741763723e-9
1.815984689812806e-9
1.1500699424047967e-9
8.94508089502081e-6
4.993317267384183e-6
1.5833735453299115e-6
2.034389393361743e-7
1.593410376491571e-8
3.547945821547663e-9
1.5016000208874587e-9
8.063062948928457e-10
7.769165668992449e-6
5.076355423057726e-6
9.663059543144247e-7
7.148638095160509e-8
1.1051684726735886e-8
2.9186451214955994e-9
1.343018674066586e-9
6.855589107852622e-6
3.2550874156964955e-6
4.937832598865255e-7
7.426427750169797e-8
7.76678996294485e-9
2.1570572616201922e-9
6.318451774521678e-6
3.146525730749359e-6
7.798753426402085e-7
4.90388681838152e-8
3.2769563551726258e-9
5.560825127330839e-6
3.1956131460436688e-6
2.71152978557611e-7
6.153788795835198e-9
4.736041823340269e-6
1.282012422562571e-6
1.969673678506903e-8
4.544208408327218e-6
7.39539472852188e-7
2.256049315266073e-6
0.00011322308135931261
0.00004076373789808671
0.000010769243545523178
4.247281620628719e-6
2.1727448545077656e-6
8.46545671446809e-7
2.21430816809297e-7
8.403418876784466e-8
5.944800073477025e-8
5.0961263159079395e-8
6.119385923354827e-8
5.695904443120329e-8
5.339051808535834e-8
5.511287172740281e-8
1.0302309810886531e-7
0.00005158340980399184
0.000025178854402919852
0.000011042971095608656
5.428532382146665e-6
1.8841611700998962e-6
4.211419543871461e-7
1.1660549849877094e-7
5.978608330474258e-8
4.209360066441747e-8
4.5967310768680464e-8
3.636364431161681e-8
3.1596884921201896e-8
3.179959746374663e-8
5.575212378473122e-8
0.000029082567837039972
0.000019408232641565322
9.333270708464009e-6
2.7131290194612707e-6
5.327324192821369e-7
1.276179374226694e-7
4.566092474019366e-8
2.4561357849300265e-8
2.2063484870829407e-8
1.4212211784411272e-8
1.1457973716341655e-8
9.655850552867486e-9
1.3971891475027696e-8
0.00002296469317481891
0.000014553244051156296
4.291603603783454e-6
8.342385197985124e-7
1.964437910539065e-7
5.9411044801513757e-8
2.3682338690247303e-8
1.615536305734528e-8
9.825513632827242e-9
7.0813557360858385e-9
5.570286918524839e-9
6.616784967314992e-9
0.00001717069848968124
9.392353532257128e-6
2.304614121387166e-6
5.779999926039208e-7
1.5756061175736316e-7
4.426272174508541e-8
1.666057756414755e-8
7.949352090133901e-9
4.925657606809952e-9
3.880168295988789e-9
4.396811100897859e-9
0.000015182292558009395
7.827191973069407e-6
2.50391150058904e-6
6.4336311918157e-7
1.4973766502695147e-7
2.940671777051704e-8
7.621604947976211e-9
3.919932351305344e-9
2.962471036684155e-9
2.4000591755044555e-9
0.000011748546464188248
7.317539105141905e-6
2.1988856609641402e-6
4.971941475597785e-7
6.731184749925033e-8
8.644308781409485e-9
3.177598068209316e-9
1.9793778281826084e-9
1.2253895827457068e-9
9.934509258988239e-6
5.563454957025355e-6
1.7688840364380116e-6
2.2772346982583104e-7
1.7826707079637846e-8
3.952711105107931e-9
1.661537410147045e-9
8.764575920517652e-10
8.683915481732795e-6
5.686693505175698e-6
1.084844135210625e-6
8.04069779109556e-8
1.2430113974809708e-8
3.2678622704401824e-9
1.4882232972503138e-9
7.696733949411374e-6
3.663298614642877e-6
5.568214061939907e-7
8.385159385694182e-8
8.756795138348845e-9
2.409699087673283e-9
7.125468846523355e-6
3.5542522494635167e-6
8.821087197804398e-7
5.553470596281486e-8
3.685609471210786e-9
6.29196693058277e-6
3.621656744178257e-6
3.079132450046968e-7
6.973727431332289e-9
5.378598756433246e-6
1.4595035439113452e-6
2.2446564580526603e-8
5.188378187851652e-6
8.461555739166664e-7
2.5890771519195273e-6
0.00009816300753887498
0.00003697094471213859
9.993053963718503e-6
3.971708167325737e-6
2.038642783315965e-6
7.938180672916776e-7
2.0658884162675518e-7
7.691982467984558e-8
5.3626772372073596e-8
4.5674256319361906e-8
5.465240945863493e-8
5.0730018213606037e-8
4.73777386863743e-8
4.896606943580473e-8
9.1532873986965e-8
0.0000489386186196452
0.000024571442170767034
0.000010916767006428292
5.396112628708685e-6
1.8811372581952433e-6
4.2080855177325495e-7
1.148224300159025e-7
5.718796889067716e-8
3.9510765164915836e-8
4.278247559025828e-8
3.3447974806431284e-8
2.8969756426042977e-8
2.8999744725140624e-8
5.052921124786337e-8
0.00002922187347765893
0.00001977931733891903
9.58612483685168e-6
2.807358660424001e-6
5.5457383661717e-7
1.324496372897702e-7
4.6482351659539e-8
2.4458389260283452e-8
2.1604882974392152e-8
1.3724014551737549e-8
1.0986416140229168e-8
9.126767066278811e-9
1.2945381127941084e-8
0.000023731059202547673
0.000015168417268803719
4.512682361279855e-6
8.84092561123821e-7
2.0864546693737975e-7
6.264114491487972e-8
2.457228936146596e-8
1.6413637216036707e-8
9.867188134029193e-9
7.038778266313172e-9
5.4721506326428665e-9
6.3152824567345676e-9
0.00001808674850386209
9.98844193614123e-6
2.4679736038362e-6
6.21248642260759e-7
1.6930225186653784e-7
4.736900625659449e-8
1.746693260344193e-8
8.18893990023611e-9
5.0035422780517346e-9
3.899880329588113e-9
4.298406988419518e-9
0.000016276781916208235
8.440372096617355e-6
2.711891938686781e-6
6.991111161056507e-7
1.6322300372398938e-7
3.184064637036151e-8
8.115663385860702e-9
4.125305585952703e-9
3.0927934478921195e-9
2.4171636890092925e-9
0.000012743623085946254
7.971342641768149e-6
2.4042655894054175e-6
5.456644452826217e-7
7.390543368978002e-8
9.421371500966684e-9
3.4313588626422927e-9
2.121137555812557e-9
1.281747970129513e-9
0.000010865937328296287
6.1083014756873435e-6
1.948269274305534e-6
2.51437933373072e-7
1.9679564843424552e-8
4.343610366092867e-9
1.8117846947676355e-9
9.38065094278716e-10
9.570242029342714e-6
6.283724101375382e-6
1.2020618194621606e-6
8.933749749409808e-8
1.3813970866964474e-8
3.6115660188832117e-9
1.626956934992423e-9
8.527928883822414e-6
4.072233855209123e-6
6.208143153164492e-7
9.365778946985587e-8
9.760230262130055e-9
2.6581086690882974e-9
7.944856428776957e-6
3.9727009626023454e-6
9.877141252415488e-7
6.225648685451369e-8
4.1004992944696795e-9
7.04892122568593e-6
4.065074333988095e-6
3.462767519736874e-7
7.825382186284753e-9
6.0500988452985984e-6
1.645260490699917e-6
2.5325817095109696e-8
5.862974056973647e-6
9.58105267837801e-7
2.9426272253422085e-6
0.00008311078058989227
0.00003220409862846539
8.911085878986829e-6
3.5766805195219927e-6
1.8442626696333433e-6
7.191962515744161e-7
1.8649019670465454e-7
6.799874920863185e-8
4.653772368749656e-8
3.9315724492316994e-8
4.6898772619407324e-8
4.338533420058635e-8
4.047128089920891e-8
4.178929686998987e-8
7.806335431749585e-8
0.000044414484068985795
0.000023007869282507784
0.000010387218921502773
5.173838681150191e-6
1.8162119198979574e-6
4.073863766349065e-7
1.0946726898732821e-7
5.2701158459539e-8
3.5601401673030385e-8
3.816134306343232e-8
2.9460510994260327e-8
2.5435381567134514e-8
2.530366569266021e-8
4.377884528353012e-8
0.000028277441586453446
0.00001947092818884403
9.531353323115163e-6
2.819174914189639e-6
5.615086998838987e-7
1.3376179693125368e-7
4.594177272030374e-8
2.356087978774439e-8
2.039947792906253e-8
1.2771929340829235e-8
1.0144015853287484e-8
8.296686210245023e-9
1.1506442181875486e-8
0.00002375166940436612
0.0000153440244998236
4.61632281665399e-6
9.134000158385881e-7
2.1623986289806429e-7
6.44142494557669e-8
2.4817675299366312e-8
1.6176487547277545e-8
9.605287052721853e-9
6.77494871462168e-9
5.2040709612910246e-9
5.820073365892879e-9
0.000018533799103867608
0.000010356690072575787
2.5810902681366467e-6
6.527392508643638e-7
1.778883756491908e-7
4.9574488445317184e-8
1.7863340264597692e-8
8.213335295905573e-9
4.9422524847000116e-9
3.810249720941223e-9
4.076757638137925e-9
0.000017043707318962118
8.901497824895143e-6
2.8755659801939793e-6
7.443872804075514e-7
1.744943531423479e-7
3.379096941781456e-8
8.455176238365646e-9
4.244687941435251e-9
3.1565089745235977e-9
2.376062356504434e-9
0.00001353711381119416
8.51232829102086e-6
2.5792029565356682e-6
5.880541065718711e-7
7.969953497435653e-8
1.0076832709948001e-8
3.6328640761114452e-9
2.227572974978974e-9
1.3142372715410578e-9
0.000011660922309004272
6.585836753300428e-6
2.1086828605693932e-6
2.729621630736826e-7
2.1363726084704966e-8
4.692157243337768e-9
1.941219239193759e-9
9.868864437567631e-10
0.000010365626296677732
6.827792341776857e-6
1.3105109353532747e-6
9.771872187367772e-8
1.5117023016267287e-8
3.928778183159295e-9
1.7509600142780641e-9
9.296687984028619e-6
4.456822524390353e-6
6.818443520810231e-7
1.0308935510447178e-7
1.0720542902123002e-8
2.888037392704098e-9
8.726505497530462e-6
4.376181656315611e-6
1.090326421399431e-6
6.883506861675037e-8
4.500083274836505e-9
7.785871598038097e-6
4.500392624269505e-6
3.843218549504832e-7
8.671415269686284e-9
6.716070285522935e-6
1.8317252252146116e-6
2.8241678141662775e-8
6.550174740158083e-6
1.0733576943929579e-6
3.3105615323542558e-6
0.0000694907567492315
0.000027289067555810737
7.694544482918926e-6
3.123628711364126e-6
1.6206647162196955e-6
6.35336736676921e-7
1.647241419809396e-7
5.893813546369847e-8
3.953169116983278e-8
3.3119199840237104e-8
3.942262833430182e-8
3.636890032773474e-8
3.394649142970957e-8
3.499590564182225e-8
6.528391854837813e-8
0.00003861695018487905
0.00002060349766013234
9.475847653274164e-6
4.769389107861818e-6
1.6922293723076725e-6
3.8180540130856235e-7
1.0118558035380949e-7
4.7006873546162505e-8
3.1009631397527844e-8
3.2885057641187663e-8
2.5127233898695457e-8
2.164057930745296e-8
2.1410699456123625e-8
3.6818687106761174e-8
0.000026176186652978916
0.000018382857884768416
9.112739147033739e-6
2.7314933113799557e-6
5.50180431008891e-7
1.308814399582349e-7
4.3958221100084854e-8
2.1917995367966326e-8
1.8556750904763042e-8
1.1475147869335347e-8
9.043350950201007e-9
7.295713435480537e-9
9.91229516853758e-9
0.000022853156754911046
0.000014956590390791021
4.5640718769245095e-6
9.145148281413148e-7
2.1747331561029866e-7
6.42748133922228e-8
2.429452906990326e-8
1.5407725907767767e-8
9.04075576665876e-9
6.304810833546305e-9
4.7942756205484245e-9
5.2102084380539455e-9
0.00001834811342027114
0.000010402821427685977
2.6205302363013863e-6
6.66635080597266e-7
1.8178209742619303e-7
5.048934168103403e-8
1.774446684320614e-8
7.992765226936937e-9
4.735626491294992e-9
3.6157896553429232e-9
3.76432633554845e-9
0.000017325830747342612
9.129416430405106e-6
2.969198886923089e-6
7.726831182453643e-7
1.8208070736615881e-7
3.498797140519856e-8
8.582137793941366e-9
4.2549459452080675e-9
3.1405195921982456e-9
2.283411782057434e-9
0.00001400803095137987
8.866010645310504e-6
2.701664779542869e-6
6.194885382507505e-7
8.404815972527926e-8
1.0530992818227148e-8
3.754771560431326e-9
2.2833217730210416e-9
1.3191342253303187e-9
0.000012219734248594745
6.941254254569087e-6
2.2330562019922132e-6
2.9014979289395976e-7
2.2715436232992723e-8
4.96305370614114e-9
2.0358113703804377e-9
1.0182665789579885e-9
0.000010986474238592638
7.265292753721642e-6
1.4002362383553213e-6
1.0483813237892578e-7
1.6231741742861553e-8
4.191271461730697e-9
1.849570670092008e-9
9.93224847160078e-6
4.784563211556202e-6
7.351529766672751e-7
1.1144844256851606e-7
1.1564324041734676e-8
3.080757585948726e-9
9.409514557686062e-6
4.7353295020135685e-6
1.1828323461021178e-6
7.482619627095775e-8
4.857148806736932e-9
8.452500702454048e-6
4.899288158067966e-6
4.196565996549205e-7
9.460400282627406e-9
7.335101519231653e-6
2.007591592926498e-6
3.1022005078396343e-8
7.208711918279067e-6
1.1851200671892978e-6
3.6742761403113502e-6
0.00005789832290108644
0.0000230112221632594
6.537904309756717e-6
2.6819114248373256e-6
1.402434663501341e-6
5.550681945643803e-7
1.4455591120923933e-7
5.110599509645838e-8
3.3723107261735855e-8
2.8092825654043845e-8
3.338771910012596e-8
3.080494298628557e-8
2.8713727341244505e-8
2.9645412407188836e-8
5.5259201782428745e-8
0.000032609751687381406
0.000017724883542653088
8.301469473466727e-6
4.233071225268744e-6
1.5246727936926503e-6
3.474139117583251e-7
9.122717099304005e-8
4.1099344178512485e-8
2.6578044409156845e-8
2.793333526084216e-8
2.1274141218852992e-8
1.830071620329206e-8
1.807017207254254e-8
3.1017877849654604e-8
0.000023111095327622995
0.000016559252049933352
8.332115621587192e-6
2.5407345180764834e-6
5.193383055455486e-7
1.236294989617176e-7
4.0680417399968245e-8
1.9730623254240025e-8
1.633529653439785e-8
1.0032243517717636e-8
7.857419430993882e-9
6.294436833037488e-9
8.459042576201463e-9
0.000020991011844712737
0.000013945690596513136
4.330450909101064e-6
8.814112116750575e-7
2.1090686177257157e-7
6.189910938281293e-8
2.2962657930258926e-8
1.4151227260230847e-8
8.220349906981445e-9
5.676556280014857e-9
4.293166935347967e-9
4.583372805924565e-9
0.000017414117475003645
0.000010046222954812749
2.5642205825377184e-6
6.572196081234767e-7
1.79492354716885e-7
4.975421099508708e-8
1.7043103282526548e-8
7.520763313169996e-9
4.393631701042847e-9
3.3325072906512098e-9
3.4040051384591585e-9
0.000016972077878991487
9.041135884255615e-6
2.965488595328934e-6
7.769438450462927e-7
1.8435537325866657e-7
3.514641730143265e-8
8.44145806403243e-9
4.135996160677983e-9
3.034054463795097e-9
2.1480469405192046e-9
0.000014025857729783646
8.94948567565228e-6
2.7465633515796994e-6
6.342905955171139e-7
8.619603628183388e-8
1.0693810779288227e-8
3.7673298140227595e-9
2.2720467737676436e-9
1.292317892385068e-9
0.000012428391208291107
7.11049936553225e-6
2.301053844154038e-6
3.004006351825472e-7
2.353538474125216e-8
5.114022316903964e-9
2.0791861880719197e-9
1.026430659984625e-9
0.000011332849093953594
7.531033986594299e-6
1.458891972135349e-6
1.0979316565950112e-7
1.70213425461919e-8
4.364184588882478e-9
1.9092471446055728e-9
0.000010346914847791825
5.014168785267041e-6
7.745543753631132e-7
1.1781733412712733e-7
1.2197451234640363e-8
3.2122483639357267e-9
9.914634925472904e-6
5.011216418893685e-6
1.255707910627533e-6
7.964191957140114e-8
5.135561263262713e-9
8.981101409155252e-6
5.223479185932289e-6
4.4910541258696213e-7
1.0124630129245006e-8
7.851678601873262e-6
2.1582561058011065e-6
3.3451289656378916e-8
7.788825834208295e-6
1.2855748922214718e-6
4.010710705003555e-6
0.0000478312377151866
0.000019577357122196218
5.544154686151489e-6
2.28674381504685e-6
1.2053754508924161e-6
4.821789036132297e-7
1.263877605977854e-7
4.4440364257971113e-8
2.9078554723014888e-8
2.4174971552523956e-8
2.866186990620657e-8
2.6514298100151678e-8
2.4599948085839274e-8
2.5506488453193898e-8
4.762462075426117e-8
0.000027443569433552304
0.000014906782281659328
7.062703149073778e-6
3.6487278383012022e-6
1.3372702230600184e-6
3.0862176039420204e-7
8.07956641915689e-8
3.5716626321366115e-8
2.2831445685062097e-8
2.3870368506896716e-8
1.824925685978721e-8
1.5691325490106368e-8
1.552882785777905e-8
2.6739852337580867e-8
0.000019605533382360214
0.000014259822994226318
7.283487132457668e-6
2.2651545267858974e-6
4.7112544299664644e-7
1.1252517456953849e-7
3.6470258165472715e-8
1.729265474083676e-8
1.4052014465930145e-8
8.623656337473055e-9
6.729661152868693e-9
5.400035064479043e-9
7.273605729462093e-9
0.00001836049016252569
0.000012383241817744304
3.921254070033855e-6
8.127568804176916e-7
1.9605413476296172e-7
5.725323796307973e-8
2.090575148989953e-8
1.2537874771994772e-8
7.22510809600571e-9
4.953988090360578e-9
3.7466629486452664e-9
3.98811689046791e-9
0.00001574347081037675
9.258876716930446e-6
2.399810403881971e-6
6.207839072797642e-7
1.7004943793317896e-7
4.7153550042165765e-8
1.5760651714163904e-8
6.818510103795135e-9
3.937590902110402e-9
2.9773392233083806e-9
3.016572552493078e-9
0.000015893398023461858
8.576817647599413e-6
2.8425347246817515e-6
7.511430807985115e-7
1.7984836760921602e-7
3.4026609245597165e-8
7.99395693089464e-9
3.8739438050887696e-9
2.82813400893081e-9
1.9689883435485257e-9
0.000013481895603574169
8.687917064678152e-6
2.689931079572228e-6
6.267657936791623e-7
8.538244368545438e-8
1.0479676650251584e-8
3.643460699456854e-9
2.178767858339044e-9
1.2270157521621958e-9
0.000012177102000205388
7.0286684097174905e-6
2.291317242037027e-6
3.009198149093924e-7
2.36091075186201e-8
5.100240482735923e-9
2.0539895977089055e-9
1.003564536252145e-9
0.000011298964046113883
7.554177339935134e-6
1.472745535967984e-6
1.1155802359059202e-7
1.7328825676409998e-8
4.407739713550986e-9
1.9130885204416144e-9
0.000010443103551697539
5.098541376883915e-6
7.928410872603416e-7
1.211111252813939e-7
1.2508512210427551e-8
3.2532693157944857e-9
0.000010149533838028106
5.157675726180493e-6
1.2975041330785612e-6
8.256546577850194e-8
5.289583473327132e-9
9.289978577700637e-6
5.42608022948423e-6
4.6870482937693586e-7
1.0576625910783073e-8
8.196520823510522e-6
2.2650702634313595e-6
3.524765544221327e-8
8.225178217704591e-6
1.3642431518625567e-6
4.289034979629193e-6
0.00003829205271049858
0.00001642915920366529
4.660426453550839e-6
1.920308792700863e-6
1.0170243383316174e-6
4.091984821315726e-7
1.0757270192358352e-7
3.750367383589354e-8
2.4368278450537903e-8
2.0188807863998555e-8
2.3854335312287132e-8
2.2046703318475852e-8
2.038814147974419e-8
2.115907412363933e-8
3.961564302789817e-8
0.00002339450403679966
0.000012574202839588605
5.951481167770234e-6
3.097064942719708e-6
1.1503945678495953e-6
2.6837952899160946e-7
7.022346372939119e-8
3.072629422035346e-8
1.948673583065626e-8
2.0296765427932838e-8
1.5499349008625384e-8
1.3303001979091464e-8
1.3177312156670137e-8
2.2700751357142075e-8
0.000016371702497107235
0.000011937057850952814
6.155150771629636e-6
1.9468365128613648e-6
4.1153555367746437e-7
9.880110090820055e-8
3.177810227926692e-8
1.4856900707871328e-8
1.1920194785848367e-8
7.299856158803782e-9
5.681273535216213e-9
4.56833485225264e-9
6.1660241961029915e-9
0.00001544653156999667
0.000010525926334835358
3.391396586131237e-6
7.154591165931616e-7
1.741594086131307e-7
5.0764354161345745e-8
1.835266988404583e-8
1.0765727701124548e-8
6.152356866290401e-9
4.197187627796801e-9
3.1756335037146688e-9
3.3814408260627183e-9
0.000013561958327616865
8.116769869068555e-6
2.1370175009917456e-6
5.585719844848498e-7
1.537459704784844e-7
4.278562727871368e-8
1.4004247482165498e-8
5.9437057572941264e-9
3.3993962430384464e-9
2.563789900097293e-9
2.5839094412254317e-9
0.000014147711775932517
7.741369303170261e-6
2.596240106292574e-6
6.932226970323055e-7
1.6785734711051618e-7
3.1547468816036116e-8
7.243359967702552e-9
3.4723540208271645e-9
2.5224472847667693e-9
1.733320879874879e-9
0.00001234677617316153
8.047431272944973e-6
2.5179177929031076e-6
5.930169396870329e-7
8.10742584435597e-8
9.839146488122753e-9
3.3708457491074677e-9
1.9971316505578347e-9
1.11585078658344e-9
0.000011400833698476441
6.650315239186333e-6
2.187246312112692e-6
2.893881186976222e-7
2.2757375586054874e-8
4.886203654532924e-9
1.947125991327223e-9
9.416740340935054e-10
0.000010800990503252664
7.2745720933789575e-6
1.4294081831316547e-6
1.0915724584164691e-7
1.7002652621220715e-8
4.284967388318495e-9
1.84375820759547e-9
0.000010132783180020455
4.992468706438165e-6
7.827554164822998e-7
1.2020871934305332e-7
1.2383939012707588e-8
3.1738102827089506e-9
0.000010021055343981576
5.126526992631853e-6
1.2960103205249143e-6
8.282006436943377e-8
5.268173071406082e-9
9.291454873879992e-6
5.455681618537608e-6
4.7402011744752637e-7
1.071507196180437e-8
8.291910752216218e-6
2.306662083312792e-6
3.6080278555817453e-8
8.441111277030214e-6
1.4085900053836233e-6
4.471037648238117e-6
0.000029404555466688716
0.000013053251056185222
3.7961514407065976e-6
1.5634051882695366e-6
8.268300028490101e-7
3.322741096448695e-7
8.711364926163068e-8
2.9811335342311424e-8
1.9007813049680286e-8
1.557619729724178e-8
1.8350013136348935e-8
1.68192880246107e-8
1.5524586973205187e-8
1.6095126136317198e-8
3.0027966305703136e-8
0.0000196960483172348
0.000010717899727797536
5.033755568198112e-6
2.6107468058961525e-6
9.713977523488457e-7
2.2727421990353706e-7
5.920072889994479e-8
2.5525416819390367e-8
1.59435136497566e-8
1.6479833322044265e-8
1.2360311632427864e-8
1.0566268938309783e-8
1.0383477677631057e-8
1.76804844457342e-8
0.000013894631351851304
0.00001002818062258842
5.157996654180492e-6
1.639099535366276e-6
3.491921296484229e-7
8.419482058105521e-8
2.7035534015939593e-8
1.2570683298844479e-8
1.0003117926064403e-8
6.0463624120832754e-9
4.6828802767423384e-9
3.7216438996432593e-9
4.925314673122135e-9
0.00001287053838431754
8.764247731167002e-6
2.842849977510723e-6
6.060746183749196e-7
1.486449523528559e-7
4.3402439378189555e-8
1.5666773833545795e-8
9.071202959490139e-9
5.129378597462816e-9
3.4817093066273328e-9
2.615065752560705e-9
2.7376399715043005e-9
0.000011312298201271857
6.8285572924949584e-6
1.8180437031448384e-6
4.796252335695466e-7
1.3285279108165296e-7
3.722717736195455e-8
1.2020833360677806e-8
5.016141664079471e-9
2.8429837304655645e-9
2.129950240686695e-9
2.1128137409382263e-9
0.000012016306718540399
6.650234811915873e-6
2.2554847142953207e-6
6.089095808706705e-7
1.4929485144102523e-7
2.7941043918879343e-8
6.2800874726896845e-9
2.978262803258106e-9
2.1494515727031808e-9
1.4506182377482584e-9
0.000010744737780474674
7.081710206600211e-6
2.2404181067803037e-6
5.338875513025737e-7
7.334902947700927e-8
8.810361605106307e-9
2.972908859682394e-9
1.7441208335477743e-9
9.64809484340723e-10
0.000010141791722908823
5.983006913777012e-6
1.9871627634647644e-6
2.6519964072731483e-7
2.0931096226102275e-8
4.468373953725515e-9
1.7607929874159103e-9
8.412054246782017e-10
9.826684899029986e-6
6.673622902052446e-6
1.3233306136736744e-6
1.0204130590673014e-7
1.5953935887669966e-8
3.979291673020719e-9
1.6942879064854985e-9
9.376639081054217e-6
4.6695994637641715e-6
7.393267765079607e-7
1.1428078541551466e-7
1.1744771054181594e-8
2.957466991547762e-9
9.465162788003002e-6
4.881159150148714e-6
1.2413700106372226e-6
7.975277818697633e-8
5.032168585102254e-9
8.913570752990672e-6
5.2676885099420685e-6
4.609962124671052e-7
1.0447313346136832e-8
8.066460892691845e-6
2.262307890171824e-6
3.561843965318837e-8
8.35812578259688e-6
1.4053040982440196e-6
4.514236175845728e-6
0.00002262824797672261
9.994303182179048e-6
2.9988421489704643e-6
1.2473613648603347e-6
6.579848364423125e-7
2.6369301253024175e-7
6.891016988283273e-8
2.3301253450993795e-8
1.4586108992013117e-8
1.186017246747091e-8
1.3946936010306358e-8
1.276333786877497e-8
1.1792338333108358e-8
1.219875701495776e-8
2.269503533072329e-8
0.000015659594631209517
8.913962832570726e-6
4.217272369995628e-6
2.1720674882727655e-6
8.013416797768531e-7
1.866685095361008e-7
4.831253531290791e-8
2.0460301079233006e-8
1.2586947840938231e-8
1.2893487869802467e-8
9.52273816878944e-9
8.125658367761788e-9
7.900875698690298e-9
1.3317335144760368e-8
0.000011947419513339371
8.614019679233882e-6
4.386766645152747e-6
1.378667330958487e-6
2.9213848197041755e-7
7.045343529139931e-8
2.261527562754396e-8
1.0519773865139092e-8
8.322106799023316e-9
4.965900305824577e-9
3.82543723746376e-9
2.9822381598410824e-9
3.841667468992522e-9
0.000010997314769554522
7.413482813853601e-6
2.381931801897182e-6
5.059902023456546e-7
1.2433084687402953e-7
3.6447415897239474e-8
1.3238235896795507e-8
7.656636724536662e-9
4.304449149633327e-9
2.9094216314735037e-9
2.1601503657851765e-9
2.203366238200206e-9
9.468856331463389e-6
5.677278422021639e-6
1.5113915830359956e-6
4.0021793997633735e-7
1.1149273790577041e-7
3.149429121566426e-8
1.0156059879002385e-8
4.209026478004258e-9
2.371314217079991e-9
1.7629988772412337e-9
1.7165210732774254e-9
9.96842430180563e-6
5.532718847091416e-6
1.8874996315209286e-6
5.137000691664411e-7
1.272602156341951e-7
2.3830107168720896e-8
5.2940666289928515e-9
2.4929127765495362e-9
1.7892292909534904e-9
1.1898118434790925e-9
8.988166545444635e-6
5.96440522564097e-6
1.9028859717906301e-6
4.5796150925625026e-7
6.328409753136635e-8
7.559749745748072e-9
2.522631573531845e-9
1.4696555374502479e-9
8.068955488377035e-10
8.605458065385139e-6
5.123161564832499e-6
1.7164029659118624e-6
2.310318644660014e-7
1.83285190515251e-8
3.9000507276322775e-9
1.5234371749539432e-9
7.203705834246246e-10
8.496018582977116e-6
5.814909002483363e-6
1.1635725991321625e-6
9.065114916218115e-8
1.4242125462551168e-8
3.5185111593462302e-9
1.482539917185651e-9
8.239471534815097e-6
4.148470443235649e-6
6.637043776112347e-7
1.0334787464540533e-7
1.0606058116356297e-8
2.6222725736754083e-9
8.49606465648193e-6
4.420083647510826e-6
1.1317101122122473e-6
7.317641277616421e-8
4.582455960119467e-9
8.139846546047564e-6
4.846106541056621e-6
4.276987584503686e-7
9.732036181249543e-9
7.4854056660413e-6
2.1195077465993268e-6
3.3643313925922376e-8
7.919912511612828e-6
1.3438085406474614e-6
4.380467319982196e-6
0.000017696713738681958
7.7908942697615e-6
2.3343687932442333e-6
9.873732619082581e-7
5.254746869673657e-7
2.1111121229554082e-7
5.520243355058426e-8
1.863419591974019e-8
1.1650192570920357e-8
9.49155496345375e-9
1.1148817623420784e-8
1.0239902493211489e-8
9.455484440724475e-9
9.79764590784292e-9
1.832478595290989e-8
0.000011872830746881574
6.932851528087196e-6
3.391274304394608e-6
1.7638693102610704e-6
6.505789680152083e-7
1.5120457338646664e-7
3.8934857598111115e-8
1.6270317335232994e-8
9.947775762847067e-9
1.0143495056418819e-8
7.558972041820587e-9
6.4455579298923535e-9
6.2938203934019275e-9
1.0687251772089245e-8
9.765356362527792e-6
7.262918077126701e-6
3.722199349537342e-6
1.162446607326366e-6
2.443246809752146e-7
5.863135342281287e-8
1.867028800558167e-8
8.612456325042226e-9
6.742612345523776e-9
4.032039550227598e-9
3.0902757755603397e-9
2.4022425775822512e-9
3.087436868977393e-9
9.48651771632048e-6
6.410576213763877e-6
2.040560135469717e-6
4.286088388168909e-7
1.0479077990951165e-7
3.073027672978422e-8
1.1172979868183921e-8
6.458800451035983e-9
3.639049315068075e-9
2.446445496838081e-9
1.811860034780517e-9
1.8265202637125536e-9
8.175528082326307e-6
4.847152892437178e-6
1.27640161277217e-6
3.3632866189806415e-7
9.375959271906745e-8
2.6545674795675447e-8
8.611166862518189e-9
3.5835033364465238e-9
2.0111932233751966e-9
1.4932590965148273e-9
1.4439763057999167e-9
8.420675655802082e-6
4.6331326241825605e-6
1.5738798774489637e-6
4.2826806157397654e-7
1.0632832570244723e-7
2.001637502757876e-8
4.4668793113013865e-9
2.1024872185039556e-9
1.5082478981616945e-9
9.984530427861032e-10
7.475038430768606e-6
4.94825294893973e-6
1.579750170756382e-6
3.812735727593286e-7
5.292541829312241e-8
6.34211958739277e-9
2.1140233162599934e-9
1.2320183497359442e-9
6.756043307237549e-10
7.134214938238709e-6
4.255387160213875e-6
1.4304911781886381e-6
1.9352990644957413e-7
1.543871704000737e-8
3.2903913971238755e-9
1.282998584896761e-9
6.042737985851148e-10
7.080417616275383e-6
4.865062959868372e-6
9.791519759489181e-7
7.688638668094612e-8
1.2142725253512691e-8
2.98455292908401e-9
1.2485999288789257e-9
6.92860825933283e-6
3.515478704218556e-6
5.671233445113619e-7
8.88994428694887e-8
9.131109017556678e-9
2.225974622371205e-9
7.257572876158378e-6
3.8043508683115485e-6
9.80138261286616e-7
6.380327262755025e-8
3.977155930883395e-9
7.05978552947204e-6
4.233058804221457e-6
3.768122818274435e-7
8.624054999119439e-9
6.5946571712503706e-6
1.8857573478139122e-6
3.021308534690623e-8
7.132511848820499e-6
1.222491301417408e-6
4.0530007710161075e-6
0.000013514892805661847
5.981081073915371e-6
1.7841763190748194e-6
7.618505649064758e-7
4.121278197925645e-7
1.6808323339186302e-7
4.4089590876255135e-8
1.4579208738937115e-8
8.891003620902276e-9
7.148103017154494e-9
8.373304874978347e-9
7.657085525628202e-9
7.058241255761211e-9
7.308170710818611e-9
1.360591782450207e-8
9.179507523144853e-6
5.244670500680944e-6
2.6107854029526735e-6
1.3988637032096347e-6
5.301173956649878e-7
1.2449086147515134e-7
3.1723072585822514e-8
1.2875517644592816e-8
7.673571126522642e-9
7.74386225687558e-9
5.741942250588821e-9
4.8835191437618445e-9
4.764229059028095e-9
8.04940552453837e-9
7.323466098362648e-6
5.621387520197771e-6
2.9823834088718828e-6
9.59368710813274e-7
2.0454667319707057e-7
4.8904114409198165e-8
1.526405924982244e-8
6.807216437285589e-9
5.204441922857604e-9
3.102065361218039e-9
2.36138429236933e-9
1.839274561044301e-9
2.3502396481268344e-9
7.607014983130422e-6
5.305114252340508e-6
1.7289065691978625e-6
3.6651417872480083e-7
8.938566662754593e-8
2.5952983596106632e-8
9.23280608844608e-9
5.2160626449234705e-9
2.9210897586460477e-9
1.9435683393896385e-9
1.4425586976626105e-9
1.4388057722927367e-9
6.9728979069056455e-6
4.200301108022036e-6
1.1070957793864374e-6
2.90234723276183e-7
8.035999223023709e-8
2.2522248589286457e-8
7.240623428596742e-9
2.9947775169969357e-9
1.6653025894084802e-9
1.235336208475012e-9
1.1807435760708617e-9
7.335969195499705e-6
4.017540330486592e-6
1.353830517787557e-6
3.652944792348887e-7
8.993253127309279e-8
1.6967658933055913e-8
3.818405614062451e-9
1.7991954786863502e-9
1.2925653297708456e-9
8.435399567779423e-10
6.427975914919659e-6
4.218111271844709e-6
1.3355883630979515e-6
3.2001917602029253e-7
4.439231954662201e-8
5.362732593856118e-9
1.8018174007586868e-9
1.0555218030168373e-9
5.763076289561643e-10
6.030316311704702e-6
3.569115241134376e-6
1.1935880533116614e-6
1.6110791245038543e-7
1.2882177273093144e-8
2.760888614044751e-9
1.0829410338041226e-9
5.098013481906026e-10
5.900681233474411e-6
4.041583669259113e-6
8.121055366505663e-7
6.380727620889678e-8
1.0107082197351683e-8
2.4909238918941266e-9
1.039954354653023e-9
5.744211933771565e-6
2.913109333082155e-6
4.706318938701251e-7
7.397672124451883e-8
7.625637295679133e-9
1.852352883051843e-9
6.020349013832266e-6
3.163472676792345e-6
8.17391561371106e-7
5.3455334538813644e-8
3.3337851870922275e-9
5.890363102520845e-6
3.5459248017710828e-6
3.174701493676595e-7
7.311195524047998e-9
5.553836310229651e-6
1.599370126501511e-6
2.5838014959379146e-8
6.108620892945417e-6
1.0563863359840545e-6
3.560694476108747e-6
0.00001047783090426863
4.584604080300832e-6
1.3788895090649911e-6
5.819927193191682e-7
3.15960361222483e-7
1.3147597450146414e-7
3.4982748597654055e-8
1.1505289317853425e-8
6.9168436984328424e-9
5.537566635039703e-9
6.47680019808737e-9
5.922213225457362e-9
5.471675028272968e-9
5.6635097390940665e-9
1.0566232696836423e-8
7.159351818233176e-6
4.1164905928245324e-6
2.0005110001651497e-6
1.0763842090240345e-6
4.2007966572852085e-7
1.0100662309166474e-7
2.5750481937434815e-8
1.0256047960174671e-8
6.01772451567236e-9
6.031424095486356e-9
4.443970823677025e-9
3.781072665462258e-9
3.6802513158404206e-9
6.210202407427394e-9
5.609622012784945e-6
4.191477315098883e-6
2.2464249158520275e-6
7.520435389199861e-7
1.6606212374045647e-7
4.005294483733476e-8
1.2343344927976315e-8
5.381951289735459e-9
4.044703304440132e-9
2.3909089397594255e-9
1.81912622229745e-9
1.4161806534609294e-9
1.8116678716999217e-9
5.583684794193244e-6
3.965094702036381e-6
1.3522813656197878e-6
2.983769770239093e-7
7.37369282295637e-8
2.1180157288987838e-8
7.35307388505154e-9
4.0084005020635754e-9
2.2093298897910724e-9
1.4645294198430557e-9
1.0867082214093681e-9
1.090838052864886e-9
5.367742334461257e-6
3.3836038671256826e-6
9.214659386835964e-7
2.445356107020134e-7
6.745577606552426e-8
1.8725206788661717e-8
5.827374723258032e-9
2.347506962519498e-9
1.2937472520513022e-9
9.569680695828348e-10
9.093282715647527e-10
6.121453550141852e-6
3.4282235699056903e-6
1.1660476362094447e-6
3.147133243783983e-7
7.719223403401264e-8
1.4391971999294916e-8
3.188264030952684e-9
1.4941181838937285e-9
1.0723491378296812e-9
6.901717545300882e-10
5.572320353100612e-6
3.674282314331452e-6
1.161928360473284e-6
2.7713478982118553e-7
3.8196472095695326e-8
4.592123892951573e-9
1.5429345094135217e-9
9.028239336485397e-10
4.907869407123603e-10
5.259517027923077e-6
3.102283096018687e-6
1.0319636992987637e-6
1.3834768195704902e-7
1.1001910467734e-8
2.359633813643877e-9
9.297008528072073e-10
4.385651369950148e-10
5.100961521793181e-6
3.4737298425219226e-6
6.928938706886525e-7
5.401015432735417e-8
8.534490907426924e-9
2.1209158605761775e-9
8.902436384468872e-10
4.9038140139763675e-6
2.465122470392845e-6
3.952785405746666e-7
6.189219476708082e-8
6.4061418789439125e-9
1.5737928906504783e-9
5.055624103576095e-6
2.6422406591584067e-6
6.806529075675788e-7
4.447923455475141e-8
2.7930049492777047e-9
4.9000887221961375e-6
2.9430837683820705e-6
2.632356471375368e-7
6.08485369181305e-9
4.6020282810894235e-6
1.3249913044095339e-6
2.1470192747126322e-8
5.070119980753803e-6
8.797582318947583e-7
2.9943793381075875e-6
8.150496189613221e-6
3.4949815006444487e-6
1.0501012093801494e-6
4.467937281701302e-7
2.397051688813031e-7
9.882296371283933e-8
2.6403889221633602e-8
8.740633303554811e-9
5.261149767653947e-9
4.2123200543277695e-9
4.929917699409273e-9
4.511352838053437e-9
4.172033267803491e-9
4.307502006016828e-9
8.034160047719109e-9
5.362100374307611e-6
3.1296519033474237e-6
1.5433947645180072e-6
8.139728507574661e-7
3.12396289858701e-7
7.54540090323056e-8
1.93990816303435e-8
7.730711462853058e-9
4.548281016915797e-9
4.551554020032706e-9
3.364653077059e-9
2.8620488210925474e-9
2.784554983213998e-9
4.704914892330681e-9
4.435805055376901e-6
3.3252329973928845e-6
1.7283762967658154e-6
5.643139960828455e-7
1.2493529476814467e-7
3.051058262635224e-8
9.459428047401067e-9
4.17065523594612e-9
3.1211724353520804e-9
1.8423823866161674e-9
1.3997681151484804e-9
1.0822013938585831e-9
1.3773060832405681e-9
4.369621639019652e-6
3.0003691823230807e-6
1.0027864936955083e-6
2.2342097770982655e-7
5.624542840413823e-8
1.6342537468037287e-8
5.756831134139572e-9
3.1172025366962043e-9
1.7103075136162729e-9
1.1346657180436851e-9
8.359458147996311e-10
8.325756989667924e-10
3.934911510760243e-6
2.4653504911078995e-6
6.863848921078988e-7
1.8681132689246526e-7
5.243489476001554e-8
1.482067637814734e-8
4.5235011545318325e-9
1.7846449132290895e-9
9.780384240445797e-10
7.194920552372915e-10
6.792049316592157e-10
4.515035443640883e-6
2.6061164920375685e-6
9.14812215632017e-7
2.5332796334825064e-7
6.35515179071444e-8
1.1659424567215542e-8
2.4712754781260855e-9
1.1373318088495144e-9
8.082449773077888e-10
5.170399286894627e-10
4.393531272919936e-6
2.9837504458136347e-6
9.657570016828154e-7
2.3461778741946412e-7
3.231719309760531e-8
3.784375279976915e-9
1.2379472783237242e-9
7.112075574694139e-10
3.846280381205962e-10
4.381520731011341e-6
2.636906746067172e-6
8.878452890866606e-7
1.195687895807046e-7
9.447537241304514e-9
1.9985851783504495e-9
7.760590480130542e-10
3.6372873851008426e-10
4.4023811014735705e-6
3.0183390008746454e-6
6.038971883368939e-7
4.701286342613677e-8
7.391250586558612e-9
1.8290190965954978e-9
7.688611791714836e-10
4.277905202595062e-6
2.1519618749467354e-6
3.441334958628911e-7
5.3651774657370594e-8
5.530478834299305e-9
1.3662577851311964e-9
4.404206213382889e-6
2.292318075023665e-6
5.87909589868835e-7
3.8202992754315714e-8
2.4048855868559646e-9
4.2287233461189984e-6
2.52559188535093e-6
2.2430904853823037e-7
5.168117430869919e-9
3.921569213464117e-6
1.120134549234059e-6
1.8049290102632747e-8
4.248940494161415e-6
7.331079671730353e-7
2.4841814059803505e-6
6.431170682716722e-6
2.706178498649209e-6
8.071935782601676e-7
3.4360468607104826e-7
1.8635207395872748e-7
7.639297179216616e-8
2.0186455517247226e-8
6.708005141106949e-9
4.077311391453768e-9
3.276417019384552e-9
3.839710878635989e-9
3.513468202140625e-9
3.2511722945327935e-9
3.35741457810177e-9
6.258645742381103e-9
4.136969598938706e-6
2.3775270795636066e-6
1.1763780134211916e-6
6.329206206119313e-7
2.413391690787604e-7
5.723183844636111e-8
1.4689026306735805e-8
5.933861217783781e-9
3.5167012342032e-9
3.5294766453845173e-9
2.610614460351226e-9
2.2190594364708587e-9
2.1619626259433704e-9
3.65516374906234e-9
3.2880510530501034e-6
2.5153942183358317e-6
1.3448653408792044e-6
4.3630386782200064e-7
9.431380674337657e-8
2.2881483493425147e-8
7.185372823548973e-9
3.192960815506503e-9
2.3946660555661297e-9
1.4177280222048916e-9
1.0727325481467232e-9
8.342392109181455e-10
1.0665472057185109e-9
3.4164004376400518e-6
2.40197318852014e-6
7.882828297423485e-7
1.6966171465923854e-7
4.226213041003806e-8
1.246451883845851e-8
4.471159762794866e-9
2.445215560151275e-9
1.3455155120412571e-9
8.857737518603371e-10
6.554809680792729e-10
6.526658504954666e-10
3.177198211056966e-6
1.9250887086686073e-6
5.161643027769039e-7
1.3901828392628741e-7
3.959934970373708e-8
1.145691850103753e-8
3.573727469601083e-9
1.420518296524162e-9
7.731183947866594e-10
5.684628521835917e-10
5.394456566298811e-10
3.3951816904423024e-6
1.9057303262852345e-6
6.662255338215963e-7
1.8749907767298352e-7
4.830325367966896e-8
9.013570719300985e-9
1.9043088704838847e-9
8.694887665670905e-10
6.135884058965115e-10
3.9414619890500215e-10
3.164060477616662e-6
2.1603312157961946e-6
7.131798893416026e-7
1.780401272262755e-7
2.501726388375746e-8
2.9142853454716093e-9
9.323442156908225e-10
5.291446292356653e-10
2.8556085126119944e-10
3.2136617492270276e-6
1.9817829500472903e-6
6.842796145725322e-7
9.443172699635249e-8
7.555784518518082e-9
1.580511032455474e-9
5.992902756256757e-10
2.766524975841114e-10
3.400848090242479e-6
2.384996721133481e-6
4.889573872092075e-7
3.8934137290997835e-8
6.146660268993964e-9
1.48125858523515e-9
6.126593194052559e-10
3.4599750529662893e-6
1.7871749086143602e-6
2.91549409489686e-7
4.585846130474356e-8
4.6686578137135275e-9
1.1193495889046064e-9
3.7343136224694007e-6
1.9689875559364834e-6
5.083355082731713e-7
3.307179693078358e-8
2.0502503741858766e-9
3.6646801817832076e-6
2.1988578273636438e-6
1.956364655260852e-7
4.4782244258448596e-9
3.4249473067577653e-6
9.784490860392388e-7
1.5689353241567794e-8
3.6984937918123748e-6
6.346142774859644e-7
2.12276680220449e-6
5.131588432438602e-6
2.1070788536148493e-6
6.235835767393113e-7
2.639649515091804e-7
1.4271059085845948e-7
5.9567369329630424e-8
1.5941478356925196e-8
5.280067614066949e-9
3.191772073622328e-9
2.5634199391021657e-9
3.0073558762598136e-9
2.755533918196228e-9
2.5555029347405698e-9
2.6373995267894393e-9
4.917503064906164e-9
3.164087480396001e-6
1.8145784433803712e-6
8.911961296770806e-7
4.769555718969749e-7
1.8682066780040266e-7
4.5193131669010675e-8
1.154125440675118e-8
4.594717097519071e-9
2.7053266643179355e-9
2.714623848234666e-9
2.0170136219740184e-9
1.7176436335263687e-9
1.678323733203893e-9
2.844703366049051e-9
2.526853060973083e-6
1.896588379602921e-6
1.004208636324062e-6
3.363950634087336e-7
7.469407523580409e-8
1.8042639988135566e-8
5.556794626202849e-9
2.432650929899984e-9
1.8225639308979276e-9
1.0802638217933038e-9
8.19856308980817e-10
6.388380389540403e-10
8.216575047565059e-10
2.5065605966075865e-6
1.758428182493068e-6
6.030292406065847e-7
1.3424870448599787e-7
3.3283562102731195e-8
9.590613152125184e-9
3.3600996084483206e-9
1.8264703457712851e-9
1.0031801864927026e-9
6.631556142917383e-10
4.904619292086486e-10
4.926423124667979e-10
2.3700946351477565e-6
1.5118315791761115e-6
4.156190314462463e-7
1.1069666740133742e-7
3.0740449221066305e-8
8.668997429601471e-9
2.7017742534149403e-9
1.076123267383339e-9
5.869563399785032e-10
4.320502577882864e-10
4.07498257860822e-10
2.7646470014449183e-6
1.5561673363420943e-6
5.308798549243674e-7
1.447931229685539e-7
3.630519964572094e-8
6.8645963383064845e-9
1.5016290751484508e-9
6.959000210821574e-10
4.957318562373676e-10
3.147183413245376e-10
2.535098019448253e-6
1.6776695705726743e-6
5.371249788838734e-7
1.3106128507867354e-7
1.8509538493312624e-8
2.229419715390584e-9
7.333649298179588e-10
4.2373404796524875e-10
2.284088389080866e-10
2.4184157282987857e-6
1.4514099486707587e-6
4.94359543667888e-7
6.834693327246962e-8
5.581196479443133e-9
1.194276903710635e-9
4.5901041727104876e-10
2.1110492832345533e-10
2.445145656184594e-6
1.707684285893754e-6
3.5233146070520367e-7
2.858595672700451e-8
4.6002500124462146e-9
1.1023965100219557e-9
4.467079097846115e-10
2.485128762966908e-6
1.302664602569968e-6
2.1722095747405031e-7
3.4868735138411455e-8
3.5709263229725343e-9
8.229796873974547e-10
2.777404337655384e-6
1.497325137427426e-6
3.9389932089038004e-7
2.610536091069828e-8
1.5885963241095177e-9
2.8519192453935014e-6
1.7472241147040853e-6
1.5900857958774332e-7
3.659291283701473e-9
2.786380955177862e-6
8.15071942236101e-7
1.3245800380034471e-8
3.152377199248087e-6
5.480458297134393e-7
1.8501683689832002e-6
4.143493199230961e-6
1.6657616480900798e-6
4.876207078357193e-7
2.057985088063114e-7
1.1096222604345124e-7
4.559627069673965e-8
1.2166459022432857e-8
4.099791622748262e-9
2.5163914564166914e-9
2.033794298569246e-9
2.3914381355891398e-9
2.1946252078905892e-9
2.0392916283724207e-9
2.103226746148827e-9
3.9229301122315345e-9
2.4592752514555305e-6
1.393552427614049e-6
6.826580432643878e-7
3.648379608950045e-7
1.3957382611530562e-7
3.3514711841807055e-8
8.679930650667693e-9
3.5218794263364605e-9
2.1012981716326776e-9
2.1195278221191038e-9
1.583322165826219e-9
1.350665417459439e-9
1.3231272730104895e-9
2.2498956134387626e-9
1.9103565454178326e-6
1.4402637703420091e-6
7.647537826696398e-7
2.4930945780551255e-7
5.4793786647482036e-8
1.3424394371103056e-8
4.196340975775675e-9
1.85610942692394e-9
1.3936191472015613e-9
8.300520702642833e-10
6.317311303534484e-10
4.957777268535359e-10
6.42946851857779e-10
1.9293565670812315e-6
1.3516955209887834e-6
4.47222089368411e-7
9.834486341522945e-8
2.481988630546854e-8
7.267599228364805e-9
2.571134233678489e-9
1.3943091574826827e-9
7.683996351802506e-10
5.090646791284186e-10
3.790649373767664e-10
3.8336695112537974e-10
1.786352892069049e-6
1.0955949040078188e-6
3.0113377597523846e-7
8.232239995424508e-8
2.3297721016408515e-8
6.632655068367972e-9
2.0337772428378533e-9
8.068640749699972e-10
4.421086941720541e-10
3.274192102756712e-10
3.129272895047992e-10
1.9701355445255697e-6
1.1357213355532235e-6
4.027507417144565e-7
1.1255781291463135e-7
2.8423499669954694e-8
5.207334790149311e-9
1.099763457915806e-9
5.064009525107879e-10
3.608059606504332e-10
2.3249389947256567e-10
1.9324114022507323e-6
1.3274267779638661e-6
4.329450529755499e-7
1.0565141951238819e-7
1.456146777287373e-8
1.7019417952756915e-9
5.54901203602676e-10
3.192525793779915e-10
1.736192214580919e-10
1.967603778233843e-6
1.1903825460677451e-6
4.01571104190564e-7
5.4190282267059795e-8
4.310076242967944e-9
9.202791813890856e-10
3.5975549038352294e-10
1.6772966978992924e-10
1.9923183037852486e-6
1.3668976510536988e-6
2.7427425341566025e-7
2.1579556544064594e-8
3.4510459876232124e-9
8.572517435307895e-10
3.549539722788401e-10
1.9405893151945757e-6
9.827878968981025e-7
1.5941819730344816e-7
2.53275860219601e-8
2.655236915895019e-9
6.365751230092793e-10
2.035990802625338e-6
1.0789377826288527e-6
2.821198623815204e-7
1.8835070350248748e-8
1.1787177318455395e-9
2.036394596257177e-6
1.247037291124104e-6
1.1449517703120825e-7
2.702492804994649e-9
1.9990658076612306e-6
5.932773355199124e-7
9.893410177742245e-9
2.356588649855112e-6
4.209840398416172e-7
1.4896038582698477e-6
3.3747389767064064e-6
1.3361581562848502e-6
3.86785747081493e-7
1.6219572783593477e-7
8.705716069880953e-8
3.599212412098589e-8
9.622771264332727e-9
3.2538734671386933e-9
2.0165345557174497e-9
1.6380055871043693e-9
1.930024822101928e-9
1.7737537048107895e-9
1.650424429154928e-9
1.7016186836235444e-9
3.1747167242734953e-9
1.938719309419311e-6
1.0844882266508205e-6
5.269988901148783e-7
2.799470389395901e-7
1.0821211947522357e-7
2.605116513031885e-8
6.717372390137398e-9
2.750651455339126e-9
1.6577056100087784e-9
1.681360913283499e-9
1.262157562359885e-9
1.078190488832659e-9
1.0587685774237602e-9
1.8065521061278503e-9
1.4706990891528163e-6
1.1003318718443857e-6
5.792718147932918e-7
1.9126419989547864e-7
4.2194995465597425e-8
1.022386315066364e-8
3.2000857260800834e-9
1.429137919353664e-9
1.0824345988764976e-9
6.469883843986984e-10
4.935128227076196e-10
3.888875650675241e-10
5.093387047127857e-10
1.4570806246377605e-6
1.0122842456462111e-6
3.4099302139166924e-7
7.535448993563678e-8
1.8724928137417494e-8
5.466499566976996e-9
1.952315230021075e-9
1.0684509754478758e-9
5.885610459730254e-10
3.904806060825784e-10
2.9065927255967883e-10
2.9705332535871375e-10
1.3417005051739213e-6
8.439563226192127e-7
2.315042142818914e-7
6.193637120297582e-8
1.744285261898555e-8
5.019543341038376e-9
1.565150564473554e-9
6.199459831242407e-10
3.3855742059183837e-10
2.4990142328164687e-10
2.39519515188815e-10
1.5363185509499303e-6
8.658364925558932e-7
2.976277889807725e-7
8.26943971499957e-8
2.1236013531236572e-8
4.008154142185873e-9
8.557076993882639e-10
3.923117138805678e-10
2.784032198979773e-10
1.798532849709544e-10
1.4160487048092362e-6
9.477437287560805e-7
3.0984701049339435e-7
7.741186779029201e-8
1.0995136798605108e-8
1.2954062452630216e-9
4.1674811606358124e-10
2.382528800869606e-10
1.2985343428444156e-10
1.3885062662357606e-6
8.536469168229252e-7
2.965524196925125e-7
4.135925955174711e-8
3.3359877941296567e-9
6.979247827231756e-10
2.6475632396709563e-10
1.2324313820156245e-10
1.472326853525625e-6
1.041964169293154e-6
2.1593038214464804e-7
1.7341304050555228e-8
2.738722839152751e-9
6.557435565339091e-10
2.7167033622717434e-10
1.5272581062297332e-6
7.975270143661258e-7
1.309107313073681e-7
2.0621757706980142e-8
2.096134533890741e-9
5.012240877133328e-10
1.6779059111705679e-6
8.868642839244663e-7
2.291131024069578e-7
1.4948270427585748e-8
9.370410482609851e-10
1.6518352462185677e-6
9.9171926887263e-7
8.854946109110248e-8
2.0684527414955517e-9
1.5476285734784938e-6
4.4496983877068017e-7
7.2893022409129945e-9
1.7109899346429246e-6
3.0071935386592167e-7
1.067834277372438e-6
2.759496277837073e-6
1.0847627003558061e-6
3.1083730372913523e-7
1.295252518609484e-7
6.926287977376163e-8
2.8379288758030343e-8
7.551705662061627e-9
2.59122253863889e-9
1.6305689600137726e-9
1.332823281995969e-9
1.5739880046513036e-9
1.4490404513784245e-9
1.3494655049329314e-9
1.3916389345986853e-9
2.5969498169969434e-9
1.5504176145036305e-6
8.559911031375936e-7
4.1230187787298724e-7
2.1808469866182154e-7
8.322162376804944e-8
1.9833669646134862e-8
5.1662462280376645e-9
2.1572680113145963e-9
1.3186124729593725e-9
1.3478276781166368e-9
1.0179084970677967e-9
8.714420464385155e-10
8.582165525305784e-10
1.4688096775470083e-9
1.145640493707781e-6
8.493420056350794e-7
4.456194647106559e-7
1.4529550066645346e-7
3.165251391956533e-8
7.724027873563601e-9
2.4413384010484135e-9
1.099917823553077e-9
8.432947993521116e-10
5.078746709302933e-10
3.8950532333949953e-10
3.089781737344422e-10
4.0879292114458535e-10
1.115707442944637e-6
7.741888817262538e-7
2.5755343896630567e-7
5.6194191000648356e-8
1.4078172779093444e-8
4.130339020241356e-9
1.472738299286597e-9
8.131738611522182e-10
4.521187205569944e-10
3.021756165496029e-10
2.2603951434237804e-10
2.338929236825658e-10
1.0234367282181697e-6
6.321312236916917e-7
1.7160737603342934e-7
4.6451907903154007e-8
1.313021912230352e-8
3.7411889033402025e-9
1.1650528588878546e-9
4.683050167936427e-10
2.584317467509472e-10
1.9190623698060257e-10
1.8614194458920093e-10
1.1297738596862156e-6
6.391889461561006e-7
2.243218829161249e-7
6.255572214180965e-8
1.5803013012897668e-8
2.930122877912572e-9
6.302266372467617e-10
2.922021449064924e-10
2.0821735786348596e-10
1.354569567636097e-10
1.0693471961947248e-6
7.310371461917696e-7
2.3843339390832147e-7
5.8277548102179585e-8
8.091374676550927e-9
9.573825776290216e-10
3.128992341412102e-10
1.7991742635387822e-10
9.790526335171048e-11
1.0823477725226454e-6
6.553133860493093e-7
2.2149552591138044e-7
3.011516227241414e-8
2.43217611366925e-9
5.230987398259756e-10
2.0252636682234477e-10
9.339698424070779e-11
1.09812101702124e-6
7.559917496267668e-7
1.5323772495161694e-7
1.2301539742387518e-8
1.994721533178793e-9
4.859918456525989e-10
1.974230864375197e-10
1.0813688911444315e-6
5.57308338538348e-7
9.250603841618948e-8
1.4942402830430405e-8
1.5510259181002366e-9
3.5831035890192743e-10
1.180117028235867e-6
6.388019206254516e-7
1.693413844129826e-7
1.1329361784478071e-8
6.874542264740448e-10
1.2277050417120573e-6
7.598017573797593e-7
6.989506259609497e-8
1.6109793885938134e-9
1.2256899863837869e-6
3.622793540965008e-7
5.909522407273252e-9
1.4114426251991992e-6
2.458934767264746e-7
8.339559901043555e-7
2.25313268147464e-6
8.876240168530206e-7
2.5239584826518895e-7
1.0456438548517301e-7
5.5639485161060316e-8
2.267508771164925e-8
6.03227220489106e-9
2.087170427227286e-9
1.3289542084809792e-9
1.0921839992348258e-9
1.29188943128416e-9
1.1907937424107034e-9
1.1089981142626636e-9
1.1443690235663913e-9
2.1362453964904486e-9
1.255675561005385e-6
6.852782059841523e-7
3.27186686875628e-7
1.7183689776617203e-7
6.503001190406527e-8
1.5468751486308324e-8
4.041846539882072e-9
1.7141206793209418e-9
1.0624072688291466e-9
1.0935288942085815e-9
8.293331136340515e-10
7.108806455335578e-10
7.016727597152264e-10
1.2040275400123308e-9
9.054006657189938e-7
6.653539052642318e-7
3.465761861838891e-7
1.1199270381583957e-7
2.4329799670358156e-8
5.91999588570026e-9
1.8813651506493936e-9
8.602346436222921e-10
6.68702198147833e-10
4.044768335630619e-10
3.1138341148523e-10
2.4833797254601493e-10
3.3152669494824693e-10
8.674456380289774e-7
5.977051298992993e-7
1.9705044268483924e-7
4.28970902801602e-8
1.0683606659164312e-8
3.1293699776317553e-9
1.1278811568268965e-9
6.330474223074884e-10
3.531593672172548e-10
2.368910040272231e-10
1.77829402041222e-10
1.863351305525482e-10
7.824806906744271e-7
4.797546436014286e-7
1.3036089727053434e-7
3.5029863607714345e-8
9.838639166637894e-9
2.818799227887975e-9
8.927016849514212e-10
3.6033856558764734e-10
1.9947392607889997e-10
1.4857820090588758e-10
1.4601913038836484e-10
8.576330622572786e-7
4.858579051373768e-7
1.684322283386365e-7
4.6471612731309205e-8
1.1787967982933675e-8
2.2224645223126287e-9
4.792451006770996e-10
2.214715075423988e-10
1.5811430375211916e-10
1.0460459183505422e-10
8.06608456724587e-7
5.417350830692656e-7
1.749247230522727e-7
4.303783609553417e-8
6.085388020124842e-9
7.225035660723495e-10
2.3461829421501456e-10
1.350221177724682e-10
7.444053622804965e-11
7.88841579141033e-7
4.7662135840938144e-7
1.634093861440466e-7
2.267628607865428e-8
1.8362847184649428e-9
3.8735403256756094e-10
1.4889624483632693e-10
6.992839278743302e-11
8.088065135636265e-7
5.682046049747671e-7
1.1752175692766522e-7
9.449021559316655e-9
1.4964775893581215e-9
3.6099155366425206e-10
1.4956193459906665e-10
8.303033448540242e-7
4.339217553154664e-7
7.132254128666409e-8
1.1255489785909143e-8
1.153526285308871e-9
2.7522984888140784e-10
9.141568963062344e-7
4.83544479835836e-7
1.2515245926152053e-7
8.241026698306627e-9
5.211120531225762e-10
9.020097434668391e-7
5.439036942605188e-7
4.9132747005840434e-8
1.1701121161802267e-9
8.56235835417236e-7
2.5041858254909586e-7
4.199175602900336e-9
9.913265861956388e-7
1.7870817505816913e-7
6.473644400799838e-7
1.8269760672812007e-6
7.279285404458224e-7
2.0611930665257e-7
8.499848288515531e-8
4.503457663943017e-8
1.8256237481090254e-8
4.841924440989821e-9
1.6866504260543477e-9
1.0851614810466655e-9
8.955249119014393e-10
1.0602096142690613e-9
9.781480196587459e-10
9.10388819527995e-10
9.40313757892943e-10
1.7557514814958356e-9
1.025628207844173e-6
5.551256276736629e-7
2.6300468269308344e-7
1.3719636883359158e-7
5.149827784820448e-8
1.2174888034040185e-8
3.19040130312353e-9
1.3746949394049494e-9
8.619405837764619e-10
8.919623443539271e-10
6.785408618820605e-10
5.823291810214117e-10
5.756137139771176e-10
9.891294293884273e-10
7.258953854429605e-7
5.2904480407223e-7
2.7356163536798147e-7
8.76233305285618e-8
1.887968753869063e-8
4.582322995241233e-9
1.469505268960626e-9
6.803348337642199e-10
5.347841021831491e-10
3.2509176430648036e-10
2.5141167019578425e-10
2.0132836683472798e-10
2.702929519758921e-10
6.84397354542867e-7
4.681626705741248e-7
1.5303604471018177e-7
3.3033360680771084e-8
8.186132676111235e-9
2.4070492871463954e-9
8.731664095055319e-10
4.955388640156983e-10
2.7851208704953946e-10
1.8815583028343368e-10
1.4175343851001727e-10
1.496366075633111e-10
6.076627993127085e-7
3.6991188286624297e-7
9.976927819215574e-8
2.6660366322220693e-8
7.498319137067076e-9
2.1478749499305477e-9
6.826733058717679e-10
2.787530760575389e-10
1.5599644296384802e-10
1.167726788238837e-10
1.1561244281483973e-10
6.574680398523925e-7
3.6928754853925314e-7
1.2724615127774048e-7
3.515461326291978e-8
8.904445606129755e-9
1.6686353487543155e-9
3.6286970722603194e-10
1.6964842529651795e-10
1.21798010935551e-10
8.112170535190656e-11
6.06855680091336e-7
4.0636838679423693e-7
1.3173874145644517e-7
3.2413167232821164e-8
4.534674243432994e-9
5.367398179447619e-10
1.7650777665729865e-10
1.0240032706941058e-10
5.6402093504224835e-11
5.929165531153322e-7
3.6017104524321604e-7
1.231890890208338e-7
1.686421483511129e-8
1.3509388900593743e-9
2.887526080005973e-10
1.1237110897259367e-10
5.2436844244510126e-11
6.114307348371181e-7
4.257970267210296e-7
8.652870504096746e-8
6.8668771335501066e-9
1.102198047582488e-9
2.709465324694158e-10
1.1157953154552887e-10
6.126263283538656e-7
3.134611841340277e-7
5.118014221290661e-8
8.176395902198407e-9
8.542181706512109e-10
2.019685704817536e-10
6.535038964521504e-7
3.4832294561165893e-7
9.160965831174725e-8
6.12807088850468e-9
3.779140739498386e-10
6.621811771820092e-7
4.081672688085214e-7
3.756650340921887e-8
8.710914933525176e-10
6.578608484931654e-7
1.9489058695285746e-7
3.1892297207416184e-9
7.609918156806253e-7
1.327526713233862e-7
4.569556727256865e-7
1.4638690727716853e-6
5.946673180454392e-7
1.6833889373483747e-7
6.921565263210273e-8
3.6550692391559167e-8
1.473970549710072e-8
3.8950066930353774e-9
1.3622888782374438e-9
8.826332590327139e-10
7.303124831566115e-10
8.648685111013295e-10
7.982340332695466e-10
7.419342678230904e-10
7.672294902217959e-10
1.4328715735239313e-9
8.40111110294307e-7
4.5294050194222325e-7
2.1339338651991587e-7
1.1067334493866965e-7
4.1203399912929166e-8
9.67693284605221e-9
2.541251200600537e-9
1.1081232427275514e-9
7.006718215918819e-10
7.282104210867267e-10
5.545447485369137e-10
4.760804925766045e-10
4.707951377592019e-10
8.093768306056019e-10
5.885414671163221e-7
4.2616471500942907e-7
2.1893031581833123e-7
6.948609858670682e-8
1.483912113168231e-8
3.594158344544688e-9
1.1601140564570578e-9
5.427054144378961e-10
4.3167550125626315e-10
2.6324485649417085e-10
2.041408203626381e-10
1.63717479946809e-10
2.2045405963443734e-10
5.477247663230222e-7
3.722285771963136e-7
1.205783499042122e-7
2.5785055637357707e-8
6.362116988906181e-9
1.8723433582442155e-9
6.823405828786323e-10
3.9333279954900566e-10
2.2252268896247357e-10
1.509387796716751e-10
1.1383344072637387e-10
1.2088991727900547e-10
4.793189574365352e-7
2.893037732480111e-7
7.738897999552539e-8
2.0579687269417906e-8
5.77045050135353e-9
1.6461355334708213e-9
5.29808948727291e-10
2.1921298511987661e-10
1.234361227785501e-10
9.253326649603694e-11
9.239222491753508e-11
5.103131114693675e-7
2.844395115549172e-7
9.753024334703294e-8
2.6799301677052226e-8
6.73324088134721e-9
1.265772315200299e-9
2.7928436172042475e-10
1.311934441418013e-10
9.423114538525689e-11
6.361934826988224e-11
4.643218002631208e-7
3.0981150746757035e-7
9.989227519336205e-8
2.4381992190806225e-8
3.403070518611029e-9
4.06427258736445e-10
1.3434474318141134e-10
7.799652000463205e-11
4.3373582214002644e-11
4.503489389980165e-7
2.7167050512441027e-7
9.220509367768293e-8
1.2572987257220153e-8
1.0119943185145008e-9
2.165475231286336e-10
8.39837840665999e-11
3.964137555250325e-11
4.571531876912273e-7
3.163185679451847e-7
6.415108407208433e-8
5.114924413423146e-9
8.201089924094095e-10
1.998151987293153e-10
8.292104966800717e-11
4.5342742775001034e-7
2.3271828507258848e-7
3.826664028175939e-8
6.1081391601743055e-9
6.287704168126226e-10
1.4969332829482866e-10
4.888052580829886e-7
2.6168795793767316e-7
6.855184639081375e-8
4.519686551155436e-9
2.8081922061429773e-10
4.960230769322272e-7
3.022682501482344e-7
2.730034598831337e-8
6.391111554493598e-10
4.783129988645046e-7
1.3877990181441174e-7
2.288196699233255e-9
5.376802791701556e-7
9.535589663401901e-8
3.430418181050941e-7
1.1541278584453673e-6
4.810896240732935e-7
1.3668691574263118e-7
5.614684332992308e-8
2.9587924039661496e-8
1.1880159947191427e-8
3.127941957904422e-9
1.094343538109531e-9
7.11162491856493e-10
5.889580719018102e-10
6.971391838889465e-10
6.433181117628593e-10
5.968279917559103e-10
6.179848274322716e-10
1.1543238077715854e-9
6.858867148318721e-7
3.7009608569036166e-7
1.7386689886101937e-7
8.979605527469475e-8
3.320546344330348e-8
7.754284829864076e-9
2.036680832729523e-9
8.940692069914908e-10
5.678060412529785e-10
5.913357397113414e-10
4.4986019528837747e-10
3.8613835596226405e-10
3.8166637957937177e-10
6.556614681151723e-10
4.801524991968321e-7
3.4633254849873976e-7
1.7704444137285828e-7
5.575530287262371e-8
1.1814909679906042e-8
2.8542401452202885e-9
9.251658930957746e-10
4.3607477767771377e-10
3.496649362914814e-10
2.1339635983769147e-10
1.6576349956995948e-10
1.3288852023718933e-10
1.7878310592940913e-10
4.432268007100745e-7
2.996795929340422e-7
9.631104496450994e-8
2.0424180792164776e-8
5.015811752276975e-9
1.4760877496839524e-9
5.400578784422382e-10
3.1512822864271134e-10
1.790413838564128e-10
1.2183777159888882e-10
9.194092563896048e-11
9.77130516203904e-11
3.834271248434762e-7
2.295975757439605e-7
6.096002350196994e-8
1.61235228493273e-8
4.503962107472513e-9
1.280441791964507e-9
4.164653948790924e-10
1.7402467631103934e-10
9.857600977511824e-11
7.407778242501277e-11
7.422902013181099e-11
4.0223055641572867e-7
2.2260953114828892e-7
7.586589856203258e-8
2.0709594193857838e-8
5.166469589510535e-9
9.743684366515858e-10
2.1741662219452942e-10
1.0269295531256466e-10
7.407325671082927e-11
5.0352833528499484e-11
3.6072688477765867e-7
2.3939054828410137e-7
7.666953900934809e-8
1.8588137278810038e-8
2.590183687107854e-9
3.1090439844052786e-10
1.0346996131493258e-10
6.044907653310405e-11
3.37077810009822e-11
3.459789898659126e-7
2.071734491888197e-7
6.994386095838908e-8
9.50920313571624e-9
7.640868412485457e-10
1.6355886560736076e-10
6.390968060589274e-11
3.029282787406057e-11
3.4635164010446706e-7
2.3890649066135627e-7
4.8333615412853104e-8
3.836151237554703e-9
6.120136959848917e-10
1.5007338479981657e-10
6.253110016419032e-11
3.416925756921074e-7
1.7480406815323995e-7
2.8575357215157086e-8
4.5328067511052866e-9
4.679167731861487e-10
1.1234703452971692e-10
3.6530139548956874e-7
1.9416807934403923e-7
5.0554243165441554e-8
3.33114203054288e-9
2.085579191134383e-10
3.6510991903422854e-7
2.2124391451934292e-7
1.9978624688569414e-8
4.698407681417367e-10
3.4899437161561537e-7
1.0169437347075499e-7
1.685003284732752e-9
3.986023014911197e-7
7.094769800859901e-8
2.4922614339640544e-7
8.92413262187199e-7
3.834302199576378e-7
1.09744440529683e-7
4.5127020319606784e-8
2.3764049718657205e-8
9.511898739413353e-9
2.495637654179386e-9
8.701293328948388e-10
5.647838158118517e-10
4.672949469835916e-10
5.524848423686166e-10
5.094597656752291e-10
4.715856051518186e-10
4.889370897749236e-10
9.133430859970154e-10
5.548377965248064e-7
3.010213253602378e-7
1.414320294428944e-7
7.288231804411834e-8
2.682606583237918e-8
6.23668914706626e-9
1.6350961648511408e-9
7.183825672340252e-10
4.561830715077524e-10
4.750023982079349e-10
3.6029936974342e-10
3.0903099388354384e-10
3.0499733409351515e-10
5.229898583166802e-10
3.91829048479666e-7
2.8236832904555325e-7
1.4394423618798773e-7
4.508146632460622e-8
9.496135427193883e-9
2.2877795117515295e-9
7.426213924862807e-10
3.5120123366417306e-10
2.827349717171107e-10
1.7232742947627738e-10
1.3389706019807515e-10
1.070499301527059e-10
1.434011322289525e-10
3.6082904574100455e-7
2.4322490682175943e-7
7.771818501062521e-8
1.6372253068425615e-8
4.003525871750891e-9
1.1772861203058404e-9
4.3144022017900644e-10
2.537783820559487e-10
1.4454437166811716e-10
9.85143891452617e-11
7.425473503883139e-11
7.863696857309932e-11
3.099120091874142e-7
1.8445977298762387e-7
4.8671835276233224e-8
1.2808843006927431e-8
3.5650996928809287e-9
1.009480707145842e-9
3.307902681753665e-10
1.3927479868413918e-10
7.922354406173177e-11
5.957086476847908e-11
5.968871184804422e-11
3.213388042418826e-7
1.7677893256527055e-7
5.988768814411068e-8
1.6247610137258512e-8
4.024263740262792e-9
7.602688640857495e-10
1.7135636651089438e-10
8.135900364221745e-11
5.882527988157898e-11
4.012283931076822e-11
2.844826723366217e-7
1.8770911763768733e-7
5.975357923534146e-8
1.4389598483418747e-8
1.9992483961198475e-9
2.4096130523789847e-10
8.081973912233878e-11
4.743782051744891e-11
2.6494007315767016e-11
2.698129523369641e-7
1.605091088713438e-7
5.388061686626352e-8
7.291728237973352e-9
5.839639235900251e-10
1.2524606464731312e-10
4.921019764884597e-11
2.342362311142568e-11
2.66537064436824e-7
1.830751948848175e-7
3.6874322855512124e-8
2.9071831005533586e-9
4.622686713613829e-10
1.1401338887748491e-10
4.775154051089669e-11
2.608159553920148e-7
1.326128681500044e-7
2.1514619440111512e-8
3.397177438443307e-9
3.5144488751033695e-10
8.520030662264972e-11
2.750791391466857e-7
1.4527300689664137e-7
3.769719369803123e-8
2.4795474112115553e-9
1.55636830638602e-10
2.719410767330497e-7
1.6443858588203493e-7
1.4819355546927423e-8
3.4678111508011303e-10
2.5893341565007884e-7
7.525440365108729e-8
1.23823723231511e-9
2.9290745484889507e-7
5.165768899354805e-8
1.7981439275051944e-7
6.752782683250693e-7
2.9978631280184096e-7
8.6722122909103e-8
3.576889769671932e-8
1.88492230769787e-8
7.532256965651969e-9
1.970123874573059e-9
6.821083716017615e-10
4.4032602928992967e-10
3.6330647188573993e-10
4.2877407127547124e-10
3.9487334186391207e-10
3.646308230341885e-10
3.784839160855016e-10
7.069776812580067e-10
4.423606481164849e-7
2.423292929786297e-7
1.1420343500291668e-7
5.8842526504164665e-8
2.16129207360123e-8
5.010579770134433e-9
1.3088813023552038e-9
5.720851813598919e-10
3.6161132752821846e-10
3.756399422373678e-10
2.8358852966100424e-10
2.429197614182198e-10
2.391713358092987e-10
4.0893324917711525e-10
3.1791732469985437e-7
2.2958701180862613e-7
1.1697902492094589e-7
3.653700418493289e-8
7.668794189717382e-9
1.8428527265363568e-9
5.972150991146921e-10
2.8208171696905393e-10
2.2703600719425794e-10
1.3792804376712448e-10
1.07039612293124e-10
8.516825579417887e-11
1.1322580882664948e-10
2.937785329917612e-7
1.9786803283423004e-7
6.303637854868405e-8
1.3224161731120652e-8
3.223095686062751e-9
9.462565328464454e-10
3.464328580514655e-10
2.0445675345664843e-10
1.1649976826881807e-10
7.936611145263088e-11
5.966598102143655e-11
6.270180443024832e-11
2.5173663547929997e-7
1.493305141375772e-7
3.9237017814682587e-8
1.0285523724261873e-8
2.8533435014421194e-9
8.045130592595602e-10
2.646586331555491e-10
1.1191929932519328e-10
6.376534099630787e-11
4.7902651351426904e-11
4.7804188466648604e-11
2.5922716531136864e-7
1.4197990409959498e-7
4.786503753602185e-8
1.2917047101785768e-8
3.1783407451513566e-9
6.007790032642608e-10
1.36469415160211e-10
6.501556015518862e-11
4.705945482999874e-11
3.2070917868036716e-11
2.272595107092964e-7
1.4920102505758326e-7
4.724154606770507e-8
1.1306460534568655e-8
1.5655697591127915e-9
1.8935442245826615e-10
6.393047103188268e-11
3.764868406186722e-11
2.1017417975453384e-11
2.1338720894113202e-7
1.2623776832770045e-7
4.2149177283516356e-8
5.674761202472353e-9
4.529681959004484e-10
9.728351561840729e-11
3.838211453468979e-11
1.8333319616958653e-11
2.083845988783661e-7
1.4243703947582968e-7
2.853746746527986e-8
2.235784412565863e-9
3.542325880807816e-10
8.779293722802424e-11
3.696042907178223e-11
2.0190440255615112e-7
1.0203486235249988e-7
1.6442889897726514e-8
2.58319571216977e-9
2.6731599064017967e-10
6.5470068737438e-11
2.1030264752464585e-7
1.1034593562226384e-7
2.8508703320294357e-8
1.868099838349853e-9
1.1760592542463556e-10
2.0538267433002997e-7
1.237404004995186e-7
1.1102311088922841e-8
2.5848716616425086e-10
1.9410098879384794e-7
5.607538665598821e-8
9.157655659903442e-10
2.160362177675786e-7
3.783271323586438e-8
1.309639185857492e-7
4.995460926788053e-7
2.2924088378635151e-7
6.720743877952489e-8
2.785747643850461e-8
1.4711391186238708e-8
5.878891783400843e-9
1.5339298344877426e-9
5.257176005723885e-10
3.361073564188846e-10
2.760439467339334e-10
3.2503032378523436e-10
2.987923898901778e-10
2.7523616649620403e-10
2.8595085577864875e-10
5.340280464118968e-10
3.460931286765517e-7
1.9212236366368988e-7
9.106660875529128e-8
4.701418892972325e-8
1.7278212652730378e-8
4.001710760684936e-9
1.0400256002019436e-9
4.4969317309454924e-10
2.8174331136702573e-10
2.9136965768518524e-10
2.1860126516501442e-10
1.8692182772430306e-10
1.834429646918273e-10
3.124537932007376e-10
2.5502897830485915e-7
1.8507708132643706e-7
9.44727659364008e-8
2.9514875702954926e-8
6.188952319521564e-9
1.4840939022803893e-9
4.787769575140931e-10
2.2486352725650888e-10
1.8018795485918852e-10
1.0893016150041347e-10
8.432046168702856e-11
6.665702805581305e-11
8.76952072393704e-11
2.377830492499013e-7
1.6039502612056774e-7
5.109625940516289e-8
1.0704034264402852e-8
2.6036559329449056e-9
7.626096175697358e-10
2.782343650279192e-10
1.639427655836796e-10
9.326389218850613e-11
6.339240572622057e-11
4.7480868925627155e-11
4.933857360369459e-11
2.0431165792070187e-7
1.21136772619198e-7
3.176819515848451e-8
8.307419345058625e-9
2.298366928789057e-9
6.454386445231999e-10
2.1231917718420892e-10
8.98557697618101e-11
5.1145358257199567e-11
3.8338716038206854e-11
3.797150492575239e-11
2.1003263627261167e-7
1.1475161681471182e-7
3.856134579962462e-8
1.0365154382972428e-8
2.5371934434935936e-9
4.792869222004855e-10
1.0935832362946002e-10
5.217035470457432e-11
3.776398668693001e-11
2.5602832207507502e-11
1.8305743269031505e-7
1.1976429216116148e-7
3.776585970928136e-8
8.993933998567321e-9
1.2413296341469607e-9
1.5045364870926777e-10
5.1036180210201325e-11
3.0115714130676555e-11
1.6765052559258306e-11
1.706609364851463e-7
1.0051090756177132e-7
3.341144225674856e-8
4.477288838072365e-9
3.5617978441309956e-10
7.65474477521641e-11
3.029612780296097e-11
1.4495359983905571e-11
1.651116526334274e-7
1.1240036959302978e-7
2.2404792471418163e-8
1.7446483233168025e-9
2.754390465093865e-10
6.856749304206287e-11
2.8995891070940647e-11
1.5858681036514115e-7
7.963579322572888e-8
1.2754991564959133e-8
1.9942321911894755e-9
2.0629931676421606e-10
5.1021259963082334e-11
1.6316176131182287e-7
8.515549237254609e-8
2.189941594339061e-8
1.4283123591743496e-9
9.013389981179464e-11
1.5759691517215814e-7
9.445202648969518e-8
8.42708521424624e-9
1.952155065253655e-10
1.4730321669771564e-7
4.2301753283099456e-8
6.856488921065729e-10
1.614955870194716e-7
2.8046269035301708e-8
9.610525109382468e-8
3.614021589198032e-7
1.711903496010468e-7
5.0963660995705967e-8
2.1266411072664523e-8
1.1270497443384605e-8
4.512386454331036e-9
1.1756850727373804e-9
3.9786054691265236e-10
2.50934636965276e-10
2.0479521578261963e-10
2.404671473212786e-10
2.2056735561626201e-10
2.0270796974019396e-10
2.107269144634969e-10
3.934044813971198e-10
2.648735998853293e-7
1.4940817989034918e-7
7.140327640670502e-8
3.7010467538120903e-8
1.3646320862568362e-8
3.1637410188082123e-9
8.172533305604856e-10
3.47886369114201e-10
2.1522286322865755e-10
2.2116046252419731e-10
1.6471289721073983e-10
1.4054281702008049e-10
1.3739268385826509e-10
2.3295696226718976e-10
2.012958477200464e-7
1.4716057612513083e-7
7.541764338992425e-8
2.3636576769499557e-8
4.964981324398461e-9
1.1887854693916503e-9
3.8083328631957437e-10
1.7715402500206415e-10
1.4079851387694903e-10
8.459653970952946e-11
6.524330007471021e-11
5.118030962651062e-11
6.648861458653883e-11
1.9027743898356042e-7
1.2881680311332875e-7
4.1153957236091934e-8
8.633568367538241e-9
2.0988042786184118e-9
6.12959191650639e-10
2.223759622955959e-10
1.3021555775164693e-10
7.382287547554435e-11
4.9986657319271744e-11
3.727422833610875e-11
3.820204544791044e-11
1.6470626429988254e-7
9.788544772737476e-8
2.5685008168115536e-8
6.7113133487995156e-9
1.8531449023831208e-9
5.185692455851186e-10
1.6993825995253854e-10
7.171705958425222e-11
4.068820870747275e-11
3.040444274987215e-11
2.980651922524928e-11
1.6993030292594595e-7
9.281414061280685e-8
3.114674052849187e-8
8.352448514240316e-9
2.03741667977874e-9
3.842663744089894e-10
8.774294996559047e-11
4.183128732989174e-11
3.0249655568444766e-11
2.0330761428200767e-11
1.478971536845062e-7
9.659145238396944e-8
3.038174408219961e-8
7.211117741761618e-9
9.92652537332991e-10
1.203726365308511e-10
4.0930714768332954e-11
2.4164028149757382e-11
1.3389460232923049e-11
1.3735347097511776e-7
8.065806039885691e-8
2.6728196156569897e-8
3.568917382820451e-9
2.8305792597781544e-10
6.081982597265855e-11
2.4108842530907693e-11
1.1533810460516759e-11
1.3204986146326648e-7
8.962123501319206e-8
1.7793740140681062e-8
1.3785465740179543e-9
2.1691297273179564e-10
5.4166085322470016e-11
2.2980834768846664e-11
1.2599725950495737e-7
6.294960995043722e-8
1.00284890547316e-8
1.5610951699178249e-9
1.6134302792723525e-10
4.0235873291254485e-11
1.2830886042204122e-7
6.663773814074566e-8
1.7066722892813338e-8
1.107791954033254e-9
7.003437433311359e-11
1.2270572864450176e-7
7.318922379115962e-8
6.4900625366705624e-9
1.4958758500467628e-10
1.1346042389815866e-7
3.235107192478769e-8
5.206715964987107e-10
1.2245140756450554e-7
2.1108533306324864e-8
7.132973733332657e-8
2.5607793727023864e-7
1.248554320970153e-7
3.777966512189428e-8
1.5894565578652743e-8
8.465203190850958e-9
3.4024543023914264e-9
8.863540179985837e-10
2.9567331063939297e-10
1.8335156303242103e-10
1.4847503243292282e-10
1.7378638561086402e-10
1.5901462467520578e-10
1.4583046042740022e-10
1.516491280729607e-10
2.829791584189631e-10
1.9794917930030056e-7
1.1364631326008724e-7
5.4870900651996765e-8
2.8609765502018297e-8
1.0611184991909352e-8
2.4675008266946274e-9
6.332696489299779e-10
2.6440068921057197e-10
1.6101925197317385e-10
1.641353135001052e-10
1.2127948726839642e-10
1.0323572872656859e-10
1.0049303844320901e-10
1.6955003279734813e-10
1.5572708580502143e-7
1.1492005372813454e-7
5.924488492917802e-8
1.8677579921346763e-8
3.940147001700663e-9
9.426745851465616e-10
2.993460934288502e-10
1.3747680871837515e-10
1.0801370459734897e-10
6.445496025073911e-11
4.948154448980288e-11
3.849539913162153e-11
4.931829423323498e-11
1.4982819129609526e-7
1.0199301910392343e-7
3.276404008900434e-8
6.901480884243379e-9
1.6791438536021135e-9
4.888530254784557e-10
1.7606214139932981e-10
1.0203706121354737e-10
5.7563207606697264e-11
3.878034419391218e-11
2.8781668773945556e-11
2.9054033072169076e-11
1.311938970389365e-7
7.835540758933557e-8
2.0619421412417244e-8
5.39228982267692e-9
1.4873874239061946e-9
4.1507430434058184e-10
1.350515361234737e-10
5.665086380771922e-11
3.197487676151566e-11
2.380378390738434e-11
2.305966518151137e-11
1.364985446134237e-7
7.468736940038696e-8
2.507751016076587e-8
6.721292112230305e-9
1.6371391495326778e-9
3.080060566160288e-10
7.01231053296688e-11
3.334820209532193e-11
2.4070620043418093e-11
1.599884043029711e-11
1.1915044776726446e-7
7.782681475956192e-8
2.4462383256936143e-8
5.7977157576663434e-9
7.965785039860458e-10
9.64771114032359e-11
3.280440588085028e-11
1.9346355947688665e-11
1.065725511404497e-11
1.1063860326038602e-7
6.49001378118743e-8
2.147292822744463e-8
2.8607735950028445e-9
2.263228289663678e-10
4.857703453052651e-11
1.925373451454108e-11
9.194582073748942e-12
1.0608312759331842e-7
7.187295146556619e-8
1.4232958635330787e-8
1.0985972772922526e-9
1.7237745430121469e-10
4.3117933853967485e-11
1.832608011757034e-11
1.0081656105759318e-7
5.018993287475175e-8
7.963647633185235e-9
1.2353132329042695e-9
1.2751853295442032e-10
3.198959991512119e-11
1.019095088800111e-7
5.272398792483751e-8
1.3457468140012569e-8
8.698992381804922e-10
5.5032446685908406e-11
9.668382424506695e-8
5.743396027538953e-8
5.06608237614767e-9
1.1615877190586959e-10
8.858057073269918e-8
2.509862256087289e-8
4.010822870326823e-10
9.419941439476959e-8
1.6117772196725492e-8
5.369987293815607e-8
1.781045372709322e-7
8.905852193338007e-8
2.7387001635505993e-8
1.1629368027177366e-8
6.23224951603652e-9
2.5198756250605724e-9
6.573100983104122e-10
2.159738871275117e-10
1.3133575003278163e-10
1.0539907718833681e-10
1.22941553873637e-10
1.1220827859924479e-10
1.0271152932281407e-10
1.0682086467282165e-10
1.9922366887642886e-10
1.444336811372098e-7
8.442891822016994e-8
4.124229876264109e-8
2.1668223363158872e-8
8.10408182518005e-9
1.893873638733369e-9
4.82961382770345e-10
1.9729634592435214e-10
1.1800348509891857e-10
1.1916319101421186e-10
8.735204818302989e-11
7.416714891631953e-11
7.188493159428914e-11
1.2067569573216622e-10
1.1776048423737245e-7
8.78499144763055e-8
4.563524983266276e-8
1.4507883670896487e-8
3.080784989180327e-9
7.37114684289149e-10
2.317699611475181e-10
1.0484115176456074e-10
8.121018262537448e-11
4.8117392701697014e-11
3.6745373511420266e-11
2.8352179737391775e-11
3.581021195502365e-11
1.1565075555213077e-7
7.928775096465198e-8
2.5670839015379366e-8
5.4422662861483285e-9
1.3270005754775453e-9
3.851129608763716e-10
1.3754425230978366e-10
7.863094935230548e-11
4.408874516259231e-11
2.952583223540717e-11
2.1812315267088266e-11
2.1683026324095857e-11
1.0279329095752099e-7
6.183702933752268e-8
1.6353121524606712e-8
4.2867345495565406e-9
1.1823200061642274e-9
3.2935247061643303e-10
1.061131619195424e-10
4.412410772834877e-11
2.473901901811176e-11
1.8342240402883114e-11
1.7546720846238014e-11
1.0830768573750146e-7
5.948038768730572e-8
2.0018050670943755e-8
5.3717127834699174e-9
1.3091534336353839e-9
2.455394158793503e-10
5.555608822494958e-11
2.6314207002938032e-11
1.894549020105633e-11
1.2436399357211925e-11
9.519780093026412e-8
6.229822573600617e-8
1.9602126218942072e-8
4.6479453090951184e-9
6.379696522247269e-10
7.705650279970985e-11
2.6138942305612275e-11
1.5378006070371985e-11
8.416532839892394e-12
8.868872222878705e-8
5.206233595345848e-8
1.7226590036148813e-8
2.2933728875308267e-9
1.8111826330459773e-10
3.880225437865928e-11
1.535186924168704e-11
7.308061810404432e-12
8.512047812174273e-8
5.765181961926683e-8
1.1405531713539057e-8
8.786536054968237e-10
1.3758270965969402e-10
3.441387086064912e-11
1.463002997859787e-11
8.08075833342366e-8
4.0162755670843945e-8
6.358302059376153e-9
9.839882020847434e-10
1.0141404804780588e-10
2.5517977457715404e-11
8.138079423008839e-8
4.2002302221623965e-8
1.0695737767892263e-8
6.891262298278863e-10
4.357325507290267e-11
7.680611424111797e-8
4.5489667597790414e-8
3.99575877967628e-9
9.117482261187788e-11
6.988172083395352e-8
1.9698543436098403e-8
3.1280820253419915e-10
7.339650772616562e-8
1.2474487735718305e-8
4.100279340883009e-8