0.00004065811563607155
3.690779144271144e-6
4.1399102711769196e-8
3.863425650241687e-8
7.519274708675895e-8
6.14377486448549e-6
4.3805733679605095e-7
3.141278554037961e-9
3.2628984880486545e-9
2.9727311432559284e-6
3.0723581517766453e-7
1.9161779681924947e-9
2.6544168261415983e-6
1.8238062321448685e-7
2.4556113380545202e-6
0.00003863324275825051
3.805726061159133e-6
3.989427656027551e-8
3.637338742672097e-8
7.061259471270854e-8
6.660939338582387e-6
4.880985825114524e-7
3.2769033663437637e-9
3.273294820925121e-9
3.3467094061717487e-6
3.488671410006506e-7
2.146211535731662e-9
3.030527124761815e-6
2.094052721936356e-7
2.8271110985281532e-6
0.00003551139929113292
3.8120775810099452e-6
3.6980493335773395e-8
3.27682161118783e-8
6.329492600123947e-8
7.077699566141245e-6
5.359704502929634e-7
3.3412030179203755e-9
3.1879201214900033e-9
3.723005889722739e-6
3.923167655799202e-7
2.3782585014774045e-9
3.424842394891732e-6
2.381771416426459e-7
3.2273886423405707e-6
0.00003156970819487284
3.6906760209173353e-6
3.3025730663609757e-8
2.8341392649808282e-8
5.433662284188418e-8
7.334493975743315e-6
5.780443737120155e-7
3.324731392707397e-9
3.0167071890305655e-9
4.078165258489216e-6
4.3538695152545587e-7
2.6013158587265472e-9
3.826416417196405e-6
2.681734199355571e-7
3.6467049995764735e-6
0.000027273120888290942
3.4393226917928026e-6
2.871925283257591e-8
2.392698626522186e-8
4.555053597462552e-8
7.368570391536539e-6
6.09594832732831e-7
3.2276534682273735e-9
2.789608800816527e-9
4.382878589148396e-6
4.7537308540834894e-7
2.8020950752018273e-9
4.211336585134258e-6
2.9794304306271417e-7
4.070250554910545e-6
0.000023125556687302436
3.080754242414603e-6
2.4759615692683154e-8
2.0264455861152247e-8
3.854351599658647e-8
7.129445024197109e-6
6.251031451000395e-7
3.0564487020954153e-9
2.5412404017094166e-9
4.599812776601124e-6
5.086737057187481e-7
2.961917704080113e-9
4.5505493487920924e-6
3.256398924327759e-7
4.472979172230704e-6
0.000019431531803924632
2.662951679582052e-6
2.1366151640140547e-8
1.7416364984079294e-8
3.3314732111978435e-8
6.6042614748614234e-6
6.189669268000734e-7
2.815051007976247e-9
2.2815347390768976e-9
4.68624773626723e-6
5.30797822319426e-7
3.055524009465644e-9
4.805972689289819e-6
3.4879492644044444e-7
4.823052485696042e-6
0.000016145069985433348
2.2471699362035793e-6
1.808119569762735e-8
1.4595641118085442e-8
2.7934099284068893e-8
5.846836174257123e-6
5.871935454641654e-7
2.5025763701102032e-9
1.98260276837766e-9
4.600999024112876e-6
5.367225198045507e-7
3.052656245220563e-9
4.932899076682625e-6
3.6431668969712064e-7
5.0792230757873455e-6
0.000013114781754966581
1.8845573503270822e-6
1.4543126183813305e-8
1.130426201480198e-8
2.1376184505842668e-8
4.986944612402583e-6
5.302148679469421e-7
2.1399279016552834e-9
1.6382338558200778e-9
4.319430575902958e-6
5.218617170657226e-7
2.9298553674382542e-9
4.885613343803372e-6
3.687385239493174e-7
5.1936812517151675e-6
0.000010439737250491177
1.5873961047691687e-6
1.146502919557779e-8
8.63683889362159e-9
1.617823866029128e-8
4.188958394958389e-6
4.559171297473465e-7
1.7951511992260703e-9
1.3349443705043893e-9
3.85634828598497e-6
4.840408294903376e-7
2.6887415548948235e-9
4.631358443142277e-6
3.588778151604187e-7
5.11884192597501e-6
8.149703057102491e-6
1.315455905457445e-6
9.186908281345698e-9
6.920973345783459e-9
1.3047339375485601e-8
3.5493263590512434e-6
3.7971192386198e-7
1.5093443802339266e-9
1.1155345405982465e-9
3.2861013097293743e-6
4.263274179303543e-7
2.3593485746522583e-9
4.1736671331183445e-6
3.3317273496614646e-7
4.823271543917945e-6
6.220548780833391e-6
1.0345672765064955e-6
7.075960708323735e-9
5.201314745803543e-9
9.738912348969313e-9
3.011127120527834e-6
3.1786479266594184e-7
1.2546790690629287e-9
9.117471067274991e-10
2.732882391770963e-6
3.590970082453636e-7
1.998755009255828e-9
3.577869502777662e-6
2.9364124040038016e-7
4.317508695327551e-6
4.816481072161265e-6
7.862445810045828e-7
5.530561339788495e-9
4.022100725337037e-9
7.549050414000693e-9
2.4501942558492376e-6
2.749247987334438e-7
1.0188445246111142e-9
7.243917091573595e-10
2.3076541836134974e-6
2.9772736820281864e-7
1.6818913142794337e-9
2.972328001417696e-6
2.4737325773485204e-7
3.679850746976635e-6
3.6966280076918446e-6
6.080088501395753e-7
4.2152948095018035e-9
3.0604248804186062e-9
5.72269246454467e-9
1.8856770387213611e-6
2.3425008980977824e-7
8.000573496743226e-10
5.543436285507306e-10
2.0023727059463807e-6
2.537351149545171e-7
1.4371025625049229e-9
2.4914233447514347e-6
2.0501211986095483e-7
3.0518451186165626e-6
2.845680146995403e-6
4.6617347432126033e-7
3.255730002272279e-9
2.3773864117234487e-9
4.4571724968834335e-9
1.432282242055963e-6
1.787965003806901e-7
6.185866526622034e-10
4.3089358501722086e-10
1.6670919462772185e-6
2.2131782413894553e-7
1.215320513779756e-9
2.165884755816465e-6
1.7468879574702883e-7
2.569688197996655e-6
2.2108274619089473e-6
3.5273159981326554e-7
2.5186987653736062e-9
1.854289907286126e-9
3.4860828915144997e-9
1.1049619692949223e-6
1.3042304703979098e-7
4.771096582837781e-10
3.3119620525579527e-10
1.2430481915821954e-6
1.798335828593904e-7
9.61337970827915e-10
1.843956276658757e-6
1.5253865496956947e-7
2.240827248999432e-6
1.733355327541337e-6
2.685635501967446e-7
1.9623753333592037e-9
1.4691554550350773e-9
2.769341283546464e-9
8.377147365224034e-7
1.0574520473119998e-7
3.633684478332403e-10
2.5572561899574275e-10
9.324560615329931e-7
1.2936635790103354e-7
7.340287030246016e-10
1.3840037137098518e-6
1.240559926815898e-7
1.8858986095400817e-6
1.377130197619979e-6
2.0594124781309914e-7
1.5512276065126249e-9
1.1805645672134146e-9
2.2320495481286596e-9
6.254393313368079e-7
7.748546599577605e-8
2.756420186220024e-10
1.9570470207000587e-10
7.426873073642369e-7
1.0008967931218861e-7
5.702941533499146e-10
1.0074700937871695e-6
8.890136516564306e-8
1.388906359258375e-6
1.1062508511766208e-6
1.5957639360864235e-7
1.2361337854050101e-9
9.596982520103746e-10
1.8202095611856924e-9
4.7375438626713613e-7
5.835510233475792e-8
2.0996751175511696e-10
1.5089847602023562e-10
5.383232506600631e-7
7.906841026699971e-8
4.237673228183772e-10
8.247309830722438e-7
6.866758581559518e-8
1.0245162158188955e-6
8.959452267804191e-7
1.253424325384431e-7
9.957720394920492e-10
7.85769276218617e-10
1.4947300483697046e-9
3.5864053740430553e-7
4.293205813311468e-8
1.5989068493121058e-10
1.1809015452343056e-10
4.051440640688959e-7
5.546733291866636e-8
3.2095781473978545e-10
5.849439157574926e-7
5.4234366780512656e-8
8.363960725560525e-7
7.284218529344643e-7
9.979073055303231e-8
8.066723351953874e-10
6.443253915673898e-10
1.2280697072119776e-9
2.751521391792114e-7
3.239764501278578e-8
1.2359509648076296e-10
9.263712571408308e-11
2.977735071588324e-7
4.249389651517592e-8
2.347676804341988e-10
4.4476064513976364e-7
3.766210607539673e-8
5.801694244837819e-7
5.914602061204889e-7
8.033736616550895e-8
6.539287948465557e-10
5.258770349650066e-10
1.0034052020600464e-9
2.1407532667250595e-7
2.4345681203943153e-8
9.591693965323867e-11
7.340232273553798e-11
2.216863221159067e-7
3.0875570431029715e-8
1.7482681717727548e-10
3.172447290446417e-7
2.8740753356964162e-8
4.451461244375343e-7
4.771389301261872e-7
6.513172789258189e-8
5.277902264364391e-10
4.247302844604321e-10
8.104187534040894e-10
1.6890069174150977e-7
1.8527736581433684e-8
7.534847513330903e-11
5.83718485589612e-11
1.6541984059413737e-7
2.2572343720027357e-8
1.2819620009537295e-10
2.344556547180215e-7
2.0678153399603182e-8
3.1327438514013506e-7
3.8060597292542655e-7
5.28925344987161e-8
4.219696496383003e-10
3.3771154562643796e-10
6.436713151767153e-10
1.3490312311695074e-7
1.431984883786236e-8
5.965358430895545e-11
4.65236973694787e-11
1.2493281490635594e-7
1.674916129721983e-8
9.542331864881056e-11
1.7196554297497285e-7
1.4863521719228577e-8
2.274604211881447e-7
2.9899953269568485e-7
4.2783879067066413e-8
3.3273010119569105e-10
2.632575724878831e-10
5.006194585527307e-10
1.0864748239482085e-7
1.1236081368207972e-8
4.745011093606768e-11
3.6978742961431853e-11
9.573350267392088e-8
1.255476711748841e-8
7.169160956479987e-11
1.2686472326309083e-7
1.0829028279636553e-8
1.647478279305242e-7
2.3061509054163417e-7
3.4288095453120966e-8
2.579034942963645e-10
2.00630743223974e-10
3.802213017233539e-10
8.777339050997176e-8
8.92745979321451e-9
3.777546610602967e-11
2.92062183120835e-11
7.445238405539435e-8
9.531168502490323e-9
5.4489011147803115e-11
9.47760568359348e-8
7.94401249139419e-9
1.1953939535902855e-7
1.7428343933464417e-7
2.7100905126101234e-8
1.9612836259386925e-10
1.4931797329158452e-10
2.8173321450320594e-10
7.073297902650089e-8
7.151957151404388e-9
2.9973040047637065e-11
2.2849838356679547e-11
5.865131967784376e-8
7.342053155912274e-9
4.194335979613635e-11
7.1806751302729e-8
5.8811479547275794e-9
8.750086957010765e-8
1.2893576877801405e-7
2.104711078536271e-8
1.462475772527862e-10
1.0858412064591185e-10
2.03841671577003e-10
5.655326192672543e-8
5.748049384540796e-9
2.3611468777411204e-11
1.766617845723571e-11
4.6627564177011336e-8
5.732392929302399e-9
3.2655781699823415e-11
5.520166921340257e-8
4.415493613571097e-9
6.480592812503104e-8
9.3385251836877e-8
1.6017540554506682e-8
1.0697575936587763e-10
7.728683445891583e-11
1.4431588473397137e-10
4.464907588520766e-8
4.608546360872711e-9
1.840326436051345e-11
1.3473040796105177e-11
3.7232100696227384e-8
4.522153566808889e-9
2.564094516124578e-11
4.298124579293509e-8
3.362834535980894e-9
4.8680796469946054e-8