0.000014536659440336695
4.393604390972912e-6
1.1579028665356376e-6
2.496198488535792e-7
2.8380726405565966e-8
1.2178145431402172e-8
1.231889954968474e-8
9.708816442987646e-9
1.5071639608542193e-8
8.465106517638928e-6
4.375548993278857e-6
7.253941287735591e-7
5.7925172091068045e-8
1.0460990415955628e-8
6.008736170161484e-9
3.2612965270831204e-9
3.4075835092672127e-9
6.699965195869363e-6
2.2805910562223076e-6
2.1986040307986127e-7
2.6453573222715524e-8
5.293949334672184e-9
1.991241919427706e-9
1.4749039782515607e-9
5.578733621549503e-6
2.1363450928000695e-6
2.511804362826239e-7
1.4839038239993751e-8
1.7553350955691687e-9
9.38110124530946e-10
4.765011104117312e-6
1.814196100136699e-6
1.0803929161334085e-7
3.0698150902556347e-9
6.495441045997992e-10
4.507190816664888e-6
1.1735280035777793e-6
4.638634434584556e-8
2.0006285746493957e-9
3.903919450259994e-6
1.3187471307285723e-6
1.4732614003454604e-8
3.3514932799561358e-6
3.9235167751912176e-7
2.5093306561427993e-6
0.000013582877057421982
4.368023225650462e-6
1.1729063798442968e-6
2.5488995523186153e-7
2.849521983975516e-8
1.1726766834679193e-8
1.17070083554897e-8
9.146853707094183e-9
1.4158744145108989e-8
8.772234041387863e-6
4.617137968444038e-6
7.741736841359221e-7
6.211303363636521e-8
1.0949995724701056e-8
6.115563164848383e-9
3.270919311620507e-9
3.3382980633932032e-9
7.1802574684719566e-6
2.474780876577584e-6
2.4053142333440064e-7
2.8927824901506215e-8
5.670220737579474e-9
2.096633688058672e-9
1.5211786050384298e-9
6.114125118142986e-6
2.35887036233193e-6
2.7886176919981307e-7
1.646218545920746e-8
1.919072937223795e-9
1.0113268263191395e-9
5.292455352571165e-6
2.0254520524867683e-6
1.2105768018670375e-7
3.435876444986226e-9
7.203967174683564e-10
5.052569081619624e-6
1.3208352240418047e-6
5.237839609849706e-8
2.2502223098454986e-9
4.409729990381833e-6
1.493275213469674e-6
1.6722434695650248e-8
3.8066594862931523e-6
4.473104473327318e-7
2.871293289239765e-6
0.000012221623567948262
4.1882005782764065e-6
1.151055796176224e-6
2.530033112955983e-7
2.778822108170105e-8
1.0862344045038704e-8
1.0666809734100072e-8
8.254360582893367e-9
1.2725022322902223e-8
8.826251978600552e-6
4.7466059603452684e-6
8.074253627335266e-7
6.520588052549578e-8
1.118458617605437e-8
6.039863621309602e-9
3.1757106893777372e-9
3.152166646267139e-9
7.518834150315132e-6
2.6314999571635712e-6
2.5834137420985684e-7
3.106768501035148e-8
5.946112221327894e-9
2.15546853208441e-9
1.5285180507021039e-9
6.580036439340509e-6
2.5617586244628747e-6
3.0487013560504867e-7
1.7986465542694736e-8
2.0620108273320896e-9
1.0702017962820496e-9
5.788833868061413e-6
2.2292981685343627e-6
1.338270888243208e-7
3.79480469071994e-9
7.875327999344238e-10
5.5883911933601206e-6
1.468052111562592e-6
5.8469493896227444e-8
2.500013208144321e-9
4.924485375215699e-6
1.6735719700017651e-6
1.879169103442049e-8
4.28221088649503e-6
5.052967769047408e-7
3.2539912111468095e-6
0.000010611907987842236
3.849806248489771e-6
1.0894805030942117e-6
2.4335209390755063e-7
2.629257280358454e-8
9.675637763351883e-9
9.316268275813583e-9
7.141851962382165e-9
1.0948539560091609e-8
8.558680034456516e-6
4.727973220658123e-6
8.18522179759588e-7
6.668733480321789e-8
1.109371230753342e-8
5.757161966421002e-9
2.9720800757168032e-9
2.8599844406299127e-9
7.651776660918124e-6
2.7279329356568528e-6
2.7115441815809306e-7
3.2629576023356615e-8
6.078870464459222e-9
2.154679397987661e-9
1.4917992579198184e-9
6.921498399615393e-6
2.724955315594207e-6
3.2697037236118067e-7
1.9283183431694312e-8
2.1688519149992026e-9
1.1078088649202963e-9
6.2116157072212936e-6
2.410436712176012e-6
1.4547884798152519e-7
4.121731163686467e-9
8.458714531811069e-10
6.07857525713919e-6
1.6062951951640726e-6
6.431293172008483e-8
2.735347336994496e-9
5.41911427115629e-6
1.8496434377129162e-6
2.0838651988362105e-8
4.75401091665286e-6
5.638320312884183e-7
3.646987596369034e-6
8.986982688589434e-6
3.398935199205366e-6
9.942159680494778e-7
2.2715641149653652e-7
2.426371577017303e-8
8.388223569926278e-9
7.910240685252663e-9
6.020804826918545e-9
9.181239271139245e-9
7.931394740114435e-6
4.525817937232013e-6
8.021518708911984e-7
6.614691600721803e-8
1.0660832732604151e-8
5.292242710584232e-9
2.684337669779157e-9
2.5104268170697614e-9
7.527257597836138e-6
2.74290240080541e-6
2.7666484523455125e-7
3.3360852522009983e-8
6.035959977112264e-9
2.0874741219279555e-9
1.4141342017605225e-9
7.076141705620443e-6
2.824134668046811e-6
3.4237170724447823e-7
2.019517688220077e-8
2.2232135750667644e-9
1.1179419872413762e-9
6.507261699406466e-6
2.5490454148273922e-6
1.5486777333019963e-7
4.384968410067959e-9
8.891442173531569e-10
6.475327512626782e-6
1.7236057327396412e-6
6.945677324268252e-8
2.9366149480456305e-9
5.855645878097516e-6
2.0091878692705767e-6
2.2731095047595662e-8
5.192301498786343e-6
6.196181956452234e-7
4.029255487514989e-6
7.5527356123722995e-6
2.9063956924424602e-6
8.76716353544507e-7
2.0635046731270793e-7
2.2013662235348362e-8
7.227987102068264e-9
6.702174378125781e-9
5.088180134054594e-9
7.750457313006782e-9
7.021892212723896e-6
4.1348296984127114e-6
7.554965041556856e-7
6.340591981518463e-8
9.917416775762955e-9
4.706564172942428e-9
2.355419777348357e-9
2.1642836310207232e-9
7.067796259576699e-6
2.6541107332002716e-6
2.729442775104919e-7
3.300694554179985e-8
5.783103941366854e-9
1.9474497077691783e-9
1.29823764539467e-9
7.002210243290593e-6
2.838479741178238e-6
3.4820568927344516e-7
2.0565064951369284e-8
2.2124445473439715e-9
1.0966164422590364e-9
6.617578634630722e-6
2.621750100958295e-6
1.606082559048896e-7
4.5474409165259354e-9
9.106288754641915e-10
6.720291694586932e-6
1.8049701553863084e-6
7.332014135598805e-8
3.0792134115718064e-9
6.185142944518786e-6
2.136049987782302e-6
2.4294018746955288e-8
5.557223898289461e-6
6.681841479930311e-7
4.373465301985918e-6
6.367712202197862e-6
2.4513937392030315e-6
7.544821737121938e-7
1.826969218280168e-7
1.964778962040173e-8
6.269160334064562e-9
5.7610233380873694e-9
4.374919340583962e-9
6.688533643524048e-9
5.97384750528872e-6
3.612265442541119e-6
6.803040358258093e-7
5.832146318642221e-8
8.936207861072612e-9
4.084833125654088e-9
2.0293362816608673e-9
1.8616737514269614e-9
6.328812356869108e-6
2.4445331620737536e-6
2.5737856521847534e-7
3.136700041099762e-8
5.332651381340965e-9
1.7493808101691809e-9
1.1563533396103541e-9
6.607212623759697e-6
2.740719530825129e-6
3.41858598284719e-7
2.0210446396952214e-8
2.1144713538739586e-9
1.0337517198825793e-9
6.503481933463364e-6
2.612735344846247e-6
1.6148852648815417e-7
4.573496170798839e-9
9.036086436645934e-10
6.763567323373514e-6
1.8340628652705597e-6
7.523095199800736e-8
3.137934224161777e-9
6.349890022638183e-6
2.2106656101433724e-6
2.5311351835306746e-8
5.799312617305365e-6
7.038175593550577e-7
4.643902740889929e-6
5.2916862125563855e-6
2.0720003831440986e-6
6.392367814102222e-7
1.5802055059966403e-7
1.7104638007559707e-8
5.345762391269043e-9
4.871916987541349e-9
3.67994391087808e-9
5.628565318394615e-9
4.995881283888501e-6
3.0461837287716944e-6
5.893774019554947e-7
5.158144803697513e-8
7.828335814400333e-9
3.4880338775257236e-9
1.720532958101675e-9
1.5801983646716157e-9
5.412363086197615e-6
2.1489207988268923e-6
2.3143817436648795e-7
2.8515605306713835e-8
4.7358437868972995e-9
1.5139550644084451e-9
9.943516932008166e-10
5.94369743855134e-6
2.516770719822327e-6
3.200688726544839e-7
1.9039351265946434e-8
1.936063729141171e-9
9.335970407866173e-10
6.078327070563223e-6
2.4872210949036183e-6
1.5598939101265507e-7
4.422349830460074e-9
8.594795297212344e-10
6.539878789373802e-6
1.8003481267076304e-6
7.47332095097967e-8
3.0872649046730608e-9
6.314440513105394e-6
2.2182564805241115e-6
2.5583911318208878e-8
5.8686664003914846e-6
7.198935635471864e-7
4.797673814447815e-6
4.198724533381698e-6
1.7427205922931183e-6
5.348704736479956e-7
1.325557979735273e-7
1.427566747943261e-8
4.2992097240024256e-9
3.842914918493871e-9
2.8581870367521465e-9
4.329455806733682e-9
4.2341508646521625e-6
2.5488203089695643e-6
4.96577215508786e-7
4.405155503021915e-8
6.6907910452044474e-9
2.938833651091106e-9
1.4285436082267908e-9
1.2849891231630199e-9
4.506882765127575e-6
1.8107842021113217e-6
1.9877758303254187e-7
2.4823157089873432e-8
4.0715318927199575e-9
1.2751493168471882e-9
8.267114524227694e-10
5.092191827201307e-6
2.2032768740359166e-6
2.856487567985912e-7
1.709392896538474e-8
1.6947413391734512e-9
8.052493065037784e-10
5.419128566696083e-6
2.2548526504626043e-6
1.432706363211332e-7
4.081450313244456e-9
7.81109835486953e-10
6.006318714420595e-6
1.6793713979520264e-6
7.081791739041346e-8
2.8974741466201094e-9
5.986410834012692e-6
2.1325465387014246e-6
2.4881026773634794e-8
5.725473599473425e-6
7.125745167951544e-7
4.803835154809953e-6
3.228559596411899e-6
1.4176389777466915e-6
4.4119306123219284e-7
1.0842592692197657e-7
1.1557151518395667e-8
3.3552010491776717e-9
2.9411204583753208e-9
2.172283323785874e-9
3.2653169563001334e-9
3.6297820445987558e-6
2.171957059163724e-6
4.1625254046580956e-7
3.6829623097891216e-8
5.619718716028475e-9
2.4534627675670907e-9
1.175790081216574e-9
1.0239035003890566e-9
3.7937679919301883e-6
1.5062685269621516e-6
1.6587368260126552e-7
2.097973967292018e-8
3.458585197939196e-9
1.0743212791643555e-9
6.86105718224695e-10
4.23235623314185e-6
1.8490665368514233e-6
2.4351531752121924e-7
1.4715484316319863e-8
1.4361245152429437e-9
6.752079534356905e-10
4.602232124912473e-6
1.945807152947008e-6
1.2544023219299268e-7
3.5938685429269817e-9
6.797055710177173e-10
5.258944669007551e-6
1.4942028353807348e-6
6.39530292320361e-8
2.595834975822399e-9
5.409655148322871e-6
1.9486773805988957e-6
2.302735077797384e-8
5.302452991399496e-6
6.711340876367494e-7
4.600772455792426e-6
2.5063874545203195e-6
1.0981695782196586e-6
3.575910022779347e-7
8.848950827123808e-8
9.38781887983796e-9
2.6843251939102414e-9
2.347166964947089e-9
1.7386979443920604e-9
2.6318565252852116e-9
2.971232852628064e-6
1.8502512406878935e-6
3.518977499535329e-7
3.0774574444548863e-8
4.652574715544322e-9
2.0053919598259805e-9
9.586850964608968e-10
8.265343799685983e-10
3.282550166000958e-6
1.2831573829904679e-6
1.3935948427428314e-7
1.7645016777903993e-8
2.9408205489064697e-9
9.173034164620291e-10
5.826489938818512e-10
3.5514399131445862e-6
1.5370738876122277e-6
2.0264373052908812e-7
1.2340498849665661e-8
1.2115448091963314e-9
5.697271895463067e-10
3.815869021683649e-6
1.6200304887286745e-6
1.0527379181677372e-7
3.0445374399804306e-9
5.749307463638931e-10
4.407983225883574e-6
1.2662684477963832e-6
5.4955505202198276e-8
2.222074406091593e-9
4.647624626778659e-6
1.6962851669512635e-6
2.0314457839015095e-8
4.683032428627159e-6
6.029323314934608e-7
4.19511920469622e-6
1.927140803054476e-6
8.390605863157623e-7
2.823726163495827e-7
7.299489388669232e-8
7.701645683526208e-9
2.0834893265278944e-9
1.779645158872849e-9
1.3095439477054583e-9
1.9689876077831557e-9
2.250504206642548e-6
1.4781556904989103e-6
2.9478829928097944e-7
2.5980230334972496e-8
3.799644054347198e-9
1.5673112873817207e-9
7.42244937456794e-10
6.353134970629123e-10
2.7533566629138227e-6
1.1101008309456907e-6
1.2015226561601896e-7
1.499808341734341e-8
2.457119156493238e-9
7.58569809666358e-10
4.797297165523305e-10
3.083268451188723e-6
1.315475778380355e-6
1.7100697106829014e-7
1.0393624396572989e-8
1.0366260510461723e-9
4.899720376149246e-10
3.221588177190786e-6
1.3525740758856361e-6
8.750754728435673e-8
2.5462393070614344e-9
4.859984237751301e-10
3.658265550756751e-6
1.0492063313786778e-6
4.569765629228047e-8
1.8568026702057696e-9
3.860956319497856e-6
1.4169832982325371e-6
1.7140571345363685e-8
3.946344968004211e-6
5.147054494473292e-7
3.6390277390271336e-6
1.4810768482858183e-6
6.542331798233432e-7
2.1618069373461555e-7
5.826679148970666e-8
6.268107394708278e-9
1.6381829162405032e-9
1.3788915675171437e-9
1.0116414595028656e-9
1.5243940888603777e-9
1.7182413529220803e-6
1.1045852462594983e-6
2.3349804704614527e-7
2.143778040716518e-8
3.071484479657206e-9
1.2195721727020997e-9
5.704809241547834e-10
4.900307977619656e-10
2.082142644833278e-6
8.96799026756999e-7
1.0109702230160389e-7
1.2545239096495738e-8
1.960627842590596e-9
5.855607942827152e-10
3.6907758195736343e-10
2.61217745946445e-6
1.1407208072166729e-6
1.4798977335597387e-7
8.878335184066059e-9
8.735585381450348e-10
4.1130568723576586e-10
2.809122022804585e-6
1.170192880011363e-6
7.488241299134888e-8
2.166121443335492e-9
4.1673115353344165e-10
3.1324230193396166e-6
8.87217267272389e-7
3.8259981482854054e-8
1.5703915283605704e-9
3.229368805528058e-6
1.1779407644296656e-6
1.4244248561058113e-8
3.2698699526707786e-6
4.267075577017054e-7
3.036691011887783e-6
1.1329418596234869e-6
4.956614707128688e-7
1.6431042888516845e-7
4.330827356070742e-8
4.7336553145289085e-9
1.2439837060710903e-9
1.0462487984652756e-9
7.69038322362376e-10
1.1565301843480858e-9
1.3506103525433413e-6
8.558382702953637e-7
1.7426195783481e-7
1.632174119116156e-8
2.386068593625247e-9
9.438775969531494e-10
4.395031192874599e-10
3.72669963560087e-10
1.5544182848537103e-6
6.576218541154721e-7
7.726246660190385e-8
9.93851034150284e-9
1.5353824267315085e-9
4.4803785053235527e-10
2.786750283042398e-10
1.9710111500776253e-6
9.101747442873767e-7
1.2308642804773175e-7
7.386634785445713e-9
6.853089774169133e-10
3.148742372004534e-10
2.339861677492446e-6
1.0043995228921688e-6
6.4918402585864e-8
1.8501368133872013e-9
3.482697329234788e-10
2.727581522924125e-6
7.747280299668265e-7
3.3183345616118274e-8
1.3569939256524628e-9
2.8044545447471414e-6
1.0135637509502966e-6
1.2128653691726023e-8
2.781529546987764e-6
3.583801949324145e-7
2.5298781378519054e-6
8.804415533548654e-7
3.7948430982782824e-7
1.275122874481956e-7
3.3312718563529304e-8
3.574288103265159e-9
9.614396337786096e-10
8.142402004374568e-10
5.978828573440485e-10
9.001262909954884e-10
1.0117357187104459e-6
6.652887457824075e-7
1.3458155781096206e-7
1.2218390289679333e-8
1.825230325416611e-9
7.313382255025746e-10
3.3951223956592146e-10
2.8907105790800717e-10
1.2499206454491809e-6
5.097538160027342e-7
5.7488994502232725e-8
7.601319210112548e-9
1.2200261168292952e-9
3.563039189654143e-10
2.2111203734626187e-10
1.4532599420852393e-6
6.600088046555373e-7
9.23386979792211e-8
5.738835089903765e-9
5.250840314398223e-10
2.37699540831203e-10
1.7225874887045291e-6
7.706283134257094e-7
5.176577039835943e-8
1.4914145512042384e-9
2.7088044781668545e-10
2.174693497290479e-6
6.423078605092125e-7
2.8267984426478204e-8
1.1220452394884014e-9
2.3969904765729596e-6
8.79499091404362e-7
1.052596250148235e-8
2.430167733082672e-6
3.1253986900692494e-7
2.1828697129024447e-6
6.885456895476953e-7
2.9014204937917027e-7
9.627070311137861e-8
2.607389342252712e-8
2.829646689525018e-9
7.459001983555658e-10
6.318334403705573e-10
4.661827857322515e-10
7.037300569176697e-10
7.714105878110568e-7
4.947743059423303e-7
1.0449547775073546e-7
9.668386809485677e-9
1.3945725000384826e-9
5.538437238625901e-10
2.581324251466258e-10
2.2116175755167117e-10
9.212790050429297e-7
4.013662568129719e-7
4.576005364067827e-8
5.784682307953416e-9
9.171202868333493e-10
2.6880905231684003e-10
1.6722582759224467e-10
1.183602402251256e-6
5.198687059600924e-7
6.913961155335056e-8
4.303756913381293e-9
4.169719555571702e-10
1.9242737927547598e-10
1.2943189641680943e-6
5.578796189119001e-7
3.7459794872272094e-8
1.1221767067254508e-9
2.0803669187987592e-10
1.559239963872046e-6
4.6889867417893675e-7
2.1417088783484996e-8
8.455845308060471e-10
1.812327825340368e-6
6.89200608411458e-7
8.523584886701542e-9
1.9786250412152557e-6
2.6425362979679175e-7
1.8843464718964948e-6
5.462277998340631e-7
2.2426687021730425e-7
7.394017369214631e-8
1.938014921573112e-8
2.1254852720123068e-9
5.804960076905845e-10
4.973497088641399e-10
3.6902922710401384e-10
5.586762749677586e-10
5.849583594950195e-7
3.7766180489217344e-7
7.700297363742509e-8
7.177218944990601e-9
1.0612632378691466e-9
4.2251475171477947e-10
1.981079350513765e-10
1.7189448525964518e-10
7.028421457246606e-7
2.9144255394576577e-7
3.402210349796326e-8
4.43615230372959e-9
6.91462619162275e-10
2.028061827930649e-10
1.2772042045084663e-10
8.595197798560884e-7
4.0247765718515607e-7
5.516635301178183e-8
3.317501181118859e-9
3.074723598068929e-10
1.4204244497504742e-10
1.0506948114558349e-6
4.539941746344971e-7
2.9441002613275537e-8
8.559033242070726e-10
1.6348236316427141e-10
1.2350470168496576e-6
3.5389841953236857e-7
1.5609197681031967e-8
6.474606430821188e-10
1.3136221269467247e-6
4.925775681812093e-7
6.2194916042554155e-9
1.423507980373779e-6
1.958609842473009e-7
1.4601893393431354e-6
4.3915714269891026e-7
1.756890102478518e-7
5.6992234710791126e-8
1.507955404481212e-8
1.6488928626759214e-9
4.5934660096749456e-10
3.981947137017832e-10
2.9659976545661815e-10
4.4998865234243963e-10
4.5002483000013473e-7
2.861582274715507e-7
5.9121136250786154e-8
5.453927954855821e-9
8.089907522934927e-10
3.2794434791721153e-10
1.5399732874413808e-10
1.348486862133948e-10
5.268389718100173e-7
2.2425933206655165e-7
2.5620304176037396e-8
3.331815573726123e-9
5.332040026170317e-10
1.5495086135855994e-10
9.704866685480543e-11
6.583992389707682e-7
2.925243951248145e-7
4.028427526929613e-8
2.5391693486541803e-9
2.3595065975131543e-10
1.081057302531901e-10
7.452827032208749e-7
3.3333349921239756e-7
2.2745787794868005e-8
6.606838012521467e-10
1.2090293881034177e-10
9.535875082518602e-7
2.865389408805961e-7
1.2700942513550203e-8
5.03184004602448e-10
1.078611128517453e-6
3.9623176672915015e-7
4.792051372442636e-9
1.0983565265420092e-6
1.436046434279302e-7
1.0484167062548108e-6
3.5676246479448267e-7
1.3956008022897274e-7
4.457542988949913e-8
1.1544980352276194e-8
1.2660870006024104e-9
3.6553216485279867e-10
3.2168578003732086e-10
2.41105510774434e-10
3.666805677091603e-10
3.5005076817628923e-7
2.198971333433755e-7
4.4624528005023044e-8
4.100104179280469e-9
6.148547966736905e-10
2.534100294203799e-10
1.2067931405971264e-10
1.071559107900086e-10
4.022101797864423e-7
1.6768786236679665e-7
1.91917433892369e-8
2.495698942276513e-9
3.9663434615317557e-10
1.1796768031941338e-10
7.47727854253074e-11
4.861459511203151e-7
2.2269194336070347e-7
3.0489157613191665e-8
1.8569700439152872e-9
1.7576914684685078e-10
8.097454795155283e-11
5.781393422420236e-7
2.503979814872954e-7
1.6418129658989936e-8
4.892651804375599e-10
9.16948983439137e-11
6.855449193342577e-7
2.0089221133126373e-7
9.170557308737723e-9
3.6974437526987554e-10
7.723372644060523e-7
2.9754229539448444e-7
3.740686766373544e-9
8.707167132575907e-7
1.1813065844924007e-7
8.462329364137635e-7
2.915798446370638e-7
1.1231672996145729e-7
3.528320157357183e-8
9.006044114553246e-9
9.90284454762896e-10
2.9429898638645866e-10
2.62511992608705e-10
1.9744600075915583e-10
3.0096283500040183e-10
2.763130133960463e-7
1.7111348365679505e-7
3.425578246249681e-8
3.1285964749794006e-9
4.728279779683618e-10
1.9989870727584063e-10
9.575490230578691e-11
8.613530921475723e-11
3.092074054550851e-7
1.2740945818649007e-7
1.4490126671147383e-8
1.872345118091982e-9
3.044264388879344e-10
9.069846040365826e-11
5.803122332855922e-11
3.691986787505428e-7
1.6645289668521795e-7
2.2523859803638336e-8
1.4046250303460381e-9
1.322044936433897e-10
6.137275775552892e-11
4.223077110953204e-7
1.840795034622638e-7
1.2438735757675085e-8
3.644453543951831e-10
6.811958086024213e-11
5.193751569380658e-7
1.5591340501271983e-7
6.93291658054471e-9
2.7796289269402664e-10
5.881675858635966e-7
2.1689737385580862e-7
2.6820637946370706e-9
6.094629142219017e-7
8.235838060863418e-8
6.226404726230936e-7
2.384273162599149e-7
9.12797783863103e-8
2.8267522999324583e-8
7.1082893615709625e-9
7.801095591985698e-10
2.3822802120009714e-10
2.1466753330422675e-10
1.6196390062111178e-10
2.4721707514356955e-10
2.212700582649271e-7
1.3514067435361478e-7
2.6665907482718633e-8
2.4088301974251864e-9
3.682662274457101e-10
1.5865067214960214e-10
7.683933439934541e-11
6.977372592800208e-11
2.412955584447974e-7
9.817956250380143e-8
1.1033511665625575e-8
1.425950580784868e-9
2.325468841863441e-10
7.067233051018596e-11
4.559993961596892e-11
2.812260064193193e-7
1.252718660607987e-7
1.698963902919024e-8
1.047471294406543e-9
1.0006700539430073e-10
4.682748472193386e-11
3.1770594652191594e-7
1.3895373761406843e-7
9.215467203838252e-9
2.7015619212306607e-10
5.113521229891169e-11
3.869938191254449e-7
1.1284070220861133e-7
5.028385720640309e-9
2.060205650492451e-10
4.2315614310128843e-7
1.6036768998912125e-7
2.020364043340902e-9
4.675453024611494e-7
6.366218255128743e-8
4.592650505423321e-7
1.9394055777426947e-7
7.45347557039344e-8
2.2846296143117023e-8
5.663930998820286e-9
6.195028627784911e-10
1.9288776796739406e-10
1.751455592369041e-10
1.3225276805036869e-10
2.0197028659956586e-10
1.79221469286089e-7
1.0822875354464449e-7
2.1042472308257235e-8
1.8798474076682127e-9
2.8945665146419283e-10
1.2735721989013114e-10
6.210459141097377e-11
5.669357069745768e-11
1.9119896320691018e-7
7.67266505226637e-8
8.519591146264713e-9
1.0929225083363094e-9
1.8064436353621952e-10
5.5739124028296263e-11
3.61652264063289e-11
2.1708394990666127e-7
9.574234599171498e-8
1.2848177834019173e-8
7.892384751588559e-10
7.649243001114955e-11
3.5976189004824646e-11
2.4113304174858486e-7
1.0417907669318174e-7
6.860302282781701e-9
2.020280680686017e-10
3.815998772335367e-11
2.871432912400074e-7
8.382784436057351e-8
3.756799696204204e-9
1.5151370023824176e-10
3.1729392544026e-7
1.1958642190308076e-7
1.47003055631155e-9
3.394795848424499e-7
4.499032407524483e-8
3.3268819747017875e-7