0.00002204117345056883
3.2585666076067046e-7
3.2387376863737937e-6
5.529130862190834e-6
3.92219532404495e-7
3.50114123108798e-6
0.00002134450251829955
4.953935902723793e-7
3.141424716604798e-6
5.841982011992106e-6
5.326008300722328e-7
3.7384493634672963e-6
0.00002011021863017377
6.413096622621214e-7
2.970399541631657e-6
6.11474039342629e-6
6.76076822099003e-7
3.966300322410532e-6
0.000018403805567329514
7.509052470189816e-7
2.73193081905687e-6
6.323651111026019e-6
8.093235604401429e-7
4.1684630592888254e-6
0.00001637899695786768
8.158408725862778e-7
2.4445229391079827e-6
6.427496505985669e-6
9.182036277293687e-7
4.333817016715149e-6
0.000014203853985926367
8.282110930779964e-7
2.130402113673651e-6
6.376227077799779e-6
9.884914856253202e-7
4.441984881293144e-6
0.000012078975979691082
7.891591939940227e-7
1.816216020546475e-6
6.117735667409693e-6
1.009425906961922e-6
4.4670248292876845e-6
0.000010068205961399729
7.078701940676301e-7
1.5174895284913746e-6
5.626653920219529e-6
9.759257743394452e-7
4.37761171186162e-6
8.252297072322462e-6
6.06069749717876e-7
1.248886501810996e-6
4.940883841537805e-6
8.936718514572519e-7
4.1439810289407e-6
6.724108352181758e-6
5.099193919414743e-7
1.0204123061060066e-6
4.166837376204373e-6
7.805103290560894e-7
3.7589771536244813e-6
5.429635397970577e-6
4.364069954225769e-7
8.252686062169504e-7
3.4609981856389297e-6
6.632750606488845e-7
3.255849754777579e-6
4.234301317905162e-6
3.762934856376318e-7
6.488665719491633e-7
2.928238169699935e-6
5.63590051079078e-7
2.7186954711847744e-6
3.2297450788047427e-6
3.0399184759747903e-7
4.978951103300719e-7
2.5136177776993455e-6
4.817275650782411e-7
2.2540718263618896e-6
2.474269824643585e-6
2.242120879173357e-7
3.81558480128036e-7
2.0464137363301568e-6
3.9983313593551315e-7
1.9214755514960454e-6
1.915905939936914e-6
1.737104749659423e-7
2.957098243403523e-7
1.5340029001905737e-6
3.1304491492218625e-7
1.6487033576311806e-6
1.4583429747954583e-6
1.3620504071485389e-7
2.263270323002456e-7
1.1677968471576794e-6
2.3585626021347807e-7
1.3021631910022861e-6
1.129303813172255e-6
9.936747673086227e-8
1.7491871259020665e-7
9.094686955730135e-7
1.8061033287651431e-7
9.495729647897667e-7
8.783003147149192e-7
7.619609670572807e-8
1.3621329894269237e-7
6.741701776422823e-7
1.390561644014951e-7
7.473643656009886e-7
6.92502638638528e-7
5.706236548106841e-8
1.0718651393850302e-7
5.046808059887659e-7
1.0154190711877057e-7
5.66380166039779e-7
5.516304514609038e-7
4.338217244619281e-8
8.516041185780128e-8
3.766034833083313e-7
7.710187099514267e-8
4.1575028126120676e-7
4.4331975058949917e-7
3.34581406341517e-8
6.821511512085498e-8
2.8385212422520035e-7
5.7331145624386865e-8
3.086419449216669e-7
3.580378023695477e-7
2.618343073176608e-8
5.489490058958877e-8
2.1529050936136393e-7
4.327432178592114e-8
2.28318146387286e-7
2.892242693467404e-7
2.0800151976663375e-8
4.419137716718018e-8
1.6568307304645464e-7
3.310407236670398e-8
1.6904694786285717e-7
2.3255964679270862e-7
1.6728150696291557e-8
3.542797077360785e-8
1.2942298656219068e-7
2.5660828377078185e-8
1.2613430425817623e-7
1.8527879824178286e-7
1.3554193807924709e-8
2.8163481641830696e-8
1.024824081116527e-7
2.0162058388912426e-8
9.518211380802239e-8
1.456852881381228e-7
1.1000732023825506e-8
2.2117849567436088e-8
8.198129073124504e-8
1.6017346375659577e-8
7.278045309499583e-8
1.1271367869836044e-7
8.89004985451354e-9
1.710861269229889e-8
6.593115891328212e-8
1.2813747007262069e-8
5.6378617119740745e-8
8.561953813101918e-8
7.114164415938466e-9
1.3005988275745829e-8
5.3016376588001236e-8
1.0269917263105763e-8
4.4152599227037354e-8
6.377190821297179e-8
5.611015320529503e-9
9.702871552648047e-9
4.23926650239703e-8
8.202978234147705e-9
3.484216952496399e-8