7.088328601040387
-0.8076202769342076
0.13656736230020994
0.4549219343860855
-0.09264893300486078
0.030709930722752254
0.059567183141900425
0.02061638717594446
0.011024353229703125
0.01416168167976599
7.877147918782444
-3.402724496092898
-1.154193082287223
0.2427256311855818
0.3952072355480644
0.22635676138985444
0.0318423884205443
0.0047465497428244635
0.0033274169610153404
16.16265271602504
-8.54589070627473
-3.4994276916381386
1.3952279471644233
0.7231887777122568
0.08871948248174909
0.011471752876122995
0.0015860480054318317
21.102853055405447
-7.7399366213229595
-6.690130636963536
1.6680089040934967
0.8932808330244147
0.17742860199974064
0.010917295985609258
20.63671833795335
-3.102692082137655
-9.839675317395288
0.7439935228241433
1.459101095837991
0.09184028234977824
18.027485007536125
0.11897942936259248
-8.950343899113255
-0.5780529505065636
0.814484394911389
15.279218247680445
-1.8780070772975368
-6.814830868171409
0.5319198464621407
13.101521366414447
0.8319663638284265
-3.263930283504219
8.3004087340803
-1.7093727419059424
2.584939228112762
4.755211363136548
0.29627134204091854
0.20023658758757415
0.25609972902816147
-0.08278032546828326
0.034910266520556364
0.03624499537335592
0.011558890856375263
0.0071145903166190474
0.00931741390978355
5.693810735479903
-2.29144984702968
-0.3016477740013391
0.0537719312433871
0.25213244567155046
0.115135587843773
0.011034013823487246
0.0027694704794679137
0.003081062031378461
11.244811260378158
-6.856596033490406
-1.173882070242958
0.9125383106885706
0.3240834875466754
0.02567351383905946
0.004031667758241889
0.0009044817712104549
16.526839853400162
-7.901985923950214
-2.824346246376382
1.6087396604647106
0.3304557113589849
0.06576313860134056
0.003231508648828433
16.845349445633186
-4.992181644165798
-6.647461361982241
1.7480822922818289
0.7411301165106736
0.01955681474740356
16.23801630488478
-2.2166975048500075
-6.492767474496037
1.0565148365861166
0.2963038839920731
14.358620364346457
-4.19031755687245
-5.355496361898805
1.012418230708919
13.417669557254895
-1.167568048279068
-2.1782337734393042
8.338645098048168
-2.328591265257411
2.549684913161273
3.114644568102267
0.5273249135011404
0.15589489396020023
0.14094915076192926
-0.05933318334112873
0.030215826030945015
0.017417170556778827
0.00658549745373764
0.004128844215937545
0.005519146506664376
3.9447945936058324
-1.3958073926696468
-0.032250628262600264
-0.005123797216869637
0.15876318385029947
0.04916737768534179
0.005047971482260183
0.0016418013800511865
0.0020631327155793493
7.038476385168292
-4.6341511537875375
-0.26880138871129616
0.5250316137017276
0.131568582744654
0.009048143997558445
0.0018896885674936491
0.0006031694225831667
11.690192151864608
-6.509312436853486
-0.6791808008357431
0.9304618265845621
0.13483272148547265
0.027477878725747112
0.000985832736395362
12.354427590106642
-5.227369557268912
-3.5534618131336186
1.3434539010770652
0.2967378392868914
0.004217055241648082
13.288139982222198
-3.4884817402252355
-3.3795748088031754
1.2761343536903873
0.06086994367895286
12.165125869616242
-5.464870987488161
-3.152681559384128
0.7737423540926414
12.688357506942321
-2.7351540018072105
-0.8291567424121251
7.65949384048861
-2.6451907093746736
2.430877266044581
1.9289811791350435
0.4796858852043545
0.10838534319847459
0.08001704238882963
-0.03881510198299347
0.020769166284896955
0.007263623127127482
0.003393131795958687
0.0022370501778204064
0.0029737313017049257
2.8237362772048975
-0.6270452473435281
0.019388410665565278
-0.022887100073298756
0.09326087573443431
0.01896544001508976
0.002705405403354624
0.0009102913339247517
0.0011281541614460947
4.0913437394637935
-2.710800206207812
-0.016289739033152114
0.2878398456342154
0.05029022937408892
0.0039758984492658965
0.000982675862612083
0.000377217297079472
7.555056742004998
-4.51793958829452
0.14137263403080255
0.43063837456142023
0.06110507962651201
0.011608892593869052
0.0003901926679808884
8.197294376532314
-4.268648315734414
-1.5436946525812711
0.7306363847932886
0.10873178486306562
0.001067360460492642
9.787723884512584
-3.5449002205922446
-1.082349150641839
0.8728993615258959
0.01106912630069327
9.190227634228236
-5.3861254888844865
-1.383463380762875
0.34500997295885144
10.877474004220383
-3.248860457054801
0.14264427377462155
6.365574530356836
-2.6160283212699786
2.2036413748749695
1.0889379263999208
0.3314731615320917
0.07212011662958799
0.05274556197531617
-0.020827859801366172
0.01110448112858422
0.002824979645710674
0.001507581814473735
0.0011464798428446664
0.0015988196755673011
1.9362939231430045
-0.11310323198053097
0.04892801663371872
-0.016086962895185474
0.04679407936546659
0.007443419636160783
0.0015708057852807074
0.0004492152772168813
0.0005387319716318065
2.326671526375404
-1.4115408489325132
0.028776957118520338
0.13817674030925714
0.019323593334464366
0.0021657967707906073
0.0005094709379854408
0.0001994486128601715
4.613733691557718
-2.6880985330854323
0.21215512687152138
0.18316120381561465
0.028719222074494892
0.005127317791419986
0.00022872081367673593
4.983274015621358
-2.9323263997818882
-0.5554404265275512
0.3375160026527819
0.0414810468280096
0.00033257426275183145
6.461015139632879
-2.7868948982393253
-0.01572922623587096
0.4796293730458723
0.002300526813038465
6.247350988145345
-4.360964726657001
-0.42962088668739534
0.10405631532660677
8.36834167820171
-2.7708609321983158
0.45330767815382617
4.788356063940413
-2.292490971618754
1.920959456062175
0.5972891311894062
0.19614238128048173
0.04138495875115722
0.036352431182377305
-0.008439983401718013
0.005753330211998157
0.0011526604436517523
0.0006305995243640379
0.0005848880530900934
0.0008000273752172382
1.3429325467463102
0.2382914830301521
0.06591286032573233
0.00129530407053017
0.023128930993620865
0.0032702481737091954
0.0009723354844136211
0.00018098814451497042
0.00023414278049669067
1.482920680082354
-0.6223040257183787
0.04013397418735048
0.06601991816959285
0.008133606273416801
0.0013559849028864901
0.00021262880906318193
0.00011167673254788244
2.790619020193391
-1.3557337569903805
0.15810783102378115
0.07783828895806275
0.014188702275110696
0.002249944725642809
0.00017674725422365102
2.809512306246327
-1.7398037345937702
-0.16107162028173763
0.1508266610639927
0.016189286933289332
0.00019679889331698382
3.9208166201632095
-1.8308249017054068
0.28489014888015546
0.2316731365257338
0.0006610200882878928
3.8649196111416226
-3.0504127764564175
-0.07460585984391305
0.02862485938219444
5.780433023924441
-1.905897794083964
0.3891200412877922
3.2869266860872486
-1.7727235694451848
1.5653705625068912
0.31015919434680395
0.10542946188123264
0.020803149145864872
0.022944492712672234
-0.0023311738270483996
0.0028728278824826847
0.0004804784354802639
0.0002593389108733469
0.0002968357890060079
0.000408639491823594
0.8990467059416126
0.36790075570329206
0.05169013121786732
0.009158231346691355
0.011001318959214431
0.0015620616369155724
0.0005846159937089393
0.000054821143418562226
0.00011992387572436903
1.0487033864679198
-0.232082230341893
0.03684274188822936
0.03103971861196464
0.0035997249769384224
0.0008182125856742449
0.00005629506987672266
0.00008173637972295348
1.6803446708725536
-0.5509622267014365
0.10626768273852961
0.03472080486027267
0.007115842486132802
0.001024338799420797
0.00014573573947807846
1.4947630425414626
-0.8845553903875194
-0.023677430591661896
0.06720155857300256
0.006450905799985164
0.00014922568439236907
2.2933454338636223
-1.0317317306313605
0.2648504964185331
0.10364794067588375
0.0003210343562109022
2.215636501985618
-1.9057373531097945
0.021831400298858744
0.008963612913045335
3.6103937713457546
-1.1436677825688912
0.25869050406845084
2.0660142746292087
-1.2461722760349216
1.2332745831870144
0.1513564389839959
0.05510819287722998
0.009870823961001285
0.013161378141572306
-0.00024219118197403615
0.0013486582678502188
0.00019271720233395378
0.0000896858855077549
0.00014864535439073213
0.00021117119500643959
0.5675346280856488
0.327422231063035
0.030762910985585482
0.008428405377408377
0.005126669614484044
0.000773553128140839
0.0003361791228675694
0.000016329900909050536
0.00008085151915269235
0.7164267463586634
-0.06916372575466574
0.02699483919040517
0.014887116529495282
0.0017342117825637617
0.00044685670608446686
-2.686299782251276e-6
0.00007728523301162982
0.9840502097367756
-0.17261867592295993
0.06904711353952486
0.016822504327709546
0.0034048781699815033
0.0005030449026714712
0.00010766525423619698
0.7521354184415877
-0.38108979520607106
0.015238955685532544
0.029284477442681763
0.0026330367054144244
0.00012138467298524025
1.346322750480319
-0.48945261280145647
0.1659415432721086
0.04414830928952727
0.00024957944862575253
1.1930507671924853
-1.0756266471363958
0.03290172880080986
0.003212732605873396
2.044792732796135
-0.6237056929980905
0.1556308639617007
1.2055052959770374
-0.7908927792411281
0.9375194153263232
0.06620517577328831
0.026481087969186346
0.0040160993143431275
0.006769961851295856
0.0002039690518906173
0.0006149997624669675
0.0000942333363261201
0.000040980926662736607
0.00006582812885535249
0.00010346811757123261
0.324789659913684
0.21201843190874137
0.01759638405966705
0.006070345855543909
0.002362520331250221
0.0003807258072068215
0.00018107055985390773
4.652799888501975e-6
0.000060212808086876404
0.4297563530624447
-0.012844799202047272
0.01620230752670324
0.007254754047059765
0.0008642913314240767
0.00022747538748018578
-7.205300364549916e-6
0.00006602251888125903
0.5363246365726511
-0.03612866629113725
0.04190469730333419
0.008424610627736279
0.0015256790390039351
0.0002599856024132619
0.00006826616723797302
0.3587159304292375
-0.1295164225400034
0.0192662903565146
0.012181579647866375
0.0010995820341259813
0.0000863234853389478
0.783929781914193
-0.19474515417170316
0.08567389171811542
0.01811672716273925
0.00018193669812052734
0.5999734229484395
-0.5530381748161431
0.023759658300563084
0.0014212544314914375
1.0565195178593392
-0.30881583861197737
0.08440352759027699
0.6596639627625824
-0.44596012324940254
0.6596546697407413
0.02622464375373939
0.012273393367715069
0.0011093891827468117
0.003146706446463326
0.000276935519556285
0.00027168857404285537
0.00004501062531583855
0.000018560317144728077
0.000026529138118800075
0.00004521727563128127
0.16700606280802754
0.11936244840094153
0.009460205472500342
0.003088468616665522
0.0010862914684653111
0.00018115283697743068
0.00008750783595364414
1.6616110022407695e-6
0.0000402986363511519
0.23512315414169943
0.0035387817861982232
0.008319868665457076
0.0035077856899124386
0.0004186619473398931
0.00010722552132994755
-5.146685488728541e-6
0.00004516744554075527
0.28594029483973954
-0.0009999533389142333
0.023357932212094413
0.0040994751317193975
0.0006410874138797411
0.00013522457934597932
0.000036837541928747306
0.1608669939101744
-0.03206811178667711
0.012919552349335344
0.004816012058603349
0.00045227097602957764
0.00005192961423042856
0.43418391733751255
-0.06383957133858174
0.03888344387018311
0.0071375669694246306
0.00010805766340453358
0.28298856162823116
-0.2581994799392938
0.013845218892918504
0.0006854309868723173
0.5016716337007096
-0.1353673342537527
0.04138216245601152
0.34577327984325673
-0.23600296818648295
0.43724069635682045
0.010699885865746349
0.005503271921892338
0.0003668809703405223
0.0013673992747571552
0.0002116182982665776
0.00011639354443193734
0.000020894759428664858
9.13383684142264e-6
0.00001203859466262725
0.000021847518373350178
0.0785516887721838
0.06142674016185666
0.005167999688725183
0.001531778281159151
0.000492206360810772
0.00008069628199041558
0.00004024910805860823
8.208047735355652e-7
0.00002399510784413684
0.12196177418912803
0.004726857992588119
0.0035921006743272334
0.001666598167693403
0.0001828411537115541
0.00004787233723795333
-2.975883170406465e-6
0.000027673842302414283
0.1479263241387954
0.0026973636583241434
0.012172382259838984
0.0018587709717614255
0.0002546966407173633
0.00006601584813296277
0.00001859131631850479
0.07345336354224787
-0.0036829481157719984
0.006768752574345928
0.0018019506718055015
0.00017726513918232147
0.000029646391811244924
0.22289766862710644
-0.016471481502703004
0.015812812247086565
0.002690644621474244
0.00005367918663623422
0.1278687545463858
-0.11097172079531288
0.007057468521971349
0.000323171496001288
0.2226674555981544
-0.05179899280976122
0.017751226042304138
0.17696930266806007
-0.11489816352658294
0.27548312785749846
0.004231354085588567
0.002133911004459549
0.00013040253148856933
0.0005603121947800393
0.00011861616091831047
0.000045018766224457636
9.304734523983587e-6
4.178570430572106e-6
5.145908486696056e-6
9.54644510082847e-6
0.032974294239006684
0.02775397583722073
0.0026890230892987308
0.0006687223280260465
0.00022900810422575943
0.000033349363349775705
0.000017217667936999897
3.465228183699574e-7
0.000012996128142442796
0.05612967854176019
0.0034279870221920975
0.0014256558742297898
0.0007669457591408075
0.00008148503991396742
0.000021690058958833323
-7.182034841888187e-7
0.000016260141090453872
0.07610700983863648
0.0016494154092978643
0.005958160415466773
0.0008067169442644881
0.0001051554649530907
0.000031123948525501775
0.000011220066949343097
0.03381366408704062
0.0017767190678630905
0.003116307957940207
0.0006693633766869342
0.00006811601359012234
0.000015743121090213843
0.1107907298745878
-0.0027474298497579025
0.006279825501844495
0.0010020337931317502
0.000021595138580544605
0.05766606219246912
-0.044945395415083814
0.0030946479118991455
0.00015183962130644384
0.09546959486914293
-0.018427068489663093
0.007057390014296391
0.09016258218807165
-0.05205505607644809
0.16636807109362056
0.0017038442863955105
0.0007663482263227656
0.0000950270165071521
0.00018990529737908648
0.00006465351616098738
0.00001792295270524824
4.1630626706183505e-6
1.9223083986495938e-6
2.499347868902974e-6
4.825930259990668e-6
0.013481731706589936
0.011424017378920907
0.00129873130308681
0.0002624037177521678
0.00010875785444024027
0.000013312789173384357
7.208243416227477e-6
5.584540177408997e-7
7.135060278461518e-6
0.022588834081487062
0.002479022709398449
0.0005408300297385728
0.00037451068573670813
0.00003470356364391828
9.381709257011031e-6
5.486391780337303e-7
8.907264258805215e-6
0.03787649941399961
0.000918967869867993
0.0029983787717349215
0.0003521183755387847
0.00004193524514735086
0.000014526070052209912
6.499391873982662e-6
0.01585157102987224
0.002350336117033946
0.0015606713226251879
0.0002531921473733748
0.00002659871017109626
8.400998706776779e-6
0.056258813081851024
0.000651309411205829
0.002461206190863108
0.0003795574607673239
7.849147363402318e-6
0.027652833897822183
-0.017747733544269104
0.0013688002991214933
0.00007215804387853168
0.04099973593747739
-0.007253910646685483
0.002704584478389108
0.046933988121350446
-0.022287259118392962
0.09904929438469924
0.0008089137435332004
0.0002706961522221726
0.000019858849157606652
0.00004814493912122908
0.000029194716837845385
6.868471045778526e-6
1.939992347572861e-6
9.030286362299375e-7
1.345300745129765e-6
2.7442630328965953e-6
0.005684517842353263
0.004603618462588898
0.0005657394421096647
0.00010932309782192823
0.00004723117065321665
5.435163180085864e-6
2.9117452697166384e-6
6.656168496925907e-7
4.295350885711768e-6
0.009339171379020817
0.001347762499942411
0.00013248252024514954
0.0001696638399823799
0.0000145254525856778
3.457113260407916e-6
5.904903575164221e-7
4.943988639579021e-6
0.016631129080375274
0.00019871953011870583
0.0014011187580986427
0.0001570236628541491
0.000016414129607773873
6.1691087679862564e-6
2.947056833051758e-6
0.007316769684592399
0.001624251560962102
0.0007789395404865522
0.00010253843399693783
0.000011043661738522064
4.5372229646238315e-6
0.027940323891876465
0.0007629921278887845
0.0010255456889477787
0.0001521547298670785
3.000056337051606e-6
0.013499463408251595
-0.007181181127997675
0.0005646616703861439
0.00003612310775216051
0.018713916256467435
-0.0034054961965233896
0.001097882354413065
0.02628433267851825
-0.009155408915611353
0.05728082186820845
0.0003880440558295778
0.00010033173622355303
8.934406242653906e-6
0.0000132647607940477
0.000012599823872453269
1.9792775493169733e-6
8.5505745405591e-7
4.792503337097497e-7
7.905368170995197e-7
1.6640683825724886e-6
0.0023338301608256846
0.0018827310995347551
0.00022754733847621159
0.00005161546345710802
0.00001763468822818751
1.909423922100417e-6
1.2615366237561322e-6
5.14825391454075e-7
2.544511337922752e-6
0.0039235940031303995
0.0006586649440195211
0.00003256571998065037
0.00006669693130642605
5.549659078142708e-6
1.2290184365312514e-6
5.044555179253926e-7
3.052095799670607e-6
0.0075869814999380255
0.00005136911891867992
0.0005720308755900443
0.00006208158156975931
6.198144655953034e-6
2.7080067384022363e-6
1.698994104387065e-6
0.003038807151078652
0.000781875673606681
0.0003249498286570011
0.00004012748187851485
4.4481065642186305e-6
2.170421424562123e-6
0.012047862910045965
0.000367359316291913
0.00040668249125338834
0.000059620944299753255
1.233769890900334e-6
0.0063553328702440175
-0.002901420648710353
0.00022541604398328916
0.00001814723834138502
0.008664760613902407
-0.0017838072882445234
0.0004556533744871052
0.014865523612712248
-0.0036735105529264074
0.03376225893241506
0.00019171070842754928
0.000046778141902580376
4.72615530686508e-6
7.997537207085304e-6
5.693654159990612e-6
5.811261342491349e-7
3.5841597816681183e-7
2.772661894802659e-7
4.805806152968969e-7
1.0375110099267394e-6
0.0009385096322536554
0.0006949791814907048
0.00010742511437727342
0.000022567563480725346
6.55380288586953e-6
6.841079401686643e-7
5.467659673663884e-7
3.461390777227062e-7
1.446494519940211e-6
0.0014620505203567999
0.00037770687928730676
-1.1274191180843936e-6
0.000026789251153163032
1.914263345784821e-6
4.104961732214295e-7
3.2893151050981314e-7
1.6589431766576688e-6
0.003887814311671655
0.000012984363936870903
0.00023061149948130747
0.000024690126631188116
2.2342177848026656e-6
1.3592064127104078e-6
1.133611033047174e-6
0.0013332092148225457
0.0002840722320919418
0.00012935039799696476
0.00001539503638830996
1.6791096955215466e-6
1.1843538687993175e-6
0.00482904028852634
0.00016318289765304515
0.00014985843463472792
0.000020766115832070885
7.210033397343073e-7
0.0026354758614069054
-0.0010469863306293388
0.00007619632519863827
8.876338067291949e-6
0.0036603197172683363
-0.0008314104456855129
0.00018757381050482977
0.007795686431762188
-0.0014380349824900242
0.018647373459747457
0.000095990952178062
0.000024992803674478442
2.586168134657055e-6
3.3235341518660903e-6
2.067416547794473e-6
1.2989730620313448e-7
1.567653535675286e-7
1.672359856045051e-7
2.983377993055216e-7
6.718208908060983e-7
0.00039108465185701274
0.0002727945777547061
0.0000422680446811419
9.139667251920483e-6
2.2524350432379713e-6
2.59012414640329e-7
2.5988024817470157e-7
2.366454536428617e-7
8.459410288212604e-7
0.0005955810025182733
0.00017260792263305437
-4.73952187749718e-6
9.888156375378135e-6
5.627904113017975e-7
1.6211581674798175e-7
1.937878498306324e-7
9.361574078915927e-7
0.0017179332505780126
9.057573798924505e-6
0.00009389610140430414
0.00001051856616875091
8.995882338271472e-7
6.254490412582049e-7
6.729979488051647e-7
0.0005742906932144011
0.00012070675795330507
0.00006455128628144594
6.787052568422759e-6
6.477467177040315e-7
5.864752372896755e-7
0.0021857032922319663
0.00007705262860838311
0.00006130569063434973
7.111763750749821e-6
5.755599356902711e-7
0.0011303088926816552
-0.00038612152102807215
0.000017474007778637644
3.7833019474912865e-6
0.0014749785521620186
-0.00034966129599838024
0.0000618719566183016
0.003345981912645304
-0.0004829816952741351
0.00936915055382503
0.00004955365977309317
0.000014038667357550233
1.7047515344867184e-6
1.6342397081227012e-6
7.348519868750908e-7
3.942328950290065e-9
6.126419636455698e-8
1.0357711432106025e-7
1.9172897032784935e-7
4.856482226330035e-7
0.000154739130994783
0.0001008462195497044
0.0000176223441397579
3.711275002185594e-6
6.161344480743519e-7
7.915853575838699e-8
1.253032742772601e-7
1.6244597706992656e-7
5.270415875216113e-7
0.0002561603148459086
0.00008923593625255031
-1.6348133989140465e-6
3.3812466852029798e-6
1.6524466250102657e-7
6.882877854530569e-8
1.206503796341527e-7
5.102190080698158e-7
0.0008482515797832541
6.243889393596883e-6
0.00003517963109903281
4.0097546960413895e-6
4.4357617693052393e-7
3.504440569034281e-7
4.879857690100454e-7
0.00022972851889669501
0.00004126900451061113
0.000027244652385722452
3.0613522534841297e-6
2.4793540035821137e-7
2.3124356437938453e-7
0.0008523804491406396
0.00002519659028772954
0.000026400019640172428
2.770895799335456e-6
3.495434240158901e-7
0.0005220742520920897
-0.00017011754716546307
1.7168979621475869e-6
1.5518835346825615e-6
0.000654851788772113
-0.0001392807659997078
0.000019080292472298533
0.0014145752776466495
-0.00018606592638193567
0.00421320105021959
0.00002640583342884475
8.06463720129993e-6
1.0583725636081531e-6
8.869995136316043e-7
1.2666428415263153e-7
-1.5891540769037958e-8
2.1118987545631494e-8
6.446735196992376e-8
1.2663923788516892e-7
3.579808840859523e-7
0.000058945363506820855
0.00003448392997546199
6.009938768236876e-6
1.0893784562612579e-6
1.1259417896419687e-7
1.5214688953961368e-8
6.866832712657974e-8
1.1003667485401091e-7
3.493647242235977e-7
0.00011490860457537912
0.00004282303581418552
-6.698321105582851e-7
1.188886127178245e-6
3.317058114735079e-8
3.5044126933375846e-8
7.261191662088373e-8
2.8854526871708053e-7
0.00039144166695147654
3.6250355249918914e-6
0.000013678187936542026
1.5537320118665162e-6
1.9781323206791634e-7
1.8213153285509488e-7
3.209594771137559e-7
0.00009536159049584754
0.000016165005794911207
0.000011896319559117787
1.232335897523707e-6
1.018666682485651e-7
1.3599842360115739e-7
0.00034508945106889646
8.23622135364389e-6
9.311112133390853e-6
9.150033023836353e-7
2.5433266673577306e-7
0.00021671963797632082
-0.00006655227224734748
-1.4767111924375458e-6
6.958340632639956e-7
0.00025829238967591754
-0.000056697746987203805
5.783723366636849e-6
0.0006106723379584317
-0.00007456477920265153
0.0019445244131627514
0.000015387741386284592
4.851437259311933e-6
6.90298105621523e-7
5.199284543672727e-7
-9.563406062999261e-9
-1.6690923801340485e-8
5.553809931410921e-9
4.176701169003574e-8
8.785502817707172e-8
2.581075548815258e-7
0.000022011817781349182
0.000010360522146490777
1.6382370411060115e-6
1.7702309848442306e-7
1.3000791929804518e-8
1.5036127149141682e-9
3.813766229958004e-8
7.378105484853629e-8
2.274340644576474e-7
0.000051395184664977366
0.000021070064059635434
-3.067657231677019e-7
4.918007230340394e-7
1.1656120396465102e-8
1.841887885869569e-8
4.4887340106319323e-8
1.6166607129313026e-7
0.0001905674077228266
2.3853092650802626e-6
5.37212737031438e-6
5.863037262181286e-7
9.812349515214306e-8
9.965978132268315e-8
2.1829290774670363e-7
0.000039922499733164695
6.833043015678895e-6
4.899688028701977e-6
5.397870080100903e-7
4.1812167341982764e-8
8.292604418233371e-8
0.00013417726096349636
3.2515654851532575e-6
3.578639826588579e-6
2.807140692060991e-7
1.5565880637044627e-7
0.0000968925373262011
-0.0000266507986448943
-9.755919291474516e-7
3.1630265608503924e-7
0.00010067681528320919
-0.000018889212255503387
1.7223421405526043e-6
0.00021759820080701213
-0.00001830796395318708
0.000809649713148877
9.222163744568398e-6
2.898249305520036e-6
4.549782735391828e-7
2.941730288269203e-7
-1.0024421382392804e-8
-1.4635880750033428e-8
-5.203761643034864e-10
2.7036624322680614e-8
6.147025955501127e-8
1.8565949400024887e-7
8.34984104650965e-6
3.218716115063833e-6
8.464197683120978e-7
3.902322026073513e-9
-2.5064477229912604e-9
-1.1110486925568431e-9
2.1791039583365453e-8
4.6792965705970694e-8
1.431213091154958e-7
0.00002274524197447433
0.000010628972634028428
-1.2973479410676327e-7
2.0991801188657118e-7
6.054102778294129e-9
1.149748060898011e-8
2.8469176445866042e-8
9.53523582268843e-8
0.00009303711546285519
1.548650461660496e-6
2.0561549212706763e-6
2.1324702213021576e-7
4.785962701668642e-8
5.7401320125088835e-8
1.4771596350837646e-7
0.00001864781857846994
2.839513239485124e-6
1.9911721566814896e-6
2.2606664452068107e-7
2.1422280469955043e-8
5.861125163595681e-8
0.00005072209745518985
1.3323218510848698e-6
1.1677695971756532e-6
8.174385901234299e-8
9.554906489804683e-8
0.00003940655404544254
-8.942164700442158e-6
-3.902099281397229e-7
1.539266179143278e-7
0.00003802095459907699
-6.165937881310537e-6
5.782518705571868e-7
0.00008326930048833358
-3.944452542239524e-6
0.0003158895865461006
5.6309899796156525e-6
1.770759278195131e-6
3.1282729381642446e-7
1.6882214228248455e-7
-1.0966445760170053e-8
-1.1909789071593853e-8
-2.286476997683805e-9
1.7763801403098747e-8
4.277268402549061e-8
1.2729361220860918e-7
4.100593583506209e-6
1.2392345873756902e-6
4.978729459104958e-7
-4.500057242159262e-9
-5.925547483690462e-9
-1.7769734241611826e-9
1.347907794711753e-8
3.201760774416262e-8
9.611476976353611e-8
0.000010170071510729263
5.558454902709054e-6
-3.8643973404127783e-8
9.113269571534732e-8
3.965504940268161e-9
7.4389561410036686e-9
1.9618199794534915e-8
6.20964696222459e-8
0.00004744109841048185
1.0183540319236817e-6
7.860911957438648e-7
7.363993667943448e-8
2.4706056370652242e-8
3.757078030872192e-8
1.0324400102679757e-7
9.317885506447674e-6
1.1880998049888413e-6
7.663395684663717e-7
9.694238341855296e-8
1.2901124807506073e-8
4.112580704214308e-8
0.000017414401206345473
4.919915004239838e-7
3.131967375168441e-7
2.994991756305954e-8
5.780475417015597e-8
0.00001626141310168181
-2.6960718540351456e-6
-2.002869975094181e-7
7.777963913010393e-8
0.000015306341937108974
-1.1280341165127246e-6
1.4474269243457757e-7
0.000029593676323036196
-1.1386852649699817e-7
0.00012027280910232925
3.483011461925603e-6
1.1106126035464206e-6
2.1549065583632314e-7
1.0155888341281754e-7
-8.02083577084153e-9
-9.062564908127614e-9
-1.8532178280544201e-9
1.2304767823982592e-8
2.9706405885884242e-8
8.647740947432689e-8
2.3190362089718824e-6
7.7414342205958e-7
3.1526847435309904e-7
-4.935873823127282e-9
-5.14218445168977e-9
-1.480837268818101e-9
9.160021402710248e-9
2.263812481673093e-8
6.708070135955402e-8
4.8717140122377265e-6
3.02835557842472e-6
-7.894032888838417e-10
4.3928497601436695e-8
2.200928681284875e-9
5.855298801526567e-9
1.5452968916888283e-8
4.785098511997786e-8
0.000024674212501975622
6.96137711638103e-7
3.8052974554566213e-7
2.308236841781226e-8
1.3634754992429185e-8
2.5763285849103455e-8
7.38914000962092e-8
4.875149929447413e-6
5.654850572883483e-7
2.809738153214359e-7
4.390169890043281e-8
8.79871026319515e-9
2.9239814867891533e-8
8.38180262111822e-6
2.1580711932552286e-7
4.259105838767785e-8
1.4010605716310224e-8
4.079892691251901e-8
6.988024014513617e-6
-8.932806776964234e-7
-1.0619796827181069e-7
4.19456025664772e-8
7.0048149074488015e-6
-2.87166780490755e-7
3.180323047441652e-8
0.000011623448397545194
7.794630958182497e-8
0.00004510146411067777
2.1902232566518442e-6
7.069630803298671e-7
1.499521981890813e-7
6.196725239439882e-8
-6.106826677980494e-9
-6.723985489000554e-9
-1.3954311265569098e-9
8.537991237691862e-9
2.0641878103431105e-8
5.8642595429743454e-8
1.4117665207040198e-6
5.668299983918751e-7
2.1146069978989076e-7
-2.005655683959418e-9
-3.902783178557499e-9
-1.1633929522356102e-9
6.5355288281809575e-9
1.6499417886726352e-8
4.8404377358075356e-8
2.3527791411621087e-6
1.6877626475751761e-6
1.4444316574362162e-8
2.2149612448734205e-8
1.1434413533647813e-9
4.67812390392505e-9
1.2339113365307531e-8
3.768794423780796e-8
0.000013040573011898636
4.876666744647807e-7
2.0916281239565117e-7
8.445337273595191e-9
7.979701463487272e-9
1.8046052441140256e-8
5.329299533725981e-8
2.632021246522113e-6
3.0365011541664205e-7
9.222612180106411e-8
2.0438777232139997e-8
6.432221320975505e-9
2.1741495348847156e-8
4.543595074858452e-6
1.9647406277049074e-7
-5.437109531529334e-9
7.3359729110842855e-9
2.9422372560526465e-8
3.018970777528195e-6
-1.7344779410632812e-7
-4.852601078044578e-8
2.5368165859404547e-8
3.484297154396004e-6
-4.06400251967243e-8
1.796827216931654e-8
4.904556001039087e-6
-1.2668538283554702e-8
0.00001640448243960105
1.403499024675229e-6
4.633293259757138e-7
1.071884793456744e-7
3.89787929730247e-8
-4.563830554842273e-9
-4.9046534186782555e-9
-1.0125893631739929e-9
5.964060996898976e-9
1.4432627252373896e-8
4.057957435037643e-8
8.93972976961943e-7
4.2126107451636175e-7
1.424094542410376e-7
-3.6582585722940624e-10
-2.9650781981891868e-9
-8.740889348771927e-10
4.7351023808676394e-9
1.2072999059558511e-8
3.531044582095727e-8
1.183818563360451e-6
9.676454667345883e-7
1.9104374311348705e-8
1.1683775765649082e-8
5.500960516877326e-10
3.7442176179966784e-9
9.880619383613149e-9
2.9966935219347753e-8
6.990621018930086e-6
3.424662321875097e-7
1.2186076313092442e-7
5.404996086876037e-9
5.126465218378885e-9
1.2798392575266497e-8
3.8568047120810844e-8
1.4710579124268646e-6
1.9433602585377044e-7
3.695458628036299e-8
9.606754834890418e-9
4.889334736673604e-9
1.6654671319087615e-8
2.538803385013988e-6
1.9052670405650415e-7
-1.2203212460039121e-8
5.053955368045977e-9
2.0919032144888374e-8
1.3434331476276895e-6
3.392185123833562e-8
-2.0327225832752918e-8
1.63403790108284e-8
1.826643133422187e-6
5.1378185934981855e-8
1.1534065215978339e-8
2.1180746945049104e-6
-4.106488760266627e-8
5.770970681085405e-6
8.975634763946517e-7
3.0732621410442277e-7
7.683322309690151e-8
2.457263971690499e-8
-3.304330615658568e-9
-3.521979938846287e-9
-7.140104758789705e-10
4.145711664007099e-9
1.0008479895977386e-8
2.805334466435753e-8
5.914676924045264e-7
3.162015781982224e-7
9.664723282730883e-8
6.576454240987251e-10
-2.2746840391133203e-9
-6.54086632389895e-10
3.4794441558643815e-9
8.884967082724835e-9
2.5988979457951108e-8
6.634527255824565e-7
5.66898061743625e-7
1.852770630665462e-8
6.2052919301959226e-9
2.161671916210003e-10
2.9861929160991914e-9
7.864641377525529e-9
2.3806938186818208e-8
3.746544821743926e-6
2.3869202872467896e-7
7.234042178005607e-8
3.783323928938943e-9
3.4691913859392114e-9
9.028364275842493e-9
2.764509977176169e-8
8.473357230565481e-7
1.3513034691709864e-7
1.8040913144171226e-8
4.680376310352634e-9
3.76870802137922e-9
1.2881254986119117e-8
1.4589945152090901e-6
1.515282119505383e-7
-5.904240844638648e-9
3.642823707763052e-9
1.5058609108943102e-8
6.172632218641314e-7
5.734669207480296e-8
-8.144289762674527e-9
1.1057589299669072e-8
9.866499195220657e-7
6.745217783110678e-8
8.009019745231128e-9
9.441162019492283e-7
9.345219821511542e-10
2.1154412240839627e-6
5.771876498340467e-7
2.0421535501476137e-7
5.432865090633625e-8
1.5656312517995615e-8
-2.367207353322485e-9
-2.4746593167851176e-9
-5.051746960047785e-10
2.856161305826279e-9
6.901154969304396e-9
1.9328948355645742e-8
4.004773887288616e-7
2.3422908329919415e-7
6.676110017817354e-8
1.1887816240304161e-9
-1.6800939580438093e-9
-4.882745684209028e-10
2.5439681234280686e-9
6.511504461549322e-9
1.906803553182172e-8
4.3640908242122216e-7
3.4080243507072606e-7
1.6217316498759443e-8
3.390625079921924e-9
4.318721584044715e-11
2.339498786875065e-9
6.15684161940604e-9
1.8648154595588562e-8
2.0081103538220413e-6
1.6599099990503932e-7
4.3912268317461724e-8
2.698992486894624e-9
2.412239312649275e-9
6.4340839803635365e-9
1.9955999447690592e-8
4.976001963365775e-7
9.493139333557131e-8
1.0715862990411904e-8
2.421316730037008e-9
2.9078971781272744e-9
9.948737433265256e-9
8.600999990834382e-7
1.1606600256460213e-7
-2.2595857759428287e-9
2.75454225959383e-9
1.1017890154702276e-8
3.0372589114202525e-7
5.3941764444295864e-8
-2.321193527593886e-9
7.868604225651043e-9
5.493920523409795e-7
5.6853571817102005e-8
5.868901956706679e-9
4.6140492106936226e-7
9.95459846878335e-9
8.672240002629639e-7
3.734034869013064e-7
1.3667454607854774e-7
3.6247460911729616e-8
1.0393249148153705e-8
-1.5771074807346111e-9
-1.7047397090321536e-9
-3.603166133586352e-10
1.9508910447484197e-9
4.73333552078112e-9
1.3256268537254669e-8
2.764385140382132e-7
1.5977167526219722e-7
4.658995595320884e-8
1.1697192418255391e-9
-1.2277357319033554e-9
-3.6790584053764827e-10
1.8467273173511492e-9
4.743394096088272e-9
1.3906505420152927e-8
2.767426722466005e-7
2.0293361940396293e-7
1.2230349346935742e-8
1.892284101004786e-9
-3.4882599335002126e-11
1.6798859146797485e-9
4.423510121957559e-9
1.3421956795810987e-8
1.0707195938641271e-6
1.1497951936175954e-7
2.695166011764651e-8
1.9260513417079945e-9
1.7021498089198644e-9
4.583643810456171e-9
1.4359824796278147e-8
3.08181337755101e-7
7.139064053529318e-8
8.378536580366175e-9
1.4079913332275388e-9
2.2909178586669804e-9
7.84731604115586e-9
5.207526293203424e-7
8.806521554583026e-8
-3.3178285651149914e-10
2.124400442765425e-9
8.22509713100776e-9
1.7331126889828935e-7
4.18862624043611e-8
1.37444133676188e-10
5.771695828558677e-9
3.1631307582689123e-7
4.6800639003753816e-8
4.48031570187356e-9
2.4912833568389605e-7
1.1845355494639623e-8
3.7791026137335864e-7
2.4007471472780364e-7
9.064319437678342e-8
2.4237628412562196e-8
6.9489141406762375e-9
-1.0119705483506386e-9
-1.1576795547571405e-9
-2.5119548942692833e-10
1.3172394776742037e-9
3.207240972546739e-9
8.992294032563157e-9
1.8856347331492665e-7
1.1076138596798274e-7
3.2370333340222604e-8
1.0423811319724324e-9
-8.802354015799572e-10
-2.7192076971107894e-10
1.3194169633481437e-9
3.3986930151153796e-9
9.978216990815564e-9
1.881993126906399e-7
1.2268012655822464e-7
8.918031454526625e-9
1.0342404603069538e-9
-7.128401680251006e-11
1.2157639705831458e-9
3.20293616736842e-9
9.733108263507395e-9
5.675579728252769e-7
7.968111930698705e-8
1.6743120506612862e-8
1.342817680766273e-9
1.2097212684927102e-9
3.252438051896278e-9
1.0264918589003603e-8
1.9896484702423873e-7
5.467511703038417e-8
7.13158714081649e-9
9.376076315224599e-10
1.800842677610457e-9
6.174723423902338e-9
3.220708133465241e-7
6.561722938944715e-8
7.184709372088553e-10
1.6318945068227276e-9
6.203761684877421e-9
1.1910478497324469e-7
3.2772583803874204e-8
1.0438123746567941e-9
4.428520643294092e-9
1.9103573621045797e-7
3.586241945865421e-8
3.5139524313992804e-9
1.411402512135812e-7
1.093031542509147e-8
1.817091779471947e-7