2.195037379797718
-1.0659028312118988
0.05632086008142902
2.4907916724484394
-1.3721166678372654
1.5235915471005421
1.6713819191395505
-0.7152019656495401
0.019829738863677022
1.901046788361697
-1.0878453612041745
1.2263819942710403
1.2215424370681327
-0.4317488215955984
0.008047970566125955
1.362463523088755
-0.814693814473059
0.958697022865703
0.9029889183338334
-0.247956207260274
0.003449026142441894
0.9279681247137411
-0.572088653814439
0.7087831512084646
0.6901599271415904
-0.11378580002517735
0.0015302606997483858
0.6004756772649618
-0.37016411773492436
0.49213676361616665
0.5473325105509969
-0.03303104514365909
0.0007347539109676482
0.400325532383505
-0.22060669862324217
0.3164169464535892
0.3966734426240809
0.003080772599881122
0.00038509557531234606
0.2807853545880085
-0.12055549289072924
0.19298021182264524
0.2681052177328695
0.013117339645168261
0.00020733071556421187
0.1951365206949047
-0.060116926064954924
0.11988420165979348
0.15138809332020683
0.010989943999765097
0.0001129417052980475
0.12540553876979693
-0.027655753671014353
0.07535731964846877
0.08031712814866003
0.007171447619289814
0.000058469040715369924
0.07249842388300147
-0.01190669298025144
0.04781701436413458
0.04088796528049903
0.003937109339297194
0.000029140638034893848
0.038262492043208925
-0.004962790771522073
0.029679480212425013
0.01890537667260875
0.001976098946400976
0.000013135769704868403
0.019437105415474352
-0.0019770403982902916
0.017917388800978838
0.007856479788925999
0.0008825338972905935
5.325634321890444e-6
0.009737658306622729
-0.000801260610736757
0.011210846820529356
0.003402151297724737
0.0003460948752345245
2.1679875456787926e-6
0.004593105816452779
-0.0003287674716354092
0.007217262987282042
0.001530095642329994
0.0001334436723864169
1.0865672729095802e-6
0.001975577533669053
-0.00013556493671660068
0.004700075278886452
0.0006106566879401974
0.00005533204233421771
5.750171035839878e-7
0.0008269863653385581
-0.000052211996654254696
0.00283387120270324
0.00024951366776719536
0.000019752543091427153
3.5193108520410616e-7
0.0003558645210168339
-0.000021188496263373648
0.0013806438930921248
0.00009084945990973948
6.791555393350183e-6
2.3042971717148257e-7
0.0001431733934749976
-9.681866669463908e-6
0.0006046430099208911
0.000029809112647753825
1.56515901551858e-6
1.4921920899653762e-7
0.000056461741281011224
-3.863463182890355e-6
0.0002769900544188673
9.896346755519929e-6
5.040375624239181e-7
1.0064378133342681e-7
0.00002224770857235395
-1.6342340238560666e-6
0.00011193401915957101
4.420296416345646e-6
2.5353379109204157e-7
7.170135047541802e-8
8.996537752634258e-6
-6.006355741304793e-7
0.000046353618801228975
2.414918747803029e-6
1.261590420555112e-7
5.1153084823682924e-8
4.046902895447006e-6
-2.3728834582750178e-7
0.000018587381279829744
1.4220323546346396e-6
6.69238287605806e-8
3.548050007623607e-8
1.9258763107390764e-6
-9.339086557714618e-8
7.638616478983615e-6
8.825599262462014e-7
4.160204217076774e-8
2.5144967184760038e-8
9.869527973845945e-7
-3.2870236140681226e-8
3.2377822194709373e-6
5.59016697152288e-7
2.952064611330876e-8
1.7969992018697116e-8
5.417162727636062e-7
-7.709024715587899e-9
1.4462382017195884e-6
3.620794684460745e-7
2.1518909219945958e-8
1.2901229796522918e-8
3.1026574551842033e-7
2.163554889581992e-9
6.966148078962265e-7
2.3776054008432762e-7
1.5959302954677866e-8
9.2363710862176e-9
1.8828207829864435e-7
5.4999582938518895e-9
3.536826462117865e-7
1.592768421043859e-7
1.2035418478314343e-8
6.597869871984927e-9
1.1905522580318349e-7
5.982173242852653e-9
1.8757510855846447e-7
1.0779335214118518e-7
8.843385519965527e-9
4.689483546785329e-9
7.890167308522976e-8
5.248799580405614e-9
1.0496799435627644e-7