0.000135385532928258
0.00004336556962616924
8.887696513000011e-6
2.550362792154363e-6
8.595081565717995e-7
-2.2688115898847204e-7
-6.276840023906404e-7
-4.3944458315203434e-7
-5.689460872713885e-8
4.274930151861277e-7
1.0734362206252224e-6
1.9338613087790967e-6
3.2099987764013466e-6
5.444935019488133e-6
0.000010690301559646031
0.00005916694411903982
0.000024967957334061193
8.89826577531487e-6
4.268945903343848e-6
1.167158069729529e-6
-2.082798800191817e-7
-2.718474421115537e-7
-2.760329321408397e-8
2.6255499293180616e-7
6.513549756416916e-7
1.173433483262225e-6
1.966149027787664e-6
3.386760827651865e-6
6.77030383378112e-6
0.000033499460818940006
0.00001998067754099121
7.233889496688651e-6
1.2363680445623196e-6
-2.6069924250802093e-7
-2.600092229739307e-7
-4.250500109112657e-8
1.622515476952507e-7
4.145360689630939e-7
7.642943445351113e-7
1.303297058528377e-6
2.2836752844533646e-6
4.646599406221728e-6
0.00002848274864124968
0.000015271557777912155
9.940301596421306e-7
-7.636543560591913e-7
-3.693390740915105e-7
-5.798354041823437e-8
1.2055046384224834e-7
3.0561331439542754e-7
5.688945704945166e-7
9.786477506647665e-7
1.7381225700218933e-6
3.5902957888958844e-6
0.000022301490711001088
9.404592993562947e-6
-9.936770687288328e-7
-1.1835492671302403e-6
-1.954173831448128e-7
1.1033558179732077e-7
2.376622187427956e-7
4.254632319648397e-7
7.374725378608814e-7
1.330215218812954e-6
2.7977768202109374e-6
0.000022153948954452147
8.589413441304665e-6
-5.991038719301699e-7
-1.1796076675948307e-6
-3.358472895478193e-7
1.4323207005119595e-7
2.952475510163234e-7
5.054817864328865e-7
9.253968120232185e-7
2.00315725612514e-6
0.000017435619608534726
9.2142515444548e-6
-2.371611766834097e-7
-1.913220940992776e-6
-5.403761357616174e-7
1.7581740259118143e-7
3.823125532380572e-7
6.565820023774715e-7
1.4550207573487839e-6
0.000015064789425387934
7.025925717528103e-6
-2.081411703520145e-7
-1.8481555016847664e-6
-4.6564945392057724e-7
1.9750132285559006e-7
5.454740224237777e-7
1.1740176489271108e-6
0.000013434340749825792
8.054945920516204e-6
-7.639724267745945e-7
-1.951533841848663e-6
-6.797495637582272e-7
4.2851564294174414e-7
9.827256714116883e-7
0.000011964721150551914
4.7630596671139815e-6
-1.1980403088313668e-6
-1.610553505098627e-6
1.0587416174692185e-8
8.833127646131199e-7
0.000010973844238830259
4.9796007540200795e-6
3.555622647441108e-8
-1.1159693616535252e-6
6.540716154913347e-7
9.578626302955606e-6
5.319717518205286e-6
-6.875538366226163e-7
1.5983136587170585e-7
8.126055166092258e-6
1.973150533094913e-6
4.2826228413235554e-8
7.776225617042962e-6
1.7885428483813795e-6
5.121676914168665e-6
0.00011917705523700384
0.00004106297031213014
9.020782301540496e-6
2.742585241277997e-6
9.952215726053841e-7
-1.2246748602857664e-7
-5.408543734077562e-7
-3.853511702617567e-7
-4.6774960966118667e-8
3.8401194513707494e-7
9.622648643226288e-7
1.7335054729647681e-6
2.8778309458319533e-6
4.884004999884441e-6
9.59579389085019e-6
0.000056879940785470606
0.000025215071838277692
9.603762283930728e-6
4.602871693734663e-6
1.2623507052891228e-6
-1.553353219957711e-7
-2.3744663531220533e-7
-1.710868371632814e-8
2.563175330931923e-7
6.355931202636246e-7
1.148741735929714e-6
1.926670030838326e-6
3.321228630856382e-6
6.6437619194443106e-6
0.000033350771140104935
0.0000203530231775306
8.10216072009925e-6
1.6746740385322993e-6
-1.1432002308939163e-7
-2.0431028044133947e-7
-2.6496318951314634e-8
1.6494515304803206e-7
4.219167827588238e-7
7.829720863850825e-7
1.3364495186532416e-6
2.3431912355066383e-6
4.770227110833135e-6
0.000028498458287260992
0.000015572086699503048
1.940591823633207e-6
-2.5965204257091854e-7
-2.353542668542082e-7
-3.174880583543281e-8
1.2277313058216684e-7
3.1601294316819773e-7
5.961916127280409e-7
1.0272102358433188e-6
1.8253517536834011e-6
3.7717901085381693e-6
0.000022481418127261497
9.599398979786633e-6
-2.9650642045856647e-7
-5.979188740773108e-7
-4.648916163687353e-8
1.0827995938675875e-7
2.375032792814537e-7
4.51007515901614e-7
7.865807169488212e-7
1.4203982983384343e-6
2.9885016637961716e-6
0.00002273761276858861
8.5198729981796e-6
-1.3226472030990322e-7
-4.529323029382449e-7
-5.1761056699336984e-8
1.4583401139053428e-7
3.057766477732528e-7
5.445750195287065e-7
1.007547887797232e-6
2.1841245332225794e-6
0.000017944830048068656
9.206830179566111e-6
-1.3034111783430555e-7
-1.3094723518403946e-6
-1.7347503023183232e-7
2.228631116200222e-7
3.9033075610705604e-7
7.175232174599001e-7
1.611596113711442e-6
0.00001579906385495758
6.949172251988044e-6
-4.314553003668197e-7
-1.2506948686410752e-6
-7.08096433811372e-8
3.0458692144113656e-7
5.7190986521532e-7
1.30596571745599e-6
0.000014373412762343508
8.279664658255071e-6
-1.1622991487156583e-6
-1.4992522900499905e-6
-1.9920166876137941e-7
4.909659445078262e-7
1.0754345148556642e-6
0.00001290673810482717
4.64650826713498e-6
-1.5961762444521683e-6
-1.2809335333125747e-6
3.14321245772507e-7
9.594295605466257e-7
0.000012068353513459881
5.107691582360599e-6
-5.060755517487815e-7
-6.458911110746061e-7
8.288057903690463e-7
0.000010639256687055547
5.6055183262081996e-6
-1.0922617045097689e-6
4.498626227581946e-7
9.047455703013465e-6
1.7802493385009456e-6
5.8228607511049906e-8
8.741749755437204e-6
1.7513810304779113e-6
5.472077159325237e-6
0.00010192915971893975
0.00003713158736962699
8.631502288267161e-6
2.7451029155986247e-6
1.0461136942516579e-6
-4.05208900083769e-8
-4.5391614446162816e-7
-3.293168261829185e-7
-3.88851649427345e-8
3.343446133562923e-7
8.380845981153025e-7
1.5103311477645493e-6
2.5079564919163793e-6
4.258501903990386e-6
8.372181927796694e-6
0.00005271352415823375
0.000024579763042384753
9.828126861346479e-6
4.728356349540016e-6
1.320744170928983e-6
-9.886099126905363e-8
-2.009481236831566e-7
-1.2119890766679246e-8
2.397164432749809e-7
5.980300833918759e-7
1.0832186266941792e-6
1.8186656277982216e-6
3.137606763269596e-6
6.2816470041617485e-6
0.00003241767987183847
0.00002035890438520246
8.701549686195872e-6
1.989766552518806e-6
7.419304573176076e-9
-1.5478276920712126e-7
-1.6822611724713432e-8
1.621182466888425e-7
4.181008655731991e-7
7.775766916474436e-7
1.3280897953196901e-6
2.330074509615766e-6
4.746820214888734e-6
0.00002793276451193948
0.000015781343141137104
2.790380275366322e-6
6.503523303403094e-8
-1.3877836331853774e-7
-1.3107313756082882e-8
1.238832772753107e-7
3.2187997987395917e-7
6.088374791867563e-7
1.0495901861434436e-6
1.8660462046023958e-6
3.8578869275114254e-6
0.000022274942181455386
9.893548182739316e-6
4.4663541131958485e-7
-1.993924906530094e-7
1.8107174000442933e-8
1.060454842266988e-7
2.447495123273833e-7
4.69774681776179e-7
8.19840395852361e-7
1.481130730774921e-6
3.1177139636301503e-6
0.000022729224369652772
8.588624733734532e-6
6.045139625746012e-7
1.3695890896843036e-8
4.957719236635296e-8
1.5636140788106715e-7
3.244141741364602e-7
5.800142129611472e-7
1.0757207715019545e-6
2.333048975188336e-6
0.000018024706933277036
9.200938729649066e-6
3.4386585972063566e-7
-7.035439941640441e-7
-8.920421141318542e-9
2.266587679606751e-7
4.093816326469879e-7
7.789161604960331e-7
1.7538833349308987e-6
0.000016132785424156808
6.867958894686485e-6
-2.3338833726264647e-7
-6.684947006359421e-7
1.0014836382006821e-7
3.2454646800204233e-7
6.16161182593239e-7
1.431575535133263e-6
0.000014936923565990521
8.328896489571657e-6
-1.092284973360328e-6
-8.958739625584262e-7
8.638783356044337e-8
5.014620810390096e-7
1.1786921070957735e-6
0.000013489093929815605
4.45260201078215e-6
-1.5640339222951914e-6
-7.968438235628293e-7
4.237425305795434e-7
1.0312569891583519e-6
0.000012954304664205346
5.067005855466065e-6
-7.094158636925649e-7
-1.4214191479066522e-7
9.118543640733239e-7
0.000011510289369245325
5.64844179443012e-6
-1.070319978748359e-6
6.918838983081027e-7
9.807904245308116e-6
1.5071017512734087e-6
2.2244569955424463e-7
9.670389331977287e-6
1.678484180443221e-6
5.784301452996279e-6
0.0000853476189654499
0.000032199127801709693
7.858084263577852e-6
2.584664444869734e-6
1.0200023511513349e-6
1.5914430901880148e-8
-3.726448241171123e-7
-2.7539179712089965e-7
-3.25568278096297e-8
2.837977631876446e-7
7.122320544080141e-7
1.2842579244550297e-6
2.13359541046976e-6
3.6245655556029817e-6
7.129416074805223e-6
0.00004691331047718831
0.000023005853884632202
9.573444095721294e-6
4.637315223493596e-6
1.329472705232148e-6
-4.514100456256342e-8
-1.6376495465736496e-7
-9.32649415186922e-9
2.159769592106543e-7
5.408673914399546e-7
9.81398510506213e-7
1.6494760254927985e-6
2.8482263724179375e-6
5.707064296208407e-6
0.00003057066517437651
0.000019830613919207234
8.914143722639978e-6
2.1843514992242746e-6
1.0459654387932545e-7
-1.1062104535471804e-7
-1.0486728325967417e-8
1.5479301051736152e-7
3.9985653344564077e-7
7.445114321697998e-7
1.2723690007637885e-6
2.233992170955717e-6
4.554657214497332e-6
0.000026777553977459782
0.00001571197270938133
3.405621906357528e-6
2.863860854358865e-7
-6.136350536762899e-8
4.25256626306721e-10
1.2318386901156407e-7
3.179145046596009e-7
6.015754878624022e-7
1.0374892491591375e-6
1.8456679320734658e-6
3.818276786357443e-6
0.000021660764632496364
0.00001015266206218858
1.0841509396472381e-6
6.902343595258764e-8
5.938424927916988e-8
1.0935248886450087e-7
2.481095242334758e-7
4.756590045270315e-7
8.299579208565345e-7
1.500235954103508e-6
3.1598152033873647e-6
0.000022201174292066216
8.763015234022686e-6
1.3499603863145688e-6
2.852534260207281e-7
1.0120656019577215e-7
1.692277193331204e-7
3.381304656331712e-7
6.032677909178623e-7
1.119953478101596e-6
2.4299302518821124e-6
0.00001775772885504688
9.265372365128624e-6
9.62873588408882e-7
-2.392442907756772e-7
6.365483143966021e-8
2.3365352600169574e-7
4.310112432946657e-7
8.285211951126927e-7
1.8660624698669813e-6
0.000016088555470102107
6.883102040954538e-6
2.439377766167742e-7
-2.7108395446677674e-7
1.487548300790854e-7
3.3526867821194843e-7
6.601010367482554e-7
1.5395626079633054e-6
0.000015077197636749305
8.30947212976231e-6
-6.588938501330063e-7
-4.208823170594308e-7
2.021573415685608e-7
5.25766902989657e-7
1.2732735661233892e-6
0.000013682134400434418
4.363670130849537e-6
-1.2012351637266855e-6
-3.8437793382316157e-7
4.455888576745898e-7
1.1070355546534901e-6
0.00001351171314411682
4.968735501294689e-6
-5.220202456350032e-7
1.840090403066518e-7
9.58967848770675e-7
0.000012055189608941118
5.5892186162635284e-6
-7.403996371626369e-7
8.35003930473118e-7
0.000010312264781122152
1.2854934375737365e-6
4.5256059272319064e-7
0.00001044716944268493
1.622064181062371e-6
6.045654308214782e-6
0.00007077287534898895
0.000027177535284096247
6.876379909856171e-6
2.329773629413185e-6
9.422817096529735e-7
5.055600616844823e-8
-3.0142386752763515e-7
-2.2728585355086603e-7
-2.7161624088720595e-8
2.3731665443851086e-7
5.962331272800459e-7
1.0757717372005465e-6
1.7881100278484457e-6
3.0387528881426452e-6
5.9795088765972655e-6
0.00004016645211484575
0.00002058464143390352
8.889690334521883e-6
4.338594222994976e-6
1.283184983184097e-6
7.514363102363532e-10
-1.2920420729750074e-7
-6.930540152990591e-9
1.88026506824626e-7
4.7159910746564716e-7
8.570354740477106e-7
1.4417847644922825e-6
2.4914983160794106e-6
4.9961224751238665e-6
0.00002775561746865797
0.000018624018190319195
8.678520879290986e-6
2.2487505831016172e-6
1.7762595289464045e-7
-7.352369934763197e-8
-5.252388487852111e-9
1.424968804603178e-7
3.670658235145847e-7
6.840363493130681e-7
1.1696960190933355e-6
2.055313594537461e-6
4.193847851031521e-6
0.00002494557703478939
0.000015173312495443271
3.7268936072780932e-6
4.3760424520179707e-7
-2.982322643848627e-9
1.0642415170473089e-8
1.1868295481424153e-7
3.0221282366066894e-7
5.717471526618496e-7
9.864613489727963e-7
1.756082107357302e-6
3.635662687339091e-6
0.00002056875069202597
0.000010212886027141314
1.5554604447796056e-6
2.4841508598242995e-7
8.942371402894516e-8
1.1216290912753415e-7
2.434527132892756e-7
4.6477772695770206e-7
8.10974844132895e-7
1.4668725387109848e-6
3.09182498034487e-6
0.000021227018382112905
8.927749127866227e-6
1.922434663841325e-6
4.5035668176461743e-7
1.4008678354737845e-7
1.779699277343109e-7
3.419503224650665e-7
6.088257152144217e-7
1.130970167281249e-6
2.455058390026052e-6
0.00001720657005180294
9.316957798851404e-6
1.5358865064241384e-6
7.499346177135747e-8
1.0633523787752073e-7
2.413784939909531e-7
4.45439756449758e-7
8.580559422812059e-7
1.9324373070513398e-6
0.0000157034622787989
6.9780395670505425e-6
7.967261455656663e-7
-3.699940232546041e-8
1.6782056067330432e-7
3.468534928986301e-7
6.917819241800856e-7
1.6141112214908586e-6
0.000014832346763663378
8.282158257760696e-6
-9.952133297264197e-8
-1.3455328887340557e-7
2.450021678452582e-7
5.524175426801052e-7
1.3462496266559497e-6
0.000013538516417484908
4.440568017403281e-6
-7.07062136565787e-7
-1.0936112839591637e-7
4.58372614291496e-7
1.170605388347207e-6
0.000013678432345599619
4.923546475216477e-6
-1.216122942513543e-7
3.225174221881112e-7
1.0007078463022149e-6
0.000012252718320896714
5.58490429927989e-6
-3.2135136566419377e-7
9.025185901344075e-7
0.000010557720971207742
1.2239425092747103e-6
6.563303716343579e-7
0.000010945131692296404
1.632736692398715e-6
6.2431762085766845e-6
0.000058588343753846035
0.000022831087052605862
5.893216160227221e-6
2.044548703171799e-6
8.458107086639806e-7
7.194060315622762e-8
-2.4055865943652185e-7
-1.856179917274695e-7
-2.182591295192723e-8
1.9742759694605925e-7
4.957039964974155e-7
8.943398679353728e-7
1.4866949079382569e-6
2.5271527961651223e-6
4.974468148050795e-6
0.000033479736358861747
0.000017673746733805427
7.878374845878393e-6
3.883910978148359e-6
1.186076619519311e-6
3.41796579352799e-8
-9.955449796708589e-8
-4.355378010618933e-9
1.5997758672243402e-7
4.010286933661302e-7
7.293063886009167e-7
1.227491498759282e-6
2.1221795700944666e-6
4.257624293035135e-6
0.00002412233103972514
0.000016726130907123183
8.020039912531946e-6
2.179062583680373e-6
2.237910244987393e-7
-4.379808019164065e-8
-5.526015274884883e-10
1.2608768401059223e-7
3.2327749265164106e-7
6.026821568927513e-7
1.0310335060794908e-6
1.8128490274901692e-6
3.701776771767329e-6
0.000022404423096160318
0.00001406777171658223
3.765476799717989e-6
5.258641147778075e-7
3.7502908700602833e-8
1.8390828524591867e-8
1.0967915540699428e-7
2.7521321311246945e-7
5.204143526136184e-7
8.982395798233955e-7
1.600076975484734e-6
3.315144278211778e-6
0.0000189086537584145
9.914011229002834e-6
1.8321349852202863e-6
3.59586317841805e-7
1.1056267799309651e-7
1.1082548311770425e-7
2.2928100532066094e-7
4.3574209863853727e-7
7.604236747585581e-7
1.3763513505102524e-6
2.9033047328122856e-6
0.000019774586469127613
8.874800269365586e-6
2.2702205149794458e-6
5.551580710071878e-7
1.6820534873527538e-7
1.7897825748527175e-7
3.328938221579464e-7
5.918432527300138e-7
1.1000284038051273e-6
2.389310645056754e-6
0.000016325630769551354
9.226796735107867e-6
1.950125480677112e-6
2.8081516770874496e-7
1.3357214441406527e-7
2.4299666853897837e-7
4.4567765638947435e-7
8.587177280573326e-7
1.9340152940160625e-6
0.000015013969630996143
7.053891374573699e-6
1.2782720158546723e-6
1.0363527869320809e-7
1.7980656096060938e-7
3.51926168379843e-7
7.034211283644799e-7
1.6410444168923632e-6
0.000014269125771844308
8.216144520073415e-6
4.018566276267051e-7
1.9325897676213488e-8
2.6229445850287777e-7
5.675253010598355e-7
1.3842789295853228e-6
0.000013127216080892125
4.615741242174804e-6
-2.4380361172104375e-7
5.6128574355759346e-8
4.7068453145872864e-7
1.2088363171322044e-6
0.000013457326900938417
4.956586997593976e-6
3.022888862247038e-7
3.7232064626688595e-7
1.0296276393968922e-6
0.000012137977932407568
5.66017809636105e-6
3.1925294260000956e-8
9.291733334334933e-7
0.000010581417632408109
1.34653579982626e-6
7.864308926501607e-7
0.000011118297495395962
1.7066794814425932e-6
6.351183581233503e-6
0.00004819535082053328
0.00001938674354204022
5.0381081757955086e-6
1.7779147056916406e-6
7.52184636412791e-7
8.626567472384469e-8
-1.8899833690965543e-7
-1.498396206692603e-7
-1.6701035482104578e-8
1.6354002815505562e-7
4.095506434054355e-7
7.383621042818258e-7
1.2269237008130746e-6
2.085933412477036e-6
4.107779124753591e-6
0.000027927784753088547
0.000014835261247976038
6.7532721435357336e-6
3.3610489594690813e-6
1.0567119682955114e-6
5.263056834530251e-8
-7.689030988322884e-8
-2.230880701687533e-9
1.3536717234112093e-7
3.3870858138793853e-7
6.15977161352528e-7
1.036730939792619e-6
1.7925639263948885e-6
3.597029869589767e-6
0.000020217192114650434
0.000014368677262489397
7.051055213975803e-6
1.995581489332554e-6
2.412923908274489e-7
-2.2331381688579634e-8
2.858248368105476e-9
1.0804663082696821e-7
2.755048042043394e-7
5.136055229418681e-7
8.78802101150467e-7
1.5457687399577565e-6
3.1578512138737943e-6
0.000019274505651803678
0.000012441725405122826
3.548938718592603e-6
5.540725959409609e-7
6.182891202885377e-8
2.2988064291706376e-8
9.707184559934559e-8
2.4010175160563505e-7
4.5370255370688043e-7
7.832967456684174e-7
1.3960169609522562e-6
2.8940643111991677e-6
0.00001668880102647878
9.179304464406254e-6
1.915766100100257e-6
4.1310139860736974e-7
1.2047111979630563e-7
1.0428136898558555e-7
2.063415382470749e-7
3.9045056148341973e-7
6.814904366261179e-7
1.2341979820791904e-6
2.6053047023883665e-6
0.00001779780858874891
8.472334024731354e-6
2.394615692201316e-6
6.045677308190507e-7
1.8217428963549916e-7
1.7112360707413526e-7
3.099001555751556e-7
5.504680600505529e-7
1.023659528047554e-6
2.224843932224337e-6
0.000015051796330335273
8.86593075503566e-6
2.1689779882183012e-6
4.0504216401707697e-7
1.4794167358539368e-7
2.3466619589602103e-7
4.2787169457132646e-7
8.243528847834877e-7
1.8570306271655981e-6
0.000013990279857014314
6.966031577487775e-6
1.605920087672732e-6
1.9258446305103578e-7
1.829685329302481e-7
3.4459020053021745e-7
6.881170061165772e-7
1.605244959166963e-6
0.000013423038169382385
8.017238340414748e-6
7.680486857573273e-7
1.0104498365633892e-7
2.6608799783431746e-7
5.637038215832122e-7
1.3750281485429759e-6
0.000012466975842470529
4.75397983788211e-6
1.1849221736775682e-7
1.5329123257095525e-7
4.726784142572592e-7
1.2106522532190552e-6
0.000012889509066344671
5.006969391080495e-6
6.500426846332294e-7
3.9317885527816536e-7
1.0340012006100478e-6
0.000011744896210506558
5.725982224815021e-6
2.7989997199032245e-7
9.286294895234208e-7
0.000010385599603181008
1.5793225469786755e-6
8.432398848663054e-7
0.000010996805825208008
1.8121881020565022e-6
6.359093791295e-6
0.00003846217906191616
0.000016240657658636954
4.26107352789882e-6
1.5182908021220674e-6
6.545010555392375e-7
9.111410722321194e-8
-1.453033526861923e-7
-1.186247944951508e-7
-1.2567028032837874e-8
1.3241036698195297e-7
3.308891735836748e-7
5.962690884295991e-7
9.90633280699773e-7
1.6845461152680637e-6
3.319108231731781e-6
0.000023634057701948364
0.000012477797692220972
5.708450918597541e-6
2.85852746327288e-6
9.160851262362742e-7
5.83391597396658e-8
-6.066755071102984e-8
-9.992685845083112e-10
1.144793009621258e-7
2.86105132211362e-7
5.203698165919829e-7
8.758559248221806e-7
1.5145485389697853e-6
3.039581311798636e-6
0.00001670043262415675
0.000011985556309094403
5.984745221971639e-6
1.744190828153659e-6
2.334521916684835e-7
-9.327732052849013e-9
4.665083615522396e-9
9.113506676565693e-8
2.3127596430715253e-7
4.309997040674204e-7
7.374606696587382e-7
1.2972809159360199e-6
2.6505571384359126e-6
0.000015978037317581756
0.000010531439358876757
3.141851057007866e-6
5.297308341985979e-7
7.141077285298981e-8
2.4310428281154784e-8
8.294583976274672e-8
2.0258831677528155e-7
3.82459173511454e-7
6.603523002378873e-7
1.1771648070725336e-6
2.441046878622254e-6
0.000014127189067762376
8.069008114058086e-6
1.8283825074011282e-6
4.1654731563123824e-7
1.1910249197754687e-7
9.345765026825869e-8
1.7798181294976859e-7
3.354328791601376e-7
5.854600742290095e-7
1.0606778402529759e-6
2.2400689934691017e-6
0.000015369418156690106
7.685217659475941e-6
2.318391403729977e-6
6.006289879632671e-7
1.8104210843264347e-7
1.5513958296686457e-7
2.7483191081174076e-7
4.878219272668725e-7
9.075710163125483e-7
1.97368365123391e-6
0.000013362250582723628
8.165978850302875e-6
2.1923839427443534e-6
4.6162992066139113e-7
1.4933748645632108e-7
2.1566710224067302e-7
3.91292645556422e-7
7.538742508511429e-7
1.698914130012795e-6
0.000012612754677627977
6.6186076719197414e-6
1.7552074299116964e-6
2.4103623337026826e-7
1.7619609846750979e-7
3.22409376307809e-7
6.429091031544266e-7
1.5000667788592635e-6
0.000012259627394281239
7.587655086351313e-6
9.837625364474058e-7
1.4238319593324415e-7
2.57434918012066e-7
5.366971142229866e-7
1.30928341219997e-6
0.0000115269845186068
4.742195990990236e-6
3.638259677006793e-7
2.0597138962890298e-7
4.5716014467942894e-7
1.1666859378439225e-6
0.000011999760292824223
4.977456879915679e-6
8.882996387378784e-7
3.9708471484198204e-7
1.004874225974224e-6
0.000011090812576463795
5.6796005977210675e-6
4.3547534674835333e-7
9.016605248678793e-7
9.955641728985424e-6
1.8157550352368754e-6
8.453558101653546e-7
0.000010605797569849765
1.8965747408364989e-6
6.26326627763606e-6
0.000029449846354872635
0.000012884066446176858
3.488273760410669e-6
1.253230551319325e-6
5.446127561984598e-7
8.415943369080472e-8
-1.0961996313930068e-7
-9.182904853953803e-8
-9.845423201631887e-9
1.0317188900222999e-7
2.581617875872908e-7
4.654989039847717e-7
7.738728690526947e-7
1.3166549581960165e-6
2.5951424306395267e-6
0.00001980923479026004
0.000010626709506771192
4.840661896367739e-6
2.4127421699128404e-6
7.775944635681584e-7
5.641697906056243e-8
-4.829891814260272e-8
-6.533718571695471e-10
9.506805969693968e-8
2.3794512800069276e-7
4.332290679367478e-7
7.2980698596465e-7
1.262795017626124e-6
2.535423003843301e-6
0.000014084294429834515
0.000010036174117582738
5.020363574845297e-6
1.4812355643749158e-6
2.0820918094342384e-7
-3.876543957874361e-9
4.869275623712181e-9
7.71032110383346e-8
1.9524337913809858e-7
3.6380936327144276e-7
6.22570365142272e-7
1.0952151695086678e-6
2.237645190325974e-6
0.000013175411713161146
8.748287867631715e-6
2.6754239870883097e-6
4.702590751366707e-7
6.917463838298636e-8
2.282476661730586e-8
7.000378701017115e-8
1.6957392558141527e-7
3.198794284490313e-7
5.522997906272803e-7
9.845201386455057e-7
2.041523066843646e-6
0.00001162204946199071
6.792252724219213e-6
1.6195231226935687e-6
3.8219453322316903e-7
1.0867584164483058e-7
8.064837845784619e-8
1.493723351973535e-7
2.8056605778449684e-7
4.896051986905652e-7
8.870583785849901e-7
1.8735909681857365e-6
0.000012750322309854929
6.612372620520948e-6
2.08649464829006e-6
5.524835764484198e-7
1.6727284166446995e-7
1.3415235571994215e-7
2.3343126090750976e-7
4.140365231579998e-7
7.704817828947193e-7
1.6761795315548776e-6
0.000011359271198494853
7.156058346562616e-6
2.0469270135030794e-6
4.617878922325674e-7
1.394243170018033e-7
1.8818100005580842e-7
3.400453337982964e-7
6.551937145622893e-7
1.477193494000122e-6
0.00001090402559113882
5.974724727684672e-6
1.730400512414852e-6
2.542906613450755e-7
1.599666366122998e-7
2.8637863241811634e-7
5.70392324851049e-7
1.3313526230339995e-6
0.000010769154611581963
6.878116871140992e-6
1.0579051315250026e-6
1.5708239314469506e-7
2.3615042329725084e-7
4.861651508440534e-7
1.1863191641759116e-6
0.000010282380392561355
4.5103376865439065e-6
4.995199500917672e-7
2.253651567056826e-7
4.217632626097452e-7
1.0732957707015672e-6
0.000010803870455018155
4.773849841119093e-6
1.011155862890175e-6
3.823308242715414e-7
9.373771527211248e-7
0.000010153974934386634
5.442471481472147e-6
5.153161125215706e-7
8.450067214832703e-7
9.26769160469447e-6
1.9637634473788882e-6
8.060976052033737e-7
9.958660970116424e-6
1.919596409370596e-6
6.041784629396385e-6
0.0000226149008493127
9.85009214375521e-6
2.763058403470047e-6
1.0091869806167683e-6
4.3992008234402504e-7
7.175562876411088e-8
-8.278031483572697e-8
-7.058671351847208e-8
-7.727918417055907e-9
7.954756034649203e-8
1.9933048915322643e-7
3.596786459695271e-7
5.982315303067056e-7
1.018089589621107e-6
2.006918174235663e-6
0.000015694475860489287
8.828224578719222e-6
4.066476129663283e-6
2.0149692072731325e-6
6.47119041391094e-7
5.223031010956789e-8
-3.68650712592027e-8
-3.5677175203078676e-10
7.593328093092586e-8
1.9032071940603185e-7
3.4695284060591464e-7
5.850598834016235e-7
1.0131315830739714e-6
2.0356645289346512e-6
0.000012040696135263495
8.601443110855472e-6
4.277846989368019e-6
1.2529711482392873e-6
1.7867752292188225e-7
-1.9862005637231776e-9
4.332260321265637e-9
6.514082357211352e-8
1.6495592500166178e-7
3.075670798956441e-7
5.265546899991099e-7
9.266435529729912e-7
1.8939082165355655e-6
0.000011169118091954394
7.383943592408379e-6
2.2615649340770314e-6
4.03285384051709e-7
6.099803655624654e-8
1.9975480272833027e-8
5.956633019629223e-8
1.4393993627402038e-7
2.7148400204893315e-7
4.687793218337696e-7
8.356518435405043e-7
1.732833942278418e-6
9.637209248381894e-6
5.6476996201973e-6
1.3833422645697238e-6
3.318735669557469e-7
9.414626110306666e-8
6.86139347073354e-8
1.255575496512316e-7
2.3537231757946655e-7
4.106459242732103e-7
7.439034891077504e-7
1.5710356528562508e-6
0.000010399671545113842
5.511537992653177e-6
1.7862897926838453e-6
4.796707247815092e-7
1.464574302903564e-7
1.1309476719366822e-7
1.9435744176038413e-7
3.4448048744634543e-7
6.410145089198627e-7
1.3945903937178186e-6
9.343192140903692e-6
6.0071915608145346e-6
1.7912880747701637e-6
4.22211588055436e-7
1.2276552789289569e-7
1.5805362363556392e-7
2.846625800896379e-7
5.484433277804236e-7
1.2368054069872799e-6
9.057189699569956e-6
5.126184971877495e-6
1.5725283739092453e-6
2.4087680687563373e-7
1.3793935311567017e-7
2.429130788564792e-7
4.833484369840717e-7
1.1285356991796126e-6
9.065781899945825e-6
5.941581469015568e-6
1.016787009365734e-6
1.5249933698194144e-7
2.0547862145434414e-7
4.188702778946952e-7
1.0223815072686745e-6
8.795596629993103e-6
4.060926258591819e-6
5.404571960513477e-7
2.1931064612560626e-7
3.6983506370103715e-7
9.391092362798588e-7
9.350981464385092e-6
4.358131931353582e-6
1.0227195264980777e-6
3.487093981576607e-7
8.341768047960957e-7
8.945637530881163e-6
4.983535224563767e-6
5.316814602709574e-7
7.593035495616823e-7
8.307707209763858e-6
1.9756137991167855e-6
7.344995271857276e-7
9.048545805428037e-6
1.8581549837212798e-6
5.662260706048747e-6
0.000017662514160576953
7.67464277122772e-6
2.15230646996413e-6
8.030521469231379e-7
3.5599267943954327e-7
6.166558361468486e-8
-6.264080381471673e-8
-5.434601528114973e-8
-5.7067561690673646e-9
6.21612603528755e-8
1.5542348997360794e-7
2.802327253877601e-7
4.6590891750588657e-7
7.927736363286127e-7
1.5629181586955588e-6
0.000011869480316258252
6.855952063523443e-6
3.275693137242381e-6
1.6428215964661476e-6
5.315246529970297e-7
4.8580893751695735e-8
-2.6392223506283988e-8
2.6858197880489875e-10
5.887204376364226e-8
1.472517772712833e-7
2.684264817981323e-7
4.526246952447549e-7
7.840248492111483e-7
1.576132822053588e-6
9.796919219119427e-6
7.2391557246692975e-6
3.6375323577915945e-6
1.0637347467541765e-6
1.5537653066105113e-7
9.504065177667755e-10
4.063094221405752e-9
5.2982527048992985e-8
1.3403390702508716e-7
2.5015254668712946e-7
4.2849364010606225e-7
7.546534110413116e-7
1.5437854181683808e-6
9.57638740733776e-6
6.380873751674248e-6
1.9496420096175016e-6
3.4829951654208743e-7
5.347853771702095e-8
1.7355348640317413e-8
5.0493501424448605e-8
1.2191177494435628e-7
2.3007232746430105e-7
3.974197180464607e-7
7.088089301716875e-7
1.4706616052495555e-6
8.268310796065071e-6
4.816753561631548e-6
1.187098334478699e-6
2.854946809884305e-7
8.06793910334932e-8
5.868402717471637e-8
1.0730031995639444e-7
2.0110696486029497e-7
3.5089641086470793e-7
6.357819775941467e-7
1.3429932147941832e-6
8.666288786052214e-6
4.612535307335239e-6
1.5098776097272137e-6
4.0735575295744037e-7
1.253663598187444e-7
9.603029624270798e-8
1.641994637725371e-7
2.90882008688696e-7
5.411689935133039e-7
1.1771907129348932e-6
7.675829945401868e-6
4.97229781365945e-6
1.51749247016201e-6
3.6689386286142505e-7
1.0520855447069797e-7
1.3210554572173461e-7
2.3735326687478474e-7
4.5710349227509015e-7
1.0306086104151417e-6
7.3965285997470554e-6
4.2645458814680495e-6
1.3547163433249725e-6
2.13196600615801e-7
1.1599397821302164e-7
2.019202292379164e-7
4.013640153854403e-7
9.370161698017575e-7
7.420313409395024e-6
4.945916428994976e-6
9.052119750855306e-7
1.372063120236256e-7
1.725786500502023e-7
3.492047209654087e-7
8.522980812411636e-7
7.258962249129116e-6
3.474044664451206e-6
5.147585789072719e-7
1.9735640383279664e-7
3.1108744528578734e-7
7.88488258191154e-7
7.77299623661035e-6
3.7782026643084073e-6
9.458271131417676e-7
3.019859030851275e-7
7.09064763526812e-7
7.5572242957069625e-6
4.339103716809642e-6
4.997988691743737e-7
6.526953996392327e-7
7.129107638594459e-6
1.847693829113343e-6
6.398786994341212e-7
7.894384031721489e-6
1.7094674053802608e-6
5.1080213069803475e-6
0.000013467194453710817
5.885784883062831e-6
1.6438278991574106e-6
6.201524582017773e-7
2.8152458018312687e-7
5.294419844596404e-8
-4.6581585894632046e-8
-4.1603070661648935e-8
-4.485408214505893e-9
4.7704333100512276e-8
1.194917966938753e-7
2.1562284814068055e-7
3.5866009608284913e-7
6.104491055596865e-7
1.2034598858349446e-6
9.16293240929962e-6
5.179494426152575e-6
2.520974429960779e-6
1.3054700905469734e-6
4.384091368560089e-7
4.580172883733812e-8
-1.845202922481014e-8
5.648150288216263e-10
4.5389335550307586e-8
1.1346852381543086e-7
2.0694328461455078e-7
3.4905434893963955e-7
6.047730460168947e-7
1.2159861519134017e-6
7.320977095056061e-6
5.591130865813548e-6
2.9179460067067235e-6
8.857274752318846e-7
1.3772286794370542e-7
5.280043942613111e-9
4.1852666420720625e-9
4.073620074865142e-8
1.0260000620577288e-7
1.9154777351184283e-7
3.2822719397754024e-7
5.784159745011536e-7
1.1840835772560062e-6
7.646620453700308e-6
5.278103418478122e-6
1.6634174622139439e-6
3.059051196052324e-7
4.9664553058745747e-8
1.5542619639514008e-8
4.060290579044274e-8
9.731144541107352e-8
1.8370704862816893e-7
3.174994953408845e-7
5.667591575703528e-7
1.1770846016413031e-6
7.021036186073282e-6
4.17678176648656e-6
1.0435106351358518e-6
2.518089534620271e-7
7.027145949994298e-8
4.957764390331146e-8
8.985884282045113e-8
1.6842044185696518e-7
2.940340949250853e-7
5.332070192779038e-7
1.1273998801337948e-6
7.490049084160009e-6
4.003035176266894e-6
1.3118133379570347e-6
3.5149571593411276e-7
1.0791318473661605e-7
8.295862939890888e-8
1.417981365708999e-7
2.512097972385364e-7
4.67467019896286e-7
1.0171364308849501e-6
6.545914248018924e-6
4.231485943353144e-6
1.299113947114414e-6
3.1680458075207544e-7
9.112166618787209e-8
1.1379068452094941e-7
2.04198359290816e-7
3.930540457832955e-7
8.858394319247163e-7
6.182154956875729e-6
3.5742158729274164e-6
1.1543575059700035e-6
1.8504149433576628e-7
9.903292548299457e-8
1.7133762141696687e-7
3.402145644584545e-7
7.938100549282116e-7
6.092848516304855e-6
4.0890139805920765e-6
7.791095227131778e-7
1.197496650479285e-7
1.448383547016203e-7
2.9164367816772574e-7
7.114733015886626e-7
5.9347862100625204e-6
2.895782681535523e-6
4.5780310670231914e-7
1.7044721600156117e-7
2.582312413407426e-7
6.535932168810553e-7
6.318755822168572e-6
3.1591251792485444e-6
8.230165491803155e-7
2.5307830669810236e-7
5.869030960042408e-7
6.188395775937959e-6
3.6260336128023003e-6
4.399185098241892e-7
5.42306643309293e-7
5.887406690718005e-6
1.6219231493197203e-6
5.364265667359295e-7
6.607189786748136e-6
1.4926682483002617e-6
4.411341747709254e-6
0.000010428959649274518
4.506091441849454e-6
1.2696667718924762e-6
4.7205301324399967e-7
2.1454231336906865e-7
4.2151181501575244e-8
-3.5221734619460854e-8
-3.199835709608935e-8
-3.4460256276969626e-9
3.693404735087872e-8
9.249978857191621e-8
1.669113295944841e-7
2.776397961146807e-7
4.7249578422797615e-7
9.313963063116729e-7
7.138309101102954e-6
4.064406171526279e-6
1.9307561179214255e-6
1.0041963111500774e-6
3.492727407112857e-7
4.04175946857489e-8
-1.2996707997760554e-8
7.387641103636031e-10
3.523627970331432e-8
8.794939580718683e-8
1.6035981442468482e-7
2.7051619205923224e-7
4.6874012202440267e-7
9.425912033429492e-7
5.597243954981156e-6
4.161672940595692e-6
2.1974694710234883e-6
6.968358616267499e-7
1.1554705276273533e-7
6.839375408682017e-9
3.903570039238363e-9
3.1390276002079016e-8
7.865994215763996e-8
1.4672921961384903e-7
2.513862215769616e-7
4.429147471581215e-7
9.065045766364099e-7
5.593762450653395e-6
3.940829848223971e-6
1.306608143312308e-6
2.546100181309748e-7
4.451352547773758e-8
1.3502437860345919e-8
3.083460888161983e-8
7.291534918792025e-8
1.3750455612904776e-7
2.3765916941614292e-7
4.2430867825147994e-7
8.81430597655345e-7
5.386458458537476e-6
3.3657814017611444e-6
8.781259448966946e-7
2.1679529532453934e-7
6.007223770295674e-8
3.9632252481913176e-8
6.950874766490194e-8
1.2994250697081585e-7
2.2694474970233297e-7
4.118605292345428e-7
8.716143867255332e-7
6.211616938973203e-6
3.4174231026910284e-6
1.1374487677125846e-6
3.054224086854712e-7
9.272482405784317e-8
6.89092876548806e-8
1.169892900957828e-7
2.0732483951508493e-7
3.8615757169466616e-7
8.410662731922161e-7
5.640936618006497e-6
3.6797898257509186e-6
1.1398921641488828e-6
2.7926468536342116e-7
7.932200365658589e-8
9.810944574726691e-8
1.7597169704394518e-7
3.3881913852707087e-7
7.638779762622029e-7
5.3499999372800525e-6
3.107148000621321e-6
1.0123564007581763e-6
1.6319662761418155e-7
8.643217927704337e-8
1.4909299970918863e-7
2.959602377128752e-7
6.904890544053959e-7
5.219511769187119e-6
3.5061982974188024e-6
6.816977602491781e-7
1.0563065667510557e-7
1.254741131890538e-7
2.521040296975358e-7
6.148492762580415e-7
5.020231870159976e-6
2.4619124817758694e-6
4.02222108688521e-7
1.4827142349155767e-7
2.204083738407205e-7
5.575115290714749e-7
5.235150109622608e-6
2.6484272534107e-6
7.056925040468265e-7
2.1328377427498363e-7
4.918397005646705e-7
5.075330455005144e-6
3.00425869507885e-6
3.7660604230266237e-7
4.4858187673681526e-7
4.811897908692828e-6
1.3760763733816997e-6
4.426424226250731e-7
5.3948018597278136e-6
1.2544328198445079e-6
3.6683334255665203e-6
8.104027033984063e-6
3.4296393355077618e-6
9.642903527817851e-7
3.6084430085252254e-7
1.6047599686407596e-7
2.9135707515882673e-8
-2.82047908569258e-8
-2.5088324383095767e-8
-2.8000347768017302e-9
2.860964635365945e-8
7.176728195267455e-8
1.2957731930228884e-7
2.15577529789151e-7
3.66847394515747e-7
7.229506716500183e-7
5.338645438887226e-6
3.0889240862460115e-6
1.4902449452455741e-6
7.590386391139911e-7
2.585836905058636e-7
2.980638604714879e-8
-9.880079632212106e-9
5.28071438325464e-10
2.668952842019781e-8
6.662995746916797e-8
1.215298179329109e-7
2.0501639056206753e-7
3.552561861187674e-7
7.144039114109032e-7
4.423279271136737e-6
3.300082784966527e-6
1.6908440220606797e-6
5.219140986251001e-7
8.631839377454983e-8
4.8858848338943555e-9
2.935683846896535e-9
2.4407567097941417e-8
6.116374920236068e-8
1.1412663781178774e-7
1.9554739905226984e-7
3.445519656088447e-7
7.05226969765964e-7
4.366512970763192e-6
2.9785656383133076e-6
9.685210049045934e-7
1.9051104720301142e-7
3.391461895650823e-8
1.0471416963801148e-8
2.3974446598582027e-8
5.64924584679161e-8
1.0645725552609084e-7
1.839428017536144e-7
3.2826630232062404e-7
6.815995761473779e-7
3.937767444132926e-6
2.4491473975505696e-6
6.572577921336878e-7
1.6719349700465954e-7
4.7132371547562686e-8
3.044527617686039e-8
5.1969522138314916e-8
9.679156601650817e-8
1.6894726565874702e-7
3.064781661627366e-7
6.483218339917212e-7
4.554186321516275e-6
2.596222403157873e-6
8.963033281129837e-7
2.4726412991911254e-7
7.532025404432638e-8
5.2184789258969077e-8
8.704235215200266e-8
1.5418156972660222e-7
2.87343351039448e-7
6.262936841258117e-7
4.430420574568588e-6
2.986437420929338e-6
9.531295618898976e-7
2.384521962623339e-7
6.487082414731e-8
7.717729319372358e-8
1.3822624093810602e-7
2.6645481772865666e-7
6.015451818035053e-7
4.435572456789806e-6
2.6426980112426108e-6
8.79361547520785e-7
1.4195366805891468e-7
7.180513093273064e-8
1.230613086237609e-7
2.4447237885346676e-7
5.710741132809782e-7
4.474518390555031e-6
3.039150233522723e-6
6.030724556964621e-7
9.276129352331692e-8
1.07542476022507e-7
2.157237573665352e-7
5.266076744582684e-7
4.34916253295288e-6
2.154289580040573e-6
3.6020595867830983e-7
1.305685700587848e-7
1.9105407857348628e-7
4.834866440496442e-7
4.513226712987532e-6
2.304043878104772e-6
6.206815637431887e-7
1.8472844337843545e-7
4.250844273038174e-7
4.341668238088461e-6
2.5740220894585237e-6
3.273554033714215e-7
3.822798012825998e-7
4.055912536512163e-6
1.1806142071446819e-6
3.7128428417933726e-7
4.469090461304148e-6
1.048823120720118e-6
3.013779834825604e-6
6.389115242911068e-6
2.6521405378828616e-6
7.389648640703886e-7
2.7571197419109305e-7
1.238095859771886e-7
2.144021968673487e-8
-2.2795215392496597e-8
-1.99094223283459e-8
-2.2655926766099816e-9
2.2463490602747194e-8
5.6392123323921806e-8
1.018337512608492e-7
1.6942463230053702e-7
2.882711775749606e-7
5.679484920855966e-7
4.114994976675545e-6
2.3445025928724806e-6
1.1353792553332228e-6
5.905996361386711e-7
1.9986322446922093e-7
2.228170825772228e-8
-7.742424864951382e-9
4.1213035475690685e-10
2.0507774354225362e-8
5.1165683489772964e-8
9.328627135788421e-8
1.573428984734213e-7
2.7262175019384583e-7
5.481978896821336e-7
3.273706371597683e-6
2.495071532859973e-6
1.3167298197784348e-6
4.043877768170855e-7
6.542700536913178e-8
3.6492313122227833e-9
2.282496599822003e-9
1.8464907254926653e-8
4.620485183757867e-8
8.619000328270895e-8
1.4767470027213424e-7
2.6024437867705435e-7
5.327852569427737e-7
3.4100682560070408e-6
2.384788263043624e-6
7.624186286312074e-7
1.4480784304296193e-7
2.519117068027555e-8
7.964638413777817e-9
1.8599786457816384e-8
4.384469158362617e-8
8.262813188485058e-8
1.4279055258944307e-7
2.5493524701352235e-7
5.295977582884249e-7
3.175517826496096e-6
1.9111596444002444e-6
4.948578501577749e-7
1.242144134575216e-7
3.556499783158015e-8
2.386648827142201e-8
4.1132940351238414e-8
7.660217208196027e-8
1.336802573241381e-7
2.4248285033011336e-7
5.129023999000861e-7
3.4141070544384357e-6
1.8976513616422828e-6
6.542228974438172e-7
1.835854092855764e-7
5.748974680972658e-8
3.978048907774457e-8
6.594735001548498e-8
1.1668786777987001e-7
2.1729344090386883e-7
4.7325612266322114e-7
3.180310133876207e-6
2.1606953918014285e-6
7.063497463350699e-7
1.820695259359531e-7
4.889292371867402e-8
5.629308188789403e-8
1.0053544241425815e-7
1.9375732791462242e-7
4.374372977171552e-7
3.2403794178780357e-6
1.984109056871265e-6
6.813434500093692e-7
1.1173584531893518e-7
5.341614573014442e-8
9.053844334110123e-8
1.798398850763131e-7
4.2045316015208266e-7
3.438051732972032e-6
2.3972669651620347e-6
4.924032528166157e-7
7.467336832037497e-8
8.300449455697441e-8
1.6576678306021672e-7
4.051747868432843e-7
3.501230125000584e-6
1.7917995148764435e-6
3.0916975931626313e-7
1.0841553240491898e-7
1.5350157911573337e-7
3.8860543324694085e-7
3.801724951435851e-6
1.981805171226325e-6
5.417690681109457e-7
1.5600181179207382e-7
3.5650426174635466e-7
3.7358804836073393e-6
2.2379109255524657e-6
2.867707411908947e-7
3.2607463262717816e-7
3.5170999454795785e-6
1.0389567917466276e-6
3.158869650491106e-7
3.851752978085999e-6
9.00632116194726e-7
2.540303277537961e-6
5.0944707690599355e-6
2.062235158335254e-6
5.68776442124195e-7
2.097544601459986e-7
9.283725663253975e-8
1.5836532954723817e-8
-1.821777307668657e-8
-1.5866775044252393e-8
-1.8464850815291564e-9
1.7796858904657374e-8
4.471827835893636e-8
8.077638872676311e-8
1.3439785402667467e-7
2.2863334616565743e-7
4.503142991805492e-7
3.143685445721658e-6
1.7875125090555192e-6
8.592097749653524e-7
4.44164559268203e-7
1.5484335440097951e-7
1.8370318331960018e-8
-5.664238150334632e-9
3.5859507882205183e-10
1.573876582652549e-8
3.9248281896468095e-8
7.155369412453451e-8
1.2066576240210294e-7
2.0903668216016247e-7
4.2026756107734966e-7
2.513067496276485e-6
1.8797243795141338e-6
9.824768173560585e-7
3.120301740974146e-7
5.272538155965707e-8
3.4110330692021212e-9
1.826507421770355e-9
1.4071901266028131e-8
3.520210529253566e-8
6.566314182145302e-8
1.1249765634581509e-7
1.9822677964633758e-7
4.057660061175193e-7
2.497889447845004e-6
1.7446163768248207e-6
5.841619732145563e-7
1.1596564620315836e-7
2.064328257021246e-8
6.256332845355496e-9
1.3885299163381412e-8
3.2656604338582176e-8
6.153051188190168e-8
1.0632936459465729e-7
1.898199809629812e-7
3.9429876692033703e-7
2.365837625765389e-6
1.501111394961866e-6
4.0036703159313096e-7
9.987196460370324e-8
2.7772921665885453e-8
1.8014706076814065e-8
3.0966119521148094e-8
5.768422128330779e-8
1.0070719629557665e-7
1.827733070813124e-7
3.868551738669074e-7
2.7760343771352325e-6
1.5501950257401648e-6
5.22354266785029e-7
1.4203424858544467e-7
4.379796027039423e-8
3.146625998969118e-8
5.265774815074028e-8
9.322975564908059e-8
1.736802300446495e-7
3.784196954238538e-7
2.543243505167161e-6
1.6767418987492078e-6
5.331619877352943e-7
1.3521705125560046e-7
3.774502361054896e-8
4.478191773641672e-8
8.002751302264536e-8
1.5408957437638877e-7
3.4752808534735734e-7
2.4311263874058364e-6
1.4520257567052954e-6
4.94234125403115e-7
8.222340070153807e-8
4.052490861063772e-8
6.873692342852262e-8
1.3632004887509452e-7
3.1824136894282105e-7
2.4641034668112254e-6
1.7149707653141133e-6
3.5760453686654077e-7
5.5102753836202325e-8
6.057260259959078e-8
1.2048975357159045e-7
2.9417535829220953e-7
2.5068077800448412e-6
1.3077647217784197e-6
2.3255176116240886e-7
8.060583022219626e-8
1.1109092361162839e-7
2.807127613627528e-7
2.81512116589713e-6
1.508413328653428e-6
4.2184713407178796e-7
1.1769186458014064e-7
2.6538475238004287e-7
2.892866756195189e-6
1.7757564433825807e-6
2.3115600498540115e-7
2.531601778877504e-7
2.8450200085785134e-6
8.680336192880993e-7
2.5315306706292753e-7
3.2613893012913157e-6
7.670104806321865e-7
2.179038806951553e-6
4.1114016320748906e-6
1.6285607047721725e-6
4.432370567362357e-7
1.620740122100551e-7
7.077644368584376e-8
1.0405560016290585e-8
-1.528051113409089e-8
-1.2885486413914346e-8
-1.5299638944462204e-9
1.426078344967204e-8
3.586243021059147e-8
6.479038208985432e-8
1.0779885577774494e-7
1.8334871342081174e-7
3.6102049728615054e-7
2.4413168379622297e-6
1.3715370161658356e-6
6.574148739029951e-7
3.3912775858901344e-7
1.1459684187541077e-7
1.2669274781706911e-8
-4.682211327319284e-9
2.3205889714441938e-10
1.2218703515892363e-8
3.046875571707942e-8
5.552892152751768e-8
9.361040256668514e-8
1.6211272503518194e-7
3.258150493575225e-7
1.8977997398205482e-6
1.4262681122786708e-6
7.479388844555678e-7
2.3066276411517692e-7
3.808754049091413e-8
2.297490002666363e-9
1.358742486282025e-9
1.071684949530261e-8
2.6797063907338016e-8
4.997259577836659e-8
8.559906143751096e-8
1.5080034999397317e-7
3.086165434915597e-7
1.920817558681881e-6
1.3408230272870914e-6
4.3297173180289705e-7
8.454312435688733e-8
1.5222240969725232e-8
4.732568199846276e-9
1.0612932340030634e-8
2.494066474937024e-8
4.699167576448968e-8
8.11981474216467e-8
1.4494296077692884e-7
3.0104387486670256e-7
1.7815342091259518e-6
1.0870512055707211e-6
2.901133220412897e-7
7.434792410722693e-8
2.109703298775489e-8
1.3678055118183512e-8
2.3300071968132238e-8
4.3372722253862304e-8
7.569812303244749e-8
1.3732474378231488e-7
2.9050919952250776e-7
1.9750561386088044e-6
1.1313696342570061e-6
3.9710801951345613e-7
1.1069975681908976e-7
3.3908113968986655e-8
2.3073471865738008e-8
3.824768379268867e-8
6.771683886337434e-8
1.2619263047883202e-7
2.7504424874193406e-7
1.9356677766110813e-6
1.3261269856678675e-6
4.3046194273649103e-7
1.0907960108298174e-7
2.917360548231208e-8
3.398619822786507e-8
6.07800731687774e-8
1.1720527547115625e-7
2.6473456173909934e-7
1.97463468551518e-6
1.1910941323334182e-6
4.0262105706079914e-7
6.559665621249807e-8
3.2309699049782604e-8
5.501358234259075e-8
1.0926963670328071e-7
2.5535203375295367e-7
2.003435585068677e-6
1.371890791413999e-6
2.8018170642648157e-7
4.3368623986053565e-8
4.8778744622139904e-8
9.739157838868308e-8
2.3773368434655037e-7
1.9530122701133135e-6
9.876254672921084e-7
1.73274081936432e-7
6.165239267547797e-8
8.689692555533267e-8
2.1944014894760227e-7
2.056352884064646e-6
1.0882384559709844e-6
3.04825187934932e-7
8.701513506025216e-8
1.964697388003576e-7
2.0605292451555107e-6
1.2673527488589446e-6
1.6809533138382457e-7
1.8309142055042842e-7
2.0345067595624564e-6
6.355770682132532e-7
1.8481242167917536e-7
2.4287539213096735e-6
5.878032775018512e-7
1.7415319072460332e-6
3.3474745266311334e-6
1.3053244311454214e-6
3.50645879156269e-7
1.2669153005535024e-7
5.444151308049594e-8
7.461082270624379e-9
-1.2610838107023466e-8
-1.0500884774730922e-8
-1.2599804540969724e-9
1.15344868514065e-8
2.9017117098939806e-8
5.242498764189275e-8
8.721982710352319e-8
1.4832417024888568e-7
2.920003289528485e-7
1.9231562288213447e-6
1.0664988129307958e-6
5.068460117680681e-7
2.595109100384293e-7
8.847158642506374e-8
9.627758126968723e-9
-3.802943693877652e-9
1.6117503746544027e-10
9.617660532318716e-9
2.397672840690873e-8
4.3677369272468823e-8
7.360334885088638e-8
1.274193783314023e-7
2.55998715412374e-7
1.4598338129871055e-6
1.0888935783949874e-6
5.660696351821626e-7
1.7685082658226943e-7
2.9318798991991163e-8
1.6508700816432595e-9
1.014187152495746e-9
8.256670519863586e-9
2.0649757591616705e-8
3.8491493406032164e-8
6.591590371302112e-8
1.1609258068649415e-7
2.3752005094051457e-7
1.449480872877816e-6
1.0035891134718855e-6
3.3022080364282167e-7
6.491942670339327e-8
1.1455609244080139e-8
3.546650457322346e-9
8.060726514128679e-9
1.894479317756636e-8
3.567459418231704e-8
6.163004884555203e-8
1.099878292466172e-7
2.2839217061808937e-7
1.3369579362739922e-6
8.374084131231694e-7
2.2337373187722835e-7
5.5990746324824556e-8
1.5794226343174355e-8
1.035048519866504e-8
1.764994551198626e-8
3.281789399614511e-8
5.726904357046272e-8
1.0389561819671315e-7
2.19810230773674e-7
1.5389141967652456e-6
8.625140141803676e-7
2.9357053031688044e-7
8.13612641809467e-8
2.5489449873037003e-8
1.7750131151446446e-8
2.9404223744920364e-8
5.203141603536959e-8
9.692938044202841e-8
2.1120217100478327e-7
1.4165890601180294e-6
9.461805684613413e-7
3.083825329048027e-7
8.014371862145123e-8
2.1810984551380045e-8
2.50985720167149e-8
4.478330440315551e-8
8.627234544818956e-8
1.9470188312931866e-7
1.3914999237672594e-6
8.544282866230755e-7
2.979442416587181e-7
4.964943453578571e-8
2.336950307518822e-8
3.938663821350818e-8
7.817645264748665e-8
1.8272091592756113e-7
1.4780785700373743e-6
1.044927664358087e-6
2.2070265486815933e-7
3.346146247358695e-8
3.6156170318664896e-8
7.194927713198546e-8
1.7589315972346904e-7
1.534461473243117e-6
8.014306172639119e-7
1.4232545483548363e-7
4.896484605337349e-8
6.77034412008291e-8
1.7129112810686444e-7
1.69047044257446e-6
8.94861704647439e-7
2.4846233492310925e-7
7.043569684632722e-8
1.599012031305886e-7
1.6678081952054761e-6
1.0078673503912088e-6
1.3242740905005e-7
1.471978154023213e-7
1.5720844950819815e-6
4.799942264638033e-7
1.4352551373904661e-7
1.7601961066968277e-6
4.264703088811777e-7
1.2550068231710593e-6
2.736672496506024e-6
1.059288580493986e-6
2.8136263525090487e-7
1.0061810166880034e-7
4.270904315184972e-8
5.1609914377731965e-9
-1.0531030898481154e-8
-8.59386168965463e-9
-1.0338631756907586e-9
9.378189821842505e-9
2.3592879294544096e-8
4.262109554215757e-8
7.09008230636845e-8
1.205587801137461e-7
2.3731806162780474e-7
1.537013294656269e-6
8.411487248640735e-7
3.960115740846784e-7
2.016408151331034e-7
6.740262078522593e-8
6.71523956612893e-9
-3.232208488030877e-9
9.073314329804276e-11
7.667391883782166e-9
1.912253235170055e-8
3.482289166466673e-8
5.866034837596484e-8
1.0151178517500101e-7
2.0386770016350016e-7
1.1363261188075493e-6
8.400065278432955e-7
4.351751289425051e-7
1.3400008844304133e-7
2.1600254214971092e-8
1.0330494396484603e-9
7.357064282041178e-10
6.425851927400732e-9
1.6099854814336213e-8
3.0005764029011846e-8
5.1371357357394946e-8
9.044548924179745e-8
1.849773264483464e-7
1.1092433315606446e-6
7.672268958143654e-7
2.49225839952141e-7
4.8171020072264895e-8
8.489911015109068e-9
2.654607728437562e-9
6.1715558688485e-9
1.4557569527458823e-8
2.7421247906748946e-8
4.7365792312125674e-8
8.450906025094222e-8
1.7543302696028196e-7
1.0191714157506149e-6
6.269530050260046e-7
1.654822230187198e-7
4.1945445340012606e-8
1.1877386839820566e-8
7.80648490493391e-9
1.3421921378607864e-8
2.4994356311600994e-8
4.3613361875797214e-8
7.909800949549358e-8
1.6728677552629353e-7
1.1305197618621601e-6
6.365670708902651e-7
2.2138095496502194e-7
6.159634728117472e-8
1.897629161546523e-8
1.3152810097152187e-8
2.185958446973947e-8
3.868886853080558e-8
7.206703387736943e-8
1.5701078409914564e-7
1.0691005347249839e-6
7.297352773271513e-7
2.3754470983716772e-7
6.042027936945297e-8
1.6247412157392776e-8
1.8884852797867826e-8
3.3743195244049335e-8
6.504966829855674e-8
1.4690022244096864e-7
1.0838670696667706e-6
6.561216671630742e-7
2.2288884982454532e-7
3.659951599836152e-8
1.7863420450075474e-8
3.0298575373902755e-8
6.015598044117304e-8
1.4059016258231008e-7
1.1013292841743898e-6
7.578029403396544e-7
1.5722879486502568e-7
2.4475471176384636e-8
2.7018977262966035e-8
5.375230995475146e-8
1.3120735030538565e-7
1.0851249140940018e-6
5.603131174114006e-7
1.0117774373096585e-7
3.541164179802589e-8
4.8607244839238515e-8
1.226132514057537e-7
1.1873370529053135e-6
6.447365196559534e-7
1.8356931618423367e-7
5.0850050048290193e-8
1.1375833229037672e-7
1.2374650753120148e-6
7.716452892523288e-7
1.0280791960452798e-7
1.0986926772746557e-7
1.2426282325994811e-6
3.901072139727074e-7
1.121912568532699e-7
1.448072016788313e-6
3.4666283833196786e-7
9.7819029635612e-7
2.2344127061952393e-6
8.667690943858867e-7
2.2844065599816426e-7
8.108453189115532e-8
3.4061912423554685e-8
3.804670941103705e-9
-8.662756562770963e-9
-7.002490230739804e-9
-8.366238167836142e-10
7.630344185064232e-9
1.9186883555049104e-8
3.4653648000096066e-8
5.76382725666235e-8
9.800230697857599e-8
1.9292189876454685e-7
1.2442693418900626e-6
6.729642787845099e-7
3.138792286698098e-7
1.584625413356021e-7
5.221286690276125e-8
4.864081050745443e-9
-2.744155899404813e-9
4.490134282639317e-11
6.187887031651245e-9
1.5437883851339062e-8
2.8103331487347586e-8
4.732563761559414e-8
8.187001826693231e-8
1.643646840672126e-7
8.974230358179332e-7
6.576391375429552e-7
3.3817898645852647e-7
1.0301648436740226e-7
1.6366121613588607e-8
6.212368959589547e-10
5.312133220986559e-10
5.074255513650601e-9
1.2734130192773013e-8
2.3724824149740694e-8
4.060707307857134e-8
7.146874123265806e-8
1.4610991434619519e-7
8.619713803151954e-7
5.920507883612339e-7
1.9051266073334404e-7
3.662644082522436e-8
6.319573927599942e-9
1.9772773206423207e-9
4.792785961629158e-9
1.1347955995017371e-8
2.137138404839934e-8
3.690771302601156e-8
6.582986210168049e-8
1.3660999407351934e-7
7.787854761455087e-7
4.7566248823132087e-7
1.256686966589328e-7
3.156879746704818e-8
8.875330933884587e-9
5.946200593606068e-9
1.0314792748278779e-8
1.920691727861695e-8
3.35065761616578e-8
6.074847874304013e-8
1.2843248534686786e-7
8.575258551086677e-7
4.837373325335948e-7
1.6620287914670876e-7
4.5749911947194346e-8
1.4206303536416516e-8
9.990772997663442e-9
1.6605198938629e-8
2.938375813478651e-8
5.472562676685438e-8
1.1920873918222705e-7
8.05979089688377e-7
5.406215072031768e-7
1.7432375013351776e-7
4.4705685804001125e-8
1.2228890549724584e-8
1.419802589161738e-8
2.5353260900430204e-8
4.885757376758008e-8
1.1029319656421498e-7
7.893800310532052e-7
4.770951832192211e-7
1.645678809703333e-7
2.7478785595414238e-8
1.3176337819258403e-8
2.2258319434644358e-8
4.417718062444994e-8
1.0322897347429075e-7
8.105049738538453e-7
5.693746914719152e-7
1.206108576308338e-7
1.845575842091643e-8
1.997311284184623e-8
3.972246420560121e-8
9.704488322353105e-8
8.32494421993842e-7
4.3624709548187535e-7
7.810432154793564e-8
2.6885523458619564e-8
3.702484673974985e-8
9.356135692963848e-8
9.186976047271386e-7
4.881543230359667e-7
1.3644897554051255e-7
3.876551794668953e-8
8.763252453946171e-8
9.080654997958916e-7
5.526255428527917e-7
7.388477246132532e-8
8.13989407578405e-8
8.674127343378494e-7
2.713641568052065e-7
8.088836282767795e-8
1.0170981933067056e-6
2.52762141874549e-7
7.573827734162555e-7
1.8118999511355703e-6
7.110427053310728e-7
1.8680292672824688e-7
6.606308362447986e-8
2.761818543245701e-8
3.0133408399979154e-9
-7.030926605818099e-9
-5.658782012752056e-9
-6.653961476114275e-10
6.180583082698173e-9
1.5528072168150315e-8
2.803621277431391e-8
4.662381578880466e-8
7.927584028195767e-8
1.5608151600524769e-7
1.0159820680805101e-6
5.448874910436147e-7
2.5206447057865036e-7
1.2624165743934834e-7
4.1037816217869336e-8
3.5359485148924104e-9
-2.3367662287481593e-9
1.538769613875992e-11
5.034264547762315e-9
1.2565567616078855e-8
2.2870274646520082e-8
3.85050900127639e-8
6.659543753213413e-8
1.3366554215301757e-7
7.190601030513406e-7
5.225882143121105e-7
2.6669783545591327e-7
8.039020000220155e-8
1.2487293292099676e-8
3.2960697768435306e-10
3.862260141370077e-10
4.05982045226599e-9
1.0206649423604379e-8
1.901345097468285e-8
3.25365405965009e-8
5.724690752924767e-8
1.1699386532893081e-7
6.797744214846413e-7
4.6353652273367857e-7
1.478159951920444e-7
2.8058562371154127e-8
4.727649652872582e-9
1.4942402908966053e-9
3.77352914591825e-9
8.971498507112368e-9
1.6899546036601197e-8
2.9180712875625156e-8
5.203185659174004e-8
1.079384853936867e-7
6.045168184468681e-7
3.666150811795325e-7
9.61094949592568e-8
2.3957786626490095e-8
6.745552500023403e-9
4.5901166628989304e-9
8.03553073979639e-9
1.4980367399296586e-8
2.6130874388801795e-8
4.7359990362029735e-8
1.0008749742731337e-7
6.569105242844671e-7
3.675567473156003e-7
1.2552806434154473e-7
3.46002997301305e-8
1.0765552896399455e-8
7.633688537142298e-9
1.2738757490353772e-8
2.254454239548948e-8
4.197556407990265e-8
9.140410979901687e-8
6.06181692554926e-7
4.054856456603228e-7
1.313022548992369e-7
3.369397892577933e-8
9.17426295064567e-9
1.0702739760367732e-8
1.9123475459009624e-8
3.684910056876532e-8
8.317353192541283e-8
5.931001610308747e-7
3.604313991608018e-7
1.2412549498919313e-7
2.0493209877391175e-8
9.876715487118555e-9
1.672990057620483e-8
3.321414278629297e-8
7.762041797176769e-8
6.122548495785486e-7
4.265590816386809e-7
8.894979477073041e-8
1.3672253091386821e-8
1.50211209004617e-8
2.990482303922033e-8
7.303411919085496e-8
6.139114644750447e-7
3.1522179195101696e-7
5.633359265966284e-8
1.9805444172038966e-8
2.7427724669508282e-8
6.919879006047663e-8
6.563196776321113e-7
3.5173312410767815e-7
9.997824099655363e-8
2.8289935351732218e-8
6.346538113207724e-8
6.659934226249007e-7
4.145401301540367e-7
5.598528127809191e-8
6.031076879292219e-8
6.657233789688964e-7
2.1116575556713852e-7
6.193717534746397e-8
7.802472502388553e-7
1.901226092170478e-7
5.399997213773958e-7
1.4519718459518398e-6
5.811998375272788e-7
1.52956035006521e-7
5.412190188622505e-8
2.2649595348857935e-8
2.559299041827845e-9
-5.597908663909075e-9
-4.512900192935994e-9
-5.181239582200568e-10
4.9598962504526715e-9
1.2446632319787223e-8
2.246348702286303e-8
3.7349869643724024e-8
6.351248811745944e-8
1.2507787887222414e-7
8.320477976512091e-7
4.444942554378737e-7
2.0441863023820658e-7
1.0169759443334285e-7
3.265153506676033e-8
2.621554783230632e-9
-1.9726267134217857e-9
-1.890813025645063e-12
4.107275115313235e-9
1.0258031617375678e-8
1.8669220658364224e-8
3.142921770938061e-8
5.435147931519736e-8
1.0907629321615538e-7
5.828525073515519e-7
4.20815790331195e-7
2.132938804846312e-7
6.360411355209314e-8
9.655732294879533e-9
1.4632564877710183e-10
2.821338234367845e-10
3.281093217740729e-9
8.266079405783356e-9
1.539762737714261e-8
2.6345298667031403e-8
4.6343094566118365e-8
9.468508275420719e-8
5.438516537751291e-7
3.684217791409772e-7
1.1636262923654482e-7
2.1786037044838006e-8
3.584896005616316e-9
1.1395640402461772e-9
3.0086490039156712e-9
7.189065086247974e-9
1.3544899057852687e-8
2.3384976692060183e-8
4.168659238363273e-8
8.645150245887296e-8
4.766524038006939e-7
2.8662728383912665e-7
7.4486961746241e-8
1.843705226464225e-8
5.173514311276749e-9
3.5817029564020862e-9
6.353183876637754e-9
1.1857996232369418e-8
2.0681418412503714e-8
3.7470768909764383e-8
7.915819090530396e-8
5.095978650822723e-7
2.830246954566564e-7
9.618486087222267e-8
2.636657759786411e-8
8.184919143076151e-9
5.909445707054884e-9
9.90834606858025e-9
1.753497194368288e-8
3.2637395202428976e-8
7.104404637908959e-8
4.63694926832651e-7
3.091074236527507e-7
9.956296672834227e-8
2.5375482722390278e-8
6.959839396458069e-9
8.193259767571925e-9
1.4644221885016085e-8
2.821304266185967e-8
6.366809658652254e-8
4.503311764238699e-7
2.7174876087301175e-7
9.293364401540329e-8
1.533831054094871e-8
7.486870839684433e-9
1.2697740203552799e-8
2.5206302429012663e-8
5.889494850426576e-8
4.574544532023934e-7
3.1681168199610646e-7
6.600670384283387e-8
1.0228099137962155e-8
1.1256391096893881e-8
2.2404677838344967e-8
5.4698416883094916e-8
4.5421356728339574e-7
2.3404539193949926e-7
4.21534696451647e-8
1.4776581104014036e-8
2.0400721849216528e-8
5.1456740849113854e-8
4.906879899012517e-7
2.6427938106987997e-7
7.489871406933339e-8
2.1154237420163217e-8
4.7561534413009774e-8
4.986789220756764e-7
3.070703386302561e-7
4.127396121787339e-8
4.5352177109291485e-8
4.839305543397152e-7
1.512054124208722e-7
4.6016138875708524e-8
5.518639340334269e-7
1.3806098097773017e-7
4.067167064241068e-7
1.1449355509424123e-6
4.7054566382997294e-7
1.2463129474553204e-7
4.429851718403796e-8
1.8657972478980504e-8
2.2894863136141986e-9
-4.35304419654525e-9
-3.538110799882172e-9
-3.9386169147451407e-10
3.926616056035355e-9
9.839874586852304e-9
1.7750884329010762e-8
2.9509372172804508e-8
5.018742370701975e-8
9.887012976624492e-8
6.792492741390693e-7
3.6318906957104777e-7
1.6655452763863953e-7
8.248059234164768e-8
2.6242084612379653e-8
2.0117002004625197e-9
-1.6377982677707284e-9
-9.557642719623595e-12
3.341281554689111e-9
8.349932751757745e-9
1.519783658628871e-8
2.5586463286647226e-8
4.424848631608553e-8
8.880124963910778e-8
4.7545512605945605e-7
3.4193225828801124e-7
1.724165686819008e-7
5.095454582763062e-8
7.59162033029245e-9
4.5144529818297063e-11
2.1001607048520805e-10
2.6667175859979268e-9
6.730094567643113e-9
1.2537335774455825e-8
2.1450534293669494e-8
3.772864311348425e-8
7.707351408404466e-8
4.4003725012346865e-7
2.96552948570359e-7
9.288254257713738e-8
1.718090652907872e-8
2.7646876489999506e-9
8.823294421178825e-10
2.424373718759177e-9
5.818036885422435e-9
1.0964661097587384e-8
1.892908155235892e-8
3.373747945506238e-8
6.995128176248086e-8
3.8117571891082285e-7
2.2741030112601132e-7
5.86303366180287e-8
1.440330705868792e-8
4.025124020466045e-9
2.834193735319321e-9
5.0880823731221826e-9
9.507620133795286e-9
1.6581110613400134e-8
3.003388383282696e-8
6.342750563821903e-8
4.0149189829590115e-7
2.2145069528160256e-7
7.479778770847912e-8
2.0369383517147365e-8
6.315917214600418e-9
4.644472197406861e-9
7.823551139571705e-9
1.3846219952593954e-8
2.5763777034079146e-8
5.606149628028848e-8
3.6017208911579664e-7
2.388216771292289e-7
7.642098909994528e-8
1.9366667325860176e-8
5.358994780900995e-9
6.367636600012308e-9
1.1386390345332284e-8
2.193156737078055e-8
4.9478111790128924e-8
3.458581095001338e-7
2.0718034926849613e-7
7.050386379981181e-8
1.1641224586310633e-8
5.744767142776477e-9
9.760326716790649e-9
1.9373712885389983e-8
4.5253972439873746e-8
3.464867693976919e-7
2.3925832550052675e-7
4.976796472694549e-8
7.72818371690459e-9
8.543741745000325e-9
1.7017561426788184e-8
4.15344054543669e-8
3.422215114506106e-7
1.7582460879793236e-7
3.15404483910201e-8
1.109174080859888e-8
1.5405717977838467e-8
3.884937242703877e-8
3.6658638710351767e-7
1.961429587834294e-7
5.5362006034181556e-8
1.58448881542966e-8
3.569006764045119e-8
3.6707463927975525e-7
2.2487245774704846e-7
3.047306145068103e-8
3.376346622651832e-8
3.5314487960381184e-7
1.1114683335115294e-7
3.432002570155702e-8
4.093232905778276e-7
1.0354731761820135e-7
2.9819483507522046e-7
8.854648653652534e-7
3.7533609176797156e-7
1.004708612618454e-7
3.5994444880303654e-8
1.532381160986757e-8
2.093381742298231e-9
-3.297115846529199e-9
-2.719217525961276e-9
-2.919472288639923e-10
3.0558965620872345e-9
7.646460007818909e-9
1.3787923096883034e-8
2.2918157539441976e-8
3.8985610263073713e-8
7.683383925551994e-8
5.494670072525733e-7
2.9544697740268974e-7
1.355433211123996e-7
6.698513483614014e-8
2.1210461871691195e-8
1.6048854287343447e-9
-1.3295899617516236e-9
-1.0851675251139097e-11
2.6949244168485116e-9
6.73860345085224e-9
1.2267877115669228e-8
2.0657481566341844e-8
3.5729965567694996e-8
7.17153586931942e-8
3.8799170192031824e-7
2.7878068246659614e-7
1.4017026435697134e-7
4.117161087528506e-8
6.059049386661413e-9
1.2378814231724749e-12
1.6055429970301595e-10
2.167231530188442e-9
5.476955634085059e-9
1.0204859238178476e-8
1.7460921550577472e-8
3.0711744437634245e-8
6.273848809843972e-8
3.5821161605528723e-7
2.406636275950038e-7
7.492134550442771e-8
1.373260923051979e-8
2.1715315964217076e-9
6.94173331846919e-10
1.964682534321906e-9
4.730649904529102e-9
8.918143812133416e-9
1.5396183628560862e-8
2.7438744917986342e-8
5.688580221500284e-8
3.080379964417517e-7
1.8266500195515824e-7
4.6786404727381115e-8
1.141612082498217e-8
3.177699928288229e-9
2.2675603563123063e-9
4.111516005022987e-9
7.691042979643826e-9
1.341309006096933e-8
2.4291515884659803e-8
5.1289853600459414e-8
3.206329299229696e-7
1.7582381091075558e-7
5.9028803387428025e-8
1.597618056415425e-8
4.945951792403499e-9
3.698642874700259e-9
6.258085595482833e-9
1.1076661054351469e-8
2.0605103202590225e-8
4.482257185877023e-8
2.840005758005642e-7
1.8724621215746034e-7
5.9562208266886815e-8
1.5008229139325245e-8
4.187785230836245e-9
5.0243851731704824e-9
8.988942970184484e-9
1.730915455970277e-8
3.903707356394965e-8
2.696512388653709e-7
1.6048305202794692e-7
5.4316217491175667e-8
8.960365972261676e-9
4.47499518411431e-9
7.619156173386599e-9
1.5121953425656743e-8
3.531134055158654e-8
2.666069032714809e-7
1.8334065719447524e-7
3.7996844694343866e-8
5.914895837791706e-9
6.583980806556857e-9
1.3125109534647367e-8
3.2024006124862375e-8
2.6117995947299963e-7
1.3340056866533984e-7
2.3799638022516675e-8
8.422395838569686e-9
1.1780659822163018e-8
2.9702434153247378e-8
2.759832061355766e-7
1.4679250582869642e-7
4.1363354471158e-8
1.1971577048271052e-8
2.7011011733881508e-8
2.7342703377595637e-7
1.6721404628804042e-7
2.277196949963855e-8
2.5406654390548455e-8
2.6211207342667624e-7
8.251187920254187e-8
2.590123574228272e-8
3.011551031238097e-7
7.654359597033917e-8
2.1751718640504265e-7
6.701399257095078e-7
2.937026967641979e-7
7.973249859854635e-8
2.887040863751613e-8
1.2461149357595803e-8
1.907173052027932e-9
-2.4274365558728973e-9
-2.0446953890402014e-9
-2.1098291965556505e-10
2.3319420559550882e-9
5.826400937412829e-9
1.0501897372124904e-8
1.7454588521990457e-8
2.9699247851265455e-8
5.855869089311271e-8
4.3810784703842853e-7
2.3790715586395065e-7
1.0953589282854922e-7
5.4160984508992255e-8
1.7150026313096018e-8
1.3272834816246669e-9
-1.049968625364841e-9
-8.35812977386899e-12
2.1442546305886086e-9
5.364556531210757e-9
9.769938414043779e-9
1.6456240644068622e-8
2.847110456029534e-8
5.7160380475669006e-8
3.1482297935559657e-7
2.266931213940885e-7
1.1393072582126084e-7
3.337781245011773e-8
4.891381274305209e-9
-5.677749630593016e-12
1.2659889462685735e-10
1.7511366120149944e-9
4.429282246270655e-9
8.255236808802665e-9
1.4127226200339658e-8
2.4851348467041484e-8
5.077291508812018e-8
2.9164926343280405e-7
1.9578452508677577e-7
6.076289272736673e-8
1.1080750790078293e-8
1.7350410139625905e-9
5.538591838133781e-10
1.592343944828218e-9
3.8422555623099846e-9
7.245677721793228e-9
1.2509825819771117e-8
2.22955023834615e-8
4.6223844471012656e-8
2.501934923324995e-7
1.4785995093229532e-7
3.7707399899623436e-8
9.154830258259636e-9
2.5389062592953635e-9
1.826276971625753e-9
3.334435218928999e-9
6.242866295898919e-9
1.0888195446122516e-8
1.9717862908470908e-8
4.162979124099984e-8
2.585821421111817e-7
1.4119012501770128e-7
4.7168103321423406e-8
1.269764689130058e-8
3.923316884523334e-9
2.97391145126567e-9
5.050538574145515e-9
8.940286311032943e-9
1.6628012789141278e-8
3.6163382644778056e-8
2.2684483307704391e-7
1.4882274006898214e-7
4.7090167337662085e-8
1.1803315553512447e-8
3.3176966204030298e-9
4.015951153051179e-9
7.1879696194685955e-9
1.3837537876651748e-8
3.119775310251377e-8
2.1321638505697198e-7
1.2619245073252533e-7
4.249074635493433e-8
6.999057404949463e-9
3.536684702219611e-9
6.0338271246578305e-9
1.1973873208447699e-8
2.795105133406306e-8
2.0841720236781506e-7
1.42640634283438e-7
2.942709621937275e-8
4.595107253806241e-9
5.151441195185699e-9
1.0278206035778844e-8
2.5070085250418332e-8
2.0215692072391653e-7
1.0264770997774826e-7
1.8224042230618357e-8
6.486430584927676e-9
9.134887151234508e-9
2.3030556354081517e-8
2.109546393426659e-7
1.1152427343041968e-7
3.13371749517631e-8
9.162249617278148e-9
2.0721605540065833e-8
2.0651977243177162e-7
1.258794291042349e-7
1.7189785268727e-8
1.934183546167952e-8
1.9655116435984086e-7
6.16737210056951e-8
1.9704956555477145e-8
2.2240963923179407e-7
5.688845651645724e-8
1.601237331080212e-7
4.958259000272701e-7
2.2476603058853516e-7
6.204942810882315e-8
2.2755517639990914e-8
9.977449124546659e-9
1.7025295060294673e-9
-1.735111263208292e-9
-1.5028653645480098e-9
-1.4879390617394544e-10
1.7422175868966442e-9
4.347099799680783e-9
7.833058351395427e-9
1.3018482448095682e-8
2.2157703491718908e-8
4.370979288504452e-8
3.428081110493481e-7
1.8868593477370147e-7
8.743899851860128e-8
4.3368142390456725e-8
1.37968617226299e-8
1.1256459603625091e-9
-8.032394413694691e-10
-4.130612659533579e-12
1.676249415908736e-9
4.195606425705103e-9
7.644685149564537e-9
1.2881666960001952e-8
2.2295010084379727e-8
4.477694938826963e-8
2.5257596252278415e-7
1.8277846628339848e-7
9.204544202798814e-8
2.6995538844533407e-8
3.972352119316352e-9
7.70562510469012e-12
1.027917721545652e-10
1.3993971139122375e-9
3.5407977113482944e-9
6.601771950220042e-9
1.1300270858691451e-8
1.9883075957963007e-8
4.063215033464585e-8
2.3607453475638163e-7
1.5871936995881948e-7
4.926505218400325e-8
8.977440646448259e-9
1.4041602188483845e-9
4.462609076680365e-10
1.2834862786197543e-9
3.099415098578306e-9
5.846642484734236e-9
1.0095745858177065e-8
1.7995486634170487e-8
3.731400347749256e-8
2.0305396834479795e-7
1.19937746963598e-7
3.053125556989497e-8
7.392428044134285e-9
2.04388724967035e-9
1.472997774683682e-9
2.6985816088063196e-9
5.055485905356854e-9
8.818351843892934e-9
1.5970579299243594e-8
3.37202511567197e-8
2.0945806965815152e-7
1.1409978195654701e-7
3.799475464078553e-8
1.0187149600496122e-8
3.141013747945613e-9
2.4021004658686097e-9
4.090078098362817e-9
7.240943566086867e-9
1.3466360856505699e-8
2.9284237010456048e-8
1.8270401424476123e-7
1.1945381889787447e-7
3.7644682018598423e-8
9.395859984154715e-9
2.6554437320452363e-9
3.2367976612850773e-9
5.795382852642842e-9
1.1154164913334039e-8
2.5141221904271517e-8
1.7049611580201964e-7
1.0045860461482021e-7
3.368225725032022e-8
5.539518525687509e-9
2.827124555107155e-9
4.831643984246734e-9
9.586861132634923e-9
2.2372156837601384e-8
1.6512399102575582e-7
1.1255829077189978e-7
2.3116634354320185e-8
3.618819827774986e-9
4.083533965922784e-9
8.154154619534493e-9
1.9884141274035686e-8
1.5876454753357398e-7
8.011500176352985e-8
1.4159118377544976e-8
5.066003915592329e-9
7.179614469376164e-9
1.8102883200033427e-8
1.6364098572783244e-7
8.60742423875324e-8
2.410569404713989e-8
7.103804766321016e-9
1.6107938157879693e-8
1.584720357794495e-7
9.61122156829231e-8
1.3134361001745273e-8
1.4904049353953057e-8
1.4919936282712092e-7
4.663533235278432e-8
1.511965030041583e-8
1.6643097063183183e-7
4.270892254057856e-8
1.1869607493072568e-7
3.5876351978839685e-7
1.679676398128644e-7
4.7236115056887044e-8
1.7571404095612687e-8
7.835392663743812e-9
1.476313828869151e-9
-1.2037619554747327e-9
-1.0798291970313968e-9
-1.0255971095440264e-10
1.273984414131164e-9
3.175075760728811e-9
5.71995694821336e-9
9.506843606194552e-9
1.6186055113965306e-8
3.194513984319834e-8
2.6239754405832124e-7
1.4679815667383207e-7
6.864496572473166e-8
3.423191654194632e-8
1.098815775685702e-8
9.648764338779008e-10
-5.932816942263321e-10
3.6523762849636523e-13
1.2837421916234658e-9
3.2142111941573042e-9
5.8597810733942515e-9
9.878665011358903e-9
1.710521757629108e-8
3.436898266254747e-8
1.9939174129571038e-7
1.4536883722658862e-7
7.351988822434328e-8
2.166222360425541e-8
3.2254046761896895e-9
2.8950904885537994e-11
8.532354617806743e-11
1.10114223632458e-9
2.7855317954204756e-9
5.1958116772140695e-9
8.896275762292496e-9
1.565821356748341e-8
3.200926153782479e-8
1.8892972530358857e-7
1.2749032004881388e-7
3.96998678265221e-8
7.260839349596294e-9
1.1441545137916942e-9
3.6110491639067357e-10
1.0235282584607335e-9
2.4702771460343193e-9
4.661136976053231e-9
8.050149590022803e-9
1.4352460363788435e-8
2.976719238625278e-8
1.6369741944311838e-7
9.692066990250115e-8
2.4694314935319675e-8
5.977505958560826e-9
1.648976526010348e-9
1.1832732691286094e-9
2.1672758571420903e-9
4.06142902223417e-9
7.085590252676737e-9
1.2834688998967982e-8
2.7104101814558298e-8
1.6943484416029656e-7
9.228039446210899e-8
3.068792637568106e-8
8.208491747825695e-9
2.52546482811319e-9
1.9382440253829132e-9
3.304658784597477e-9
5.851147490050827e-9
1.0881964306527882e-8
2.366448793184246e-8
1.475989310638124e-7
9.633680318262096e-8
3.028418685445271e-8
7.536925882561168e-9
2.1368894054628656e-9
2.6164158933285153e-9
4.68563589658395e-9
9.016787926057643e-9
2.0319748448888834e-8
1.3720234900973443e-7
8.060536378148921e-8
2.6944697465496293e-8
4.425895671057969e-9
2.2748690103887265e-9
3.892663960465581e-9
7.7227546884181e-9
1.801752899537906e-8
1.3205012370819092e-7
8.974453999537642e-8
1.836700277319101e-8
2.8800376670769014e-9
3.2662021780797134e-9
6.5264365506024325e-9
1.5912113237445074e-8
1.261271612713417e-7
6.332988961577709e-8
1.1145838922478983e-8
4.002765052683748e-9
5.702237154943504e-9
1.4381700938177624e-8
1.2866733256955132e-7
6.735922802794372e-8
1.880356523562991e-8
5.571382497825798e-9
1.2666423348795484e-8
1.2338300546625196e-7
7.448498904590068e-8
1.0160844422935044e-8
1.1608687592936264e-8
1.1493265646622276e-7
3.571666997044806e-8
1.1699413408664254e-8
1.2627752717382624e-7
3.242776664020298e-8
8.882261297072339e-8
2.54241052945267e-7
1.2258003779908686e-7
3.5138550098766884e-8
1.3270979922938136e-8
6.021941578094928e-9
1.2393206057321797e-9
-8.110066321550241e-10
-7.592285149311697e-10
-6.920068586617034e-11
9.125579159096165e-10
2.2720734829175167e-9
4.092686561885907e-9
6.802834467627004e-9
1.1586166365592572e-8
2.2877445041551783e-8
1.9612856840224172e-7
1.1171059515325608e-7
5.2820317297756404e-8
2.65404633537335e-8
8.627376454156732e-9
8.239972686690599e-10
-4.2208126587399527e-10
4.185191097415967e-12
9.616285434018932e-10
2.408009317795939e-9
4.3926319919621075e-9
7.4090418990646304e-9
1.2835341440156117e-8
2.5802424958458452e-8
1.5428303380102018e-7
1.1355093186991101e-7
5.779239023509521e-8
1.7161817563455375e-8
2.6020703179327996e-9
4.9474376752355816e-11
7.16299947895892e-11
8.502084491103629e-10
2.1490405125274196e-9
4.010368821312857e-9
6.868813107349481e-9
1.209435552780354e-8
2.473411547699749e-8
1.4878060578084493e-7
1.0096126118580777e-7
3.162941426667158e-8
5.828539515519083e-9
9.321011131515911e-10
2.916732245797715e-10
8.039943575364636e-10
1.9368335705573156e-9
3.6553940085372527e-9
6.314524123921218e-9
1.126134435284555e-8
2.3363633763349453e-8
1.304010469113003e-7
7.759210433257123e-8
1.9836749110946073e-8
4.811692227882279e-9
1.3257627275457753e-9
9.41949363989419e-10
1.7187875957943578e-9
3.2209985428343625e-9
5.620489975067409e-9
1.0183529234700067e-8
2.1511609671855534e-8
1.360828910700521e-7
7.425563113247619e-8
2.470932040359828e-8
6.6058686914021086e-9
2.0283060352020867e-9
1.5536979999078334e-9
2.6490430793119167e-9
4.69085200825607e-9
8.72510510329281e-9
1.8976417716475184e-8
1.1890296841999154e-7
7.761931108373174e-8
2.4384016567082034e-8
6.0607972201541915e-9
1.7193114384739371e-9
2.1086306389566944e-9
3.776599369082265e-9
7.2668353918585e-9
1.6374513897805356e-8
1.10508903821292e-7
6.485282468256512e-8
2.164678154701507e-8
3.5522459371404752e-9
1.8324213736794181e-9
3.1377011513031895e-9
6.224347745686278e-9
1.4519242056656143e-8
1.0607760959897856e-7
7.197061225159295e-8
1.4695601370076778e-8
2.305709371687587e-9
2.623097269258756e-9
5.243941880128586e-9
1.2784242720340335e-8
1.0091484288666462e-7
5.049372847211704e-8
8.85711501735611e-9
3.1870884172494334e-9
4.556809229532805e-9
1.1497354731533828e-8
1.0218106789710609e-7
5.3292437223490916e-8
1.48325036933671e-8
4.405843239706876e-9
1.0040260997628662e-8
9.720931593363518e-8
5.84474551558065e-8
7.945269487505653e-9
9.115120202189191e-9
8.972196332145185e-8
2.7716456764403505e-8
9.111204175309159e-9
9.71548118295856e-8
2.486640625305553e-8
6.720360852181784e-8
1.7684528409036006e-7
8.74797383311541e-8
2.5548737429938163e-8
9.799910268425136e-9
4.5258873347244465e-9
1.0068282562762761e-9
-5.312795170626545e-10
-5.232633295458575e-10
-4.578004575816992e-11
6.413593238695864e-10
1.595513805149281e-9
2.8738666751600627e-9
4.7775122866157e-9
8.139452782645648e-9
1.60788564230035e-8
1.431251425645873e-7
8.302585684489081e-8
3.975256662564433e-8
2.0162047213339936e-8
6.65708747795393e-9
6.932004528719888e-10
-2.888551239424453e-10
6.830941474515482e-12
7.043981426804398e-10
1.763647853758541e-9
3.2191196452203464e-9
5.432451769775534e-9
9.415943735719705e-9
1.8938401762067002e-8
1.1669079187114192e-7
8.682868762122134e-8
4.454859746546522e-8
1.337012449741732e-8
2.0742103011381204e-9
6.432235042632653e-11
6.01178413979816e-11
6.426521720903134e-10
1.6221679935985433e-9
3.0284691456516113e-9
5.188825821968952e-9
9.14016780373084e-9
1.870119575651109e-8
1.148583222707702e-7
7.850304818554142e-8
2.4803942078475508e-8
4.620580186340833e-9
7.541152612609673e-10
2.338043917722896e-10
6.199674705470172e-10
1.4889109253033442e-9
2.810434435127151e-9
4.856029257336351e-9
8.663216025810615e-9
1.7980151954282305e-8
1.0218332661633115e-7
6.124496149672936e-8
1.5745774553436443e-8
3.8353847654454765e-9
1.056576130653081e-9
7.398299997041943e-10
1.3405785943619706e-9
2.511478499295084e-9
4.383353238275026e-9
7.944653014932001e-9
1.6788409514829037e-8
1.0796851413362529e-7
5.913695435866498e-8
1.9726767250785955e-8
5.280392901015215e-9
1.6185459007251523e-9
1.231200815991088e-9
2.0965576853519703e-9
3.7128822706047026e-9
6.90745312189378e-9
1.5026439490839495e-8
9.499636256585165e-8
6.213150330213667e-8
1.9539678941744712e-8
4.858355990270122e-9
1.3754916292849255e-9
1.6850591432808101e-9
3.017850143392398e-9
5.806799678310979e-9
1.308449408333091e-8
8.858294327987068e-8
5.202291873580973e-8
1.736591871085331e-8
2.848144487690098e-9
1.4691841385087777e-9
2.515942984812429e-9
4.9906375895169094e-9
1.1640532774961188e-8
8.51128113039909e-8
5.7729715269048455e-8
1.1777446985932509e-8
1.846970777969219e-9
2.1033451855683047e-9
4.20598354644377e-9
1.0253994044874224e-8
8.08847880133403e-8
4.040589980202269e-8
7.072710226270814e-9
2.5448859870240275e-9
3.6450017667119963e-9
9.20117587172938e-9
8.158781257971222e-8
4.244998717435292e-8
1.1786013071210865e-8
3.498728945919779e-9
7.988229701469821e-9
7.721275128481183e-8
4.628087009073227e-8
6.2601007541857375e-9
7.191228404796709e-9
7.076178161774466e-8
2.1732186914246304e-8
7.121967690659442e-9
7.566339514613186e-8
1.922870960472872e-8
5.1369756375349685e-8