6.906980242735037
-0.046509683023831024
0.009970232098712136
0.039233554712397235
0.010626360650793504
0.015665551859952664
0.018962390706823175
3.092091175235122
-2.2473108034678897
0.5075843427883239
0.016387179497160162
0.0029411378420749435
0.0028564452001604798
4.979159910963919
-3.401100193297462
0.5628620334249592
0.22483715797617232
0.004567298491747764
5.862237776922492
-3.0837554856420004
-0.6018576992418985
0.527772918926861
5.523322537691579
-2.038138921169067
-1.4357594021061537
4.502818502096515
-0.6363903448089474
2.3736774288071083
4.698046030037377
0.3522137443940774
-0.0070846778572940285
0.023173430819209938
0.006961762101166235
0.01050713243963979
0.013185814758627122
2.3569420074155123
-1.4170854162342865
0.24900538095859315
0.006505336543114808
0.002025326940322233
0.0023675543872427735
3.497385164577349
-2.492665365497422
0.6556695202636026
0.043540117251440434
0.0001989511030025914
4.595312978405197
-2.95039679229221
0.20460812794856645
0.32855480149389193
5.127974301454873
-2.7022573360435502
-0.6955827674350936
4.816063889816599
-1.2782014593204103
2.464977350222187
3.1097106125704634
0.3609215304907453
-0.004309170250969057
0.011626855597887696
0.00402637831860094
0.006381003591352131
0.00786786498050039
1.5637935796625742
-0.8408935962710293
0.10386096161384141
0.003002522989002716
0.0012675520816550266
0.001545148316668616
2.360021346770312
-1.655111830338166
0.488352318535748
0.006297611319272
-0.000033184913044912096
3.2829705076747038
-2.4037715267171382
0.5554556984593552
0.12662014234953767
4.298038977676027
-2.8560856589392802
-0.027502671392186814
4.879226717212883
-1.7351176310212928
2.3797060430537407
1.9356287931790843
0.27718188073143735
0.0002599228711450732
0.005200850542380542
0.0021596557081117883
0.0035086131458164057
0.004019917921961577
1.0628197026731703
-0.48610292599338595
0.04066262074355439
0.0013759741738545693
0.000649704802174948
0.0007843189704327501
1.54145061727636
-0.9988857595615621
0.2844983033473052
0.0010521268615576547
-0.00001054800267584036
2.18243387594585
-1.7121400314165862
0.5121243935270129
0.03213234521653284
3.2099890224660474
-2.548185548926279
0.30144010895685774
4.565150936520398
-1.8202150730329962
2.0700325861175006
1.0945359404036559
0.17999989434650954
0.0053827621719344625
0.0021226720463630145
0.0011015280006074321
0.0018992783197324308
0.0016884496694045952
0.8506175179778445
-0.2629107527314067
0.01607559753601342
0.0006246480905175579
0.0002977478572360498
0.0003099422454018522
0.9778309777206754
-0.5592468680298128
0.14630409394206076
0.00028608676246918014
0.000024374123255506317
1.370054660289932
-1.0900511090045186
0.33327001588454014
0.00654318695026559
2.1729031704628086
-1.9908652021112407
0.3496690062006195
3.9070264541046864
-1.5179012689532698
1.5840819760127038
0.5995913387325491
0.11019358777849586
0.008445637724344358
0.0008726306433505355
0.0005598193165732497
0.0009508865729327058
0.000614265363576532
0.8714641273942222
-0.1013035622701428
0.006955708418494876
0.00025238876206371366
0.00015089296157093227
0.000031482615850199356
0.6424661055054478
-0.28890761599779746
0.06827590607233579
0.00018267898521363182
0.000052782464612102884
0.8133262449181661
-0.6329150069817288
0.17915440769020977
0.001674796487254519
1.3934395335948
-1.4048497977788863
0.2729084432196235
3.0055920588410054
-1.1160883681561682
1.1346114601095731
0.3111084047449342
0.06526670649066872
0.007713531446613004
0.00036379189244414037
0.00028384844211851065
0.00048239812858962965
0.0002032545041839627
0.865828226570439
-0.014254991380409093
0.0033061361421125456
0.00008800275020308587
0.00011664844293809373
-0.00006861969944222522
0.4391193235571253
-0.13454255331976026
0.030002367911022128
0.00015443963060795163
0.00006666704005113395
0.45765338308906356
-0.3392619310379608
0.0839529678897111
0.0005706710770057578
0.8722737019066341
-0.9182588859450819
0.15487941642654138
2.0439855250967525
-0.7293524144447304
0.7986505091974228
0.15177642423110582
0.03751712430456198
0.005443930105903032
0.00013974214760030128
0.00014307918250501916
0.00024595176663861083
0.000054678145851581627
0.677544337289388
0.016043931128856156
0.001686911693858317
0.00003734248615321105
0.0001058437731577336
-0.00004561368785782707
0.29500268802822227
-0.052990117375219005
0.012729549939704033
0.00013853659229845397
0.00008562754944065172
0.24413056462787708
-0.16988042620426613
0.036406095123019094
0.00025822670286602056
0.5624007891153845
-0.5554696554690745
0.07566555448865153
1.2435665315492368
-0.4091322917307666
0.6679588643141453
0.0664859244135415
0.019773895825088362
0.003076326544459192
0.00006462446690702105
0.00006423249511351323
0.00011750150368019015
0.00004404122098894572
0.4501444307674453
0.019786585704342385
0.0008766009844341177
0.000019933045926469527
0.00008636402716714953
-0.00001714436450473632
0.1840929430305693
-0.01643800003411113
0.005242635810228338
0.00009908985989187142
0.00008376755612861809
0.12348693228972334
-0.07811302125732476
0.014736546135494388
0.00013988240910822232
0.36343191358234656
-0.3047766234757918
0.033351968607431844
0.7190942775528029
-0.18848006696270922
0.5932893944029268
0.026390329414491286
0.010020456158560266
0.0016689236201257506
0.00002966763386120694
0.00002667557020504797
0.00005010266839052325
0.00003198835326788037
0.2501744800862334
0.013362963014120073
0.0004296938121278384
0.000011596073213675388
0.00005632529921372667
2.481798474350471e-7
0.10410240295802188
-0.0036653858166812653
0.002090276457538664
0.00006099371785914126
0.00006109611673567028
0.05978269302038562
-0.03181818381322938
0.005771967749334653
0.00008830011114870602
0.22022150558685147
-0.14944874968906163
0.013980911126604033
0.4415445711756361
-0.05050959605667131
0.46602525605844913
0.01076201993050923
0.0048832850156899765
0.0008479676645068482
0.000014309469569683336
0.000012631474195372811
0.000023016010202188606
0.000023104670885408443
0.12933716866777392
0.007606906890988683
0.0001940373026622579
6.877429179524408e-6
0.000033580546309172874
6.578594122528447e-6
0.05463373957309832
-0.0001882257564037108
0.0007937350978845952
0.00003532491589887901
0.00003726363487698105
0.027932049551187166
-0.011062370603419322
0.0021508332841597777
0.00005278849682297818
0.12264430353858118
-0.06153366856420806
0.005870827126518207
0.2960939469746408
0.009524962011584226
0.3245237372476008
0.004262439179860634
0.001954325651140698
0.00042440558583382225
6.689867659229683e-6
5.676687026241422e-6
9.40780201173554e-6
0.000014015203878159639
0.05991974384571368
0.003929704618366123
0.00008414586032818158
3.7353551483969677e-6
0.00001784987472522608
7.832803194281622e-6
0.027705167432885123
0.0004131134067774528
0.00029712252899748745
0.00001991707972403309
0.000021259338942282763
0.01323780109148634
-0.003629934934774981
0.0008037440488157128
0.000024482360456251053
0.06557853094581594
-0.018426507551661392
0.0023412723410399247
0.19743543138755465
0.02034042214216618
0.20286019229191668
0.0017180151404456484
0.0006619876571222718
0.00020367071977121174
3.1914753250790985e-6
2.858957406808562e-6
4.664047773501757e-6
7.579091602496734e-6
0.024740282391346177
0.0018223861505421918
0.000034224759299273836
2.414146473906659e-6
8.776862112915411e-6
6.434632607524949e-6
0.013905423430456792
0.00040695827654408973
0.00011118409454230161
0.000010907286310706394
0.000011781079830334122
0.006634421572979449
-0.0015632347618821534
0.0003027816835388047
9.505776973475548e-6
0.03626413391523171
-0.0015508298418668797
0.0008872607966112058
0.11899312544961531
0.01513329177080425
0.12964219762097517
0.000812671137160623
0.00020178387977088858
0.00008693938441795285
1.5013645601999183e-6
1.5137415254118441e-6
2.6071941572436525e-6
4.65875807373026e-6
0.010523201750445096
0.000760819424444549
0.000012961312654746174
1.7345138459617083e-6
4.750847505858934e-6
5.058779098040044e-6
0.006561392230740522
0.00028054320328991535
0.00004396393949017082
5.774356386962474e-6
6.770133473069049e-6
0.0034534509626595665
-0.000891400233359793
0.00012237946998559053
1.3958031562081468e-6
0.022551646294585788
0.00309030494234488
0.00035932385938303575
0.06453862209537595
0.009517244756023061
0.0846201302066342
0.00038838456745036884
0.00006980384860582876
0.00003617905411811322
7.0565045052353e-7
8.6128025799736e-7
1.626972106318397e-6
2.8272504977900436e-6
0.004743458289841557
0.0003146103521645869
4.670426366998185e-6
1.1043206559794096e-6
2.823084709901501e-6
3.4419426717606728e-6
0.00278142096922999
0.00014548518519384842
0.000016550376809927992
2.705866374782247e-6
3.644590001109107e-6
0.0017881764934806438
-0.0005516291536863813
0.000051369464947233216
-2.126697525071906e-6
0.014481250024853225
0.003400933479025758
0.00015454023971517712
0.03443412940880397
0.005732695420346831
0.05519132505285826
0.00019134175341586253
0.000028521566885861427
0.00001663188612104
3.444265443670228e-7
5.120359358455674e-7
1.0601599224977842e-6
1.723848344557513e-6
0.0018780070603298584
0.00012688165722465083
1.832836428698187e-6
6.458223157940724e-7
1.515270440922264e-6
2.0241983963698084e-6
0.0011519432743719296
0.00006890491432079187
5.441033692836675e-6
1.22325885297516e-6
1.8580312377948904e-6
0.0008065931640249081
-0.000292376108684308
0.00002055983522069052
-3.2610477907649183e-6
0.008581386618613036
0.002329342251139478
0.00007002413838663
0.017463669529807588
0.0035508834139957985
0.035723619237707234
0.00009557908721366758
0.000014040774649185644
6.224985411870731e-6
1.7827276371229294e-7
3.26085033908562e-7
7.049072696948389e-7
1.1303299546932465e-6
0.0007975557114779181
0.000049088259927043405
8.04065694955305e-7
3.542292035854425e-7
8.388237747494276e-7
1.1685446391783468e-6
0.00048641027723677797
0.000038111088100484734
1.6642839097341167e-6
5.70652083337672e-7
9.001679645955041e-7
0.0003352956011252474
-0.00013380223463371833
6.579058446564174e-6
-2.9936469975953826e-6
0.004178838946694925
0.0011956864083251422
0.000024163869412604344
0.00812196095360504
0.0020819372420878847
0.022782034647851213
0.000049206398004786046
7.443260005781438e-6
2.323703096213068e-6
9.308797575669115e-8
2.196658167611988e-7
4.863904185648127e-7
9.046498999174873e-7
0.0003033257509706602
0.000019482354330927705
3.234472936843054e-7
2.096340318067508e-7
4.974686150186994e-7
7.514716395077475e-7
0.00018749531939316213
0.00001872168739318943
5.915058242150468e-7
2.448020628404164e-7
3.594123955085268e-7
0.00014655546499376046
-0.000055652246870438034
2.018265622128551e-6
-1.8065123863309127e-6
0.0017997291651252812
0.0004601363309012537
7.134974492345954e-6
0.003353387536618753
0.0010025090484102161
0.012572261371295341
0.000026151046157711836
4.125839405331133e-6
5.866370834501538e-7
4.924747422422301e-8
1.4904105441441257e-7
3.382665653464937e-7
7.288576495295487e-7
0.00011009240831740181
6.283529780058619e-6
1.2928739681669108e-7
1.354988562490778e-7
3.218859836787014e-7
5.322465121610796e-7
0.00007188335542089687
8.928679381015182e-6
1.8243464494620633e-7
1.1549046356466826e-7
2.022013677034352e-7
0.00005840962263746436
-0.00002270107856917109
6.459691933765902e-7
-7.755175832563752e-7
0.0008125651958245138
0.00020555346976069766
2.5293323754438803e-6
0.0014882114038275397
0.0004646785675892292
0.006290468304349693
0.000015204765748153797
2.464336547274222e-6
1.947485202917607e-7
2.812274558175822e-8
1.0594180337083223e-7
2.394245493692015e-7
5.283083569432754e-7
0.00003799398138322935
1.7467238156282564e-6
5.116249138857617e-8
8.8868934434203e-8
2.062039096559515e-7
3.6034161607139296e-7
0.000027714421410197976
4.1722504606397785e-6
5.060249162041956e-8
6.757343202947742e-8
1.331889692325414e-7
0.000022709390000321082
-7.492078255140779e-6
2.003228842290596e-7
-3.077826990639891e-7
0.00030994525890505836
0.00009105280142567763
7.981337806707766e-7
0.000637349010250316
0.00022034242907142455
0.00327375869343726
9.100084581390024e-6
1.4595045087068835e-6
7.906731103238083e-8
1.6523084852759766e-8
7.509689610946667e-8
1.7022218801144667e-7
3.818195505615143e-7
0.00001170640053902318
4.937765957793067e-7
2.0691351631430308e-8
5.374856941379612e-8
1.241843569326742e-7
2.25194658890267e-7
0.000011786723715348116
1.8358324683557088e-6
1.8717933978044567e-8
4.676080850173873e-8
1.0326699927461978e-7
8.879824343423342e-6
-2.3820791473231006e-6
8.898433753804553e-8
-3.479131128497101e-8
0.0001251364189526045
0.00003914426196373459
4.318326307077842e-7
0.0002491440626674033
0.00008797564005982084
0.0014285872079876846
5.550009610308205e-6
8.853854650705852e-7
2.709112530817242e-8
1.0095479557763017e-8
5.272702210110867e-8
1.1855854155851093e-7
2.494331206524575e-7
3.1314356171803584e-6
1.7501440522477101e-7
8.520133464490188e-9
3.354832904704697e-8
7.766428267753315e-8
1.425168511250506e-7
5.5169354432143014e-6
8.437464924367263e-7
1.2506511580903067e-8
3.365878773811022e-8
7.437079331451216e-8
3.8132479274428806e-6
-4.541107307794475e-7
4.3864273651849126e-8
3.52241799338625e-8
0.000047875749524773056
0.000014404910879174304
1.9574696185620907e-7
0.00010210736897565735
0.000035178210217173626
0.0005954884963300302
3.430431504945838e-6
5.519666709609705e-7
1.0402691223518262e-8
6.79840261777818e-9
3.683696775677179e-8
8.220960616988019e-8
1.6167121663621905e-7
1.2285593734637443e-6
6.267803580635646e-8
4.138378480140762e-9
2.2486744519126204e-8
5.223335872062184e-8
9.472923963934777e-8
2.725807741313376e-6
4.1512679144497705e-7
9.124157694263787e-9
2.4706867747337525e-8
5.1644352500022364e-8
1.8843000203047692e-6
-1.2855680984413596e-7
2.59980735023425e-8
3.7362227354445275e-8
0.00001918511664683797
4.9899356554721986e-6
8.760047774021503e-8
0.000040660313765208504
0.000012507256259460965
0.00023465317093614534
2.1570473309183305e-6
3.538073511454302e-7
2.9526515831934533e-9
4.619246171652402e-9
2.5693609369841686e-8
5.691604648990979e-8
1.0445030709185055e-7
7.611780008424294e-7
3.9279274815933926e-8
2.688372471160901e-9
1.6732274172993458e-8
3.8887351699558065e-8
6.951592150100226e-8
1.404535183862064e-6
2.14672010647349e-7
6.947120612649277e-9
1.8868412430377807e-8
3.726223380177055e-8
9.95098628517695e-7
-3.274358041823325e-8
1.7436560152757232e-8
2.918631504831402e-8
7.552024497636532e-6
1.2573867826654917e-6
3.5553382397173726e-8
0.00001606636050811506
4.360383825099312e-6
0.00009422704508456576
1.3834140346397047e-6
2.335909825197734e-7
4.327956126130552e-11
3.181399737747685e-9
1.8016516250800086e-8
3.9852334958896405e-8
7.03831234121301e-8
4.987493691370351e-7
2.99919457471842e-8
2.0612456419275034e-9
1.2590003203164015e-8
2.9270298201363103e-8
5.1898040608319474e-8
7.57359108603177e-7
1.1641990268207183e-7
5.50235862921675e-9
1.481714128441958e-8
2.8403236268335216e-8
5.567244502322457e-7
7.595020731368647e-9
1.231980228202099e-8
2.2360271927530287e-8
2.8830471522444797e-6
1.410020098080766e-7
1.641366791849716e-8
6.410680399477422e-6
1.652678817220809e-6
0.00003636117141391001
8.854213806903657e-7
1.5595391678848127e-7
-8.250803956695447e-10
2.1929534781234785e-9
1.2519441841072827e-8
2.772578734456632e-8
4.806103981326546e-8
3.4295809623838797e-7
2.394213690857077e-8
1.6157182025221057e-9
9.551670039437312e-9
2.222045391096817e-8
3.927929776778463e-8
4.3211662670060263e-7
6.679093132081505e-8
4.399554133742358e-9
1.172630767956587e-8
2.2195994281800368e-8
3.2635790252966625e-7
1.798803898544431e-8
8.930032035513588e-9
1.7061166909140003e-8
1.100486154796016e-6
2.653951188764668e-8
1.0132851798882187e-8
2.6756434596480383e-6
6.121140323048717e-7
0.000013816618796497429
5.697129428064234e-7
1.0437522268475158e-7
-9.116320681327052e-10
1.5004091563086411e-9
8.644791713266647e-9
1.9167236927405668e-8
3.293220899663216e-8
2.43308740345051e-7
1.895932611116184e-8
1.2513437010641733e-9
7.225624821734095e-9
1.6825188899394126e-8
2.972896578317898e-8
2.5452118636259833e-7
4.077472740270668e-8
3.455844161184763e-9
9.124922659740533e-9
1.721236706065652e-8
2.0053944174519524e-7
1.782772820737933e-8
6.6322003962157434e-9
1.3153560620657552e-8
4.3922028202024885e-7
2.1509201098859378e-8
7.926862892367705e-9
1.1461648900463054e-6
2.2014464317944975e-7
5.26294786888526e-6
3.6883363436272566e-7
7.023757558857772e-8
-6.005116601351313e-10
1.0190560010583685e-9
5.937505628588105e-9
1.3172537846195405e-8
2.253253165434698e-8
1.7279070332624896e-7
1.494070815336763e-8
9.428860575749098e-10
5.386909105235172e-9
1.2559534025607768e-8
2.2189589343428238e-8
1.6070552374725096e-7
2.6912379366243065e-8
2.755236924128681e-9
7.2221414014419475e-9
1.3616146162189208e-8
1.2887344643766507e-7
1.6167011981737075e-8
5.0027183669381184e-9
1.011469077703765e-8
1.901898075960908e-7
1.611448574863706e-8
6.4729017247491335e-9
5.164396601426874e-7
9.244145451626962e-8
2.1186246614367445e-6
2.3729230382637357e-7
4.682970873228239e-8
-3.498654154163707e-10
6.85240784802645e-10
4.028198808794275e-9
8.945073354960072e-9
1.528737909058325e-8
1.215268938606697e-7
1.1706223659775033e-8
6.910646471037365e-10
3.9505789923801966e-9
9.223295052497223e-9
1.6300033564814127e-8
1.0704442501093445e-7
1.8748669505418513e-8
2.1885441788490055e-9
5.714780395362107e-9
1.0776557412307633e-8
8.699074006554511e-8
1.2998556390143435e-8
3.816421240711935e-9
7.801868010778397e-9
1.042905469465609e-7
1.203958180098229e-8
5.193883225887509e-9
2.4931849838226794e-7
4.5800060117846674e-8
8.575709820886745e-7