1.2667088048995225
-0.5791666721190227
0.009623336904973662
0.8915469864515977
-0.7313170102539417
2.5122345659937557
0.9990488455147684
-0.403651223718792
0.004416980011542865
0.662209626252896
-0.6488180462443656
2.4669729343733837
0.7803490223491679
-0.2665846637434594
0.002260584400747931
0.4669445266318202
-0.5294775417040459
2.3448281289210553
0.6045113689041514
-0.16370178793608897
0.001170386205973855
0.3202487608873616
-0.4215822274696677
2.116691436328135
0.4890486403463341
-0.09428458618928322
0.0006378978594510603
0.22259315020624074
-0.33979910509134736
1.8249664281380131
0.4025251636417494
-0.04501700823148367
0.00035963505779470394
0.15609982990584023
-0.2631633948707418
1.4687440397687175
0.29698412623847553
-0.01594854914693279
0.00022795494416489866
0.1129257619323566
-0.18602944715867598
1.128211384408756
0.20305471772434816
-0.003011534402675395
0.000145179674261665
0.0812541432376422
-0.11252793846369981
0.8370737496773001
0.11622288782934345
0.0011210730396711964
0.00008467561492535586
0.05473460831433115
-0.06042262489788109
0.5787890060985987
0.06222152898704742
0.0013761805988260665
0.000045345804591054406
0.033507933397151655
-0.030428555707233983
0.38267832257818185
0.03206131503974608
0.0009856590520769739
0.000025714242737937896
0.018918280760751558
-0.014907792625928201
0.24457487043136766
0.015365633613833859
0.0005561578711920885
0.00001376791091692987
0.010313798737034025
-0.0066649304518016225
0.15103147068228395
0.006630707391680155
0.00028596878748247837
7.14525750970015e-6
0.005640873230342008
-0.0024596314897036035
0.09165483862127932
0.002836938015356761
0.00013560083644614584
3.6491181974026445e-6
0.0030697168300571694
-0.0005096114620034781
0.053710645010577894
0.0012223669815789769
0.000055676392767688016
2.121628708143251e-6
0.0015840816088217825
0.000018549222687111157
0.03211509405750994
0.000497767628723843
0.00002346366544926074
1.2870559713121227e-6
0.0007538165221841538
0.00012317654809366094
0.017929765975996485
0.000199712814616555
0.000010318238029207412
7.599961105314351e-7
0.000334968546956192
0.00006469755445342182
0.009148968837704082
0.00007439644682671815
4.09632234862348e-6
4.830494552891738e-7
0.00014089898805768299
0.000019092369608273085
0.004155544144554897
0.000025671036424224333
1.510696958251728e-6
3.129846634311645e-7
0.00006065988309691668
0.00001069913627022491
0.0019196808235732654
9.743903922523434e-6
6.07994286593969e-7
2.091976465736569e-7
0.00002417540936291689
4.285905394676948e-6
0.0008077480089129559
4.1296540062323766e-6
2.8329110684723224e-7
1.4633772415199006e-7
0.000010455998968696056
1.5616382080600747e-6
0.00031514253176062726
1.976117725044923e-6
1.405700068007004e-7
1.0166299979856059e-7
4.529868816858154e-6
3.3632050793139893e-7
0.00012090039306962287
1.1058363025247029e-6
7.579363037718269e-8
6.970096883250597e-8
2.084910637843038e-6
2.272503357240214e-8
0.00004566390474097439
6.801527495781518e-7
4.481580180577942e-8
4.90823219736374e-8
9.881199751240745e-7
-1.0936553807584446e-9
0.00001686500137256676
4.315322108781462e-7
2.8222068950051402e-8
3.5234560745712464e-8
5.122620957167732e-7
-4.03342810134331e-10
6.069621106386774e-6
2.782511462879948e-7
1.859924789905866e-8
2.542244308022987e-8
2.793437190222707e-7
1.8772373343510833e-9
2.230804014300211e-6
1.8276182199005495e-7
1.2410375020206454e-8
1.8388020691525e-8
1.5993959445795125e-7
3.541331953415368e-9
9.045933471343351e-7
1.21903618444279e-7
8.515453546941505e-9
1.3270311285948464e-8
9.710475692330307e-8
4.1272050772651795e-9
3.880826615777441e-7
8.158502528787205e-8
5.977940038886081e-9
9.489489373260808e-9
6.226486210549826e-8
3.8924864025041526e-9
1.8337588791963632e-7