0.000019741029498334872
8.891671217574604e-6
2.5347418621844936e-6
1.0365216051667792e-6
5.447292436025731e-7
2.1624683701128426e-7
5.656438774607375e-8
1.9990357689743595e-8
1.3171095118684104e-8
1.1074903611432662e-8
1.307971603752898e-8
1.1660285874961294e-8
1.0724260301401968e-8
1.1692476940396425e-8
2.065507912800188e-8
0.000013043508852231053
7.039920995665539e-6
3.277019423684245e-6
1.675969378729023e-6
6.060343251783046e-7
1.383384412758704e-7
3.64786666772685e-8
1.6496974079504207e-8
1.0736078361957407e-8
1.1262240772444145e-8
8.321986651085992e-9
7.182983896767228e-9
7.3984466369338124e-9
1.1940187610095498e-8
9.185085867354115e-6
6.537700423751541e-6
3.284524634890437e-6
1.0029472826243115e-6
2.0605168889639012e-7
4.934695119147982e-8
1.6260129712150583e-8
7.880654458270191e-9
6.514730898242989e-9
3.965715392891862e-9
3.0844603830145422e-9
2.507347105536863e-9
3.245337331027467e-9
8.262686230101372e-6
5.471676642402016e-6
1.697677453615994e-6
3.484986073997868e-7
8.425998912040014e-8
2.482574703464909e-8
9.223127833016833e-9
5.659001890064115e-9
3.2623939575513996e-9
2.223283925301524e-9
1.6685884153614258e-9
1.7604723667183704e-9
6.921071552448832e-6
3.988214125026191e-6
1.0206845156948233e-6
2.654921388640711e-7
7.370977574822565e-8
2.0610712248202725e-8
6.953714291744605e-9
3.029790824724522e-9
1.7426538689738186e-9
1.311702721174347e-9
1.3182580588450441e-9
6.876322717631186e-6
3.6937228492153984e-6
1.2275090871092922e-6
3.2724434506637906e-7
7.884409442011681e-8
1.491049561827831e-8
3.516990068018184e-9
1.6923588835182524e-9
1.2349645714065707e-9
8.638980835954083e-10
5.8912373878840125e-6
3.8040237879758094e-6
1.1792933676075082e-6
2.7531923375269315e-7
3.751493467391679e-8
4.617150872980904e-9
1.59521408145718e-9
9.544157155834907e-10
5.412244281747461e-10
5.425458579076328e-6
3.142119958212531e-6
1.0216815447777171e-6
1.3386099866009505e-7
1.0524171782714523e-8
2.280702068809672e-9
9.23930132514072e-10
4.4786188095368547e-10
5.108002928409474e-6
3.4179996562540753e-6
6.614639726868947e-7
5.013593835851335e-8
7.869757863704229e-9
2.0290336800380845e-9
8.778122548377468e-10
4.782617055813769e-6
2.3383733134631453e-6
3.626933197267056e-7
5.536740430540216e-8
5.835304850111493e-9
1.5164841474491776e-9
4.769215474166144e-6
2.4411281498039585e-6
6.11262886553779e-7
3.9343230016333135e-8
2.533612267978472e-9
4.484057020079235e-6
2.6257187709106598e-6
2.2663817645906816e-7
5.203773651794362e-9
4.030660875870567e-6
1.1228498500709065e-6
1.7464335740420597e-8
4.212869713756073e-6
7.074517777337026e-7
2.311067241064872e-6
0.000017891950394316406
8.485740174187091e-6
2.4753105682876008e-6
1.0217913556151473e-6
5.399438596411263e-7
2.1512695585485415e-7
5.616945478366483e-8
1.9445625677390996e-8
1.2549900003572788e-8
1.0452985833520932e-8
1.2292086237768807e-8
1.0919718691056206e-8
1.0004028702806897e-8
1.0922307759300114e-8
1.928371359799874e-8
0.000012950568633694957
7.1542354992059715e-6
3.3705141417784585e-6
1.7354189289138088e-6
6.31882307076607e-7
1.447253262029962e-7
3.778519975817349e-8
1.664004562979656e-8
1.060625280865786e-8
1.101497281972321e-8
8.053081553200952e-9
6.9289136801317315e-9
7.088300072210055e-9
1.1366464707135975e-8
9.539300006795439e-6
6.867055710216163e-6
3.475249424358677e-6
1.069493780676256e-6
2.211497134935357e-7
5.294067814457315e-8
1.7229663256634722e-8
8.203009889376232e-9
6.674079096394553e-9
4.022929526207152e-9
3.10695048398873e-9
2.4911926819069325e-9
3.168072862739493e-9
8.768782470294455e-6
5.848270561289312e-6
1.828891262660678e-6
3.7805350468240546e-7
9.166104740106092e-8
2.691388245202112e-8
9.90192888429856e-9
5.975973374371698e-9
3.417413904529758e-9
2.309722558600317e-9
1.717720513927358e-9
1.7754216427246253e-9
7.4581237702623865e-6
4.3309506660003635e-6
1.1148551565934835e-6
2.909899685880848e-7
8.086073448745415e-8
2.2593131393173578e-8
7.524896908999918e-9
3.2391242912803252e-9
1.844604311140007e-9
1.3779374640838452e-9
1.3596939591184955e-9
7.513712650800527e-6
4.055522608443856e-6
1.352887249322196e-6
3.6180796241205914e-7
8.745451519999008e-8
1.648303769929965e-8
3.8477200905578095e-9
1.8386981537916579e-9
1.3354506254099693e-9
9.160774000167992e-10
6.499093930181287e-6
4.211541044453857e-6
1.309815174136251e-6
3.0677832869201583e-7
4.183971098102313e-8
5.127225138255497e-9
1.7611950234168565e-9
1.048944018352318e-9
5.887215679072637e-10
6.026553063826666e-6
3.5013256958087983e-6
1.1415056324827085e-6
1.498883416823203e-7
1.1789687126227503e-8
2.54895087733129e-9
1.0283382979246848e-9
4.946562672199546e-10
5.709408672272395e-6
3.828838489879231e-6
7.427000001978285e-7
5.642333111793161e-8
8.86182263197917e-9
2.277868532182266e-9
9.810485445648441e-10
5.36954674540203e-6
2.632474154602885e-6
4.092421326495313e-7
6.255746001782345e-8
6.588204365968615e-9
1.7030138866276172e-9
5.381773275031478e-6
2.759080179078124e-6
6.917157166361985e-7
4.4580537081791614e-8
2.8637374927879784e-9
5.0754519641991906e-6
2.9765654812740415e-6
2.573930440860007e-7
5.913289059981704e-9
4.5779668565721454e-6
1.2780133788555284e-6
1.9914373398342306e-8
4.80792469329033e-6
8.093351849050079e-7
2.652462551069932e-6
0.000015665138949824747
7.763332084832484e-6
2.3270503362371103e-6
9.720688458854894e-7
5.174212322288924e-7
2.0737621665989092e-7
5.4103951864206454e-8
1.8285504268321866e-8
1.1491238564959379e-8
9.454159332901188e-9
1.1061995788386628e-8
9.784425568931608e-9
8.936760878088473e-9
9.75982845413381e-9
1.7218508512049653e-8
0.000012371619243036516
7.033176227665051e-6
3.362123672126241e-6
1.7461092237991186e-6
6.416451178703311e-7
1.4768668349541986e-7
3.814377596995582e-8
1.6275332345429755e-8
1.0112053401158052e-8
1.036936556622145e-8
7.48618460028361e-9
6.416497888352789e-9
6.5092319503266305e-9
1.0357216514547745e-8
9.621353593595542e-6
7.019038544361794e-6
3.5846168615367805e-6
1.1141632080290304e-6
2.322913438213247e-7
5.560711700150132e-8
1.784666853783244e-8
8.320853415331966e-9
6.640654315367762e-9
3.958480222630875e-9
3.031416327372369e-9
2.392118226876229e-9
2.978878139448575e-9
9.072619459241683e-6
6.104167753734483e-6
1.927772795064813e-6
4.019463129623536e-7
9.780205284578812e-8
2.8610483055986533e-8
1.0410191934438557e-8
6.160987918590861e-9
3.490719164706506e-9
2.336741555891952e-9
1.7205524336823987e-9
1.7375137622512896e-9
7.862349138520282e-6
4.609038061081209e-6
1.1949272664578715e-6
3.1322200177308634e-7
8.714564542550789e-8
2.4335998731887394e-8
7.986194107960413e-9
3.3897648996599274e-9
1.908534519355512e-9
1.413947227089691e-9
1.3671100234928294e-9
8.056666292922734e-6
4.3741568076123185e-6
1.4659943230538707e-6
3.9357688963869916e-7
9.551455342299613e-8
1.7934015876365594e-8
4.136705864795786e-9
1.9614826617049694e-9
1.4173699175835077e-9
9.51905390909352e-10
7.050353950443168e-6
4.588641045705459e-6
1.432657359292911e-6
3.3686426251478286e-7
4.599649421861118e-8
5.6088999027753484e-9
1.913819900605113e-9
1.1339955791555211e-9
6.296300522494325e-10
6.592474539264305e-6
3.844840461495902e-6
1.2575229071511708e-6
1.6556150394295282e-7
1.3031876557911045e-8
2.8104292141141563e-9
1.1284287112886583e-9
5.383766369003168e-10
6.292749852945973e-6
4.231227487881513e-6
8.230654601734042e-7
6.271142920054472e-8
9.859288261311056e-9
2.524918865666264e-9
1.082004449876314e-9
5.949939168693948e-6
2.926601956795681e-6
4.563146136095273e-7
6.988970344832434e-8
7.353424434394454e-9
1.8885580075932783e-9
6.000876753333824e-6
3.0838782736544017e-6
7.745278937222858e-7
4.9995493116328766e-8
3.200957596601687e-9
5.685651496017225e-6
3.3408522985393843e-6
2.8950718404040866e-7
6.653101013671694e-9
5.149777879443703e-6
1.4411150523438126e-6
2.2493767406838876e-8
5.435948795716882e-6
9.167105572450681e-7
3.0152747331449797e-6
0.000013333697623671976
6.809443057585571e-6
2.099965677494919e-6
8.90853267133346e-7
4.786597628695746e-7
1.936102052785843e-7
5.05837770205993e-8
1.6652058667312638e-8
1.0127099255724255e-8
8.203147805953986e-9
9.546713643929047e-9
8.402942524458066e-9
7.663163376445315e-9
8.356856400804234e-9
1.472430047767219e-8
0.00001129113120760434
6.629637672850682e-6
3.2308259619716435e-6
1.6965895054958445e-6
6.311047729645354e-7
1.4630661695718124e-7
3.737307432530516e-8
1.5375644280405844e-8
9.267226473313271e-9
9.3563520476261e-9
6.666168677160149e-9
5.68880899325269e-9
5.716767326239202e-9
9.019025119963878e-9
9.358464075262621e-6
6.944253710317669e-6
3.584653538545098e-6
1.1278642718222548e-6
2.375812073782694e-7
5.690663481932971e-8
1.7980260608172478e-8
8.183766996931133e-9
6.381030206500466e-9
3.76004763007247e-9
2.8511654221377483e-9
2.2116092568492082e-9
2.6907047519702976e-9
9.106775741243684e-6
6.188672558258397e-6
1.9779912637643872e-6
4.168241808722428e-7
1.0188695636607429e-7
2.968944629099255e-8
1.0672391256567719e-8
6.173392678839729e-9
3.4621057178219657e-9
2.2927813209547357e-9
1.6710231498438747e-9
1.6463866728890596e-9
8.064154723726614e-6
4.782178915504076e-6
1.2507765086627464e-6
3.29610652279808e-7
9.186415286074946e-8
2.5651695887847613e-8
8.277487583238105e-9
3.4575097196419577e-9
1.92210846357735e-9
1.411936121639489e-9
1.3362128519195323e-9
8.436407132117592e-6
4.613558073607704e-6
1.5551670361138688e-6
4.1953314178034457e-7
1.0232410137005302e-7
1.913169150653818e-8
4.3526631951863965e-9
2.046175643753186e-9
1.470743461424103e-9
9.664732667531372e-10
7.489212324478255e-6
4.900332428793122e-6
1.5373086559835237e-6
3.63209590455652e-7
4.9668418695154685e-8
6.022298756629931e-9
2.0390122015789098e-9
1.2012976406022851e-9
6.599262070654769e-10
7.074813536284511e-6
4.145563393650157e-6
1.3611966715995685e-6
1.7979461950256418e-7
1.4166018940164817e-8
3.0464063010974525e-9
1.2166761062300464e-9
5.756727721188293e-10
6.815531200236988e-6
4.5975336861816556e-6
8.973839959900234e-7
6.861745546367748e-8
1.0801690276036121e-8
2.7546060794225144e-9
1.1741464252457554e-9
6.486315618186642e-6
3.2031360030213047e-6
5.012219690123984e-7
7.695050997011216e-8
8.088139853084103e-9
2.0620787225509788e-9
6.5915047737397865e-6
3.397249394234817e-6
8.550764546730893e-7
5.5300672967073856e-8
3.5283968512328645e-9
6.280339429318532e-6
3.6988560612728344e-6
3.213536332438674e-7
7.39083003619421e-9
5.717017414667385e-6
1.6045079806832977e-6
2.5103018835485267e-8
6.073056825294914e-6
1.0269375638896295e-6
3.392616092897712e-6
0.000011187646585063638
5.789207421399818e-6
1.8289967266225397e-6
7.893235016571999e-7
4.294396615157142e-7
1.760763247461903e-7
4.6228493468622795e-8
1.4853437115824549e-8
8.718663200892939e-9
6.9443505308224214e-9
8.040853208406212e-9
7.049535062747642e-9
6.428476923724141e-9
6.994932674512472e-9
1.230532702272058e-8
9.873632556319462e-6
5.975677904845741e-6
2.9759852679047705e-6
1.587188143918815e-6
6.002004244847852e-7
1.405484962404583e-7
3.5559469723136586e-8
1.4085596924658266e-8
8.214856552129806e-9
8.151141841726211e-9
5.740670595559783e-9
4.877959152204805e-9
4.86016798457695e-9
7.609528448827064e-9
8.689899324395823e-6
6.580417547863822e-6
3.4494928202293083e-6
1.1028927550657744e-6
2.353636488265972e-7
5.647256882934649e-8
1.7559882762406407e-8
7.780929922889816e-9
5.906975940645389e-9
3.4444536602874682e-9
2.5843432577460336e-9
1.975205186331301e-9
2.352576839202567e-9
8.790978212073417e-6
6.058448161871322e-6
1.9648070423979307e-6
4.192915975983734e-7
1.030860011202486e-7
2.993246853468082e-8
1.0620511780893606e-8
5.984614403244036e-9
3.3200162687401096e-9
2.1731138530964408e-9
1.5709816904232904e-9
1.5139174091297753e-9
8.012115822623796e-6
4.813374607766505e-6
1.2717042689931805e-6
3.3732155848360784e-7
9.425925930565205e-8
2.63437887610397e-8
8.347006159244825e-9
3.4256906626793183e-9
1.8785348735552563e-9
1.369658607242308e-9
1.2709235613663383e-9
8.5778640130357e-6
4.731694919516756e-6
1.6064580495332576e-6
4.3601336053650824e-7
1.0702139839648975e-7
1.9920365034531627e-8
4.462264484119222e-9
2.078328523919072e-9
1.4861925917865484e-9
9.571820941361057e-10
7.748145461139384e-6
5.103377875081521e-6
1.6105481780451858e-6
3.8278473985338165e-7
5.2449552530978e-8
6.318213362072872e-9
2.1201084104133543e-9
1.2413009402618975e-9
6.754307013250804e-10
7.412583600093979e-6
4.368739333745822e-6
1.4414206094324554e-6
1.9116045381632422e-7
1.508187441892465e-8
3.233225116786619e-9
1.283652315676972e-9
6.025161660388501e-10
7.222308630926586e-6
4.891284580920043e-6
9.5874792882385e-7
7.363202077877571e-8
1.1610517243436877e-8
2.946493187446946e-9
1.248950792236361e-9
6.928648659007322e-6
3.4382905058166426e-6
5.403802987656242e-7
8.320500225060232e-8
8.736085909340006e-9
2.2087493518007313e-9
7.106505983541399e-6
3.675674125453634e-6
9.275955746454075e-7
6.013280557644209e-8
3.822718786457903e-9
6.817436204405246e-6
4.026535107771507e-6
3.50915578563025e-7
8.080751758730565e-9
6.24388263229813e-6
1.7585523957482481e-6
2.759365625973689e-8
6.683734306516034e-6
1.1339140607536203e-6
3.765888009419519e-6
9.385795628099923e-6
4.8776184875830114e-6
1.5585835127508717e-6
6.828914443515011e-7
3.765777190421973e-7
1.5729821402651448e-7
4.1712873466805846e-8
1.3182900988429771e-8
7.509552273006483e-9
5.9021147584590946e-9
6.806497844189317e-9
5.964214066804136e-9
5.432991714792493e-9
5.912644215461521e-9
1.0396290797206907e-8
8.353470131066546e-6
5.166009698391509e-6
2.627191456375473e-6
1.4255918049308056e-6
5.511186478852519e-7
1.3094532400778044e-7
3.2927028038124705e-8
1.2607730945855558e-8
7.138162070046599e-9
6.969274922086365e-9
4.883134537630716e-9
4.1358780069556995e-9
4.106161946636087e-9
6.411168181426928e-9
7.70586167264564e-6
5.948687772043898e-6
3.170336612890517e-6
1.0357305428694759e-6
2.2495977387237948e-7
5.415883924473606e-8
1.6584010225059206e-8
7.1526777177870924e-9
5.2788807418172826e-9
3.05490643275844e-9
2.2703029846157133e-9
1.7208427075385002e-9
2.0248825172080824e-9
8.081989426007114e-6
5.656257770232352e-6
1.872311353808842e-6
4.0661617382491185e-7
1.0071861261695216e-7
2.914029722470602e-8
1.0200642706113771e-8
5.581981736905446e-9
3.060827814888529e-9
1.981535517414451e-9
1.425527395464965e-9
1.3547389805477497e-9
7.613498834786381e-6
4.662558934773692e-6
1.2492065827646825e-6
3.339638747649821e-7
9.360283579610094e-8
2.6202322597021702e-8
8.135619921889582e-9
3.2728181323921294e-9
1.7701225952715433e-9
1.2831486665349211e-9
1.172367493309902e-9
8.431137902716979e-6
4.700786324494137e-6
1.6086795225090695e-6
4.396719824552393e-7
1.0874718903693099e-7
2.015391664005429e-8
4.438510336589094e-9
2.047732668071741e-9
1.4576045192084244e-9
9.227810769814315e-10
7.773543387014153e-6
5.15585941000172e-6
1.638328894111149e-6
3.9219779330129853e-7
5.3891365389922124e-8
6.4476305964114736e-9
2.1425415125262177e-9
1.2464550005838232e-9
6.729618572070391e-10
7.538412263220054e-6
4.474075103144959e-6
1.4849990409331365e-6
1.9794041490614418e-7
1.564757100470799e-8
3.3436204337099925e-9
1.3190439515873667e-9
6.145213644049484e-10
7.446804570775485e-6
5.068167173593401e-6
9.986301771131652e-7
7.711630784095252e-8
1.2186936659016693e-8
3.075416418421e-9
1.295983001916679e-9
7.215189467176201e-6
3.6021560273743037e-6
5.69208487240566e-7
8.796259965261877e-8
9.225143397283983e-9
2.309993586291739e-9
7.48558258822605e-6
3.888698261564594e-6
9.845502631386097e-7
6.401404546746126e-8
4.053717242323429e-9
7.2418136922134734e-6
4.2920616801090045e-6
3.7549678103351817e-7
8.662633142906118e-9
6.682402392223992e-6
1.890192154055284e-6
2.9768159956193954e-8
7.220509236816492e-6
1.2298918673052841e-6
4.1110208959047525e-6
7.850780896665635e-6
4.149787889627276e-6
1.3207287027702027e-6
5.834653435313899e-7
3.256402993443952e-7
1.3835238590050493e-7
3.7111339744698694e-8
1.1653368918124257e-8
6.528379075077517e-9
5.098303179926261e-9
5.859964472236648e-9
5.146328766824748e-9
4.67221161576855e-9
5.10045235168915e-9
8.986737714543531e-9
7.016677131567315e-6
4.347637417608018e-6
2.243560434876321e-6
1.2378434392782856e-6
4.889226898368742e-7
1.1801593934595223e-7
2.9663780895960816e-8
1.1117141879166993e-8
6.177472914896019e-9
5.967188978021294e-9
4.1893655229821274e-9
3.542496402272932e-9
3.527308793803968e-9
5.523706256956299e-9
6.551552019295981e-6
5.140177063208272e-6
2.7854119868684046e-6
9.295343651340565e-7
2.057263418789277e-7
4.984235940301532e-8
1.5102343195912396e-8
6.37336641975727e-9
4.586700113877357e-9
2.644799238657062e-9
1.9515742513921096e-9
1.4805729937262384e-9
1.743562515803736e-9
7.0914439673719274e-6
5.038584153011783e-6
1.700423617304877e-6
3.762226433959923e-7
9.415747372609698e-8
2.7216973382835522e-8
9.431287666241306e-9
5.015279934453181e-9
2.7195087774175014e-9
1.7440211268115542e-9
1.253915415193368e-9
1.187306130139261e-9
6.8930932140335724e-6
4.296239962008439e-6
1.1694498694923342e-6
3.162074457990467e-7
8.912990511893079e-8
2.5064370232886687e-8
7.626249475941075e-9
3.0048516770509854e-9
1.6042272268463849e-9
1.1588133674865106e-9
1.049559325053109e-9
7.88423545449068e-6
4.458015433828987e-6
1.5447844556095383e-6
4.2655872246908213e-7
1.0658541638872634e-7
1.9640950759295773e-8
4.236911501976845e-9
1.934427987337481e-9
1.3706929709015553e-9
8.571432796011361e-10
7.4815240080781415e-6
5.0190838411112765e-6
1.6099428472967645e-6
3.88834787415109e-7
5.3571862700009475e-8
6.352664982027713e-9
2.085389914000793e-9
1.2037805761849295e-9
6.46354429060192e-10
7.410690656546661e-6
4.436585448451785e-6
1.482677912310718e-6
1.9869275284312772e-7
1.574193942051326e-8
3.352337678773769e-9
1.3132126224153847e-9
6.076040921305188e-10
7.443453390560529e-6
5.092496203415505e-6
1.0088260429214226e-6
7.839695665605056e-8
1.2428259001029284e-8
3.1183001809261795e-9
1.3059513742690067e-9
7.286307940439086e-6
3.6616609910286167e-6
5.824016681690542e-7
9.041400824374635e-8
9.47468281461613e-9
2.346644551538469e-9
7.658493077430055e-6
4.000130686039266e-6
1.0168721456013085e-6
6.636369352079692e-8
4.18502118392047e-9
7.486892733526212e-6
4.456515671521956e-6
3.917533869570051e-7
9.060867015591754e-9
6.97305421821308e-6
1.982956511492375e-6
3.137370740883577e-8
7.622343153704857e-6
1.3047594873254162e-6
4.395979090797601e-6
6.356665036860473e-6
3.5047152049845773e-6
1.113838795780108e-6
4.916321125131024e-7
2.7630028764398897e-7
1.1880362044944277e-7
3.212723484518591e-8
1.0015166124927725e-8
5.53999192216311e-9
4.296826677912097e-9
4.918142092359834e-9
4.309362173241897e-9
3.900876759135868e-9
4.263907845606389e-9
7.526388870997387e-9
5.97562239751456e-6
3.6599779345606137e-6
1.888474920358006e-6
1.0519568210585285e-6
4.228723463451743e-7
1.0345680164894879e-7
2.6043956156777322e-8
9.655404172182807e-9
5.306687154883976e-9
5.091673566753147e-9
3.5681763984456954e-9
3.0120716408408615e-9
3.0032311384214096e-9
4.702907994844928e-9
5.467000206298677e-6
4.30455751237033e-6
2.3587392830737692e-6
8.028240881461179e-7
1.808386216338686e-7
4.410308519287983e-8
1.3300006321619183e-8
5.540953062581372e-9
3.916346674575072e-9
2.2489037593753928e-9
1.6509306397688251e-9
1.2548808808170945e-9
1.4804997182024706e-9
5.970918270395726e-6
4.290453636847645e-6
1.4761351302332169e-6
3.3264151966259607e-7
8.407619112548494e-8
2.4333464999382903e-8
8.391404341643164e-9
4.356462763436189e-9
2.3345912039978816e-9
1.4857228208190718e-9
1.0678497547983247e-9
1.010060589927569e-9
5.95084760817282e-6
3.777096388211571e-6
1.044279138251482e-6
2.8536764983298873e-7
8.100274336040305e-8
2.2960844534779108e-8
6.872805553351342e-9
2.6525624070354897e-9
1.398616959327642e-9
1.0066960258015819e-9
9.048099212944884e-10
7.0344705119462845e-6
4.029164752601336e-6
1.4120238495907924e-6
3.944013027137217e-7
9.986886047950887e-8
1.835736126918728e-8
3.879221357892127e-9
1.7518159651371598e-9
1.2352748423154755e-9
7.639287793234058e-10
6.846197290476319e-6
4.6424957113021996e-6
1.505789478603747e-6
3.6809577263017466e-7
5.101725603556221e-8
5.997861235762459e-9
1.9410456856219333e-9
1.1111093318987522e-9
5.938229211704025e-10
6.926319331502301e-6
4.192862762444901e-6
1.4154882944805397e-6
1.9141955744709193e-7
1.5224840834780405e-8
3.2271819054590684e-9
1.2528195527151177e-9
5.752282020866091e-10
7.113949481377735e-6
4.909957248054469e-6
9.816081717086692e-7
7.695260992770219e-8
1.2237908023826126e-8
3.0443906296717046e-9
1.2656612158977748e-9
7.08776279547783e-6
3.597031790710724e-6
5.767926158193266e-7
9.000683101588756e-8
9.415140295615898e-9
2.301085605775267e-9
7.584816299113304e-6
3.98698679746103e-6
1.0181081508229437e-6
6.670931827988181e-8
4.1891444922181016e-9
7.504957162145931e-6
4.486767347615472e-6
3.9638416987993837e-7
9.202322683378704e-9
7.054566043465337e-6
2.0182279485001316e-6
3.2120796070941955e-8
7.81749727456797e-6
1.3464001455531633e-6
4.581251331620773e-6
4.8876189485941895e-6
2.8117703023563535e-6
9.174181841999235e-7
4.04620293410526e-7
2.2722146027328644e-7
9.797648193971336e-8
2.6537940891415574e-8
8.141748898355888e-9
4.390032479439414e-9
3.347496698540075e-9
3.810213048720206e-9
3.3047515492025762e-9
2.9851652958364514e-9
3.255980294621984e-9
5.722707060611046e-9
5.0624907385496815e-6
3.1239533758121386e-6
1.5965446226213528e-6
8.861316834629736e-7
3.5741101336670274e-7
8.791721474679373e-8
2.213294702138551e-8
8.121604484716298e-9
4.3997507037531646e-9
4.181677738096405e-9
2.8807204962742616e-9
2.4221664434571124e-9
2.3867778847049557e-9
3.689083755693401e-9
4.6312987057849e-6
3.609897710401938e-6
1.9735631741882493e-6
6.756489616613599e-7
1.5360922315509732e-7
3.769991926081186e-8
1.1380468658440843e-8
4.729691626119834e-9
3.313238972638454e-9
1.8843963884596376e-9
1.375592996782099e-9
1.0333744745688818e-9
1.1980111411889718e-9
4.970553549207652e-6
3.570743917939717e-6
1.2380473462645687e-6
2.8227129561160844e-7
7.200617945459077e-8
2.0924399351592233e-8
7.229275794327392e-9
3.7037605949752097e-9
1.9646415484878225e-9
1.2431626072270614e-9
8.880182122240537e-10
8.292769537383883e-10
4.9639907835837916e-6
3.1796555575290833e-6
8.897964562633153e-7
2.4579501758133864e-7
7.034003996832415e-8
2.0124442810582185e-8
5.9627447647682294e-9
2.264309515133934e-9
1.18164350598514e-9
8.454881147693076e-10
7.498371854227349e-10
5.9789157409628905e-6
3.466554028351996e-6
1.2300088780711805e-6
3.4768757118945034e-7
8.915659164359139e-8
1.6359113955700843e-8
3.3942622771088822e-9
1.5178943692817579e-9
1.064470688378402e-9
6.496148968606618e-10
5.970599972303137e-6
4.0955916787146424e-6
1.3431548836416065e-6
3.3193192359275506e-7
4.6259376186750216e-8
5.401004048605792e-9
1.7253695864493066e-9
9.796763901696054e-10
5.207249229699829e-10
6.1755714531633515e-6
3.777946476142338e-6
1.2863327628515876e-6
1.753963425864719e-7
1.4026914379950482e-8
2.967537039572269e-9
1.1429904292435481e-9
5.200273094712235e-10
6.470590587864101e-6
4.497563382602939e-6
9.071416824140878e-7
7.185584447948586e-8
1.149542800312994e-8
2.8356336619211347e-9
1.1670870341566998e-9
6.544889706718365e-6
3.357445443581207e-6
5.438930234326015e-7
8.554022389483084e-8
8.946121053116227e-9
2.1476268061440376e-9
7.150188165434364e-6
3.7914150281830808e-6
9.751778518094368e-7
6.432812596087242e-8
4.0128960401032845e-9
7.200512771064501e-6
4.339140478353415e-6
3.86491131248791e-7
9.005588852534359e-9
6.882924405747412e-6
1.985771438240424e-6
3.181938053269525e-8
7.763245362133143e-6
1.346710073823682e-6
4.630277993521196e-6
3.747423378001704e-6
2.158335054989092e-6
7.324038893159855e-7
3.270613333453011e-7
1.8329596915209794e-7
7.888652853187612e-8
2.1326889655932538e-8
6.4605590340171624e-9
3.3950836784946455e-9
2.5524275940007722e-9
2.8920154399933404e-9
2.5019269475046597e-9
2.2603307726257683e-9
2.4549256290529254e-9
4.306849955273026e-9
4.058331103287508e-6
2.6178467855752306e-6
1.346286133160518e-6
7.412813140615256e-7
2.9636863263653045e-7
7.26604789250218e-8
1.8236508043665692e-8
6.6044777296685516e-9
3.524275788937409e-9
3.3105770997157566e-9
2.2460043614726415e-9
1.880205699650534e-9
1.824497008355315e-9
2.7873262452632703e-9
3.990876149652191e-6
3.100456197045822e-6
1.6763539409393252e-6
5.673591332137021e-7
1.2837958704440348e-7
3.155249978389687e-8
9.552338853573278e-9
3.9899040152138215e-9
2.787195149772939e-9
1.572409670066611e-9
1.1403268066603896e-9
8.400923125373485e-10
9.495971523801845e-10
4.240844971920177e-6
3.0152297540420333e-6
1.0356027365137592e-6
2.3541032595643308e-7
6.021574828946307e-8
1.7595682746765054e-8
6.134647859992322e-9
3.1474621405162465e-9
1.6640004689037372e-9
1.0490239373724014e-9
7.424967700824705e-10
6.806772325368154e-10
4.150203906031121e-6
2.6417591951347144e-6
7.395570764826496e-7
2.052160139481749e-7
5.914912370379384e-8
1.7098420152301054e-8
5.072394201243344e-9
1.9157475437730768e-9
9.936053601157609e-10
7.067992771446712e-10
6.189227824538579e-10
4.9584231431434065e-6
2.8841779877373673e-6
1.0300257810162183e-6
2.9384876356669364e-7
7.624342664335323e-8
1.4026716648409886e-8
2.8807502046710456e-9
1.2796581960412422e-9
8.937781291385214e-10
5.402179079298386e-10
4.995738144108726e-6
3.451209098748608e-6
1.142072316818146e-6
2.852956795381268e-7
4.004456461501819e-8
4.658375693844075e-9
1.4725340061525863e-9
8.315739869363627e-10
4.407822756382641e-10
5.243051935133513e-6
3.238198639123076e-6
1.1129569767660693e-6
1.5317002348178328e-7
1.2325552228346118e-8
2.6034794114484274e-9
9.967159504881722e-10
4.50381785021719e-10
5.602917896567718e-6
3.926767671274258e-6
7.994435331270111e-7
6.398856042342916e-8
1.029052386963036e-8
2.5198521772387408e-9
1.0281388815534745e-9
5.763770389194509e-6
2.989182999859735e-6
4.891202260125559e-7
7.744500739045891e-8
8.102502132677224e-9
1.914573750957139e-9
6.429754363807832e-6
3.43581703349968e-6
8.886496638162292e-7
5.901803541582454e-8
3.6713805669224332e-9
6.56806915362676e-6
3.983889174845805e-6
3.578707370044924e-7
8.400606353050382e-9
6.3724881371520204e-6
1.8562817072246343e-6
3.0036630533889334e-8
7.341985876197003e-6
1.2867909100327687e-6
4.50366933997175e-6
2.9390971235567113e-6
1.6775609800849002e-6
5.710564020391737e-7
2.6128569549717026e-7
1.4827341988164907e-7
6.406082473705513e-8
1.7328165773234313e-8
5.227495975813772e-9
2.728878492373384e-9
2.05055348539987e-9
2.3191107018827244e-9
2.0136721406236513e-9
1.8178058316384758e-9
1.9798441723848674e-9
3.492828743257455e-9
3.074472972624583e-6
2.049776875985592e-6
1.0944466929044497e-6
6.099389405873936e-7
2.4385176501400283e-7
5.962381527323227e-8
1.4890300477177572e-8
5.315795646443106e-9
2.805383540331523e-9
2.613254303592928e-9
1.7845921626543209e-9
1.4895268901054588e-9
1.4539319060681241e-9
2.235945917910599e-9
3.2816469408630974e-6
2.6267381808936534e-6
1.429172787043702e-6
4.802281909932495e-7
1.0774066916414652e-7
2.6359858256887927e-8
7.942430350325578e-9
3.298463936001631e-9
2.284081132704568e-9
1.2908621589070441e-9
9.293747172403954e-10
6.825973403914212e-10
7.68240815074199e-10
3.666426061622789e-6
2.6100922688762324e-6
8.867161753836702e-7
1.9920348840422692e-7
5.068754398209606e-8
1.4824583132663349e-8
5.183666877558813e-9
2.6713183537230962e-9
1.4180962070739865e-9
8.903096094588819e-10
6.294720892487176e-10
5.72423452761752e-10
3.581162031108429e-6
2.251917746408995e-6
6.235792701242158e-7
1.721493652313922e-7
4.9644963151723986e-8
1.4388339916161864e-8
4.304252580428853e-9
1.6366725855244897e-9
8.475600666486698e-10
6.030378897597457e-10
5.263511387933392e-10
4.183009765604084e-6
2.412898770521191e-6
8.580883216258741e-7
2.447685016982429e-7
6.366853882540072e-8
1.1781822724673098e-8
2.4333829405514486e-9
1.08216634836153e-9
7.565657586284224e-10
4.562657160832445e-10
4.152644587855499e-6
2.8620685089258894e-6
9.478846295895204e-7
2.3753030483984754e-7
3.350766866431093e-8
3.913401106987268e-9
1.236698260775527e-9
6.995514268608453e-10
3.7120118666108e-10
4.345283682390241e-6
2.689266925036089e-6
9.276347639585077e-7
1.2836244445480986e-7
1.0395794139954038e-8
2.2032267843308296e-9
8.434591215703242e-10
3.7996395524357107e-10
4.669244302337732e-6
3.2857396621689448e-6
6.729525918652362e-7
5.431875564294466e-8
8.793537248982032e-9
2.1451488418001274e-9
8.687665925796133e-10
4.847837573127728e-6
2.5339400882617892e-6
4.1821570377753487e-7
6.671926232718838e-8
6.99773865832032e-9
1.6300748870058113e-9
5.494744473110629e-6
2.9599605976851854e-6
7.708728959423627e-7
5.157862483782082e-8
3.1984815322932667e-9
5.706199751780836e-6
3.4871607912456595e-6
3.1598711633545054e-7
7.468174533598987e-9
5.626279675777268e-6
1.6548667500576608e-6
2.702756293047154e-8
6.622820443855329e-6
1.1703581982685484e-6
4.159170770980866e-6
2.2367552515025153e-6
1.290685759704252e-6
4.3626445248848016e-7
2.024941652820522e-7
1.178483415638986e-7
5.2180899617794736e-8
1.4211756312148428e-8
4.198271935830889e-9
2.1152821702158918e-9
1.5536274864294868e-9
1.7460624065780295e-9
1.5074293170978839e-9
1.357996189383075e-9
1.476904366621236e-9
2.5929950979754896e-9
2.3706809177660627e-6
1.5476159390192523e-6
8.456692686716041e-7
4.886795343317428e-7
2.0174714404864572e-7
4.988913680148469e-8
1.2356678563128998e-8
4.288275667624601e-9
2.1900746595114057e-9
2.0050769838485604e-9
1.3608806152150553e-9
1.132937803895304e-9
1.103407574906703e-9
1.6872808295954489e-9
2.467729039978938e-6
2.043909538896023e-6
1.1546701981167201e-6
4.005754455821999e-7
9.110517435075734e-8
2.2216802060855568e-8
6.5861851745303054e-9
2.6484281846835585e-9
1.7833080061618186e-9
1.0034763785663719e-9
7.158369634814115e-10
5.266686269474945e-10
5.897160289718565e-10
2.9517328193181043e-6
2.168867042230578e-6
7.549115232661745e-7
1.7097540893462606e-7
4.336079554795447e-8
1.2571026905816862e-8
4.315238599585639e-9
2.1794923961852157e-9
1.1502238081535912e-9
7.150410686362286e-10
5.06990947472569e-10
4.583776460140631e-10
3.0618832732333907e-6
1.9547170477509597e-6
5.410948985763088e-7
1.4843974191872678e-7
4.2490778612968556e-8
1.2194799877745081e-8
3.629309439086423e-9
1.376912162917069e-9
7.091861054275905e-10
5.051192266304126e-10
4.3816579690023423e-10
3.6461445415507538e-6
2.0908304644110023e-6
7.368703302330659e-7
2.0830187167121473e-7
5.371749284532225e-8
9.961552065395733e-9
2.0794621736369884e-9
9.28725658260668e-10
6.517504302902995e-10
3.912306795664778e-10
3.5654828688671984e-6
2.435575166101566e-6
8.000903489730247e-7
1.9908981783829402e-7
2.8054250893276553e-8
3.3010759376335484e-9
1.0523543431419021e-9
5.993157920937246e-10
3.185743405863555e-10
3.6679659761878356e-6
2.2535496720614907e-6
7.735027926267137e-7
1.0678102077791063e-7
8.665214418593211e-9
1.8467216162941944e-9
7.118406003860806e-10
3.216266383505735e-10
3.889624309149224e-6
2.7286838929507223e-6
5.579483163800697e-7
4.506600747269303e-8
7.320295695306927e-9
1.7920627525973235e-9
7.253073860717909e-10
4.017828549114235e-6
2.099043573417733e-6
3.469804076803363e-7
5.552407434618634e-8
5.849690505111541e-9
1.3593127918619705e-9
4.5567205604975454e-6
2.460940238859767e-6
6.428898096175793e-7
4.3235694237627966e-8
2.688485183114603e-9
4.760865123135026e-6
2.9214269946327637e-6
2.6629961603818295e-7
6.3464310441595675e-9
4.739248004095109e-6
1.403856582508006e-6
2.3146408816939142e-8
5.674409097406069e-6
1.0126347489807107e-6
3.6625627576072585e-6
1.7257962418490915e-6
9.900419321776585e-7
3.376656529599819e-7
1.543636210548248e-7
9.041776662660612e-8
4.1271728818638636e-8
1.1482214244805759e-8
3.375192958665694e-9
1.6617511847272692e-9
1.2071962238251545e-9
1.3510239202522235e-9
1.1659980416295663e-9
1.051943789504318e-9
1.1439423865080357e-9
2.0144699828451567e-9
1.8568789013351243e-6
1.2132012459665055e-6
6.453659218286243e-7
3.756173118654335e-7
1.6082842597130626e-7
4.0879350953896984e-8
1.0162093863591404e-8
3.4641272303934675e-9
1.7340069611239869e-9
1.5691934740938616e-9
1.0578190486283311e-9
8.79308963798971e-10
8.541226225702094e-10
1.3046632289502022e-9
1.8816731436629644e-6
1.5199588868012265e-6
8.701586303248267e-7
3.1560112275154924e-7
7.446645603086633e-8
1.835343990922359e-8
5.383062320285966e-9
2.1154211826021286e-9
1.3900741012510135e-9
7.744445827251207e-10
5.507734114608312e-10
4.051583243830858e-10
4.5453631259957184e-10
2.1671273870554496e-6
1.625443742980429e-6
5.937288032492981e-7
1.400370117017289e-7
3.603668421271907e-8
1.0364300282178904e-8
3.483790347358606e-9
1.6911741272095997e-9
8.748711796195851e-10
5.399621383769189e-10
3.825241219214237e-10
3.470854588581832e-10
2.364838308660732e-6
1.5793302366926153e-6
4.516604646904546e-7
1.2554745792148282e-7
3.584852633495592e-8
1.0211340130340704e-8
2.951643714447619e-9
1.090170988276258e-9
5.555134263979222e-10
3.9452738127897373e-10
3.3922316876463357e-10
3.045386349404225e-6
1.7858406233525624e-6
6.355824550960061e-7
1.79690153411123e-7
4.613974551194332e-8
8.462909848127542e-9
1.742529791970337e-9
7.745998381823465e-10
5.433660622389178e-10
3.235880099124113e-10
3.0937536881650326e-6
2.1235370795966598e-6
6.962472424068647e-7
1.7228847352486599e-7
2.4109157945099528e-8
2.8243920982609428e-9
9.012145079337193e-10
5.129775325017301e-10
2.7253972377242844e-10
3.2010081180089586e-6
1.9582599679637677e-6
6.680235498770771e-7
9.155178312852939e-8
7.386930069767646e-9
1.5746717571410068e-9
6.097766097656281e-10
2.768723510401446e-10
3.358746648001117e-6
2.3417127121934546e-6
4.752892663051845e-7
3.8089745766199614e-8
6.169433434716533e-9
1.521891028402894e-9
6.202478042587276e-10
3.4245877534423326e-6
1.7739956149145242e-6
2.911754728163026e-7
4.641487091806006e-8
4.905803342101184e-9
1.153488284922121e-9
3.823643752312183e-6
2.0545975381787303e-6
5.351519059470613e-7
3.595745824171598e-8
2.2517114236312575e-9
3.9595229371611154e-6
2.4241032064301113e-6
2.207344939538334e-7
5.283237188363214e-9
3.925745045765707e-6
1.1625913447949413e-6
1.9235439796283125e-8
4.708448157996532e-6
8.43232810733896e-7
3.0814459411584934e-6
1.333997276262144e-6
7.525385439012261e-7
2.571361792118693e-7
1.1861268868832565e-7
6.828198532364717e-8
3.079622373438146e-8
8.630366897905196e-9
2.560932283812683e-9
1.2626144350132984e-9
9.17526167385338e-10
1.0268024170639012e-9
8.868641469013696e-10
8.004387481497524e-10
8.677132575909999e-10
1.5287169409592577e-9
1.3878743000734719e-6
9.257203964972706e-7
4.990724117932274e-7
2.833314398085834e-7
1.1920625578003068e-7
3.054005362506132e-8
7.67824308287311e-9
2.620270477175638e-9
1.3160004899593438e-9
1.1861377629958804e-9
8.004307244310543e-10
6.647550637695423e-10
6.448877702480326e-10
9.856129832625555e-10
1.492478377386027e-6
1.204085537923485e-6
6.662630110367901e-7
2.357896257668667e-7
5.598844140987244e-8
1.4018238763414038e-8
4.150353771361778e-9
1.6554707282199818e-9
1.0816034832841685e-9
6.005920771181208e-10
4.2570107198956484e-10
3.104153175640237e-10
3.458002283893431e-10
1.6898652820167462e-6
1.2248289704502283e-6
4.391434108972425e-7
1.0495111217784758e-7
2.7601154285115677e-8
8.057522688217868e-9
2.7584925325437834e-9
1.3263787567775516e-9
6.803268504497523e-10
4.1924738039256083e-10
2.9463953716278725e-10
2.649463348095697e-10
1.7298240516592153e-6
1.1511829235668184e-6
3.374468946797938e-7
9.646554012616001e-8
2.813022652558899e-8
8.192481613629901e-9
2.3261100539174037e-9
8.370048606384945e-10
4.2155098074322776e-10
2.969725825153125e-10
2.5293887826648186e-10
2.2502725239802486e-6
1.3616907123180033e-6
5.007717396744351e-7
1.4554200417640473e-7
3.828277016721467e-8
6.9365765273897055e-9
1.3675390068716417e-9
5.953315313355903e-10
4.1272077134152205e-10
2.435858696523835e-10
2.444715720428357e-6
1.7274545420947436e-6
5.79876157629854e-7
1.462110215053344e-7
2.048407727908909e-8
2.344670890430506e-9
7.288734489742934e-10
4.0734535763903737e-10
2.152632614590471e-10
2.668394465836701e-6
1.6652976650278816e-6
5.751869470973017e-7
7.922840064839121e-8
6.356216059502916e-9
1.3377223223548058e-9
5.11101390451504e-10
2.3088942131999716e-10
2.9000343561528144e-6
2.0363189306858453e-6
4.146186614546844e-7
3.316981454950436e-8
5.341197508238188e-9
1.3121392215660543e-9
5.363423608309734e-10
2.990380587125768e-6
1.5498162369440214e-6
2.5350939387925177e-7
4.020181066248249e-8
4.229367437335352e-9
1.0013006817904413e-9
3.331614424721883e-6
1.7813559069183217e-6
4.61661425399222e-7
3.083384427876177e-8
1.9354118939116403e-9
3.4124683093289877e-6
2.0769279711157393e-6
1.878087475803646e-7
4.477990352209219e-9
3.340146236510681e-6
9.817330057031964e-7
1.615215704356724e-8
3.9436242238586866e-6
7.024934196419656e-7
2.5558031433348057e-6
1.0461816261249728e-6
5.819424313301506e-7
1.9707749553357528e-7
9.117363932538826e-8
5.328090945603714e-8
2.375340120471731e-8
6.5372335846995774e-9
1.9445315372450166e-9
9.737769014052227e-10
7.131031299573449e-10
7.99811710516042e-10
6.908595508275293e-10
6.231972789010049e-10
6.763387451005177e-10
1.1909481538374116e-9
1.0705862500671653e-6
7.015636658708366e-7
3.809769728068271e-7
2.2133280214417134e-7
9.203818829501374e-8
2.304005144812567e-8
5.772205151911916e-9
2.000654586951877e-9
1.0167215208421633e-9
9.211775235912363e-10
6.223173091266818e-10
5.157561846900682e-10
5.012372627151857e-10
7.668673744237209e-10
1.1062217442245702e-6
9.144727013642581e-7
5.210924852300692e-7
1.8239836928596762e-7
4.214193703908521e-8
1.0472382256066688e-8
3.144449388703881e-9
1.2702650397575435e-9
8.339229020411822e-10
4.647188914719484e-10
3.2684667076842056e-10
2.3954796907786905e-10
2.6822542271287684e-10
1.3266010817681557e-6
9.828048176106571e-7
3.444970511157739e-7
7.937231869988235e-8
2.0647951230683846e-8
6.124742247763584e-9
2.1444582453516558e-9
1.0477150708672082e-9
5.398195780271772e-10
3.2968124440688307e-10
2.3239565575969984e-10
2.090338532655622e-10
1.395402203883979e-6
8.959569710343733e-7
2.5284191741293004e-7
7.155478895455489e-8
2.1206790933035586e-8
6.335369433489109e-9
1.8440515261319027e-9
6.700317790234634e-10
3.348720195821489e-10
2.354191100110769e-10
2.015845255816264e-10
1.6882557231799661e-6
9.942715832629835e-7
3.646051125668545e-7
1.0791763335578765e-7
2.920229986717046e-8
5.392421119553415e-9
1.0606966432038798e-9
4.5786464078929083e-10
3.14880916904793e-10
1.8527291029668196e-10
1.760494344247843e-6
1.2521108765153284e-6
4.2929278262597316e-7
1.1134189154837491e-7
1.5940123250699348e-8
1.8210348500884328e-9
5.53969063677636e-10
3.05787985743143e-10
1.607710837239013e-10
1.9606063020396688e-6
1.2544308125362932e-6
4.444322435643244e-7
6.275825908071014e-8
5.110607208137555e-9
1.0680546787471202e-9
3.9941740107216995e-10
1.7733672490515288e-10
2.244488224891706e-6
1.6114402033108835e-6
3.360852834710828e-7
2.7511510444675364e-8
4.458337556441478e-9
1.068987600823749e-9
4.291140363230658e-10
2.4205557912506082e-6
1.2872593438913592e-6
2.1477338000902867e-7
3.438895953602032e-8
3.5804010385964605e-9
8.220902336584592e-10
2.8237736680877058e-6
1.5299472484765221e-6
3.993379475226504e-7
2.6712215929650027e-8
1.6509733894456332e-9
2.9585270458269243e-6
1.8097081601525116e-6
1.6394398993705303e-7
3.879275554779432e-9
2.920133960344116e-6
8.582668376820343e-7
1.4035455919278722e-8
3.4327228911509132e-6
6.074845702199588e-7
2.1801737156424566e-6
8.294864484123104e-7
4.5142584429481773e-7
1.516654373934927e-7
6.958316996902704e-8
4.053030850601724e-8
1.8582989419192243e-8
5.202443022355247e-9
1.5372731368014526e-9
7.61540732862065e-10
5.56034456507395e-10
6.243084112792758e-10
5.403697356578916e-10
4.884155175842104e-10
5.30161618085053e-10
9.343703344117566e-10
8.169624175620211e-7
5.351208381793084e-7
2.8772419201490285e-7
1.66371353721769e-7
7.163535471076748e-8
1.833665184197517e-8
4.5640792232929536e-9
1.553517221755623e-9
7.798972002725229e-10
7.059123326408369e-10
4.78867633902131e-10
3.978124739515028e-10
3.8834090177948755e-10
5.956218874110569e-10
8.495465952382353e-7
6.875288042984473e-7
3.8848736064493243e-7
1.4123580977819037e-7
3.35417066020432e-8
8.283071295545427e-9
2.434227308499784e-9
9.643939216865087e-10
6.326466480705389e-10
3.5288992881152986e-10
2.4897706155968217e-10
1.8293147980565997e-10
2.0567421188524358e-10
9.712826434465468e-7
7.199852985682814e-7
2.6486897998397395e-7
6.306025661319774e-8
1.6285342967146567e-8
4.7107888246702395e-9
1.6068288035006527e-9
7.809384333146349e-10
4.020752909281482e-10
2.465234507867772e-10
1.7392410402059974e-10
1.5684200748177884e-10
1.0440166656541357e-6
7.061959671227119e-7
2.0385448633094595e-7
5.688418856671714e-8
1.639090365491306e-8
4.766257207249629e-9
1.3907334570159372e-9
5.089128087490326e-10
2.5534361430152925e-10
1.802673310234791e-10
1.5241192955785894e-10
1.3761316546627701e-6
8.106704280843812e-7
2.8941138731643917e-7
8.283638922871831e-8
2.1806900281890764e-8
4.077722065552057e-9
8.332707833890121e-10
3.6665604975471984e-10
2.556621684120085e-10
1.4927039174759376e-10
1.406755760001962e-6
9.693646089434866e-7
3.222163668447615e-7
8.172430549336632e-8
1.1755077924678474e-8
1.3869972640353955e-9
4.3428587746301494e-10
2.4481750059467857e-10
1.289820821014693e-10
1.4721862076657725e-6
9.173803049033426e-7
3.208285729358849e-7
4.541545244147847e-8
3.776661529521405e-9
8.08480158901867e-10
3.071713431454112e-10
1.3582639715648398e-10
1.6131109927239005e-6
1.1539139523811986e-6
2.423726691980429e-7
2.0241473276331662e-8
3.35117861894319e-9
8.012451908540899e-10
3.1448403425713713e-10
1.739598021816833e-6
9.39513692498455e-7
1.6033088029431324e-7
2.622581313532558e-8
2.7562349718644396e-9
6.082461561063039e-10
2.103628754872217e-6
1.1654787377002724e-6
3.100198235828726e-7
2.1148367804170866e-8
1.289075130444021e-9
2.3056402067042494e-6
1.43958507830526e-6
1.3335057217943652e-7
3.1836214380668847e-9
2.3766895654032256e-6
7.146912104918663e-7
1.1860525414741558e-8
2.9242411784951123e-6
5.246466959609249e-7
1.9015193963221387e-6
6.666481829811199e-7
3.555881616277633e-7
1.1797670509878854e-7
5.393590660432486e-8
3.125539854676149e-8
1.3966516667713022e-8
3.890280121600328e-9
1.1735163433794854e-9
5.942216084179823e-10
4.3882281552763604e-10
4.944238129996834e-10
4.290259610746159e-10
3.885531806919669e-10
4.2173962189849727e-10
7.442808387796675e-10
6.336003809264786e-7
4.0994345819489617e-7
2.2003622122813136e-7
1.2684135835934753e-7
5.29979788031986e-8
1.3467901447983106e-8
3.4054704515718975e-9
1.1802666093158777e-9
6.016874290812924e-10
5.478055663357552e-10
3.7364413241991343e-10
3.112262086524293e-10
3.050723196225191e-10
4.700340555705451e-10
6.414833590103058e-7
5.224394425988798e-7
2.956650695313741e-7
1.0416496796034374e-7
2.4522294915341387e-8
6.162274586068694e-9
1.8381855948686764e-9
7.35232307762759e-10
4.811064347980649e-10
2.689936595137112e-10
1.9051084611659065e-10
1.4110983561116082e-10
1.6014683009463947e-10
7.483218556168094e-7
5.528118918973599e-7
1.9566044146974804e-7
4.6136913570547014e-8
1.2175803366182707e-8
3.5831288666528723e-9
1.2329613909044898e-9
5.942026708974627e-10
3.0606940646081145e-10
1.881818073045044e-10
1.3372353635457247e-10
1.2163535661847184e-10
7.849372482311421e-7
5.106909713885912e-7
1.4788781391698894e-7
4.251532498242677e-8
1.2507579225171066e-8
3.6686352395468677e-9
1.0466179319799593e-9
3.789556122529236e-10
1.9081123461525618e-10
1.3558456018341084e-10
1.1640516205814452e-10
9.809722932275234e-7
5.933689341669046e-7
2.206851644186469e-7
6.476587824418977e-8
1.7144811346961628e-8
3.1043879001801765e-9
6.106111381697873e-10
2.664067887291646e-10
1.85948461100019e-10
1.0988436939684028e-10
1.0756701599354363e-6
7.691548732786434e-7
2.60167833296226e-7
6.586498450192222e-8
9.237545714884982e-9
1.057820441397421e-9
3.286497824887829e-10
1.8497796841404325e-10
9.863381420514205e-11
1.1991909316329682e-6
7.519570505655192e-7
2.600882521998109e-7
3.590166282020713e-8
2.9042937994050823e-9
6.195779645398848e-10
2.3997524059969274e-10
1.081595437890744e-10
1.3118924966539988e-6
9.215022243941111e-7
1.882085841872369e-7
1.523705125503692e-8
2.5033714998844076e-9
6.200146272974364e-10
2.496383339563428e-10
1.3554769547077484e-6
7.076433807250931e-7
1.1753477251669029e-7
1.9028094253184898e-8
2.045218657530314e-9
4.702477581554525e-10
1.5408724513246182e-6
8.395136532133207e-7
2.2201401044329935e-7
1.526862985963542e-8
9.594945200284894e-10
1.6462921276750647e-6
1.0277235044266872e-6
9.610367141901147e-8
2.361915369375865e-9
1.7062524530261683e-6
5.207838748293884e-7
8.887583840340776e-9
2.189500326853449e-6
4.036248968786836e-7
1.5332021237744183e-6
5.417429573813086e-7
2.842792525348637e-7
9.308680634337874e-8
4.216805937021671e-8
2.427406021807426e-8
1.0941692095756521e-8
3.0484802652688825e-9
9.190155929894081e-10
4.718964821890985e-10
3.5185079293313503e-10
3.9795245875233955e-10
3.46013179913284e-10
3.1372021492669454e-10
3.405620764674588e-10
6.012880369553097e-10
4.982149033892685e-7
3.181813339707926e-7
1.6918530440781117e-7
9.684010352119253e-8
4.1006186371162085e-8
1.043456287014964e-8
2.615096588319604e-9
9.131010349035099e-10
4.713888471828932e-10
4.328709413983373e-10
2.965752312811164e-10
2.4733747313483383e-10
2.4322814765811905e-10
3.763925820443684e-10
4.932036611961338e-7
3.983988053438505e-7
2.2349080607468261e-7
7.994491497913485e-8
1.8863811463598627e-8
4.6722122493977664e-9
1.3936566773987314e-9
5.63596455036792e-10
3.729111380863674e-10
2.088295618723061e-10
1.480002533520889e-10
1.0984227078990653e-10
1.2581220670875262e-10
5.643185133476322e-7
4.1374101395136906e-7
1.494079163416266e-7
3.533115153298414e-8
9.153040744618364e-9
2.685421129616412e-9
9.353782965428247e-10
4.562962573776025e-10
2.3443690667662907e-10
1.4381230082219807e-10
1.0176982901996705e-10
9.311506402030154e-11
5.900475192716581e-7
3.938679461593443e-7
1.1352655348846654e-7
3.185862586827203e-8
9.33034464605566e-9
2.7749243799314696e-9
8.089981559213288e-10
2.925443498145402e-10
1.46127459155244e-10
1.0298594280854565e-10
8.832856906434363e-11
7.645541143840757e-7
4.5125123039750656e-7
1.625101264004297e-7
4.7468339062288187e-8
1.281367915353119e-8
2.3948972351591477e-9
4.762920739397832e-10
2.0630209028808357e-10
1.4274899293044159e-10
8.452221956873645e-11
7.866303351868791e-7
5.485046669111329e-7
1.8629259304582792e-7
4.838885656518355e-8
7.005627291222103e-9
8.090828691599346e-10
2.4721608533208074e-10
1.3750295700608116e-10
7.338232687203555e-11
8.46511012536807e-7
5.401963373832436e-7
1.92639416906704e-7
2.750730422780581e-8
2.2590732522921236e-9
4.721521889169355e-10
1.7679642957937297e-10
7.948646757038426e-11
9.716326699754107e-7
7.041176911131897e-7
1.4850834341599026e-7
1.2262911044510412e-8
1.9880135881867172e-9
4.741868289241412e-10
1.9117930739027428e-10
1.0689188995827295e-6
5.748376585855988e-7
9.647215320674242e-8
1.5464292159188175e-8
1.6094415185202865e-9
3.6973562078365156e-10
1.2692904777118382e-6
6.89004473230231e-7
1.798935463946623e-7
1.2073035262927273e-8
7.582020234156397e-10
1.3326544412905227e-6
8.154778017654599e-7
7.41614132751889e-8
1.7984995205341836e-9
1.3183642905195181e-6
3.9015497012082434e-7
6.537035335732124e-9
1.5890059984643573e-6
2.8829473802664123e-7
1.1003888076752433e-6
4.431896349192806e-7
2.3018174343669854e-7
7.444323000107372e-8
3.3420148559699623e-8
1.91198138849247e-8
8.479704650783778e-9
2.3414325639814086e-9
7.17999782862208e-10
3.7725329710076647e-10
2.8461420692145395e-10
3.23397884966958e-10
2.820044052078304e-10
2.560494118805218e-10
2.7815050342262503e-10
4.910415373649223e-10
3.9745290629937645e-7
2.504344276319711e-7
1.318409905106458e-7
7.505016740967246e-8
3.124104854064219e-8
7.854628962355264e-9
1.9878546994066763e-9
7.06355966063503e-10
3.704195898270445e-10
3.441298257402622e-10
2.3755919840308937e-10
1.9896704959720016e-10
1.9658785071008816e-10
3.052207127414392e-10
3.835555575875894e-7
3.070620219444854e-7
1.7163452246059582e-7
6.047781905969977e-8
1.4085596260642773e-8
3.5177908418915653e-9
1.0565346586210332e-9
4.2880191471928334e-10
2.8710054379425126e-10
1.621218979660066e-10
1.1583242637893455e-10
8.665710197242603e-11
1.0012501591126718e-10
4.318311929766822e-7
3.1628003875177377e-7
1.1260219394842164e-7
2.629924454792862e-8
6.881366101154939e-9
2.0259169576273793e-9
7.005441722225736e-10
3.4345145614241e-10
1.784796532172826e-10
1.1056034999937636e-10
7.872512886514053e-11
7.246364452552724e-11
4.498682983480215e-7
2.946127999938154e-7
8.412805993880932e-8
2.393009118419502e-8
7.027695334909204e-9
2.0614882802647833e-9
5.96932671751143e-10
2.191204051287454e-10
1.1086482093423014e-10
7.87889212103671e-11
6.78885578411188e-11
5.619380145736176e-7
3.334410168511119e-7
1.2274536363031832e-7
3.594873474917999e-8
9.52287406559248e-9
1.7446529386249117e-9
3.495389356975206e-10
1.5355364610985605e-10
1.070186657772589e-10
6.304082263237238e-11
5.948589689314395e-7
4.234971030357411e-7
1.4329289618198982e-7
3.6350383020979204e-8
5.138855326029936e-9
5.961845928936384e-10
1.8573901212868598e-10
1.0436380541457032e-10
5.5209066064228177e-11
6.596991878918712e-7
4.1412755067753077e-7
1.435743206395704e-7
1.9979125032523458e-8
1.6431050676971183e-9
3.539009546493218e-10
1.3573828231020722e-10
6.010084293383714e-11
7.236738953039007e-7
5.101860175693185e-7
1.052930312921181e-7
8.702825446674218e-9
1.4522442963702056e-9
3.5312225882432044e-10
1.3886165600159506e-10
7.561844465312579e-7
4.017564047822656e-7
6.826828693326845e-8
1.124147156313446e-8
1.198414944760646e-9
2.648701818866829e-10
8.937216897655129e-7
4.971239053534947e-7
1.3328071767573826e-7
9.186528488648301e-9
5.589639428445626e-10
9.922768760203226e-7
6.260486266562419e-7
5.864659408379952e-8
1.4034496275644773e-9
1.0459335694622508e-6
3.178619022124612e-7
5.294238077492417e-9
1.3095974299197476e-6
2.3528623698184972e-7
8.567780066497535e-7
3.630317860201415e-7
1.8806136877650503e-7
6.022146218956292e-8
2.6807409230544545e-8
1.5210693256389466e-8
6.680962789903681e-9
1.841250149511713e-9
5.691717488730717e-10
3.0455997084323557e-10
2.322952025433589e-10
2.649451698096261e-10
2.3143708831722886e-10
2.102313299934829e-10
2.2857483950394955e-10
4.0371992300851346e-10
3.2126221789646807e-7
1.999675035694088e-7
1.0421532483801485e-7
5.8778268803494525e-8
2.421060306886856e-8
6.072070561372722e-9
1.5369739934779877e-9
5.535668745343184e-10
2.955324026075786e-10
2.7767389515962344e-10
1.9257653714183793e-10
1.6160874905653482e-10
1.6023136361314196e-10
2.497555224654323e-10
3.0261467634872696e-7
2.4016255179760624e-7
1.331563022923796e-7
4.6453394133897286e-8
1.0788971684057559e-8
2.681687654484499e-9
8.069839493685512e-10
3.320929096112803e-10
2.259970138295401e-10
1.2793691443524436e-10
9.185053023709397e-11
6.908841180718108e-11
8.066059925082127e-11
3.3545266916642154e-7
2.4390423895000164e-7
8.6024054572511e-8
2.0049964482932714e-8
5.208078863800838e-9
1.527768946651895e-9
5.335590283953779e-10
2.6604263452349164e-10
1.3841552735428172e-10
8.590496681820243e-11
6.129070684814045e-11
5.715859738143678e-11
3.436810745781811e-7
2.235127292489179e-7
6.388873802391886e-8
1.8017597014974494e-8
5.252413731529365e-9
1.5500622248969364e-9
4.5646025154294095e-10
1.677307402605575e-10
8.483160685765226e-11
6.034077908930172e-11
5.2747798078146345e-11
4.265749469534995e-7
2.533665400859163e-7
9.202727629185975e-8
2.6658003919503436e-8
7.10071675833178e-9
1.323820945378524e-9
2.652965034137692e-10
1.1565565675752388e-10
8.056676609752079e-11
4.8349846788284565e-11
4.48404339927688e-7
3.1352416867347796e-7
1.0506346834109467e-7
2.6864293169367853e-8
3.870394972693393e-9
4.500677675834333e-10
1.3879840029942375e-10
7.785342751615597e-11
4.189583587092786e-11
4.805934783877861e-7
3.0131781829069104e-7
1.0606020525004508e-7
1.5069320157117243e-8
1.2418856361619001e-9
2.6157557758843154e-10
9.939387831290225e-11
4.503332400324329e-11
5.334866292554769e-7
3.8386853235952687e-7
8.081442195104733e-8
6.6817888656315484e-9
1.0866846529941422e-9
2.61448206626365e-10
1.0533195752148847e-10
5.810584993283676e-7
3.1274503286508425e-7
5.257004805311137e-8
8.44596308637426e-9
8.874562959738469e-10
2.0344705778725757e-10
6.916234979109867e-7
3.758532578388904e-7
9.834606682103227e-8
6.666604427854073e-9
4.231833117282154e-10
7.283213544303637e-7
4.4768241504153126e-7
4.119934004039936e-8
1.0210743605795644e-9
7.301568420374106e-7
2.1976493517272506e-7
3.7726487753109564e-9
9.209712707075409e-7
1.712767185518836e-7
6.665727462054013e-7
2.9602786422018803e-7
1.5419626644333035e-7
4.9080773075453316e-8
2.1697288479193684e-8
1.2222097846045416e-8
5.317780498616456e-9
1.4567771931807625e-9
4.535942687886005e-10
2.469007156919346e-10
1.899336796269431e-10
2.1718612445667764e-10
1.8999866327576266e-10
1.7262169751333419e-10
1.8785936598713643e-10
3.3177505484279584e-10
2.6209293018081636e-7
1.6166868342400318e-7
8.349627387273659e-8
4.6679753395965115e-8
1.9025683047405637e-8
4.734244626244404e-9
1.1989451606827638e-9
4.385497607418913e-10
2.3766115369151314e-10
2.2522653742063739e-10
1.568842489463756e-10
1.3204897654560104e-10
1.3122996691473395e-10
2.0492172575495354e-10
2.4226363917091613e-7
1.906699818481937e-7
1.0485141105456452e-7
3.621626011155953e-8
8.33514678198947e-9
2.063653093607945e-9
6.250641202659757e-10
2.598456233779331e-10
1.7888713980028814e-10
1.0183178811942256e-10
7.367731977878121e-11
5.570108633457731e-11
6.536627032319114e-11
2.644273707402005e-7
1.9082916344028148e-7
6.670403843862121e-8
1.5407170490179182e-8
3.9793300925807265e-9
1.1703647776445917e-9
4.0999999729425285e-10
2.0601702072879134e-10
1.0810521489383851e-10
6.774595505642726e-11
4.853385026170942e-11
4.541754742180431e-11
2.667049659226023e-7
1.7223840006267102e-7
4.8847090403927165e-8
1.3693862827516e-8
3.9964350008828254e-9
1.1771166395578483e-9
3.460132262202978e-10
1.2845013332085465e-10
6.582056348997373e-11
4.70934573763665e-11
4.130833098419594e-11
3.268729845914113e-7
1.9244916396740098e-7
6.948284449595447e-8
2.0157636129076476e-8
5.358108538826706e-9
9.902423546042323e-10
1.9967877467418418e-10
8.819159471378404e-11
6.183412859952767e-11
3.7048149818573186e-11
3.372640261652396e-7
2.3520557272505727e-7
7.91446093439457e-8
2.0227649482317042e-8
2.879810075963276e-9
3.333350767773977e-10
1.0421537913707293e-10
5.896913675908321e-11
3.1474648587063306e-11
3.6133009552710807e-7
2.2772644373177704e-7
7.99274170915808e-8
1.1194856654076e-8
9.122425333300328e-10
1.9493166431850985e-10
7.504089030892797e-11
3.3588605886803985e-11
4.0323559569015203e-7
2.875267845559186e-7
5.945640534874145e-8
4.853518142759404e-9
8.009451545117055e-10
1.9639942375743445e-10
7.837028807166386e-11
4.284658429582663e-7
2.258464628282841e-7
3.773422840133986e-8
6.1438071026451664e-9
6.5859189941994e-10
1.4906064828794487e-10
4.945179796290122e-7
2.708873033093751e-7
7.206239962283666e-8
4.965887840726927e-9
3.0692307422410196e-10
5.350238718199321e-7
3.3624310732250514e-7
3.151459963635024e-8
7.59214100147566e-10
5.612884801677149e-7
1.7096105524725933e-7
2.858888912346432e-9
7.062333628000724e-7
1.2711292980527704e-7
4.7023009266525995e-7
2.389754697754669e-7
1.261102216246267e-7
4.008144472749621e-8
1.7638818462033988e-8
9.879641042945761e-9
4.260360326231514e-9
1.1598259683810536e-9
3.629253514201467e-10
1.9993066063376968e-10
1.5469850011775922e-10
1.772198512138485e-10
1.5512286427757242e-10
1.4084842773740816e-10
1.534224579779488e-10
2.7088678559734065e-10
2.1462812025235832e-7
1.3176562439169962e-7
6.759858499968555e-8
3.7508227864547316e-8
1.512603133183536e-8
3.732655900014493e-9
9.457648086760672e-10
3.5005476291117625e-10
1.918883483168812e-10
1.8330789225929595e-10
1.279533192557893e-10
1.0783232659864333e-10
1.0723453951359959e-10
1.676043981520009e-10
1.9621674005284853e-7
1.534096024836035e-7
8.374579166139236e-8
2.862547391198604e-8
6.5238484768892395e-9
1.6099667192159468e-9
4.893992936647072e-10
2.0511562357121784e-10
1.4334411359530613e-10
8.19497881625769e-11
5.95792139976184e-11
4.510787380291013e-11
5.3143917381582936e-11
2.1146641192595654e-7
1.515815334130807e-7
5.247322249624269e-8
1.2001230642343094e-8
3.084164490411781e-9
9.059622616443271e-10
3.1763168319345587e-10
1.621334549487059e-10
8.578491985678496e-11
5.4008830982257234e-11
3.868762037795638e-11
3.645460451044284e-11
2.1023772995909215e-7
1.34616258349355e-7
3.785243914653868e-8
1.055593299850884e-8
3.067328171270033e-9
8.976343352510599e-10
2.664810726464459e-10
1.0027810564630889e-10
5.169172366209528e-11
3.697163485404762e-11
3.275406722601293e-11
2.5358794257966454e-7
1.4814979585007103e-7
5.322256725375472e-8
1.5346939260227006e-8
4.043205622536489e-9
7.485578202200877e-10
1.5297724309546144e-10
6.77831945665699e-11
4.741170433461417e-11
2.8799640363678085e-11
2.5800228616975016e-7
1.7929751477320442e-7
5.998546895321429e-8
1.5203743488216436e-8
2.1586630860424164e-9
2.519138922152132e-10
7.905101620885165e-11
4.4635073220976576e-11
2.4061553072894345e-11
2.7442115771554506e-7
1.7172213111140128e-7
5.980028599394304e-8
8.343272624955306e-9
6.830006773024734e-10
1.4587703137216271e-10
5.5782312217781556e-11
2.5279218156436258e-11
3.014258719391773e-7
2.1357476006005427e-7
4.4084002880556315e-8
3.6160451403835992e-9
5.956205391753655e-10
1.444728628364258e-10
5.815536948006557e-11
3.1714653298663803e-7
1.6771272384984196e-7
2.8218667241153125e-8
4.587980416481836e-9
4.838747904425686e-10
1.1042369603719992e-10
3.6994620922890146e-7
2.035078724728704e-7
5.3903484935467844e-8
3.6575535547795963e-9
2.2782883476038236e-10
4.006793455705821e-7
2.48870666624712e-7
2.2887635531370812e-8
5.567335054690175e-10
4.078456807163495e-7
1.217241351978675e-7
2.0528110769401914e-9
4.991641493335294e-7
9.13450737691794e-8
3.532005238281779e-7