0.000014202172006706928
3.4682758473016205e-7
2.7601393643085863e-8
2.3370979589300083e-6
1.0427453885388578e-7
2.5334782102314987e-6
0.000014035913662089769
3.786432573060409e-7
2.6077639509914947e-8
2.6182011673606987e-6
1.1903004018496801e-7
2.901756505798824e-6
0.000013500567101010275
4.0635086155841667e-7
2.358993835891329e-8
2.8948076531384157e-6
1.3446990919015093e-7
3.290042674263218e-6
0.00001261794896681621
4.271315992241577e-7
2.0504504836305366e-8
3.147921890714809e-6
1.5019431823756399e-7
3.6912445315923007e-6
0.000011463536160874137
4.377730650517256e-7
1.741769303427485e-8
3.3533752758397135e-6
1.652556243925879e-7
4.083030708018417e-6
0.00001014729452687032
4.3490483987161547e-7
1.4856083558219454e-8
3.4817460770707296e-6
1.785156183007942e-7
4.438887933130703e-6
8.773365235597018e-6
4.1568540963867243e-7
1.2842772405070405e-8
3.501356312070968e-6
1.8847903754305432e-7
4.723372674603727e-6
7.409870635781518e-6
3.793500933906301e-7
1.0799350435636867e-8
3.3856503904403215e-6
1.9339182939622672e-7
4.893567247713727e-6
6.125023916319657e-6
3.296246013118683e-7
8.387732648005787e-9
3.126580118661401e-6
1.914639029553762e-7
4.903164236128405e-6
5.0185184418613e-6
2.7597729225293906e-7
6.428405925029778e-9
2.751177278394349e-6
1.8142371900315545e-7
4.7136663956436e-6
4.089977897927422e-6
2.2980042254171857e-7
5.194913854526568e-9
2.3286386133545386e-6
1.6342182973941369e-7
4.314980973759207e-6
3.255413876074353e-6
1.9659925536949268e-7
3.941013540997869e-9
1.9483774753998012e-6
1.4002645318054493e-7
3.7519838116651196e-6
2.5252861100968095e-6
1.688589155829458e-7
3.0562762168078768e-9
1.6612358341097738e-6
1.162768124343909e-7
3.1365731659060137e-6
1.924376158734393e-6
1.332766482869419e-7
2.321820015901239e-9
1.4214245524383e-6
9.742538704664515e-8
2.609792565300299e-6
1.4852349543261025e-6
9.739973190328422e-8
1.804952898980633e-9
1.141063629645815e-6
8.471590882689441e-8
2.248014593358338e-6
1.1426534084506097e-6
7.698949645415235e-8
1.4076938757586075e-9
8.574055694893639e-7
7.219612916052091e-8
1.9473331255558024e-6
8.740567511518902e-7
5.8894027544064095e-8
1.1103041993653505e-9
6.593715475674939e-7
5.4106134090870645e-8
1.5229115720809352e-6
6.788919400861556e-7
4.3386203117438e-8
8.881291949634948e-10
5.042303767352403e-7
3.92538410728491e-8
1.0904621762612722e-6
5.297782270185845e-7
3.282928847255615e-8
7.180760653118508e-10
3.7603994124453796e-7
3.232035804610452e-8
8.754224282471554e-7
4.186951881538424e-7
2.4678162901312052e-8
5.853022389352482e-10
2.784884728843081e-7
2.2785845628645645e-8
6.524727112332587e-7
3.338951265650002e-7
1.8663538035215056e-8
4.780640656578792e-10
2.0733099635086985e-7
1.743350357404708e-8
4.7558781528771867e-7
2.679915905843608e-7
1.4313482160359044e-8
3.891172896520112e-10
1.5470214191940957e-7
1.2333416732364941e-8
3.4743867497638356e-7
2.1565962081556214e-7
1.113413588461016e-8
3.138767668345032e-10
1.1630773452495894e-7
9.153593647842026e-9
2.5587260552716456e-7
1.7321076886818294e-7
8.783422878876799e-9
2.496134617233413e-10
8.861961665606689e-8
6.7235769169568794e-9
1.857338667559169e-7
1.3822232545014448e-7
7.010926740059806e-9
1.9490200286502924e-10
6.849552326304589e-8
4.956751223005978e-9
1.3575741227189787e-7
1.0915366828606427e-7
5.637596991518551e-9
1.4900190498110162e-10
5.367355128375799e-8
3.7041057927323587e-9
1.0026476196596354e-7
8.502264224618304e-8
4.54349811588599e-9
1.1140692493801581e-10
4.252188948517249e-8
2.808146402944761e-9
7.50638188402686e-8
6.516121270444398e-8
3.649777608228594e-9
8.15090080153886e-11
3.391497321698747e-8
2.159648010529919e-9
5.700956844752789e-8
4.9052213726625784e-8
2.907200992582702e-9
5.84476426002118e-11
2.7095012441445596e-8
1.6822006507142221e-9
4.389865961807841e-8