0.00016843224471859304
0.000030328617994195838
6.180206590970249e-7
-2.8507847084232473e-7
1.0598816457566382e-6
2.937379772116545e-6
5.205389621669972e-6
7.86047730983944e-6
0.000010917420884623847
0.000014241366389544902
0.000038178332958408145
7.25006641727429e-6
-5.671026894118321e-8
5.266070888774883e-7
1.494738149070183e-6
2.714539365177793e-6
4.178615188806472e-6
5.898949641373571e-6
7.76165145659574e-6
0.000015193350032750474
6.672561795100476e-7
1.1027467468203599e-7
6.381310591607111e-7
1.2189846002124589e-6
1.9418380435390164e-6
2.8129979879476867e-6
3.7644668528176063e-6
0.000010673631076759178
3.854257229443157e-7
-1.444969170222115e-7
5.495254642846734e-7
8.977020687721517e-7
1.3589819499367724e-6
1.8662461944832716e-6
8.263195709761198e-6
4.3416079739694284e-8
-3.815300633953025e-7
5.908540236923334e-7
9.620195235350881e-7
1.3226009954687706e-6
7.57486530260286e-6
9.205666917817897e-7
-5.058336703187089e-7
7.200892078389779e-7
1.254388072332854e-6
6.518995564834867e-6
1.7326795596037801e-6
2.153185931391569e-7
1.0197887368291662e-6
6.706376624734278e-6
2.312344671696115e-6
1.4512907071032186e-6
6.386343595403543e-6
4.785791316708229e-6
6.718043075893093e-6
0.00014570029623486072
0.00002841862708225396
7.660848336729947e-7
-2.3768648076372386e-7
9.36991565895481e-7
2.594732394055703e-6
4.600108451057426e-6
6.9496141543845265e-6
9.65718733309642e-6
0.000012599454364984399
0.00003726692759829893
7.701760412697829e-6
1.5373179243601434e-8
5.199323919341109e-7
1.4739045586132286e-6
2.6811043360179644e-6
4.130328033261604e-6
5.833742426506333e-6
7.679169147054135e-6
0.000015560191918959464
1.1000841754567957e-6
1.968798443203622e-7
6.731080684182702e-7
1.2951877358060562e-6
2.064761076201425e-6
2.9919925290046326e-6
4.0046043014694e-6
0.000010928276710186227
6.195966323935217e-7
8.189880794123427e-8
5.907214552001332e-7
9.861921161528972e-7
1.502428786698861e-6
2.0633780373116987e-6
8.6390456112282e-6
2.0818837646713388e-8
-7.876099695286365e-8
6.780607825693056e-7
1.0361122551481122e-6
1.4472927938309272e-6
8.250829947296202e-6
6.849482901978844e-7
-2.84841795457922e-7
9.233393062941694e-7
1.3464540657714419e-6
7.243749155093473e-6
1.5686612203657501e-6
2.053088810933247e-7
1.2472270688512652e-6
7.51666989823853e-6
2.2391178209781034e-6
1.3320190168067731e-6
7.009073359745442e-6
5.006465123329278e-6
7.195291692312028e-6
0.0001232663491750194
0.000025443015632918137
8.260669980686321e-7
-1.9404568810355425e-7
8.072467346901206e-7
2.2354576310060116e-6
3.964788159044549e-6
5.99218832875623e-6
8.329739488198274e-6
0.0000108693104587503
0.00003508944961761596
7.895889077030469e-6
7.5727048820799e-8
4.941312100444924e-7
1.4036315828929207e-6
2.5574779528439647e-6
3.943374836304147e-6
5.572622881355813e-6
7.339303034385184e-6
0.000015708863378913345
1.5016599075822414e-6
2.3544442214302675e-7
6.970128449351111e-7
1.34299695775624e-6
2.142352154406432e-6
3.1057107701391816e-6
4.1577391856724884e-6
0.000011083561363178974
9.461315100272703e-7
2.0609101853159433e-7
6.321603746914795e-7
1.0709158040933233e-6
1.63301012624124e-6
2.24256767780476e-6
8.86068909949214e-6
1.9007321567349246e-7
1.5286342481449668e-7
7.172408461775174e-7
1.117730143769905e-6
1.5713131035261105e-6
8.713588162075998e-6
6.085473302028467e-7
2.7937160376698572e-8
1.0029185711930186e-6
1.406597469226696e-6
7.893511915484702e-6
1.3427649486328463e-6
3.904397050449444e-7
1.4398962908787762e-6
8.286477957867335e-6
2.079341580426481e-6
1.3250413846811303e-6
7.580298348411152e-6
5.1339408492677754e-6
7.5997944227780454e-6
0.00010283126935144228
0.000021920064042838565
8.097735989954221e-7
-1.5606054356873034e-7
6.813751806025456e-7
1.887752549417396e-6
3.3496588445796027e-6
5.064064749926528e-6
7.0412486813439025e-6
9.18935983706945e-6
0.00003180745772062387
7.789909550633064e-6
1.2255537684824017e-7
4.524323859835384e-7
1.2881246723023147e-6
2.3509849610290824e-6
3.6283233297858262e-6
5.130409369857092e-6
6.760586411309218e-6
0.000015555116619759774
1.8345088263464195e-6
2.542816297459485e-7
7.011352359790227e-7
1.3517416655722048e-6
2.1578993311297404e-6
3.1299659108088228e-6
4.191450284205255e-6
0.0000111522985672194
1.288288001191467e-6
2.6833917520449356e-7
6.687178370963004e-7
1.1396446191961161e-6
1.7380513860503133e-6
2.386821738758067e-6
8.979742188976735e-6
4.6734847434084556e-7
2.940864569339735e-7
7.484383999202534e-7
1.1939960797979417e-6
1.6815673153754925e-6
8.958855923739477e-6
7.147702417647451e-7
2.892600350654762e-7
1.0305162150909838e-6
1.4573158865378484e-6
8.379232153974254e-6
1.1903323135143358e-6
6.417939059957266e-7
1.5377584661935e-6
8.914156177034326e-6
1.91937640945274e-6
1.4045918690369341e-6
8.07915131847841e-6
5.225861117297104e-6
7.892008714651615e-6
0.00008517655895154302
0.00001850909396971502
7.513984481258405e-7
-1.2413749687540897e-7
5.682355236690342e-7
1.5750588082326237e-6
2.7959792176313672e-6
4.2280482497802774e-6
5.879786943905598e-6
7.674770720577656e-6
0.00002776950165440346
7.36461827956688e-6
1.537011180309521e-7
4.0025697448881657e-7
1.1411124805779002e-6
2.085798815201937e-6
3.2217889714506555e-6
4.55798627333106e-6
6.009322204732229e-6
0.000014977986939294613
2.0667798665985095e-6
2.611727684943657e-7
6.805240674691445e-7
1.313087215887328e-6
2.097958202449227e-6
3.045008951591345e-6
4.079121540771313e-6
0.000011092278169408187
1.5891159712570273e-6
2.996473926465785e-7
6.922665403498208e-7
1.1819284552761222e-6
1.8028067519254245e-6
2.4759556263346113e-6
9.008986338223567e-6
7.664660372769966e-7
3.6842583033099606e-7
7.777796970010216e-7
1.252453302503448e-6
1.7659901801494669e-6
9.048490754824598e-6
9.413871277868603e-7
4.572343346902798e-7
1.042488642184969e-6
1.4971491622459695e-6
8.645886850811524e-6
1.1947147132340895e-6
8.511855060604244e-7
1.558815081745764e-6
9.315459655522447e-6
1.8604181149237969e-6
1.5000696011233483e-6
8.488008042446079e-6
5.313223681283151e-6
8.062086474537678e-6
0.00006997357618602607
0.000015643921553168197
6.80795017579546e-7
-9.665479436189514e-8
4.7003444031343686e-7
1.3025325725658165e-6
2.3127590650677048e-6
3.498244875346563e-6
4.86622551662621e-6
6.352572476703052e-6
0.000023561105568285284
6.648727460832404e-6
1.686778583713583e-7
3.449466350479412e-7
9.830097625682994e-7
1.7985695437511338e-6
2.779737083385133e-6
3.934257309474224e-6
5.1887096629996095e-6
0.000013898829154857487
2.171065958257984e-6
2.562956998671544e-7
6.3381203703871e-7
1.2241499210594926e-6
1.9576070357722356e-6
2.8432874787825835e-6
3.810313269940911e-6
0.000010811362141689392
1.8144616424245932e-6
3.1337436539286194e-7
6.94537350875923e-7
1.1867036206231787e-6
1.810592192843385e-6
2.487037342228476e-6
8.923345726974106e-6
1.0318929521201708e-6
4.059717456130053e-7
7.945694319293884e-7
1.2836653397076004e-6
1.8118462041480644e-6
9.012709528835577e-6
1.2035323916683652e-6
5.42374435977396e-7
1.0462848483091797e-6
1.5156608810118055e-6
8.721931673971638e-6
1.3348061205221737e-6
9.591161969201276e-7
1.5357364305860085e-6
9.485858911687467e-6
1.89364848390668e-6
1.5555886653410615e-6
8.74127277472123e-6
5.375307337925653e-6
8.148531480492184e-6
0.00005647770583102906
0.0000132856587167063
6.126044226440641e-7
-7.29793032872073e-8
3.8421729031376805e-7
1.063694643810759e-6
1.888791370880234e-6
2.857886243619578e-6
3.977198305942759e-6
5.192385093926028e-6
0.000019788971606200413
5.760460165448498e-6
1.6835426065139604e-7
2.9307073932950465e-7
8.337264939567965e-7
1.5259158556442282e-6
2.3589223167683614e-6
3.339425450157969e-6
4.404719868231303e-6
0.000012339924683060803
2.133210693901486e-6
2.394954196483358e-7
5.65002270949359e-7
1.0922560749173958e-6
1.7480973399138753e-6
2.5406277604949978e-6
3.4058462795434054e-6
0.00001022106403660028
1.9332748361987728e-6
3.1044487048102864e-7
6.698729104043035e-7
1.1452013228539341e-6
1.7479897119662974e-6
2.4015684642936557e-6
8.661128450959598e-6
1.2305042683909086e-6
4.2123552196754057e-7
7.890740428381639e-7
1.2771846839269616e-6
1.8043283616961858e-6
8.836016818660252e-6
1.432708879598778e-6
5.713106202453929e-7
1.033024486801063e-6
1.5031878997015443e-6
8.633390270276078e-6
1.532306451317561e-6
9.77659702908517e-7
1.4819364870598715e-6
9.448668394571502e-6
1.9746966028390654e-6
1.5646388233228931e-6
8.806310132924872e-6
5.397455114620994e-6
8.155464424990931e-6
0.00004425856450565103
0.000010976934194276217
5.33504427277596e-7
-5.3971957513399796e-8
3.064203364934808e-7
8.477990850134227e-7
1.5056929654304052e-6
2.2788821122063565e-6
3.1725938060372433e-6
4.14217344174179e-6
0.00001662986482816245
4.862134495986713e-6
1.5623696578465173e-7
2.468258091451013e-7
7.010764637433798e-7
1.2833388093815277e-6
1.9841588936727223e-6
2.809135349016924e-6
3.705459959340421e-6
0.000010495896901587024
1.9636661954555663e-6
2.1369578466061033e-7
4.842815996836383e-7
9.367303142427623e-7
1.5000193635229993e-6
2.181046493562173e-6
2.924468717173214e-6
9.278628095682635e-6
1.926772294906973e-6
2.911938616109048e-7
6.165372495048534e-7
1.0546657733984725e-6
1.6106271824717876e-6
2.2134315006068845e-6
8.158304069086422e-6
1.3422953547198534e-6
4.1632199293189526e-7
7.551571179736809e-7
1.2241281794740364e-6
1.7307470904825076e-6
8.47868588766577e-6
1.586963081388614e-6
5.636102172893842e-7
9.946441928914482e-7
1.4521141854289211e-6
8.380642163374069e-6
1.7097161803674663e-6
9.431566542580164e-7
1.4024125915729534e-6
9.216700834755509e-6
2.0768225521573904e-6
1.5309376955472647e-6
8.717366024477291e-6
5.3704461444070205e-6
8.087148127015727e-6
0.000033898076672038753
8.578735805347722e-6
4.4072202195412705e-7
-4.01946320266505e-8
2.3775696857611353e-7
6.582095125750273e-7
1.1695405368677775e-6
1.7705098596357007e-6
2.4650294440155183e-6
3.2188142796223242e-6
0.00001387286983562934
4.087193122753635e-6
1.371174233411759e-7
2.0506698007017144e-7
5.827524544159782e-7
1.0676149944434657e-6
1.651280298920079e-6
2.338241977947845e-6
3.085105815819618e-6
8.710585901374986e-6
1.705035341313073e-6
1.844037837505208e-7
4.061036672068012e-7
7.854879637742008e-7
1.2580040730488839e-6
1.8293643903684327e-6
2.453060323686697e-6
8.04445428909137e-6
1.7971174540773876e-6
2.5867570180225874e-7
5.399209619508797e-7
9.241785739994085e-7
1.412096506548315e-6
1.941114311991507e-6
7.384928181944636e-6
1.355064971508196e-6
3.9066390506588255e-7
6.911435840070333e-7
1.1218015054135353e-6
1.5871574808641065e-6
7.884651754233947e-6
1.6407700661569292e-6
5.294205784005478e-7
9.265360920176696e-7
1.3562360507509652e-6
7.925392120308908e-6
1.8128738321382243e-6
8.778665225736325e-7
1.2958713535829047e-6
8.794696198310784e-6
2.1380917562570542e-6
1.4550231968458894e-6
8.462523030519632e-6
5.2465580869407915e-6
7.870356947585368e-6
0.000026202932307521485
6.591053351297605e-6
3.560722617671052e-7
-3.029424369679267e-8
1.8395971851792015e-7
5.095885209836009e-7
9.056865549246813e-7
1.3711665642010417e-6
1.9090467656705036e-6
2.4931125311752762e-6
0.000011231798600633981
3.463386913026677e-6
1.1677997580236732e-7
1.666172432395032e-7
4.743987670091318e-7
8.702613645147435e-7
1.347006536004773e-6
1.9082554068777e-6
2.5188677149976703e-6
7.287808822951912e-6
1.4341763713103282e-6
1.5703501161265514e-7
3.417401078497882e-7
6.607508317691574e-7
1.0580871345184788e-6
1.5384857839968641e-6
2.0629176519595163e-6
6.704245189647215e-6
1.578307131449018e-6
2.2006615093613522e-7
4.5430879878706453e-7
7.779115215007311e-7
1.1889959747572597e-6
1.6347084891608788e-6
6.387186184583743e-6
1.2720347147393289e-6
3.4746396187290153e-7
6.029573557099992e-7
9.796328449133184e-7
1.386750530560619e-6
7.0415423838943825e-6
1.5860633468142436e-6
4.7589446867277526e-7
8.293569162603353e-7
1.2163300898753843e-6
7.233733911481986e-6
1.8076719874029338e-6
7.906185496982771e-7
1.1625234908900262e-6
8.159747506235456e-6
2.1104475738667627e-6
1.3388311476645209e-6
7.993704335443577e-6
4.98432441783593e-6
7.455283944721141e-6
0.000020326499774829887
5.163341762865604e-6
2.856810904375147e-7
-2.2584927731390083e-8
1.432003097368602e-7
3.9634857335956923e-7
7.043039629719236e-7
1.066299775276837e-6
1.484785562143546e-6
1.938891280396547e-6
8.758618054144374e-6
2.882437863476671e-6
9.967625367776355e-8
1.3177238932817927e-7
3.7528473684971384e-7
6.890493503532202e-7
1.0672150802629154e-6
1.5127865372363484e-6
1.9974310515139506e-6
6.243148466819132e-6
1.2145953574982303e-6
1.3355276843521697e-7
2.903894077047764e-7
5.616305452613043e-7
8.995675653663474e-7
1.3082270676183532e-6
1.7543498409224956e-6
5.527885301531338e-6
1.331468379083721e-6
1.8471260506587332e-7
3.783168289525279e-7
6.476571711464051e-7
9.898192772097603e-7
1.3608117923529594e-6
5.3135739064146246e-6
1.1207806663652706e-6
2.956391066956966e-7
5.056662727258679e-7
8.220268399053136e-7
1.1640146024433678e-6
6.013260396122428e-6
1.4371626325372685e-6
4.096018868459458e-7
7.115715836533286e-7
1.0448422679268036e-6
6.32743257862922e-6
1.6937771238197942e-6
6.877143845518744e-7
1.0078228333304767e-6
7.286444649140635e-6
1.978662115309081e-6
1.1901352589051458e-6
7.276564927433436e-6
4.571669980537812e-6
6.836668650732993e-6
0.000015591073337926918
3.927089279860157e-6
2.219919263735542e-7
-1.6760403456718698e-8
1.1027060914013402e-7
3.0539566295869694e-7
5.428086101725696e-7
8.217880276074622e-7
1.1441586619425027e-6
1.4941926496276998e-6
6.66227545543128e-6
2.261704539840915e-6
8.590972053730752e-8
1.0135716732912594e-7
2.883604767828739e-7
5.297454040938278e-7
8.207345844827137e-7
1.1636305251399443e-6
1.5367019106887314e-6
5.226335474995206e-6
1.0579124757111664e-6
1.1175074461626733e-7
2.400468851187866e-7
4.650043821848047e-7
7.455859652457142e-7
1.085182584662198e-6
1.455869170041393e-6
4.690042148896342e-6
1.125771580478805e-6
1.583678831554883e-7
3.2304214720304515e-7
5.527596149944954e-7
8.445090075270258e-7
1.1608505725984585e-6
4.374090190651139e-6
9.499614871650363e-7
2.4740037633859416e-7
4.194187299316864e-7
6.818898137067958e-7
9.656616828238971e-7
4.961810440684297e-6
1.2345724367754724e-6
3.4092383792857316e-7
5.906889785010891e-7
8.679548833417877e-7
5.30414387273885e-6
1.4949400333470435e-6
5.776709743348255e-7
8.441979869652284e-7
6.228090099265252e-6
1.7578176424023923e-6
1.0203605532650616e-6
6.336734066841929e-6
4.021868779108322e-6
6.032793655222352e-6
0.000012149602512240051
3.0171517948518343e-6
1.6863617017586658e-7
-1.2737516848288092e-8
8.574104565468917e-8
2.374360858092371e-7
4.219679108967612e-7
6.387742487605599e-7
8.892741835493942e-7
1.1612504773013708e-6
5.161137180859099e-6
1.7107403543128258e-6
7.110177261187313e-8
7.821547604000393e-8
2.2203381401570802e-7
4.0785174783486953e-7
6.318561658896461e-7
8.958195552765789e-7
1.1829716924259154e-6
4.008551082993661e-6
8.923642107251792e-7
8.944449338223978e-8
1.8548810936578977e-7
3.597999770551608e-7
5.774686399510892e-7
8.411466501507513e-7
1.128910902530523e-6
4.056112791047484e-6
9.802976605358376e-7
1.3677927558941505e-7
2.785201776248922e-7
4.7676120832764587e-7
7.28592821879113e-7
1.0016442881445064e-6
3.7143573078655196e-6
8.082229557807284e-7
2.112415671533295e-7
3.569574191199829e-7
5.803870005750371e-7
8.219604451826458e-7
4.087509131422091e-6
1.0374992852319698e-6
2.818153641843476e-7
4.877360322722503e-7
7.171795344575527e-7
4.344750942493141e-6
1.2651507684265873e-6
4.745352066858666e-7
6.923497853259777e-7
5.1364908566865835e-6
1.4915818603780195e-6
8.479578849224234e-7
5.292885198084656e-6
3.394712747431481e-6
5.11212913227727e-6
9.528810068148856e-6
2.303018278223978e-6
1.267460694667469e-7
-1.052743453623371e-8
6.693520749562891e-8
1.8546087525797955e-7
3.2957625626663045e-7
4.988183756047828e-7
6.942482067911847e-7
9.065557704468487e-7
3.937532275070155e-6
1.3267039494762908e-6
5.312569917451145e-8
5.995678516537769e-8
1.703035766076117e-7
3.1289246825741855e-7
4.847906055441154e-7
6.873505103229934e-7
9.077616726709955e-7
2.991740668744382e-6
6.719900936870179e-7
6.92962197225812e-8
1.4005375127481962e-7
2.7142372468123963e-7
4.354505506616694e-7
6.340857699842444e-7
8.508836476433613e-7
3.269393884146069e-6
8.38888199732212e-7
1.1007173716659811e-7
2.231960353498559e-7
3.827132496440182e-7
5.855899421382639e-7
8.05540606185703e-7
3.220836556992866e-6
7.084831735494188e-7
1.8245639903026583e-7
3.07595950200662e-7
5.005916877095767e-7
7.092586794642371e-7
3.498985413141496e-6
8.912196524317674e-7
2.3857989469348313e-7
4.135772063164512e-7
6.089575581833853e-7
3.619030710873027e-6
1.0655185068353803e-6
3.909677353163863e-7
5.707595359088981e-7
4.218704925092472e-6
1.2401606126037088e-6
6.937879850762401e-7
4.332264941148647e-6
2.7916450639392585e-6
4.205504110945241e-6
7.578686022061917e-6
1.7858350647583954e-6
9.63321269796629e-8
-8.727500840868083e-9
5.292670115883466e-8
1.4667662284323317e-7
2.606179307427376e-7
3.943791552438612e-7
5.48787055778484e-7
7.165584663057514e-7
2.995146021692243e-6
1.016271952574013e-6
4.0294105276333104e-8
4.57820156472828e-8
1.2997119832729173e-7
2.387553919262846e-7
3.699128236747148e-7
5.244766367113901e-7
6.926293266063234e-7
2.3626028907015247e-6
5.004608068356472e-7
5.3441140083040556e-8
1.0908060828337976e-7
2.113359801064696e-7
3.390174078049629e-7
4.936259727105865e-7
6.623769107280035e-7
2.3766472179569083e-6
6.413263909752721e-7
8.154030074191234e-8
1.640095997289037e-7
2.813234405597325e-7
4.305961756151479e-7
5.924303170728209e-7
2.592624045215196e-6
6.033938180597146e-7
1.472890313610434e-7
2.461559211926934e-7
4.012795742672933e-7
5.690072188792903e-7
3.019130069987608e-6
7.798261077227533e-7
2.021824251129049e-7
3.5131970062917234e-7
5.182018500535213e-7
3.1306419147760697e-6
9.239457532634434e-7
3.2766698740151146e-7
4.794141146128277e-7
3.5918824199898196e-6
1.0493395621819245e-6
5.722010133178039e-7
3.6162079459400775e-6
2.314222952796821e-6
3.467144370300679e-6
6.098063523133109e-6
1.3960488738373268e-6
7.244548953582863e-8
-7.111455297998079e-9
4.225958906133423e-8
1.1714316438973764e-7
2.081130638336996e-7
3.148648512496288e-7
4.3804649537560334e-7
5.719263168619326e-7
2.295542469430607e-6
7.660551218103507e-7
3.212176097105949e-8
3.511643855272696e-8
9.96167415475095e-8
1.8293830249679748e-7
2.833794174586367e-7
4.017348368575941e-7
5.304831823106692e-7
1.7775212888651646e-6
4.0515372310209283e-7
4.065143696455459e-8
8.279508402625558e-8
1.6056708245291475e-7
2.57729367656369e-7
3.754489196434411e-7
5.039193753555212e-7
1.8448044321531432e-6
4.687492939228568e-7
6.335910858547064e-8
1.2754936547044856e-7
2.1844403311791795e-7
3.3399509991079087e-7
4.592801406170236e-7
1.867126571316373e-6
4.5355932673554487e-7
1.0832945367825314e-7
1.791875638672005e-7
2.920854230192372e-7
4.141799948268454e-7
2.355849197761494e-6
6.338924201129441e-7
1.575632347627753e-7
2.735174739390987e-7
4.037536893677693e-7
2.6312184605686784e-6
7.919891244361718e-7
2.6789364164948366e-7
3.9208521263524687e-7
3.0960724302881484e-6
9.020800497357581e-7
4.7409622468288993e-7
3.115426690562384e-6
1.97529544517647e-6
2.9491877728832984e-6
4.955271088647402e-6
1.1079148155752826e-6
5.5184872555131265e-8
-6.1107242646673556e-9
3.4076373576143086e-8
9.448125783454547e-8
1.6782869412443434e-7
2.538739502967895e-7
3.5313145383622244e-7
4.610329814577718e-7
1.7703355308204682e-6
5.822703126797665e-7
2.3311510925861284e-8
2.711197278688368e-8
7.687421358832633e-8
1.4109315366377867e-7
2.1848415743847836e-7
3.096604123936812e-7
4.0882817958483946e-7
1.3333599592470185e-6
2.946370126168614e-7
3.088143591868329e-8
6.212539684053521e-8
1.2039710311968792e-7
1.9316954615552607e-7
2.8130517085526253e-7
3.774960871984061e-7
1.4452736405182065e-6
3.808082243094408e-7
4.900232508317019e-8
9.891698713586948e-8
1.696888919527099e-7
2.5974147249306557e-7
3.573712278746028e-7
1.4550286312914355e-6
3.3354153161362434e-7
8.401149681715068e-8
1.398894935441449e-7
2.2770017656228695e-7
3.2266405661715197e-7
1.6817008949928029e-6
4.5808340346119233e-7
1.1483502573886543e-7
1.985576099739927e-7
2.927472751110759e-7
1.9414556085120935e-6
6.054161821363986e-7
2.007961181271578e-7
2.9277810932281164e-7
2.427758609302166e-6
7.278485334641203e-7
3.73413983527758e-7
2.5721791446529276e-6
1.6455854223023988e-6
2.486633706365899e-6
4.049625470600268e-6
8.919505405948909e-7
4.2750656350445264e-8
-5.095725159981322e-9
2.7666080857784952e-8
7.671394000303239e-8
1.362541969185936e-7
2.0609115352912292e-7
2.866382851673931e-7
3.742091511830835e-7
1.3862860150090266e-6
4.451523239841864e-7
1.793842729728522e-8
2.1211627218854542e-8
6.010758451799815e-8
1.10249376037178e-7
1.7065777226658664e-7
2.418114076562201e-7
3.191872399333565e-7
1.0103764214265669e-6
2.259343069429427e-7
2.3333721470988216e-8
4.726050232252158e-8
9.157601909450892e-8
1.4692659398269235e-7
2.1396417059608348e-7
2.871265660054164e-7
1.0427421327842643e-6
2.786998849055767e-7
3.609488101109171e-8
7.233339994221054e-8
1.2400047805522915e-7
1.8972439912559437e-7
2.609810680651229e-7
1.1383646066859426e-6
2.732192350487507e-7
6.5357664749147e-8
1.0853991101127283e-7
1.76978792130188e-7
2.5098371568465744e-7
1.3521988820229969e-6
3.5615746615162827e-7
9.15455176353101e-8
1.5860930416420092e-7
2.3386962492849002e-7
1.4244867245369496e-6
4.382326062020906e-7
1.5055751496244188e-7
2.1944524533521253e-7
1.7253020829082319e-6
5.273835675597147e-7
2.756765863786841e-7
1.8710552331927763e-6
1.223540189236874e-6
1.8830597350946616e-6
3.3108954843463235e-6
7.261963086265731e-7
3.376906597374147e-8
-4.279518614578851e-9
2.2512340882600244e-8
6.242316121245776e-8
1.1086416552405658e-7
1.676832603706617e-7
2.3321632112311972e-7
3.044613199216948e-7
1.1005603925286445e-6
3.4416272758592877e-7
1.3312356582048951e-8
1.6800957979163214e-8
4.760439971803537e-8
8.725639278266817e-8
1.3500943885868994e-7
1.9124180906850554e-7
2.5237973398651955e-7
7.663463275203949e-7
1.6722769610415125e-7
1.7661777119046227e-8
3.594791004144425e-8
6.962123429820327e-8
1.116563306306482e-7
1.6255077264295606e-7
2.1809709098258906e-7
7.971709219241337e-7
2.101491246148783e-7
2.7251231892917848e-8
5.4862472383335266e-8
9.408034213290826e-8
1.4397834067536794e-7
1.9807647314969002e-7
8.118414834099821e-7
1.948801533645168e-7
4.760616817637633e-8
7.854715373292076e-8
1.2788426397411294e-7
1.8124695113857868e-7
1.0132088175660126e-6
2.807692390822051e-7
6.888934748209864e-8
1.1915631625395405e-7
1.7576709504414668e-7
1.1675699903815204e-6
3.582533371716933e-7
1.2024513165201624e-7
1.755796621424868e-7
1.378980709987956e-6
4.094116049296905e-7
2.1480914844270511e-7
1.4003358879159545e-6
9.010849078264754e-7
1.362263965219962e-6
2.6931947394039275e-6
5.951354452452833e-7
2.722629500994081e-8
-3.506532526384047e-9
1.827215622848843e-8
5.0658277277575405e-8
8.996822150857762e-8
1.3608524484341633e-7
1.892847850081542e-7
2.471122375118623e-7
8.851902458821023e-7
2.696771160469817e-7
1.0136513364664365e-8
1.347395858587374e-8
3.817510226404624e-8
6.99294717434226e-8
1.0815887262602164e-7
1.531655232996268e-7
2.0209028851411802e-7
5.879133013522249e-7
1.2686774359281064e-7
1.3464996559556709e-8
2.7713640852409797e-8
5.3640968499176196e-8
8.599520610184351e-8
1.251554994806163e-7
1.6789604419459688e-7
5.914438795004559e-7
1.5455113623184119e-7
2.035308208626916e-8
4.085523316055928e-8
7.002743914454304e-8
1.071314500131525e-7
1.4735938159248207e-7
6.192955580900878e-7
1.4936444757249977e-7
3.5985257990181846e-8
5.963607514800035e-8
9.714567393251739e-8
1.3770924369828733e-7
7.385555549018813e-7
1.9812090409519303e-7
5.108979838676582e-8
8.809619601168958e-8
1.297048312720816e-7
8.143055795182394e-7
2.5920655431675697e-7
8.72926172592041e-8
1.2674574079918165e-7
1.0394610036807234e-6
3.2130605835839817e-7
1.65209436596433e-7
1.1323760546428124e-6
7.31048170415995e-7
1.104651194297966e-6
2.168319872145376e-6
4.880441297322509e-7
2.2332000330614176e-8
-2.8126732934481635e-9
1.4720172759535584e-8
4.080017831259414e-8
7.24631377404254e-8
1.0962166414120534e-7
1.52501360853301e-7
1.9909869805365574e-7
7.19008198405533e-7
2.1435604340006807e-7
7.796385491952063e-9
1.0907153459046224e-8
3.090720536037395e-8
5.659040928429531e-8
8.750226495405098e-8
1.238867441501526e-7
1.6343433438907633e-7
4.579245994830153e-7
9.68475264471101e-8
1.0420725766402799e-8
2.1670405195945338e-8
4.192117698500872e-8
6.717721483623799e-8
9.773487099265624e-8
1.3108782325518118e-7
4.451512820459085e-7
1.1663891041770855e-7
1.533384907597018e-8
3.08386033281433e-8
5.285020943179037e-8
8.084408958310452e-8
1.1119554079467253e-7
4.567181598236284e-7
1.0764456176839235e-7
2.6715322644425146e-8
4.4212658331619934e-8
7.193373904006942e-8
1.0191588791930808e-7
5.459135422549403e-7
1.5168036911696483e-7
3.8164413249492125e-8
6.57055755930624e-8
9.671464827450262e-8
6.290301139242341e-7
1.9531550422618826e-7
6.721558531807265e-8
9.77775488314341e-8
7.476601572597442e-7
2.2772052226901556e-7
1.2192570295056706e-7
7.833576904410994e-7
5.159748273774022e-7
7.943048926652513e-7
1.7201345060511319e-6
3.980431240362851e-7
1.850886981279692e-8
-2.1972369293296424e-9
1.1718454288595304e-8
3.2468963581623044e-8
5.7671573070546537e-8
8.726234500332483e-8
1.214252641860994e-7
1.585363670875161e-7
5.868910776111855e-7
1.7249030264772648e-7
6.079974610507124e-9
8.87082781448257e-9
2.514725519832945e-8
4.6032859204743643e-8
7.116643346410427e-8
1.0074572723542117e-7
1.3289496560494135e-7
3.619885019964131e-7
7.49039982654607e-8
8.154856566341356e-9
1.7186112281418066e-8
3.322766573926736e-8
5.322414618572343e-8
7.740926020380612e-8
1.0380780465663241e-7
3.394167070880723e-7
8.764964084156825e-8
1.1693608148688641e-8
2.354034390067837e-8
4.03284433641013e-8
6.16728746693905e-8
8.481509098412889e-8
3.3909499902074117e-7
8.066452105545941e-8
1.997253745021948e-8
3.3049053224856775e-8
5.374493768892958e-8
7.612750911808513e-8
4.06800616441921e-7
1.1068546384983738e-7
2.870752738262026e-8
4.934156157829601e-8
7.253094273080641e-8
4.4582923775057257e-7
1.4069402783241937e-7
4.9613316113659596e-8
7.185865102902481e-8
5.523765640678733e-7
1.74136210655271e-7
9.266576597512406e-8
6.06069088179345e-7
3.960346841022562e-7
5.977368439165201e-7
1.3397868297930283e-6
3.21007478349897e-7
1.537319237974094e-8
-1.6649041679509064e-9
9.184471253573222e-9
2.5437372877250276e-8
4.518810251398972e-8
6.839096959942509e-8
9.519434444444327e-8
1.2429813219959383e-7
4.785672563346573e-7
1.3993579144485667e-7
4.816085976596083e-9
7.20921954489902e-9
2.0448668139044578e-8
3.743205162925952e-8
5.786891242145418e-8
8.191952705452407e-8
1.0806044778091828e-7
2.8998161613771686e-7
5.883607618416765e-8
6.4655231264759305e-9
1.37959420942088e-8
2.6662056232979792e-8
4.2692953321961484e-8
6.207584270330393e-8
8.323363966719683e-8
2.6231523681020635e-7
6.669989407019593e-8
9.041402759854904e-9
1.822306822110235e-8
3.120585853000777e-8
4.770656400801177e-8
6.559767158095196e-8
2.554737751930264e-7
6.021205130734945e-8
1.5079894387045967e-8
2.500398581822302e-8
4.0635399145695045e-8
5.75412644259859e-8
2.9911362424122037e-7
8.1198428205349e-8
2.1486633075451e-8
3.6813480193215105e-8
5.404058020499257e-8
3.2928928406630696e-7
1.0521517366795519e-7
3.7443350172999775e-8
5.414516960828902e-8
4.084180459131077e-7
1.275776334825296e-7
6.977126168225215e-8
4.3046946183744657e-7
2.827318830529354e-7
4.282101102456594e-7
1.0220398027045585e-6
2.547019758805558e-7
1.2690381642561626e-8
-1.2208346034091972e-9
7.067024285565909e-9
1.9564340548389808e-8
3.4761209185014336e-8
5.262553549802561e-8
7.327498807346507e-8
9.568618980861959e-8
3.875544166341962e-7
1.1383492285548367e-7
3.8645991066346194e-9
5.821855688770354e-9
1.6525335632560855e-8
3.025766078273495e-8
4.678374015800413e-8
6.62327022277602e-8
8.737415780949361e-8
2.3451373035669775e-7
4.68599449350194e-8
5.179082549332064e-9
1.1162946252527516e-8
2.156856056198885e-8
3.4529519647648334e-8
5.019729623544956e-8
6.730044806855833e-8
2.0580150103988384e-7
5.1551085125240485e-8
7.0951818548116534e-9
1.4320616176150407e-8
2.451298105477331e-8
3.7462841917955335e-8
5.150425178764878e-8
1.9491648533798873e-7
4.532598134340406e-8
1.1522864943370908e-8
1.9147398722290965e-8
3.109804978500315e-8
4.402284626723657e-8
2.227928536806565e-7
6.043367814815136e-8
1.6241855175149097e-8
2.777180086501723e-8
4.0722068333714835e-8
2.429418026550087e-7
7.743777004900554e-8
2.832893329433881e-8
4.090902880090909e-8
2.9579738197862176e-7
9.331438093181728e-8
5.2486940020316277e-8
3.1303160237094964e-7
2.0861412379565528e-7
3.172989946616958e-7
7.625838163929814e-7
1.980529044242335e-7
1.0337025099712927e-8
-8.646651866782086e-10
5.328638621304831e-9
1.4745639247136627e-8
2.6205285203211615e-8
3.9685214791067253e-8
5.5276801027836406e-8
7.21907549681254e-8
3.100303476591183e-7
9.231212690061307e-8
3.1277905301515905e-9
4.648198442828958e-9
1.3204630701547818e-8
2.4188729737224316e-8
3.741008584093337e-8
5.297153837828913e-8
6.98900305304459e-8
1.90441550185535e-7
3.7711000759536025e-8
4.172939314583895e-9
9.055506825624682e-9
1.7496199198409458e-8
2.80080258725542e-8
4.071404455518695e-8
5.4584497176452194e-8
1.6364512041661733e-7
4.045181594550727e-8
5.6417276924019145e-9
1.1402312866844979e-8
1.9510650379675666e-8
2.98095758017947e-8
4.0976825862126695e-8
1.5092085112601039e-7
3.463210326945775e-8
8.92475175794081e-9
1.4865335674043839e-8
2.4131806798367703e-8
3.4153308492482783e-8
1.6817911018547254e-7
4.5424479983059207e-8
1.2402032494550026e-8
2.1177828515526656e-8
3.10253796225492e-8
1.8009449747942338e-7
5.7270833214844236e-8
2.1536026741026255e-8
3.105685194500375e-8
2.1661546098001083e-7
6.911739247206287e-8
3.974678474113917e-8
2.2913556721795517e-7
1.5329803879398977e-7
2.3143007165270765e-7
5.564775511030261e-7
1.505379031963834e-7
8.26399206142859e-9
-5.907572675306584e-10
3.934119431281972e-9
1.088271006328822e-8
1.934523297619986e-8
2.9306038043834895e-8
4.083441044461151e-8
5.333522299994286e-8
2.4389961824688194e-7
7.420861969011669e-8
2.53855168774166e-9
3.6536531419927067e-9
1.0388147239192664e-8
1.904176319699913e-8
2.9461056823330477e-8
4.1726671918392057e-8
5.506489561656864e-8
1.543892277611482e-7
3.0506736088745937e-8
3.364172726916437e-9
7.3226234369814985e-9
1.4150579190928266e-8
2.2654045208201373e-8
3.293283660314518e-8
4.4153807004819096e-8
1.3137650209264075e-7
3.214485969004384e-8
4.5277937877673476e-9
9.161341586161094e-9
1.5672003266710804e-8
2.393972145663467e-8
3.290464176315495e-8
1.1853611346357765e-7
2.685705026493995e-8
7.0007788131509855e-9
1.1688081106747914e-8
1.8968780730728195e-8
2.684245687095604e-8
1.2886843469592685e-7
3.4557526089014387e-8
9.566086116829061e-9
1.6326168038807305e-8
2.3905148694740594e-8
1.3522674841968009e-7
4.283705691848312e-8
1.6484534836300814e-8
2.3754878512991003e-8
1.6016802194264638e-7
5.1513031578278035e-8
3.023625136108477e-8
1.6826321235888831e-7
1.1282753771488853e-7
1.6907591928297128e-7
3.9756118221309366e-7
1.1173896069453098e-7
6.4625465000256805e-9
-3.889438604973399e-10
2.844843901400735e-9
7.867227011698888e-9
1.3988870626922779e-8
2.119866827994578e-8
2.95478793377248e-8
3.8598086465928816e-8
1.8805763399935511e-7
5.884721123902141e-8
2.053640608092075e-9
2.8185442403409274e-9
8.02031535932265e-9
1.4713085181051307e-8
2.2774488745981582e-8
3.2266622878875886e-8
4.2591515635292064e-8
1.2423147179751594e-7
2.46677055193318e-8
2.6991265964330898e-9
5.870391218454063e-9
1.134828710703991e-8
1.8171598274019976e-8
2.6420700917474582e-8
3.542596183995656e-8
1.0594254888343046e-7
2.57574984124676e-8
3.6490014735172686e-9
7.38922400307726e-9
1.2638694494358779e-8
1.9303922585263033e-8
2.6531275813038686e-8
9.416430074279896e-8
2.1103596019950824e-8
5.545781493357518e-9
9.278737754141202e-9
1.505812974643094e-8
2.130801218596147e-8
1.0019676417398341e-7
2.6651076808474104e-8
7.444297711875583e-9
1.2709929761323129e-8
1.8609094240399847e-8
1.0292004219073831e-7
3.2459372393632356e-8
1.2691048140272984e-8
1.8288363210927974e-8
1.1992545558915712e-7
3.865495904994741e-8
2.309569835648767e-8
1.2452151343400294e-7
8.365011871590652e-8
1.2443027191289332e-7
2.7860336713018225e-7
8.103917836070546e-8
4.936117603276473e-9
-2.464716556845272e-10
2.0173326577754185e-9
5.577563153861501e-9
9.920565296144738e-9
1.5038337140244195e-8
2.0967916682320114e-8
2.7393471110913535e-8
1.4181472725514588e-7
4.584869138219533e-8
1.6464487901096205e-9
2.129659701631245e-9
6.064329857974556e-9
1.113464339847394e-8
1.724447781142371e-8
2.4440713495307226e-8
3.227042714570711e-8
9.871313104848441e-8
1.9822840786196847e-8
2.144583886487439e-9
4.643443285227089e-9
8.980992616919664e-9
1.4385604930588231e-8
2.0921203630626985e-8
2.805581200526102e-8
8.533048655728317e-8
2.0707246895164195e-8
2.936510721337606e-9
5.949106613281251e-9
1.0175349321488247e-8
1.5541168757904283e-8
2.1359529088146308e-8
7.53272925457426e-8
1.6745199311706595e-8
4.418538719137089e-9
7.405626226950624e-9
1.2020705743334109e-8
1.701132000657867e-8
7.884169815260602e-8
2.080772899934208e-8
5.829427595348685e-9
9.965702137620483e-9
1.4597114721094186e-8
7.943119554167951e-8
2.4883778904262373e-8
9.812293501059345e-9
1.415071907307315e-8
9.10398156460341e-8
2.9278011719074862e-8
1.769305172894392e-8
9.309653362153675e-8
6.251845149461209e-8
9.2375109722416e-8
1.9196249046602438e-7
5.752274279637712e-8
3.6821553575002503e-9
-1.50064915999165e-10
1.4053922750848075e-9
3.8849957869639496e-9
6.91216382122724e-9
1.0481076422563956e-8
1.4617927804066452e-8
1.9099795521358917e-8
1.0450914742297824e-7
3.4992958873753496e-8
1.3018395988707856e-9
1.5747602788095935e-9
4.486488456113541e-9
8.245083785482314e-9
1.27764114415475e-8
1.8115152720828703e-8
2.3925394455479507e-8
7.712406052598429e-8
1.5749903503207578e-8
1.6804360729062576e-9
3.6100153815032093e-9
6.986547654033741e-9
1.1195575089147294e-8
1.6287095427792e-8
2.1845130329425162e-8
6.826638062552938e-8
1.6607476094284836e-8
2.34685215756344e-9
4.754835865585057e-9
8.133555780460958e-9
1.242355958442401e-8
1.7075341421320797e-8
6.035805468408132e-8
1.3357619511781877e-8
3.5235884281571786e-9
5.912751153630542e-9
9.601326794597158e-9
1.3589914658847371e-8
6.25568794094752e-8
1.639542453262791e-8
4.579416349371312e-9
7.844955581182762e-9
1.1500212722406063e-8
6.203127235575628e-8
1.9273889168031195e-8
7.60155326502039e-9
1.097847259432331e-8
6.998977458317166e-8
2.236253645900261e-8
1.3568561228736138e-8
7.043351369548924e-8
4.7142911175093736e-8
6.918620464285516e-8