6.430926326626606
-1.0608474495319404
0.6130170192911344
0.1880023792612006
-0.048411825450124894
0.07836497131049558
0.030815346006367123
0.010361064660641045
0.012741885739773069
7.574086434259358
-3.1494734675040723
-1.0314937591141116
0.556204219381706
0.39136796789347533
0.07400495031397829
0.00663141990188848
0.002751626668296536
14.371082391139216
-8.524031798763732
-2.515509538396005
1.688912234744949
0.33398054254323956
0.031863518136729864
0.0029860660745219497
19.29618356313041
-6.738835325776945
-5.621229922515846
1.542345065187506
0.7180788057354942
0.03539543945766376
18.097357036927807
-4.019442936674329
-6.622490159652369
1.1035136653984974
0.4220933822728666
17.79556192124187
-4.1386757944617845
-6.4026812492757506
1.0094592043877362
12.849278543514451
-0.4949270609704789
-2.7909740435644816
8.94327307804403
-2.125154999417073
2.6984402321624943
4.637938584893448
0.004271309365665103
0.5307401081763256
0.06777043283438494
-0.02896697858873066
0.05753018201095573
0.01514322444295095
0.00679356457710032
0.008674043148386113
5.425221100862899
-1.831438207169218
-0.34794248033032615
0.3131226911110191
0.2214093008591711
0.024241316183172417
0.0028812222018526623
0.002292043898485901
9.778509963139209
-6.703545306279604
-0.6716898987504505
0.9725802645115718
0.10563307695712953
0.010690877282356532
0.001393441709200741
14.930725796237015
-6.739824580636431
-2.331113671560522
1.1770671752072155
0.284929717318358
0.010026188134052726
15.314968756213313
-5.906610825515572
-3.433620622112731
1.4746780287493595
0.11590351207280711
16.85758501557223
-6.414666020297818
-3.963109294129369
0.9672607269388609
12.77111387593467
-2.4423640110292877
-1.4832588915704075
8.965727902603385
-2.782545772074329
2.6706495993741566
3.1756669533603916
0.31197803911268357
0.35732783013449515
0.025132748808473274
-0.01302086717465986
0.03267757537408041
0.008010262386579058
0.00408118630116557
0.005238191311696253
3.6260238731768917
-1.1063493838927565
-0.09930444968994709
0.16659140913362977
0.11169829432085818
0.009370146304551581
0.0014335052200209377
0.0014840104122589184
6.027340524810048
-4.443100605180696
0.04311345494268709
0.46589233767564653
0.036748029726158885
0.00452994339814671
0.0007003971753012405
10.417162512030174
-5.39553213491017
-0.5806116432456632
0.6567176264832466
0.11098288051879775
0.0030119530119190967
11.674782695611928
-6.150358284829992
-0.9964245200325899
1.020378379738133
0.02523596788116428
14.479990095352628
-7.1218674713995185
-1.5186998658443902
0.47945276692903904
11.714880136965546
-3.6966553599726555
-0.192142075866802
8.133200127824296
-3.020054960739997
2.5469085491473065
1.995478825395483
0.3374582711848816
0.2224086377204013
0.01177911222257732
-0.0026733861976985566
0.014595504072265921
0.003971813874997387
0.0022872357485022444
0.0028574853152622593
2.4855285642372418
-0.5372024724287908
-0.028770978332124476
0.09159380344067085
0.047716634812846825
0.003962890449011793
0.0007264046041831932
0.0008127403487762394
3.5006657229681086
-2.683818729534316
0.1950665703973355
0.19890123787219913
0.013570437970740985
0.0020211597413900832
0.0003413827714586598
6.561315669023821
-3.5870629924223527
0.0515376833435135
0.32259448751651576
0.043857532018961316
0.0012243337388918247
8.0259951534637
-5.1083001777666395
0.12012924130514441
0.5238262571742298
0.005289585215248581
11.119519689192378
-6.213617142940009
-0.1311775053996471
0.15659286952776968
9.75122374672739
-3.8111575636416655
0.4891739802380699
6.594438296231101
-2.8304294096850953
2.319785953588882
1.1234126624045893
0.24809120192902595
0.1352885227775858
0.01388421457140725
0.0022687460866910366
0.005796289804285627
0.0017412299937933863
0.0011910453514423394
0.0015422198584008038
1.7056073286832945
-0.12358477693742032
0.016721988650608956
0.05191729884994327
0.018948952542249937
0.0018581571948171351
0.00032537151877113903
0.00039837389034732786
2.2897214268239185
-1.374947808431649
0.1567678724460411
0.07957636881545777
0.005579843335743779
0.0009160188633933726
0.00017193813945030732
3.861262117136541
-2.090074346173163
0.17069637943098226
0.15069876049903172
0.01844572083672843
0.0005848235279641411
5.048922402779745
-3.613459784422994
0.3533419807919113
0.24106977040091687
0.0010424252603728804
7.620004439506122
-4.490337239853237
0.33248554915968387
0.041232408559231264
7.302386073891642
-3.0507609858234748
0.5448763742555176
4.824925175505451
-2.373689254898974
2.045190302457191
0.6077892886119592
0.1567535131859216
0.09406710403984045
0.01574477515569068
0.004899377049610812
0.0024525886814234766
0.0007350248058442425
0.0006084937360259098
0.0007721353171225978
1.3143411785281236
0.3073913820849853
0.07017501452727327
0.03551977574140454
0.00820922056157636
0.0010705994159661751
0.00009119790090515454
0.00018835521018215051
1.917471528034881
-0.5315750578424813
0.1130521084122976
0.03399034416446408
0.002835380290450636
0.0003566629766051937
0.00015724162121275826
2.2191042809811443
-1.0429844777966972
0.14179256680777638
0.06897339731256258
0.007771439324913015
0.0003447780450239086
2.990044494386495
-2.231288736719326
0.2686174638200012
0.10539410878025543
0.000186433596458325
4.686264264629414
-2.8072283448630624
0.3477918545508396
0.010955159885935194
4.907372123119872
-2.0484936114191106
0.3550331366446796
3.2525049010944076
-1.797507815047182
1.689380216613863
0.31298422295495415
0.09087388705122784
0.06845039808855878
0.013501707309444177
0.0045452584739347135
0.0010742864414858104
0.00031464000865747907
0.00030630158717086936
0.00039347125116657403
1.0285565590463879
0.5923015495055951
0.08310316298553976
0.02427251687298085
0.0037871572284536048
0.0006794477973368841
-0.000013537004253974122
0.00011719912899314536
1.729000261949816
-0.10497577431202201
0.0793394678356494
0.015458909961961165
0.0016825043514261597
0.0001113086320347209
0.00019087660709090024
1.2853205597097443
-0.4300615913915817
0.08858934296166315
0.031316231798041536
0.0032227125394627292
0.00022339835889160524
1.7422623354411824
-1.2105463099215112
0.15597783785079428
0.044553832395316635
0.00005797576430699931
2.622114234435036
-1.5678140536933745
0.23988908787305266
0.003540737073734773
2.978390953194718
-1.214221306106392
0.19069346743761187
2.034241661912028
-1.274257132816039
1.3627481678881888
0.1523109426667095
0.051218380817762525
0.04498244132724211
0.010041532345715688
0.0028712539364184647
0.000469080102393879
0.0001230937768138885
0.00015118521190457518
0.00020219346996278544
0.7083608173912445
0.5602309896189035
0.06484464989881482
0.01427343099268086
0.0017847830186715238
0.0004276008643874302
-0.00002659325129793088
0.00009070912231994797
1.3055409752146179
0.04806215363065648
0.04980455502344473
0.0074214015020250745
0.0010347211170764854
0.00003505266384505085
0.00018718019872522758
0.7367193815176649
-0.14165428518633924
0.04842275258751938
0.014288893729917596
0.0013546565068336134
0.0001522640893478037
1.005026841106215
-0.5673818130685203
0.08210858858716034
0.01852491576984955
0.00008599687994377546
1.3646567086647738
-0.797846597943562
0.1376569712104298
0.00140681946922269
1.6416136976476705
-0.6561710388026124
0.09635390654925291
1.1954397633609937
-0.8315432743538901
1.0427407526044288
0.0671407459886831
0.025983128797649947
0.026372912736305452
0.006141802030696713
0.0015270067220168448
0.0002226849961696863
0.00005927177806816142
0.00006600157702573287
0.00009913461278428142
0.43273405094893413
0.4055243030226644
0.04570776970112876
0.007616163142586287
0.0008554785925946344
0.0002481916575986058
-0.00001929010373387752
0.00007011646881018066
0.8762840888379662
0.07919615943045051
0.027352815308119463
0.003640238292089115
0.0006100420223496438
9.892527937519914e-6
0.00015221907244292808
0.40297383278570664
-0.031986947800400095
0.0247365160664437
0.006399374222376959
0.0005796088180728765
0.00009591831277866153
0.5597111998940241
-0.22423663659471402
0.039784063960113816
0.007554223476219976
0.00008621032444446944
0.6673233219736562
-0.3745350532218625
0.06963152863306932
0.0006677895390854938
0.8281947391105225
-0.32397908578156615
0.04732313302744675
0.660976196569628
-0.4877386261539583
0.7319386550532057
0.026907983143765607
0.012874129547852584
0.014380201407781866
0.003641861894349632
0.0007209851931113208
0.00010292139480795254
0.000027112368084032106
0.000025721744792341678
0.000043854267855789534
0.23201635558624017
0.23793191434968458
0.025287151880319887
0.0035770853655794172
0.00040162289036308813
0.00012596726988208453
-0.000010501893021041333
0.00004670868089958202
0.4990218312456894
0.060727980875036947
0.013660765547600654
0.00175288912003864
0.0003237621096843272
2.9342739791398373e-6
0.00009682835653944165
0.21251331553143882
-0.001059561201991167
0.012334140524596651
0.0027409292645321996
0.00024050781819768885
0.000053564554019699926
0.2897527601023015
-0.07424711584086456
0.01746580275562348
0.0029814756961679843
0.00005976491749770718
0.31051177904220834
-0.16340570531186818
0.03186273697622478
0.00033603270830059845
0.38646442725010954
-0.1439385907185499
0.022383555989428077
0.35239900105105837
-0.26645333993992404
0.4770103032234007
0.010958471054323458
0.006066263898755903
0.0074926045844073705
0.0019725328250231574
0.00033393648598088987
0.00004596066061365569
0.000012805971458136414
0.000010874588096294666
0.00002149915735702043
0.11286195272405994
0.12400828518748867
0.01293294974658059
0.0015600792686930403
0.00018141798296179273
0.00005873493038783013
-5.525815805122788e-6
0.00002753297265187414
0.2601289046544763
0.036222131744815485
0.006522636302982034
0.0008074078877347722
0.00015467953700875275
-6.147116263649923e-7
0.00005488713019323373
0.10602718684648899
0.005323093711632453
0.0054837416821230545
0.0011064504786851663
0.00009188212304588874
0.0000291772640607722
0.14505472786317422
-0.020553182995283595
0.007072908970905928
0.0011215904280688501
0.00003523641374536733
0.13973031310839049
-0.06759023095474992
0.013130403420939357
0.0001604613239845628
0.16946755995927634
-0.057055775573588076
0.009609149047374177
0.18623200367845905
-0.1333486252305762
0.29247747080364267
0.004346345373896945
0.0023659639666288802
0.0032366697437543356
0.00100831600107419
0.00015202022521872122
0.000019674959119360066
5.733513673702037e-6
4.312990605961681e-6
9.721053467211463e-6
0.0483247067512287
0.056901549295156534
0.006108479424567691
0.0007049486003847306
0.00008069428713745839
0.00002531546794155477
-2.757649176323503e-6
0.000014387465219216967
0.12436041914427634
0.019379661367873738
0.0032291103428543364
0.00036675382584310103
0.0000698024517312102
-1.5281784835885397e-6
0.000029013155112290875
0.05227737387246804
0.004474970762963675
0.002545248322926688
0.0004393254789104403
0.00003256800075352282
0.000015760422208389308
0.06959580064584668
-0.004312840872632183
0.00271381704439296
0.00041473564871079836
0.000018284355408894656
0.06248691996369327
-0.026301577744867854
0.005142523470981225
0.00007640383824221165
0.07138996035759831
-0.021089888570304385
0.003840650455837583
0.0972064543910719
-0.06154777006691762
0.17199205207440424
0.0017590560556930298
0.0008308186118336546
0.0011214676219412163
0.000485707203080101
0.0000701167848806171
8.462175707847641e-6
2.512467562091499e-6
1.9997668320764827e-6
5.050911872482609e-6
0.019052492513953398
0.02263618728137572
0.0025310296037014384
0.00030663861442639716
0.000033763355562802734
0.00001001872937740248
-7.485879714397452e-7
7.205074877866317e-6
0.05167008789480123
0.009389297779880004
0.0015586831318075425
0.00016224682447473906
0.000029280890819888796
-1.0722759518247517e-6
0.00001430158239829715
0.025542491738139408
0.002751201306741828
0.0012112789082332216
0.0001804098432123018
0.000010936529205534698
9.188930307611443e-6
0.03437336612079319
-0.00004636687796207827
0.0010524970456725535
0.0001530727786782822
9.081822678596707e-6
0.029313272356726094
-0.010349086566688075
0.001965545233381807
0.00003748217392339133
0.030630161434887258
-0.00814728965901711
0.0014948749468008653
0.05037914961890305
-0.02672100205339308
0.09990219727678902
0.0008167347142587488
0.0002657741106380068
0.000355921880892401
0.00021017645376650548
0.000028818579065915265
3.749633172915807e-6
1.1392623098618715e-6
1.091506361971754e-6
2.8535310047640094e-6
0.007789858210124767
0.009294528602446003
0.000998852259305441
0.00012288400632770453
0.000014322433261328808
3.9181886236244165e-6
2.0914117056967348e-7
4.03149754894345e-6
0.021993985644717457
0.004192511508876736
0.0007036669262627444
0.00007091342605150388
0.000012225973139953269
-2.7222369524404056e-7
7.327609130606994e-6
0.010706949734800894
0.00145729553436096
0.0005792456645835007
0.00007719027001946073
3.563895209509642e-6
4.904056412682094e-6
0.016595335786763758
0.0010740849758034596
0.00044413116727543315
0.0000602357925594373
4.283725014447836e-6
0.013596340495107849
-0.004109594173070178
0.0007950972130416556
0.000019724733796379565
0.013651123637972988
-0.003388225259064516
0.0006106672370537462
0.027299714627177687
-0.011224372671397292
0.0568449553381032
0.0003838272693476115
0.00008927300583070962
0.00012019750585400024
0.00008952496519871105
0.000010280033081630034
1.5116793387087255e-6
5.592008325364705e-7
6.754170753042268e-7
1.7176825453191694e-6
0.0031688294408821166
0.0040196951927855265
0.0004006781254060503
0.00005234935783913534
5.362734780095711e-6
1.596140335744166e-6
3.4284049652562933e-7
2.2830020690658003e-6
0.009998334966690964
0.0019659521267195884
0.00032082632833741967
0.000026993869462174753
5.276275283523954e-6
-3.561811000003169e-9
3.991120018202292e-6
0.004402001661131943
0.0006689564380348645
0.00022973856063880505
0.00003220818413236284
8.038196591473586e-7
2.4442581427599915e-6
0.006853702575778838
0.0005677651938732473
0.0001792476333258436
0.000022676220064656996
1.99691260991797e-6
0.005947854631213985
-0.0016061707391897982
0.0002826720477028821
9.999563206532842e-6
0.006284901421363506
-0.0015155485715599014
0.0002577162801111358
0.014748823669272071
-0.004675270220954082
0.03268562929522156
0.0001864040554211523
0.00003851017069380403
0.00003835158842604598
0.000042033994181969424
4.0129844661589116e-6
5.806137246712869e-7
2.867275344177212e-7
4.222800017073749e-7
1.0487896861199959e-6
0.0012113032307935312
0.0015123296425691589
0.00014029240524024604
0.00002396824643349624
1.8311559543375196e-6
6.355071410453446e-7
2.6968113471030584e-7
1.2463718131256008e-6
0.003982476474881936
0.0009392947484271974
0.00015991125391465996
0.000010072337320359009
2.2215673108590924e-6
5.9307700466023003e-8
1.8062774209872883e-6
0.0019501067308635542
0.00031239749130679463
0.00008629271330033913
0.000013156777673091768
9.017973515373703e-8
1.3237914955040849e-6
0.002661458971505622
0.00021378266875048672
0.00006937583566820288
7.551294865189273e-6
9.141892654038969e-7
0.002362922960145023
-0.0005944604657590487
0.00008802754545811133
4.856741091999273e-6
0.0025914436859579442
-0.0005863700333989268
0.0001058787558876581
0.007392638441491811
-0.0019361770315345962
0.01783748662036554
0.000092458305234686
0.000020467882124607832
0.00001413409383067986
0.000016149180280008685
1.2873551974241362e-6
2.3198686920519344e-7
1.576135419770694e-7
2.634562819680937e-7
6.651282617520332e-7
0.0004881990052091961
0.0006208072313891368
0.000053874837958905484
9.754737762340406e-6
5.977364115474347e-7
2.8769785623440554e-7
1.8940997858120261e-7
7.041865698468393e-7
0.0016872370150112926
0.0004107167285792819
0.00007061727321665
4.043846618686895e-6
9.777693748895308e-7
6.136239161942035e-8
7.5877652024729e-7
0.0007418830508719197
0.000141040687929995
0.00003611811233350605
6.039412554369881e-6
-2.8410344967100964e-8
5.445104022873115e-7
0.0011037839802706946
0.00008712852275312446
0.000032627231195979324
2.41726830221112e-6
4.864389192569421e-7
0.0010009970853084077
-0.00023431699858525207
0.00002661574787492162
2.13783560800155e-6
0.0010497578000826409
-0.00020795522264117095
0.00003529105071235131
0.003132177439482231
-0.0007072960140516405
0.008764245035491615
0.00004724534529798896
0.000011602716469720893
5.527599078896811e-6
6.3094402139892135e-6
3.4083198559485495e-7
7.669916069796419e-8
9.116738436792319e-8
1.6826359771014924e-7
4.704242177572304e-7
0.0001850155232906471
0.0002393730005218377
0.00002048305270250202
3.845482207195381e-6
1.3344605851085114e-7
1.2912730976358564e-7
1.3159721797917075e-7
4.414072892891112e-7
0.0007115639666050881
0.00018711494301391427
0.000032066768521363316
1.275649072089003e-6
4.3978240431728406e-7
5.54265412451442e-8
3.453011314423599e-7
0.0002939144913967975
0.00006035887468616391
0.000011095752463367136
2.7324870067529595e-6
5.402209441396628e-9
2.488418222000683e-7
0.0003772878863919969
0.00002871841519209015
0.000015425760428690867
8.804310827110064e-7
1.7848430004564597e-7
0.00039969162238118124
-0.0001043750204696571
7.3748604205225705e-6
8.888056669713548e-7
0.0004833210814841014
-0.0000774435033363025
0.000011393205437906347
0.0013187900397947478
-0.0002453866788604231
0.003888694149829962
0.00002495110297489686
6.78483268871948e-6
2.1460141799640156e-6
1.7654980140056288e-6
-3.189941045937716e-9
1.9100119672643892e-8
5.278691475364677e-8
1.112165108264264e-7
3.406813997609658e-7
0.00006737011768693816
0.00008896861133997557
6.434170479682552e-6
1.3581312013840356e-6
5.29006285957777e-9
6.208778875389852e-8
9.203070066499966e-8
3.014389898531254e-7
0.00029829688534049756
0.00007769160461468483
0.000013422887078478733
4.295407954573001e-7
1.9084365269910414e-7
4.154748804914654e-8
1.8885053217369152e-7
0.00011067642949097205
0.00002416242419692066
3.982448133413005e-6
1.1674737863738188e-6
1.6088638028303523e-8
1.3245166264968734e-7
0.00013178958138934335
0.000012217858571496506
6.550910962491465e-6
2.634170551070864e-7
8.366501427025113e-8
0.0001486042855262167
-0.00004028115208215668
6.267243186151741e-7
4.0596833989559317e-7
0.00019579920774364737
-0.00002822365799162638
3.693127876396802e-6
0.0005633459038645124
-0.00008748735540361974
0.0017982606628704012
0.000014449641516967539
4.132974931323429e-6
1.0422566031499212e-6
6.693316318588867e-7
-3.3156962344364234e-8
-4.18411513014948e-10
3.22109701096111e-8
7.706590330321652e-8
2.4341628421917016e-7
0.00002400906070400646
0.000030821276990511794
1.762527896460447e-6
4.26366339340729e-7
-7.291834092473408e-9
3.0574522197754884e-8
6.19496865254197e-8
2.0019952174760334e-7
0.00012187375269734201
0.000033760275466412886
5.740674056013909e-6
1.5060635030035785e-7
8.46881462056338e-8
2.8584063641881084e-8
1.0983124460365155e-7
0.00004857578036507446
9.583424367690127e-6
1.501202207119182e-6
5.152122067418371e-7
1.8900751940172642e-8
8.389383015937458e-8
0.00004202354994614945
5.67411831139252e-6
2.940138869330648e-6
5.783986344679143e-8
4.1479325836409227e-8
0.000057247695427448465
-0.000016482503721527874
-2.5869008282566953e-7
1.9867274229441644e-7
0.00008218982358344218
-8.471555019963786e-6
1.1616689502089228e-6
0.00020084420287135282
-0.000022147259563937275
0.0007423786679103411
8.643964067255096e-6
2.4843359442479283e-6
5.84526993041382e-7
3.022095777326842e-7
-2.329869060904444e-8
-6.320333435872356e-9
1.973473419430019e-8
5.3924737710703114e-8
1.7441300266497862e-7
8.360335881185713e-6
0.000010321439072947739
6.620165893133917e-7
1.1608348451683085e-7
-6.35461636262272e-9
1.5202681420003925e-8
3.8731028826330066e-8
1.2584561266008245e-7
0.00004940535549059351
0.000015359474867573394
2.5021836125334938e-6
4.681903864474258e-8
3.7679951224049186e-8
1.6966283457157815e-8
6.348517658460147e-8
0.00002211435796678832
4.162739905232185e-6
4.849181768457699e-7
2.241561561447763e-7
1.5246969653767293e-8
5.7406331269461054e-8
0.000015949211909046824
2.408951438128818e-6
1.2519297708346972e-6
1.1518195505255152e-8
3.0189620724533486e-8
0.00002052652006935731
-6.012381650421247e-6
-2.3222614216186537e-7
1.0614249981898296e-7
0.00003265188453880028
-2.3446454914999078e-6
4.0005711876848136e-7
0.00007709779099684773
-5.499171919730476e-6
0.000291210580557508
5.268421798689827e-6
1.533577508906565e-6
3.40882261466946e-7
1.2861747349671461e-7
-1.7259839788695692e-8
-7.0236325532064904e-9
1.2411116244784809e-8
3.746047276147282e-8
1.1993186794682535e-7
3.6060035683922666e-6
3.128995684847503e-6
3.025779192105029e-7
2.3238169748465745e-8
-5.1339744745352175e-9
8.564457007903739e-9
2.603830296352931e-8
8.423408643014871e-8
0.000019741149925213452
7.224162370455388e-6
1.1476452567492975e-6
1.0607823877617872e-8
1.6964424383492345e-8
9.816548733902215e-9
3.6117971591453574e-8
0.000010417819730857534
1.924416507523639e-6
1.1815127884649683e-7
9.760503159943313e-8
1.0690292752670424e-8
3.8773694695243255e-8
7.312712227344548e-6
9.967389665400553e-7
5.258143521742689e-7
5.554570331014453e-9
2.5372413061830116e-8
7.055732231047587e-6
-1.987937121985651e-6
-1.1845183680306602e-7
5.6125116090678396e-8
0.000013885258888638424
-4.001671164400478e-7
1.0637248595537408e-7
0.00002771265310024338
-9.638001847269182e-7
0.00011044764409445585
3.2552559944184498e-6
9.672372793397952e-7
2.0348192454552626e-7
6.276560771080599e-8
-1.1980941931869804e-8
-5.388377791625756e-9
8.43683061645704e-9
2.6005193417982217e-8
8.189796119514435e-8
1.984938365962028e-6
1.2237199106455779e-6
1.5789070881179923e-7
-3.0553498838409942e-9
-3.753729324408966e-9
5.6152028784889675e-9
1.8295363869980333e-8
5.906447373465724e-8
8.488328635839554e-6
3.420967743975799e-6
5.253714124989934e-7
1.4938882728399849e-9
8.042913677658661e-9
6.107397235966081e-9
2.1788322485472175e-8
5.010670357321422e-6
9.190586168469941e-7
2.7062805098907898e-8
4.466924725201828e-8
7.580892053572052e-9
2.742820869563359e-8
3.3785382177977542e-6
4.4642090561455427e-7
2.2270870762065948e-7
4.145416526044567e-9
1.9583867580599868e-8
3.1192805286710064e-6
-6.662734211213089e-7
-5.780748495357426e-8
3.335645923300744e-8
6.439597511947491e-6
-5.2906439579801075e-8
2.4074626169500268e-8
0.000010911771067301758
-3.7078206737101067e-7
0.00004123621748476991
2.045083663870947e-6
6.206275815365597e-7
1.3283226238411613e-7
3.038275859656698e-8
-8.44484141685177e-9
-3.956592523173179e-9
5.777004997290516e-9
1.8073876504686983e-8
5.5828108061331e-8
1.2531601740286887e-6
7.097038290491453e-7
9.30598480439973e-8
-4.019558789695659e-9
-2.7660976636570037e-9
4.010763157917577e-9
1.3505292327399467e-8
4.349133162936501e-8
4.123144618137745e-6
1.6404328712300276e-6
2.4094771124730133e-7
-6.062639818305031e-10
4.448997371005413e-9
5.411381481323788e-9
1.860275254592575e-8
2.4718919629481618e-6
4.644355262846632e-7
4.498474853798131e-9
2.051976877253899e-8
5.66291562227905e-9
2.0437482914396e-8
1.603878489773025e-6
2.2910523962844948e-7
9.411189339213133e-8
3.293722867738242e-9
1.55905191276649e-8
1.648083704818583e-6
-1.9301476586421192e-7
-2.4854544131433715e-8
2.2080335663766057e-8
3.1953968441182487e-6
4.5542523422514066e-8
1.3935702198479633e-8
4.6189043449840156e-6
-1.9862633348987556e-7
0.000014703231706372184
1.310807972549092e-6
4.0731037299421835e-7
8.972212741084133e-8
1.5356781198230088e-8
-5.9518137046504444e-9
-2.8515464753637753e-9
3.999455274032068e-9
1.2635452414660602e-8
3.8745487137660225e-8
8.158285268538364e-7
4.3185235152200475e-7
5.746804499977582e-8
-2.6487219080504668e-9
-2.0502287865756907e-9
2.918822170095755e-9
1.000442379052492e-8
3.2228101531332205e-8
1.988818524414155e-6
8.000747209584707e-7
1.1285305034097234e-7
-2.7796543453138916e-10
2.702006286330051e-9
4.75226124117454e-9
1.6039349610325558e-8
1.3024443682438024e-6
2.6430482717533173e-7
5.803288273831526e-9
9.600845870783817e-9
4.5174845135554055e-9
1.6291410425105668e-8
7.986931888929186e-7
1.434528835935929e-7
3.879333237291664e-8
2.7676571524353374e-9
1.267559917090635e-8
9.333176911992805e-7
-2.2424319589832897e-8
-9.420186304399071e-9
1.5319925851263106e-8
1.6430471907188858e-6
7.498873872781205e-8
9.687603630269822e-9
2.0462783281012377e-6
-1.030929651448938e-7
5.00275017120544e-6
8.388754991421352e-7
2.690162195207693e-7
6.138136202063867e-8
8.318651063106067e-9
-4.14064871342221e-9
-2.0163457222192134e-9
2.7738853396669735e-9
8.764500735409393e-9
2.6840552420736566e-8
5.47433686109736e-7
2.780336687108186e-7
3.8216782876859506e-8
-1.6273567313337313e-9
-1.5276748440410482e-9
2.153998118137333e-9
7.421051678306047e-9
2.3944144831721624e-8
9.614830738279145e-7
3.979331156476346e-7
5.6307179362049036e-8
-9.804311527705496e-11
1.7877664068696587e-9
4.085680272107127e-9
1.3697259992716278e-8
7.297455794000747e-7
1.7236079595115078e-7
6.495331776030988e-9
4.685437747858579e-9
3.6713450081070067e-9
1.3259367255756878e-8
4.2615649429888377e-7
1.0217514842475655e-7
1.5786303985951963e-8
2.3303139069145665e-9
1.022610284876263e-8
5.535853697369065e-7
1.9331409387465958e-8
-3.16259680127904e-9
1.0988531474777289e-8
8.679774305595458e-7
7.072726344099439e-8
7.235578761425779e-9
9.334573796240756e-7
-3.9848957016130165e-8
1.8277992827875581e-6
5.400842407814183e-7
1.785996798050185e-7
4.2401409357288025e-8
4.853673566113684e-9
-2.8749577461256492e-9
-1.414883246331036e-9
1.9078100479047183e-9
6.049272105575195e-9
1.8531367910065533e-8
3.768989698604052e-7
1.9006382688617223e-7
2.694842682446185e-8
-1.0106169466856517e-9
-1.1328888377621156e-9
1.5850110036669545e-9
5.486625923070262e-9
1.7734886651015868e-8
4.792309477200441e-7
1.9877732241698467e-7
2.779940474784532e-8
-5.2855307738792226e-11
1.253711477189485e-9
3.410994838223538e-9
1.140826917857825e-8
4.1637603529612154e-7
1.1245605511549903e-7
6.25544349857592e-9
2.427317133473693e-9
2.9048355017379593e-9
1.0494369784662697e-8
2.4431130913786e-7
7.665283635864338e-8
6.504198532357506e-9
1.8996356908984446e-9
8.030115431018123e-9
3.431207688646957e-7
3.124385953773144e-8
-2.939272713551182e-10
8.129535922067207e-9
4.744032461861164e-7
5.5871686449933557e-8
5.498368973033083e-9
4.623714788237285e-7
-1.1830447789850904e-8
7.61778573228766e-7
3.5064403036160274e-7
1.2025041655730216e-7
2.9579499078156302e-8
3.445535326909345e-9
-1.9630794927599764e-9
-9.885185633000451e-10
1.303046070548818e-9
4.1618437215187555e-9
1.2758518528651519e-8
2.6245956981335413e-7
1.3478333455334335e-7
1.942027598976698e-8
-6.56571756479847e-10
-8.455744757283177e-10
1.15724092779131e-9
4.025023163908163e-9
1.3030729878555387e-8
2.65760190956533e-7
1.0486839614185315e-7
1.3610023381648184e-8
-4.8083339107034495e-11
9.316514715264143e-10
2.8230204106946493e-9
9.4588297686187e-9
2.575156143421154e-7
7.635597499904014e-8
5.667676741299516e-9
1.4184737811654659e-9
2.3091936606711116e-9
8.344067157349037e-9
1.6292601791958933e-7
6.154192251542196e-8
3.2648532905740054e-9
1.5746228271496922e-9
6.471763019806451e-9
2.2273778808261442e-7
3.0935174942657436e-8
7.485138666440218e-10
6.122556011009585e-9
2.702379063590846e-7
4.404613823146986e-8
4.316655687729124e-9
2.5209286102699963e-7
-1.3981513271480502e-10
3.4005630902304215e-7
2.2617792066809777e-7
8.02062512808967e-8
2.037928501979888e-8
2.5274902744727146e-9
-1.3169642620381804e-9
-6.792283183669393e-10
8.801526574157781e-10
2.8284371701975057e-9
8.685069379317459e-9
1.803800304400173e-7
9.566324389319889e-8
1.4241485318115089e-8
-4.080327320453281e-10
-6.195657710637695e-10
8.315971740215551e-10
2.9031809397800923e-9
9.414676553931176e-9
1.656241707515508e-7
6.06436487333477e-8
6.844375427873784e-9
-3.496093971598045e-11
7.046126076909869e-10
2.262486936090929e-9
7.60168332376529e-9
1.6799649478491823e-7
5.418735081220555e-8
4.805604614661209e-9
9.441290302617096e-10
1.8215502922858959e-9
6.586173009532644e-9
1.1996079216278593e-7
4.876110735469349e-8
2.282829065005743e-9
1.2813094969122136e-9
5.181575628606894e-9
1.4999093265416715e-7
2.6692792399298355e-8
9.891380974825783e-10
4.647648807946219e-9
1.6286348200956144e-7
3.324404345827831e-8
3.446628024914575e-9
1.4359213980604267e-7
4.176096242661223e-9
1.6845591814866419e-7