0.0000645181424403687
9.888863365897262e-6
9.87797694715763e-7
-3.198139690278746e-7
4.2669593706616927e-7
1.8689970247115327e-6
6.815264129413426e-6
0.000024200929522256805
4.156343131685633e-6
-3.7493452025178607e-7
1.6685354403428449e-7
7.859671979753529e-7
3.073760591822708e-6
0.00001438024397711452
1.2119658143493374e-6
-3.5347922485803046e-7
3.9493770986921093e-7
1.634513597043953e-6
0.00001114991511573272
9.603929750460246e-7
-4.674547002997581e-7
8.85401336454217e-7
8.5009850332402e-6
1.2851895592929749e-7
2.102573728632687e-7
7.108241603636102e-6
4.7597204339687273e-7
4.632783828946825e-6
0.00005940800925337302
0.000010262298112848336
1.1304106451094553e-6
-2.7672477266889054e-7
3.9731957323977867e-7
1.7393962581504945e-6
6.355441939920913e-6
0.00002443055732274076
4.768592436287376e-6
-2.2163014495440448e-7
1.7215909379605617e-7
8.170143338968732e-7
3.2015526550520466e-6
0.000014626030275012667
1.6049572489889351e-6
-1.1915942036456752e-7
4.171578964368059e-7
1.7711586840829143e-6
0.000011461219460535271
1.086318333714222e-6
-1.6486203703883526e-7
9.741259871097368e-7
8.924010050813619e-6
6.635255696657429e-8
4.5008738396683656e-7
7.708879774458408e-6
4.287917082795049e-7
4.983473024938368e-6
0.000052894884510261514
0.000010189781026097153
1.2109040852873587e-6
-2.330929530484851e-7
3.5800692396939265e-7
1.5710499620070588e-6
5.752038801502456e-6
0.00002414118325622971
5.263073194988043e-6
-1.156655393393562e-7
1.7391034950141515e-7
8.258295425140828e-7
3.2408090122388934e-6
0.000014708871842506242
2.0536786886254353e-6
2.0850636502640755e-8
4.3893316643961155e-7
1.879292311486714e-6
0.000011597300689381672
1.377017407291932e-6
2.6112590538629014e-8
1.0602051512303228e-6
9.159711945050905e-6
2.075289413316755e-7
6.216988580580391e-7
8.10931999613757e-6
4.914340757500379e-7
5.299194480353257e-6
0.00004562724393689095
9.67247553749783e-6
1.2268053451738798e-6
-1.9071056698334546e-7
3.130429829364912e-7
1.3774777882174588e-6
5.0534085426950215e-6
0.000023270043587388977
5.565059142232152e-6
-3.566576659717036e-8
1.708548881836054e-7
8.070570759762043e-7
3.1720005197531315e-6
0.000014612635208636823
2.473114005707419e-6
1.0687773461279035e-7
4.5338343085967486e-7
1.9439147911590424e-6
0.000011611184575561718
1.7330399014822637e-6
1.3267068841986528e-7
1.136189547016509e-6
9.270201603865342e-6
4.7378340127387445e-7
7.283602171693502e-7
8.332061017119973e-6
6.342309440504491e-7
5.566921249757986e-6
0.00003846631325009688
8.768325555772658e-6
1.180478585889162e-6
-1.519785484602554e-7
2.6729017753707586e-7
1.1785833371247288e-6
4.33090955119557e-6
0.000021727589002134227
5.621075700541088e-6
2.5209994918153788e-8
1.6194626217699242e-7
7.580395365435069e-7
2.9842497507942315e-6
0.00001424968494003156
2.7976985825158054e-6
1.625445953234351e-7
4.541107916219356e-7
1.947445953520575e-6
0.000011500927904311811
2.067919695213107e-6
1.9034711915627418e-7
1.1897787189727565e-6
9.283108663187881e-6
7.743984065617744e-7
7.905900358020377e-7
8.437884799873677e-6
8.106648929889193e-7
5.771710144298382e-6
0.00003208866798529895
7.63745337990003e-6
1.0861496626948607e-6
-1.1856192877930806e-7
2.2493206239239244e-7
9.916164658187809e-7
3.6474900207883116e-6
0.00001948434624381609
5.399367414988762e-6
6.846746869893657e-8
1.4735292796945923e-7
6.822888762354926e-7
2.69009601895503e-6
0.000013509494925219782
2.9763112105897717e-6
1.9672726504126844e-7
4.3787165051617457e-7
1.8783157130339828e-6
0.000011200442167184412
2.3261872732587387e-6
2.215482059001286e-7
1.2081491702463479e-6
9.182832993533025e-6
1.0460800253825077e-6
8.239338198313487e-7
8.442778039947312e-6
9.817007617926453e-7
5.897001012299711e-6
0.000026785682125712162
6.491495386853621e-6
9.649509125068064e-7
-9.16316549501597e-8
1.8816568316234515e-7
8.277348856159773e-7
3.0459617249943538e-6
0.00001671769857797751
4.9069425489786044e-6
9.309750090027137e-8
1.2882353740616355e-7
5.899514730408171e-7
2.3284772857879735e-6
0.00001232115402113081
2.9752934065745947e-6
2.1166722900435806e-7
4.039003486454694e-7
1.733547801474763e-6
0.000010621736770755107
2.464512701200854e-6
2.332117108010099e-7
1.1804337329953852e-6
8.909232873309915e-6
1.2522806105785811e-6
8.302187456498094e-7
8.318071095257266e-6
1.1192549266850762e-6
5.926051480310204e-6
0.00002208472400061032
5.4736372834376215e-6
8.34991793338511e-7
-7.055294934840596e-8
1.555102349349943e-7
6.831226097769442e-7
2.515528755880283e-6
0.00001392578415753732
4.2492995393392115e-6
1.004870060391701e-7
1.096491950846371e-7
4.972631861951411e-7
1.963481015911221e-6
0.00001073378038579587
2.7923707564716342e-6
2.0890873219215947e-7
3.5562339336934965e-7
1.5270470793739472e-6
9.705817845344278e-6
2.455296838605365e-6
2.2813277822969653e-7
1.1014472234853194e-6
8.396700257617077e-6
1.3709960154384822e-6
8.046442622107111e-7
8.016577734787793e-6
1.2040668196717688e-6
5.839489562038215e-6
0.00001759093524910312
4.621223154382849e-6
7.089864278208325e-7
-5.401724432048952e-8
1.2528458979688822e-7
5.514996067083318e-7
2.0343862646414675e-6
0.000011573677678379378
3.565488633964611e-6
9.444045122194313e-8
9.255529535772166e-8
4.171796842688127e-7
1.6471033690186202e-6
8.983100217180918e-6
2.469171784625606e-6
1.9232174547359343e-7
3.0133933390648004e-7
1.2938883771784953e-6
8.48187024959635e-6
2.295607311515974e-6
2.0913432812393873e-7
9.768631396889138e-7
7.612247407473758e-6
1.3884814896994148e-6
7.44419335136845e-7
7.482696326370371e-6
1.2211793946460831e-6
5.607304044517323e-6
0.00001365517941900783
3.840352193677493e-6
5.916513048953191e-7
-4.070054567681799e-8
9.864752124407923e-8
4.353072918064118e-7
1.608325561948878e-6
9.850535887966357e-6
3.0087783086047294e-6
8.247119472413957e-8
7.854046010525778e-8
3.5360446958184514e-7
1.3965379259441073e-6
7.396252827868198e-6
2.0877209788539837e-6
1.6824639035969002e-7
2.515417412900697e-7
1.079229114729659e-6
7.104470045216115e-6
2.021169211513918e-6
1.8159288544943453e-7
8.280340349714185e-7
6.5961017452689255e-6
1.3068642506688268e-6
6.549475573914353e-7
6.7039999518954435e-6
1.1663167051965424e-6
5.201162261904616e-6
0.000010551009512803535
3.0449871042350418e-6
4.865054684834428e-7
-2.980810559254697e-8
7.679415185677768e-8
3.3824670599760016e-7
1.2499813312506329e-6
8.32099552539624e-6
2.582985488902937e-6
7.256589497668254e-8
6.563087335871775e-8
2.954009061888375e-7
1.1683939464602423e-6
6.229936336203041e-6
1.7531947997920091e-6
1.4397262957209544e-7
2.1310533905654748e-7
9.136789343461759e-7
5.836699245053252e-6
1.7050488679185546e-6
1.535044208745486e-7
6.881705441969156e-7
5.493082060531909e-6
1.1535556597082943e-6
5.522987904670548e-7
5.73994052640307e-6
1.049532667292338e-6
4.62441212605997e-6
8.084737620862655e-6
2.3206265379322837e-6
3.944354608108338e-7
-2.129911468926242e-8
5.9084236029141524e-8
2.6040973935184816e-7
9.628302042733975e-7
6.500870721466655e-6
2.1584291598133028e-6
6.641680679239003e-8
5.198940936749084e-8
2.326687220559412e-7
9.220128324030597e-7
5.377081306282943e-6
1.5148939203586764e-6
1.2384777207783688e-7
1.822979470491743e-7
7.823028582741656e-7
4.90465988097403e-6
1.433624396848456e-6
1.3139518377325322e-7
5.836108973739342e-7
4.515972059903053e-6
9.78289908734194e-7
4.5891933337152585e-7
4.7434879166519665e-6
8.988019378674951e-7
3.934066391877822e-6
6.250661504404024e-6
1.7951514288361267e-6
3.0777924645341535e-7
-1.5438797742765913e-8
4.579922616327888e-8
2.0168672182459482e-7
7.457368189709495e-7
4.821194344140971e-6
1.6574321490884074e-6
5.791154090584615e-8
3.9706821546517614e-8
1.7586767506123107e-7
6.969264277839494e-7
4.411728153753083e-6
1.3098179349636952e-6
1.0592245250586692e-7
1.4809289563875558e-7
6.370715217536435e-7
4.249392247071454e-6
1.2443453567007432e-6
1.1453546229505283e-7
5.06520040887934e-7
3.8235873751795665e-6
8.319587405812372e-7
3.907166318535448e-7
3.907445981302835e-6
7.538619725744252e-7
3.2485253399462807e-6
4.772293868498669e-6
1.375966101140425e-6
2.2922754556690643e-7
-1.217983521121998e-8
3.510734797288922e-8
1.5475953041298765e-7
5.720872751874714e-7
3.7849547946417743e-6
1.2394653356787274e-6
4.3783045014129846e-8
3.0817129320326885e-8
1.3619939338694615e-7
5.393886735089313e-7
3.2492023040779915e-6
1.0297459121024238e-6
8.586375683225702e-8
1.1075465037844127e-7
4.766682854024932e-7
3.5177688095049543e-6
1.0746999749385932e-6
9.509083040926433e-8
4.1716839183304167e-7
3.318448152527854e-6
7.296756209569678e-7
3.382308181044133e-7
3.3414734595946443e-6
6.452132492075224e-7
2.695528301461226e-6
3.7107014684704126e-6
1.0456807289566733e-6
1.7775295552944788e-7
-9.748229123753304e-9
2.7244238468806153e-8
1.2007392319956952e-7
4.4365247343529945e-7
2.8988534658556375e-6
9.813614226720398e-7
3.285956746577809e-8
2.3692002551740763e-8
1.0472451589754678e-7
4.150717164001594e-7
2.471236136056533e-6
7.495468709565915e-7
6.530990671243815e-8
8.471622420238413e-8
3.6374294859938614e-7
2.583334822173917e-6
8.333225808203381e-7
7.135927819207387e-8
3.0839519283580284e-7
2.6927614295776913e-6
6.233800024121416e-7
2.734069438729208e-7
2.8867339007865747e-6
5.607956246834465e-7
2.31237608855505e-6
2.8979517446788278e-6
7.960163598718892e-7
1.349310019582232e-7
-7.515267107893615e-9
2.1243450533616925e-8
9.363188811149874e-8
3.4572479546761e-7
2.1627808549952324e-6
7.368411535128224e-7
2.6740262473955443e-8
1.7840199546061164e-8
7.869215860346646e-8
3.1181185190725453e-7
1.9710692628271837e-6
5.986303149568024e-7
4.972556238228997e-8
6.643143086148106e-8
2.8570102382624954e-7
1.9457910165015016e-6
6.02704253437074e-7
5.4201699560720887e-8
2.341628984649794e-7
1.942887310436738e-6
4.696142665447566e-7
1.993584863514684e-7
2.263403522604132e-6
4.5434104712327444e-7
1.9605163249284307e-6
2.2962353405615617e-6
6.107743606406469e-7
1.0109728237737895e-7
-6.328481436302004e-9
1.6751400108676323e-8
7.384020562569286e-8
2.724112179263488e-7
1.648556542102044e-6
5.546069717753427e-7
1.9532462056935044e-8
1.3596950798531444e-8
5.995104183277866e-8
2.3747884625519536e-7
1.423936501746289e-6
4.540407771656264e-7
3.867548054616074e-8
4.8950555718277997e-8
2.1054551900923453e-7
1.5688901688979342e-6
4.883589267767784e-7
4.2841388714798436e-8
1.8627342712108212e-7
1.5001552185329858e-6
3.442570976477197e-7
1.5443921318104316e-7
1.6159037961814565e-6
3.3021098602414353e-7
1.487375776560985e-6
1.8419151711416228e-6
4.737754592764295e-7
7.730657441909459e-8
-5.215253208712007e-9
1.3361050266494339e-8
5.8878219686507736e-8
2.1703574142615554e-7
1.2518755751703488e-6
4.192248725303434e-7
1.4830275646503804e-8
1.0372149914558503e-8
4.5728741811110365e-8
1.8103534745610198e-7
1.0959435091341132e-6
3.3542589796575676e-7
2.879681644041818e-8
3.727115890697661e-8
1.6016766912397304e-7
1.1162969532909866e-6
3.626764854678164e-7
3.139351454545078e-8
1.34571355699877e-7
1.1860264023652764e-6
2.825010081540822e-7
1.2091736253640292e-7
1.2934112852105852e-6
2.5635523769031807e-7
1.0810262332890435e-6
1.49210840689043e-6
3.7280628309083177e-7
5.9337362945093594e-8
-4.41599325103338e-9
1.07536246422348e-8
4.73816813640463e-8
1.745319233399397e-7
9.636055489359462e-7
3.18969807814729e-7
1.094397519707507e-8
7.989751785182255e-9
3.531982465546943e-8
1.3973660798299733e-7
8.141344943604844e-7
2.526771852119825e-7
2.1637891559836027e-8
2.7954016251805652e-8
1.2011122159932167e-7
8.616536247813087e-7
2.696635089187511e-7
2.373820351360871e-8
1.0265785347337917e-7
8.399090702168102e-7
2.0163691560761636e-7
8.70123207792591e-8
9.756620445029853e-7
2.0137189135681807e-7
8.763145645379919e-7
1.2158129727114987e-6
2.975189172971047e-7
4.623381109894989e-8
-3.6928805996640492e-9
8.709310422016578e-9
3.836040520698058e-8
1.4123172041898357e-7
7.522763814781185e-7
2.4509596455802034e-7
8.205951860823785e-9
6.238493002932671e-9
2.76526477486388e-8
1.0931895261386439e-7
6.18365717653287e-7
1.9009288797557302e-7
1.6176747577005453e-8
2.128901735782232e-8
9.141170091255645e-8
6.313013172941319e-7
1.9964560226077577e-7
1.7631074833408417e-8
7.578409967276457e-8
6.445801818357151e-7
1.5436797705701254e-7
6.621935938902652e-8
7.072884882899828e-7
1.4330918774263084e-7
6.3242208811104e-7
9.912575271320388e-7
2.403187500480258e-7
3.661354684162159e-8
-3.0641457913464764e-9
7.065076504458692e-9
3.1105929000746456e-8
1.1449936455148171e-7
5.959493168486506e-7
1.9110907342261877e-7
6.183041604934353e-9
4.938739316538508e-9
2.1958856095056935e-8
8.674922280518116e-8
4.744644670153781e-7
1.435275511530381e-7
1.2273442379606579e-8
1.6383258498190972e-8
7.030143045649827e-8
4.748741362082712e-7
1.5038016466140535e-7
1.3212576180536683e-8
5.7022977329246143e-8
4.7282538831770737e-7
1.1118135219581953e-7
4.887792218978566e-8
5.252190456646113e-7
1.0952932210781605e-7
4.769311434878057e-7
8.042479152370711e-7
1.9565302311371265e-7
2.94032182535798e-8
-2.501872477048467e-9
5.712316146763369e-9
2.5140392900721262e-8
9.254979868573654e-8
4.786248147578933e-7
1.5122836767935398e-7
4.721152185538388e-9
3.9572044059048694e-9
1.765737241315828e-8
6.971582715427246e-8
3.6903565812508024e-7
1.0997730121628605e-7
9.363442473477873e-9
1.2790910274684261e-8
5.4844094848084606e-8
3.603127596476425e-7
1.1246237254098528e-7
1.0003567163734363e-8
4.325010935800844e-8
3.508197272119773e-7
8.331824156581119e-8
3.644617553507326e-8
3.902688184160744e-7
8.009832205157113e-8
3.441618845537984e-7
6.459999992595069e-7
1.5965215896215722e-7
2.385624295771884e-8
-1.999013348682375e-9
4.581312260787122e-9
2.0155890115835177e-8
7.423025531138394e-8
3.881957476564191e-7
1.2125297559458637e-7
3.6672213802383137e-9
3.1990367369962736e-9
1.4319473711840453e-8
5.651734988662543e-8
2.914520864289454e-7
8.553649883817915e-8
7.24524819066749e-9
1.0132777510456672e-8
4.341793281563907e-8
2.7669843874444893e-7
8.527198037302557e-8
7.671781613305831e-9
3.3242877207627455e-8
2.640364524179746e-7
6.212446837012169e-8
2.7491168929198503e-8
2.866464747199223e-7
5.9088524752087497e-8
2.551971924242851e-7
5.114087478271401e-7
1.29798304673397e-7
1.9444013434596538e-8
-1.557261345098545e-9
3.628899064351356e-9
1.5962173709384442e-8
5.882576800691359e-8
3.1626719610191215e-7
9.811685373821709e-8
2.898568553210898e-9
2.5958410424856274e-9
1.16488138736057e-8
4.5972617107537163e-8
2.3322975523582505e-7
6.752140596103781e-8
5.687938603253827e-9
8.12452010289937e-9
3.479578941714331e-8
2.1574135340685508e-7
6.564751242767433e-8
5.9722008837552605e-9
2.5948225871241947e-8
2.011077778721297e-7
4.6711626088200245e-8
2.0984837348256048e-8
2.1338633508079794e-7
4.41212342924979e-8
1.8792561029954672e-7
3.9758394956694766e-7
1.0454194594134915e-7
1.5819780160166798e-8
-1.1788885372451144e-9
2.828931285293556e-9
1.2442786689344727e-8
4.589803339880403e-8
2.5724054565757747e-7
7.968401187536661e-8
2.3261806072914632e-9
2.1022958609776396e-9
9.450014817897565e-9
3.730149354316288e-8
1.8832855276673137e-7
5.397084106495677e-8
4.521088949252736e-9
6.56411935672309e-9
2.810564885393305e-8
1.7063021102888137e-7
5.132314721865461e-8
4.716668833902492e-9
2.05464170509417e-8
1.5541915981610673e-7
3.565234389809653e-8
1.6245455493430256e-8
1.609305733016506e-7
3.3250055867921035e-8
1.3914325067068836e-7
3.027625104923771e-7
8.300113960066852e-8
1.2771492732267863e-8
-8.649824467307107e-10
2.1646327475892303e-9
9.52221375561457e-9
3.51640560261609e-8
2.0766040340151471e-7
6.457315893936863e-8
1.8864209868335868e-9
1.6899570019695901e-9
7.602359744200012e-9
3.002084208712416e-8
1.5261304909119875e-7
4.348433966553706e-8
3.624116989950727e-9
5.314619852304897e-9
2.2755541515119253e-8
1.3645086811078157e-7
4.066199831996711e-8
3.767448681686253e-9
1.6447555104494097e-8
1.2185210350008526e-7
2.7623926102363534e-8
1.2746433177826384e-8
1.2316776023169833e-7
2.534860588018851e-8
1.0416158013805083e-7
2.2553351738201952e-7
6.470419500000479e-8
1.0178040312013951e-8
-6.138055317717111e-10
1.6232010043735482e-9
7.1425111642396e-9
2.640915604249795e-8
1.6550134854821546e-7
5.1916105729039633e-8
1.5363692498289588e-9
1.3418040890392823e-9
6.035068218624328e-9
2.3846518533585183e-8
1.2338890612544124e-7
3.5126396339135475e-8
2.9149228366226343e-9
4.2874689984530535e-9
1.836207599033182e-8
1.0979944575493446e-7
3.2515448984974064e-8
3.02921321778981e-9
1.324517192862183e-8
9.666481533043404e-8
2.169219185199952e-8
1.010767823024607e-8
9.565834001740341e-8
1.956245800123355e-8
7.89178263663193e-8
1.643291850143003e-7
4.938613872135761e-8
7.975135255353312e-9
-4.20591681530777e-10
1.1922323684673265e-9
5.248010388813615e-9
1.9429822829635283e-8
1.296431426626411e-7
4.120310582777695e-8
1.2481572353238246e-9
1.0480412436329433e-9
4.708410476286576e-9
1.861884087693258e-8
9.897354303772503e-8
2.828490628198385e-8
2.3398641227445873e-9
3.4278238367216934e-9
1.4687221241236633e-8
8.842130380174296e-8
2.6116236972304666e-8
2.4383915372745575e-9
1.0670630327217536e-8
7.725856402110123e-8
1.7206322812415e-8
8.066691247769304e-9
7.520262384330753e-8
1.526378263686896e-8
6.052208013715736e-8
1.172303314782092e-7
3.684847682091395e-8
6.127280887284571e-9
-2.7802005607223145e-10
8.581093012328413e-10
3.778482535640332e-9
1.400748993103711e-8
9.947153456383244e-8
3.214494080252519e-8
1.0050835762290193e-9
8.028302669302849e-10
3.599233318542156e-9
1.424517913955343e-8
7.837240170263046e-8
2.2581234467419727e-8
1.8647307871877758e-9
2.703380249494955e-9
1.1590548636143526e-8
7.085768253032162e-8
2.0950566386393747e-8
1.9539728460561506e-9
8.551306998932912e-9
6.188588837765415e-8
1.3725296840002055e-8
6.4466032196346305e-9
5.963140846613583e-8
1.2004404710826512e-8
4.690661354289853e-8