0.00006115184934184273
0.000011387109713918502
1.9305138495198433e-6
1.2474602294892214e-7
5.0836388957252114e-8
4.6035426336782105e-8
6.351213629873737e-8
0.00002034398611593122
5.52222779955825e-6
2.269189032919661e-7
2.4692718384188758e-8
1.0759123822756134e-8
8.252361760251945e-9
0.00001048200761543365
2.607529452219007e-6
1.4853625082763963e-7
6.8189615264585455e-9
2.9918431027162287e-9
7.186971948562457e-6
1.896303951088615e-6
2.5086783032365316e-8
1.6650977045836502e-9
5.183980429923885e-6
9.798880945348991e-7
1.5384903295095255e-8
4.209556617766091e-6
4.974682816103068e-7
2.421009439270002e-6
0.00005700828166981237
0.000011447204538078434
1.957876253933676e-6
1.2429176608407724e-7
4.858782730636701e-8
4.344672377033952e-8
5.952827639202147e-8
0.000021396387494786444
5.901098561081958e-6
2.449017693012489e-7
2.5943274009146147e-8
1.0960697634954086e-8
8.147737049087846e-9
0.00001141761044469814
2.8717929503068057e-6
1.6440810779132993e-7
7.357241334435386e-9
3.1218060545045448e-9
7.979239190672564e-6
2.119238529090123e-6
2.8118715379639463e-8
1.8370735188563561e-9
5.822706335060277e-6
1.1057965609188851e-6
1.7381798558064734e-8
4.766914623682227e-6
5.655614219121077e-7
2.7666650467725124e-6
0.0000513350210300123
0.000011121924867916355
1.925680617009579e-6
1.200200627937836e-7
4.456765340338701e-8
3.9239850673456234e-8
5.332908417083088e-8
0.00002190085392638787
6.1603963606198094e-6
2.5895159406024605e-7
2.660293541401253e-8
1.0836646998760175e-8
7.76411826562164e-9
0.000012198338159919331
3.109599263945466e-6
1.7912365916098363e-7
7.790235856582967e-9
3.1842660003663212e-9
8.723802157707526e-6
2.3351549094493314e-6
3.110815344446136e-8
1.997394050239162e-9
6.456127456986833e-6
1.2342183324424864e-6
1.943016019890377e-8
5.3450937127388295e-6
6.367427682401448e-7
3.1296365262807078e-6
0.00004472058312119197
0.000010395650953066249
1.8309245527912114e-6
1.1231925565169792e-7
3.93023651993685e-8
3.401943590241446e-8
4.583641212400854e-8
0.000021674215248035
6.246925716698959e-6
2.670142171145618e-7
2.6521913870959788e-8
1.0363971031244976e-8
7.134691628748081e-9
0.000012719893703151988
3.2963500537669272e-6
1.913817793976324e-7
8.06707143652605e-9
3.170185574952127e-9
9.357510566417634e-6
2.5287406202471714e-6
3.385602991684107e-8
2.1344215351789254e-9
7.044184565425122e-6
1.3572869524154368e-6
2.1413605154157567e-8
5.910340172877128e-6
7.077239818410871e-7
3.500859457631032e-6
0.000037995750186813214
9.333804570032692e-6
1.6819712585249792e-6
1.0235628997339877e-7
3.373683358860736e-8
2.8771395369962e-8
3.848857488469315e-8
0.000020591067702262274
6.112210480653232e-6
2.6704725292371975e-7
2.562161549313647e-8
9.579520081706351e-9
6.357620387436347e-9
0.000012865993667335688
3.402547656976402e-6
1.995696560556815e-7
8.138136748808656e-9
3.0790767743335107e-9
9.800275498897137e-6
2.679615880924239e-6
3.610661837855824e-8
2.2338697472758215e-9
7.533808182615873e-6
1.4656856850669002e-6
2.3191224228179017e-8
6.4248455758784195e-6
7.741315682616068e-7
3.85872069362263e-6
0.000031917375737135686
8.088291725534837e-6
1.4980171597234684e-6
9.158906890200115e-8
2.880178390708047e-8
2.4379644683756368e-8
3.252455580111979e-8
0.000018673059917691176
5.73156205727223e-6
2.575181359997334e-7
2.393342261073613e-8
8.577164611713274e-9
5.559848041660684e-9
0.00001253048969893534
3.396962063749013e-6
2.0190859926811458e-7
7.960285103045065e-9
2.9148782192079838e-9
9.960875558267355e-6
2.7634359236528905e-6
3.754478183753127e-8
2.278833190645894e-9
7.858867604096205e-6
1.5472018694955027e-6
2.4577924130440082e-8
6.837776352610697e-6
8.302110862200299e-7
4.177033858577513e-6
0.00002675349771767263
6.852162264480492e-6
1.301835842077206e-6
8.082779131341534e-8
2.4746824512620727e-8
2.093068810897205e-8
2.798053241193079e-8
0.00001617357034342061
5.129117754854327e-6
2.3814943801506993e-7
2.1608382033736677e-8
7.470945934366453e-9
4.8150051912586295e-9
0.000011661367514958232
3.2546605725399734e-6
1.9679494199767202e-7
7.506848421141056e-9
2.6773353990915257e-9
9.752169395430658e-6
2.7545218806649257e-6
3.782481758174491e-8
2.2505927648198587e-9
7.945440115855877e-6
1.5874996306333259e-6
2.5350708708402998e-8
7.087357538084945e-6
8.687051844106692e-7
4.421310940527162e-6
0.000022131586114607754
5.767928278809965e-6
1.10971829971817e-6
6.971830461103353e-8
2.088384164065734e-8
1.7545741206752064e-8
2.3431034176380672e-8
0.0000135731496753128
4.396753509866231e-6
2.107303404094326e-7
1.889031163321455e-8
6.346672535634569e-9
4.082054861133692e-9
0.000010323371052913476
2.971238406971648e-6
1.8347049215679128e-7
6.7884031564816115e-9
2.3620018998725307e-9
9.123910652477092e-6
2.6326726161397147e-6
3.664361837923253e-8
2.1337996201703684e-9
7.725977364458395e-6
1.5719129046848373e-6
2.5273522064497203e-8
7.106651155463713e-6
8.813988064913341e-7
4.550694616894573e-6
0.00001767512465015565
4.854556557917571e-6
9.289359773588166e-7
5.794782878414184e-8
1.6654762824524803e-8
1.367044482615706e-8
1.8000817587187943e-8
0.00001137741985518501
3.677939688534827e-6
1.794733912269156e-7
1.60918463868513e-8
5.2841848538023364e-9
3.319127493949913e-9
8.74407639989086e-6
2.5801307716504425e-6
1.6295417446353496e-7
5.88917512382847e-9
1.991911148576437e-9
8.112589430761437e-6
2.3952380914258252e-6
3.3884268063757117e-8
1.929605590094841e-9
7.168305821275987e-6
1.4899118886885275e-6
2.4162780306660376e-8
6.839269066946945e-6
8.605646644370329e-7
4.522724687055721e-6
0.000013748709994531388
4.022899022435446e-6
7.644579213137776e-7
4.688679692604167e-8
1.2957730934149453e-8
1.0474108770067707e-8
1.3644919590796362e-8
9.747887783618989e-6
3.0964638661391712e-6
1.4997642343889567e-7
1.3541853829131673e-8
4.40396443476295e-9
2.67349478178725e-9
7.267678619174386e-6
2.158584808162905e-6
1.3868324297069637e-7
4.977393545268882e-9
1.648067650385695e-9
6.884676395323085e-6
2.0716543343161476e-6
2.980631828517633e-8
1.6693738820856657e-9
6.317193727575995e-6
1.3425930430674771e-6
2.20009688815425e-8
6.268773060149678e-6
8.02040324651408e-7
4.305491675754558e-6
0.000010640729518056862
3.187238062529196e-6
6.204449740224054e-7
3.781531810345433e-8
1.0289974034893269e-8
8.354704415249587e-9
1.0951529146222917e-8
8.269954836252965e-6
2.6548705859008396e-6
1.2623881062530444e-7
1.1328268097091286e-8
3.6645381003385212e-9
2.1943213090444742e-9
6.1638031882279555e-6
1.7999047509869075e-6
1.1573001674719779e-7
4.201579287490466e-9
1.3867415660206616e-9
5.712466879014924e-6
1.7277371019655837e-6
2.51492132314298e-8
1.4050947984051332e-9
5.324567379274497e-6
1.1508471414609262e-6
1.905940466028311e-8
5.45706135897736e-6
7.098154596393539e-7
3.898467104021828e-6
8.165699802748102e-6
2.431556195188028e-6
4.976414235999825e-7
3.061051368377516e-8
7.870930712761896e-9
6.292367915121664e-9
8.196382601869114e-9
6.489243094584149e-6
2.2156958248941016e-6
1.0747231390008435e-7
9.28833388372353e-9
2.8928151657333206e-9
1.711670319766638e-9
5.3480302438739745e-6
1.5485665793541126e-6
9.791289182273758e-8
3.5652027376938228e-9
1.1718925381140397e-9
4.83174478735427e-6
1.440771272275923e-6
2.0930745219871726e-8
1.1832900705841354e-9
4.415898875315519e-6
9.558541811449368e-7
1.5929793458189722e-8
4.563405227067156e-6
5.997979569535711e-7
3.356443465649485e-6
6.320470290113074e-6
1.8819434306001012e-6
3.8787761533315133e-7
2.4683496320250527e-8
6.136793346732796e-9
4.870118727846773e-9
6.347527186478681e-9
4.829166813595134e-6
1.7005832123455985e-6
8.840233967810611e-8
7.419603554811894e-9
2.207049377908087e-9
1.3068723787308643e-9
4.39878448133535e-6
1.3336123626747212e-6
8.419988202548963e-8
2.9534336056008843e-9
9.55159521905719e-10
4.207943244096549e-6
1.2444131859744711e-6
1.7826634098601954e-8
1.0142242175243653e-9
3.7611010359085063e-6
8.008372064559887e-7
1.3304420931561941e-8
3.7929091567969897e-6
4.970332214017246e-7
2.793713352987045e-6
4.831903520155909e-6
1.4436418663295916e-6
2.9110159014361545e-7
1.859777838945525e-8
4.656107207836856e-9
3.701666565806175e-9
4.8239458087671425e-9
3.7974692475503033e-6
1.2729967907043017e-6
6.696544472605675e-8
5.775001090743862e-9
1.706226106485503e-9
9.98423008860548e-10
3.2469202922337185e-6
1.0454049412780568e-6
6.93097669109856e-8
2.3110207810928366e-9
7.215894795974203e-10
3.4952862477435132e-6
1.0719152401134629e-6
1.540265407717674e-8
8.48949259360373e-10
3.2784745674253946e-6
6.961933531122214e-7
1.1466030197676383e-8
3.2632540434569023e-6
4.2197730430444327e-7
2.336485751540277e-6
3.7603733621777407e-6
1.098867268916613e-6
2.2595570502908897e-7
1.4126554171519118e-8
3.607140578855416e-9
2.8760743364513438e-9
3.751871624451966e-9
2.9110262241218237e-6
1.0068535190952288e-6
5.040370135109589e-8
4.454775359853858e-9
1.3284308787607541e-9
7.778492139066559e-10
2.475470830526755e-6
7.606251787083083e-7
5.229649605379075e-8
1.7927078605407432e-9
5.525278376922928e-10
2.571891799469857e-6
8.294955349769217e-7
1.2469477635979838e-8
6.593457245073285e-10
2.6684395155076468e-6
5.934642187094388e-7
9.831933833576451e-9
2.8326397839658676e-6
3.684456344241954e-7
2.0257479825619404e-6
2.9391568087144572e-6
8.382335367889973e-7
1.7273125472965952e-7
1.1122257217481464e-8
2.797216984795899e-9
2.2403213315952065e-9
2.9356096604876173e-9
2.1749288729366e-6
7.564597068133055e-7
3.986301841318773e-8
3.3778866558033747e-9
1.0001751318937522e-9
5.902574201871815e-10
1.9771605826840586e-6
6.069650734439728e-7
3.937736201124066e-8
1.3920507689460086e-9
4.374771789687045e-10
1.940698513948006e-6
5.98701783457782e-7
9.150534674380565e-9
5.008669320283835e-10
1.9291719111300564e-6
4.461083455837037e-7
7.633786343465536e-9
2.228357625786228e-6
3.030146897849266e-7
1.7340232732387365e-6
2.3303822190691794e-6
6.445990422871885e-7
1.3111543605598426e-7
8.393371890191715e-9
2.1923955040124896e-9
1.7722927871549995e-9
2.333053272444486e-9
1.6595626720224359e-6
5.698671258387872e-7
2.9492280804655188e-8
2.5748747710399395e-9
7.658882249909187e-10
4.5829194499410934e-10
1.4306503932955936e-6
4.6011255130173913e-7
3.1014762599012516e-8
1.0341828884881815e-9
3.2451706509849135e-10
1.5668932721357907e-6
4.848837030800856e-7
7.0297238590233224e-9
3.913905679240767e-10
1.4917627835685112e-6
3.247036100440934e-7
5.557410940060924e-9
1.5935109133287409e-6
2.1905334190275214e-7
1.3176412568169595e-6
1.8701758809686936e-6
5.010825167881274e-7
1.0137235169282415e-7
6.541700176655148e-9
1.7450552876040315e-9
1.4229440938526742e-9
1.881132376442872e-9
1.2613495228002771e-6
4.310569014929887e-7
2.2419072085079202e-8
1.9604203893523805e-9
5.903265424731628e-10
3.5647941099901214e-10
1.1017937536401262e-6
3.400007410240743e-7
2.29226155156988e-8
7.988882459087811e-10
2.4893957995861265e-10
1.1163806758885821e-6
3.600626290228397e-7
5.521930684402651e-9
2.92160059805876e-10
1.1807246268002697e-6
2.66877304187859e-7
4.4318559141648434e-9
1.2773641298196918e-6
1.6703359210223456e-7
9.54428629511996e-7
1.5154438872029508e-6
3.949895607860414e-7
7.879107840220622e-8
5.057859318921671e-9
1.4018637820076631e-9
1.1553742667559425e-9
1.534043890294494e-9
9.71501404309376e-7
3.2821660710755194e-7
1.680631441123287e-8
1.4874552764877004e-9
4.570257428080524e-10
2.8125209880184236e-10
8.18932344310873e-7
2.560769397370779e-7
1.7212592879633732e-8
5.915449320664911e-10
1.8810904152917822e-10
8.623568167953261e-7
2.675989094039799e-7
3.968693226240517e-9
2.2007690172477011e-10
8.368027206683838e-7
1.9006875596239867e-7
3.3047267957553523e-9
9.646812772910255e-7
1.3393434902259167e-7
7.77206965092317e-7
1.2349086725569347e-6
3.1558139677325845e-7
6.202379616009194e-8
3.982428592246141e-9
1.1375412754019392e-9
9.454616886908939e-10
1.2592140684997032e-9
7.58957549365145e-7
2.524214019753123e-7
1.2801131471800484e-8
1.1432554731958581e-9
3.5953738061213924e-10
2.2442030547522012e-10
6.221340717231499e-7
1.926635930363639e-7
1.2792534303950105e-8
4.504652191810873e-10
1.4421264581656712e-10
6.321135742704084e-7
1.9806276188130644e-7
3.023339752595349e-9
1.6336770734711097e-10
6.425853179438902e-7
1.4546249244850555e-7
2.4360387380694113e-9
6.996883255318686e-7
9.319980704516263e-8
5.588196594966575e-7
1.006739906995793e-6
2.549962770297418e-7
4.942629913877112e-8
3.1590294581570297e-9
9.268481883604584e-10
7.750203067190879e-10
1.0341063921581507e-9
6.017153435203565e-7
1.9701544688570887e-7
9.83690870826493e-9
8.890270695077909e-10
2.8555702201451717e-10
1.8074567717849022e-10
4.774649015592654e-7
1.4549860209984002e-7
9.660058937727449e-9
3.4130566433830644e-10
1.117390036725342e-10
4.755735342988071e-7
1.4916605409980566e-7
2.217478095149992e-9
1.2295364983095525e-10
4.715292492142191e-7
1.0449440426247528e-7
1.7996220606554487e-9
5.198540893824906e-7
7.199665394709575e-8
4.2036966076445304e-7
8.166389509720062e-7
2.0748878895208855e-7
3.9745204736499894e-8
2.5231859671970616e-9
7.541679700531715e-10
6.327010614428775e-10
8.443809369571095e-10
4.835143636192951e-7
1.5604049622205092e-7
7.663308821574023e-9
6.982366005347464e-10
2.292955257494204e-10
1.4623597517125478e-10
3.7145558040556485e-7
1.1151312159258282e-7
7.3166286089153876e-9
2.628415146235749e-10
8.723730881685573e-11
3.6086556704602866e-7
1.115240647788488e-7
1.6543432331798957e-9
9.204759692341419e-11
3.499329928195677e-7
7.82921374969557e-8
1.3319638369110859e-9
3.863282994654851e-7
5.18147066055296e-8
3.0150094658571887e-7
6.557567951807181e-7
1.6908707024861762e-7
3.212181569465754e-8
2.022907621452385e-9
6.095029283433191e-10
5.113111540105912e-10
6.815020232259744e-10
3.922701484041436e-7
1.2518480283357821e-7
6.055349000178431e-9
5.545519881022814e-10
1.8505011569321752e-10
1.1834951461306243e-10
2.93416772439966e-7
8.675228511224474e-8
5.619173804467576e-9
2.0474195405831994e-10
6.89538372207847e-11
2.771429714576379e-7
8.45400201358666e-8
1.2464750962090398e-9
6.997027232116402e-11
2.634036165202578e-7
5.830825105629054e-8
9.852901148646458e-10
2.837052952327815e-7
3.7900476649792764e-8
2.2247377839634466e-7
5.189483941214294e-7
1.372052497510847e-7
2.595971265045095e-8
1.620555183478928e-9
4.867073645770355e-10
4.069470441465438e-10
5.409037043517979e-10
3.195924634381093e-7
1.01318113621037e-7
4.841762978681132e-9
4.4384104077225894e-10
1.4944973723769622e-10
9.528604900540746e-11
2.348298085655928e-7
6.849554121219619e-8
4.3809977369296875e-9
1.6136927046573889e-10
5.4939062788322984e-11
2.16100324287091e-7
6.506865458757442e-8
9.503235681716052e-10
5.3864560972919805e-11
2.006453852544031e-7
4.3779941882156846e-8
7.361689990664324e-10
2.111530502391023e-7
2.8086861390283458e-8
1.627661382599082e-7
4.032918612079025e-7
1.1025376488255876e-7
2.0869852283495108e-8
1.291503783310077e-9
3.8234764542457757e-10
3.176375362191176e-10
4.2045118688075077e-10
2.599284058265975e-7
8.22762476571816e-8
3.901695758849232e-9
3.564201350189328e-10
1.2017157932086674e-10
7.594953804775952e-11
1.8962668290879726e-7
5.4756677582449783e-8
3.463263012106001e-9
1.2842556602322372e-10
4.396026888065471e-11
1.7092201062570444e-7
5.0859667767040754e-8
7.352224198787757e-10
4.2011173566155334e-11
1.5507418786551517e-7
3.337176967891239e-8
5.571711648892211e-10
1.592187410854293e-7
2.0996027398537016e-8
1.19736102866815e-7
3.0699436500936975e-7
8.731965175501496e-8
1.6611219608935208e-8
1.0198437157569544e-9
2.945600953144694e-10
2.4244544630427275e-10
3.192091023842554e-10
2.0980195397104006e-7
6.664963351110183e-8
3.1520885747229474e-9
2.857671001990414e-10
9.574231023177596e-11
5.969282876930742e-11
1.536607810576423e-7
4.411942147754586e-8
2.7667144057134333e-9
1.0277559854252962e-10
3.517427610518023e-11
1.36690020874247e-7
4.028778365841282e-8
5.767966641445824e-10
3.315452105743034e-11
1.2159012981020815e-7
2.5828658073869504e-8
4.2799333512747536e-10
1.2184640871397298e-7
1.5891082852400555e-8
8.91471133002709e-8
2.2860618426320417e-7
6.790209367913446e-8
1.3038390833562861e-8
7.955039469625352e-10
2.221729234627491e-10
1.8074143080998632e-10
2.3647612733432556e-10
1.6717644052371705e-7
5.3554123807234205e-8
2.5389466774124454e-9
2.2765837907207493e-10
7.527048184961109e-11
4.612767257473496e-11
1.2422860835230358e-7
3.5638357054323375e-8
2.2229740535433703e-9
8.23108053957315e-11
2.8018279459901062e-11
1.0999652877976414e-7
3.221224046068738e-8
4.576405287485342e-10
2.6377205017659055e-11
9.646326417267942e-8
2.0266000677358564e-8
3.3338154813423195e-10
9.463049831231066e-8
1.2199200925248201e-8
6.729332672084812e-8
1.6651606966778158e-7
5.1705572388136135e-8
1.0062075395555413e-8
6.115996453704917e-10
1.6403257347587908e-10
1.3165866313831602e-10
1.710824472980392e-10
1.309268508286865e-7
4.247103536412576e-8
2.0282111446962547e-9
1.7944800330942428e-10
5.820865935538309e-11
3.498572350414601e-11
9.963600686843758e-8
2.8693346421567052e-8
1.7868213249069406e-9
6.564245450098507e-11
2.212689515706331e-11
8.858218241258217e-8
2.5870988181260713e-8
3.6561906949137416e-10
2.106068176496895e-11
7.710199239059967e-8
1.6067867848676224e-8
2.6269398891421103e-10
7.440199839607951e-8
9.496243377711014e-9
5.153880707304839e-8
1.1875891817328785e-7
3.8497808572436734e-8
7.619595948849245e-9
4.6283298005816055e-10
1.186594930737538e-10
9.386129607575454e-11
1.2111822294741678e-10
1.0043334306883334e-7
3.310563711587258e-8
1.5995002834719646e-9
1.3946216600350929e-10
4.417841252436068e-11
2.6022448758361637e-11
7.888596992264033e-8
2.290224011186762e-8
1.4289599580182794e-9
5.1890658699261506e-11
1.726257051520951e-11
7.098750945797979e-8
2.0753743058625906e-8
2.9261244475202166e-10
1.6790228652524215e-11
6.176372199105413e-8
1.2816648088839641e-8
2.0857408464084742e-10
5.900944568733611e-8
7.473533873423378e-9
3.999328460784485e-8