6.5312207689823225
0.6029839885451345
0.18286429002392465
0.026379093960103392
0.008931744579187176
0.011786520189891432
0.006393000099337207
0.005614756955233896
0.009012356495226033
0.010478722720498233
0.01084699617566062
6.306326727645977
-2.1354890360537038
0.21102960548462038
0.1563929208091102
0.06490697395651988
0.010053395242385759
0.008743318235162712
0.011330006569852051
0.015796514675412106
0.014325869134876336
6.809246548970086
-5.713912375981045
0.8457464865737692
0.3663221446988824
0.02768339145989234
0.0033169236414103617
0.0011495682785949558
0.0006935828490490763
0.001162062277944657
11.655141516282933
-6.539595536107025
-0.688440803101326
1.2138155226110763
0.1814629280484756
0.0193065867659877
0.001653911016372759
-0.00033806560833766575
13.07043716318844
-5.817630995107596
-4.038018624086385
1.4136039683344699
0.7392176326692727
0.0912493931586269
0.01776596168615221
11.725137884789039
-1.2548593561467478
-5.161287716066393
-0.2232212809738699
0.8937187757936611
0.5313558959801955
9.65301620997548
-1.6440660540312682
-4.558709132918966
-1.1325060083455287
0.24971250751947377
9.029203688231556
1.1753931282276209
-3.048484816416256
-2.303434699433459
6.131768937442704
0.6971653443666446
-1.4575140715683188
3.3738405307444506
1.6973060631416341
2.2600376431497025
3.74615098235052
0.8685989112170377
0.11557409971097221
0.01226002626629517
0.009342075309302148
0.006199235811344234
0.003985369808764
0.0036185787208503056
0.005649839692005403
0.006747716096691741
0.006808060123452321
4.595792011431985
-1.0963094100091806
0.027058352463840012
0.11277705842230067
0.02798635480181516
0.006086251158302196
0.00666104344572778
0.008195131751828994
0.012015397621170439
0.01077504819889782
4.416006895940842
-3.8134765109454936
0.7562376470250084
0.12958123387260076
0.008814705547990489
0.0011699624116576603
0.0004877261995596881
0.0002747456547635456
0.0006816071057810642
8.210062203382833
-5.184382442837482
0.3927232468222282
0.6791604813138361
0.04692989256134273
0.0032779901407282413
0.00040376795764946317
-0.0002966091075994998
11.033805360280573
-6.369995809770874
-1.7291989849681162
1.2364239417518388
0.19670661884503926
0.00947779423301218
0.0018677134111711449
11.215394621368274
-3.0626161399714675
-3.247000744414066
1.022531739534587
0.590809112193184
0.18681990141518312
9.808817766245971
-3.546153937769524
-4.274186043197508
0.20991162986463072
0.7046062666751012
10.056431402821312
0.18687033467512215
-3.8414248157029154
-1.5867259424987386
6.817734028252561
0.13316000943158984
-2.2224196816577524
3.641420038219085
1.5435995838108565
2.378144627189705
2.079787413331195
0.7792183906250613
0.07809142294597196
0.0057267401478967635
0.007079166193527642
0.003297479305762642
0.0022849675439367994
0.002125651269499569
0.0033119804556389887
0.0040017714696843265
0.0039908036687269135
3.0949000423690047
-0.3713049840774132
-0.0203533185595943
0.07231241702904576
0.012598745225354726
0.003511200333435143
0.004026550016505119
0.00503051077807068
0.007360726544987003
0.006610676554108801
2.6369460247721195
-2.352567966281153
0.48678469360882487
0.045714296123533
0.003653744956912452
0.0003418875794907174
0.00025901704513978525
0.00009282002734961656
0.00045724523106623
5.320450081503736
-3.667365158774734
0.6512093548722298
0.2945266635361699
0.012444285245267528
0.0007057859077559234
0.0003004128491546549
-0.00010378800640857272
8.404257247846207
-5.667852137192448
-0.08678255734206436
0.5470583673345039
0.03399537059942905
0.0015154014438247003
0.0005532791874714401
9.83998961344838
-4.08889916038859
-0.9120430723950272
1.0637620443157088
0.19432315444294024
0.042956217024982195
9.027029553481803
-4.970211407695425
-2.6871234277560885
0.8562992496756135
0.5357687442927023
10.870743778618344
-1.6484248663047596
-3.4275160855692666
-0.4575928295040002
7.37636570383841
-0.6730806750999012
-2.5013798897609902
3.7289258156699194
1.164237915197436
2.332816973591352
1.112752338508396
0.5581833113194408
0.05256056006458728
0.0031938888771323487
0.00468055488261964
0.0015740538566375519
0.001180895506614686
0.001031510471942536
0.0017048840627876876
0.0020248327718026394
0.0019508786611367218
1.9914545572996114
0.004596304662475845
-0.01949359861372024
0.04272893051366319
0.005711623997010204
0.0019472212455330263
0.0020602751716317356
0.002781293155435551
0.0038285987219184013
0.0034529579407901775
1.6109032758562485
-1.318508085472904
0.2766216226637123
0.016743264798998223
0.0016774400498584178
0.0001956935753693909
0.00011382592280802748
0.000012834132241913078
0.00029251098044719457
3.2605706339609393
-2.317572596936109
0.5030183920112723
0.11418881391808727
0.0038792870985784335
0.0002678146427669527
0.00028368352771551166
1.8346572255818538e-6
5.786611438095025
-4.278019581756309
0.541450154815453
0.1672859415639147
0.006117526876373362
0.00037173520971548314
0.0002345996282636978
7.828920345102543
-4.0023329306150215
0.5133256603251537
0.5731782108231094
0.051452617017395126
0.008667605405206448
7.404214625036587
-5.400392988950945
-0.9346565717388565
0.7896250192831485
0.25333886552559903
11.083655373581006
-3.508813412302379
-2.15281105647799
0.271579934488981
7.591082017037719
-1.5784709870388598
-2.1927867867619106
3.5862349789695487
0.681384574213501
2.058272722252474
0.5694551876698652
0.3332241228476492
0.03347407526816941
0.0038052281273623593
0.002548186223150977
0.0006881718177839314
0.0005874871844056829
0.0004460301311690485
0.0008508343790292361
0.0009154666587539094
0.0008707359981345363
1.1984627941424315
0.14519711805236318
0.004484668260181353
0.02226169480933173
0.0024743894026030347
0.0010058619686449622
0.0008464465831153094
0.00152099118996368
0.0015848652703790728
0.001462498807202741
1.0539278597217883
-0.6791209168096258
0.13654615314978216
0.006347033697577584
0.0007821980063847369
0.00013184255794715944
0.000025367893034909544
-0.000012974855726109218
0.00017224475298859745
1.9862974764609782
-1.3566862288896029
0.29852543325030845
0.04563086975472869
0.0014546674783320313
0.00021227855536461437
0.00028889071978165434
0.00006579418395416282
3.624788616351686
-2.8389122451439186
0.5792968424425383
0.04639236393270181
0.001685012189517165
1.975555327608177e-6
0.000060642085977549685
5.623712836692272
-3.1355329480257224
0.8010600664709695
0.2415420697079325
0.013003864103192386
0.0019214179413174746
5.454148866432584
-4.880497440945529
0.21749016902057305
0.40482100152653044
0.07592382261706639
10.309350168522505
-4.484216132739881
-0.6905997656959943
0.49194657417004906
7.264127799035411
-2.165941163420029
-1.5572278942105044
3.2456711008689374
0.273262972887892
1.5807043805053969
0.2839279978119522
0.18958362500412546
0.018684582568083256
0.004477454404112855
0.0013899600751530238
0.00028589701181997964
0.00028500847278817466
0.00017136238157163843
0.00040389185420097387
0.00037739039060416426
0.00034963100944683143
0.6955088604439323
0.12160223455620417
0.020445523583077163
0.011437697783676709
0.0011073622419808062
0.0005117761033412189
0.0003011468983818917
0.000774486891794156
0.0005558791992454958
0.000522653867037477
0.7907642123673153
-0.27860910901431224
0.06634843105583912
0.0028107683747715705
0.0002871218680467829
0.00005784807591076373
-5.061396479121409e-6
-0.000017059391256539043
0.00005440226117868973
1.245943581269737
-0.717087603670532
0.1561856793249211
0.01861197911612405
0.0006676561722023158
0.000229214859536068
0.00026178808062763873
0.00006520444211206809
2.1383852970628072
-1.6848761382887114
0.4136406323780596
0.013951990885993183
0.0007638106031191445
-6.161728975828485e-6
0.000023439806106983787
3.6500185286791695
-2.083228658206922
0.5690730890805608
0.09340575073834372
0.0040327714819969685
0.0006057584085155251
3.7014497752301856
-3.8503278895854485
0.6072929572013435
0.13929732443052642
0.018442290097024548
8.610132327455952
-4.2365631856161565
0.1738534356973472
0.39126697242551994
6.320921125200896
-2.3387989465800048
-0.9851983335307062
2.725597453676808
0.06201524663803674
1.1225809530589055
0.138363884048972
0.10021388046028841
0.00864760673576324
0.0038349533068598135
0.0007267781350672669
0.00012260928902557765
0.00013647366829379185
0.0000696256627705706
0.00020800101922856018
0.00016105405540821168
0.00014090044286988774
0.38003276435272093
0.0633693070190562
0.02158858532844251
0.0056656815943142156
0.0004973545922882362
0.00025855096117858076
0.00010521307323560013
0.00040507251102135503
0.0001945520844504013
0.0001705076528873591
0.5979730285828332
-0.07232219490797659
0.03204223448460618
0.0013996521196983755
0.00005297496527928419
7.894992751530851e-6
4.5067993551555e-6
-0.00002106435489882597
-0.00002957931343460693
0.795645767296796
-0.32558542662702444
0.07565427099101617
0.007566134883149408
0.0003757264497626172
0.0002119848205367616
0.0002211542490308817
0.00006711890875154654
1.2499034472663313
-0.9126266416229711
0.24127792628788283
0.004896256105423847
0.00044101338845870024
8.452698432930824e-6
0.00005346919586321026
2.1571653125541226
-1.221822323455354
0.3114980179150732
0.03437005674176292
0.0016933672210776196
0.00025038736718312654
2.3455979144662003
-2.718056572810637
0.4993950726650919
0.03801982021750751
0.004233625024643555
6.4637071897798455
-3.107546688084478
0.37857476836326626
0.23099153849386705
4.885276068651101
-2.098283720646207
-0.5834112515173716
2.0804242436425344
0.027964679329560985
0.7561177404352184
0.06602210973759598
0.04965804030155936
0.0034998475642922
0.0027213993191767686
0.0003504154832279466
0.000053106199287341894
0.00006725245956734902
0.00002915514278314989
0.00011264186764329164
0.00007240036041203425
0.00006548059972117951
0.1951607347728393
0.025506057503694307
0.016880288938612927
0.0026696942267338264
0.00021468397769002596
0.0001296251318107794
0.000037409446206185526
0.00021094777033681328
0.000057949555432004965
0.00004972640871577926
0.40148976109322154
0.006399428420400955
0.01585388143715826
0.0007546097557445495
-0.000020233374280019786
-3.7282447986805328e-6
0.000022938592892917263
-6.633032887119163e-6
-0.000038696646707362456
0.48395827133192304
-0.12090775956603518
0.03504952181100919
0.0030956759715092693
0.000233171931827181
0.00017082961313155063
0.00017651289826990283
0.00007502422245075572
0.747434610809614
-0.45146950662104723
0.12365803101739295
0.001992108638030288
0.00031679770788302066
0.0000518654056216562
0.00011153427811431934
1.1689972865295917
-0.6549048717439407
0.1530601374768646
0.012776107143015667
0.0008277786917181875
0.00016235082403510745
1.406974484225262
-1.7220168539794942
0.296734508335721
0.011000319300002353
0.001184444158305333
4.319357236886505
-1.9113422194655858
0.30239661380448346
0.11694606471276418
3.3270756781209325
-1.5279326695813154
-0.3150053004159685
1.4962076495471672
0.1274963452057958
0.6065781783796869
0.02970503537776742
0.021999349376192707
0.0010109075662983798
0.0015896035204013682
0.0001608146210963625
0.000025942080162730935
0.000029710630449879248
0.000016234391099953632
0.00005620984520841628
0.000039249014725807314
0.00005024773722766184
0.09311422332717595
0.006796874790022941
0.010454705142156228
0.001228217042931722
0.00010208357640287327
0.00005879822438858278
0.000027634081252055543
0.00010433003563600291
0.000037066821909339207
0.000042680323228553885
0.23672798651654234
0.019440597428175478
0.007920767109154205
0.0004043898782699814
-0.000020400420448269643
-3.5771032009182652e-6
0.00002553699836546066
4.83277245808276e-6
-0.00002287584519122817
0.2718101097790283
-0.03038157338988849
0.015525296521897797
0.0012718516404963598
0.0001410525867741867
0.00011324728898349274
0.00012330535190243383
0.00006589580043703899
0.4454603753762971
-0.20544873607943748
0.05760341370746557
0.0008919617527222604
0.0002116715753137656
0.00007542873618751245
0.00012947805813259827
0.5850727984193704
-0.3221236088437277
0.07166886907633097
0.004850665218431823
0.0004245635245901174
0.000122945667477921
0.7956403278156526
-0.9793712040289356
0.14631132648560208
0.003606757942429931
0.0004501829321163381
2.6281820195865873
-1.0161190653202279
0.18489366953592587
0.05208743607740632
2.04943228355376
-0.9314224361373832
-0.13416507414273082
1.033989984702541
0.21343520304278407
0.5135060450811422
0.012842198530615839
0.00859439835082713
0.00013491702202639503
0.0008902278667578668
0.00006907848680012815
0.000012069867879027029
0.00001162461823487662
0.000010798236904358685
0.00002595049563247661
0.000021644804472698755
0.000033087439373987765
0.04134690779997057
0.00037500894148460997
0.0061003556247429085
0.0005500718386297328
0.000046147104770578
0.00002404804867842124
0.000019282448340589304
0.000047724902122066155
0.000025677002602475603
0.00003324701919348932
0.12881946827197474
0.014368626426189458
0.003879990810982544
0.00020474690341610276
-0.000013708173631671832
3.2368267661609467e-7
0.00001960005521752556
0.00001011131645298424
-8.134964893502488e-6
0.14144046156918716
-0.0004165590745074159
0.006556161432588294
0.0005085374508233767
0.00007571547198251964
0.0000644597802019059
0.00007397402336444649
0.000043960902436189706
0.2553072504122323
-0.08724156789059262
0.024640265967299506
0.0004112848620642778
0.00012112039567102426
0.00006361028571903377
0.00009773370591715742
0.273305862065889
-0.14378563468112304
0.0320410425988667
0.0019173908279041772
0.00022909146377618367
0.00008798777635201474
0.4292144357327309
-0.5040419437104761
0.0653747132004227
0.001368090099577409
0.00020754106586324362
1.4602359730911796
-0.47203187578489103
0.10251980572523946
0.02176288755241541
1.198558697947612
-0.4615877380644608
-0.03020783282006121
0.7045458754642955
0.21844718245541758
0.3821353975700958
0.005645635007206504
0.003398918067195892
6.595544739665423e-6
0.00046776941253999716
0.00002847615845548606
6.118156017192223e-6
5.495049926502326e-6
7.2630634225036226e-6
0.0000130732334948601
0.000015204616891102466
0.000024191793073766648
0.017284292461079837
-0.000058469755928307714
0.0032292488247569816
0.00023794767154280993
0.000020832550309355054
0.000010018560929867155
0.000012400917661957216
0.000022350013687007105
0.000018179006943004883
0.0000222903669882909
0.0644407689603044
0.006941627591878033
0.0018301900331635465
0.00009653955799662522
-8.312416719465544e-6
2.741133154593232e-6
0.000012294819848459703
9.923036891382135e-6
7.943569803863249e-7
0.07032795720110847
0.004343369152881465
0.002623935154757318
0.00019196350941061104
0.00003596086902252672
0.000035947109346248574
0.0000411332585472793
0.0000265182915708194
0.13556607230725104
-0.03529866172744592
0.009728242615077072
0.00018577960443832164
0.00005833552566521993
0.000045053389679959596
0.000057198190743235514
0.12040952166137592
-0.05774873945548635
0.013559521644831329
0.0007615658678285225
0.00011956054456869775
0.00005332293995991406
0.22565297391189765
-0.238167701575809
0.02779309757198764
0.0005522886010187351
0.00008311226535567756
0.7367615481903188
-0.18314843117906382
0.05402160284823927
0.00932627432581283
0.6932451879241678
-0.18906092214566447
0.009141284914202621
0.4743089634615156
0.1742974178419602
0.25369418464543897
0.002422889480259874
0.0013034383072654922
0.00002152169112921383
0.0002376956237658109
9.810644915386027e-6
2.9734732904936655e-6
2.56125789511099e-6
4.2169666037168555e-6
5.714949107831322e-6
9.455985928079156e-6
0.000010859314544686838
0.006744756462144898
0.00016049023222944594
0.0016052741260227142
0.0000966317150777105
8.49868886844929e-6
3.803987279174669e-6
6.86928921059017e-6
9.235953563342158e-6
0.000012090988714793618
0.00001400817654920436
0.028319404622871972
0.0032063619563791573
0.0008265840531918594
0.00004202390991207434
-3.4453344884479987e-6
3.813296014783187e-6
7.123176350639698e-6
7.706502790769414e-6
4.506762011294775e-6
0.03457996992200081
0.003421226971647993
0.001023817431555997
0.00007011588668458267
0.000016345386317204795
0.000019213124068822853
0.000021685368870994544
0.000014856757883101269
0.06981415962283698
-0.013474202110899515
0.0037309160222479213
0.00008205961580681973
0.000023312519086362127
0.000026781919467420885
0.000026889715835690094
0.050865352798918434
-0.021706058636407007
0.005319314021766541
0.0003088282869040574
0.000057351092267611087
0.00002312534549662872
0.115783753129044
-0.10399273998175851
0.011083788181429171
0.00021433088922725914
0.000012436317971141
0.3540214394488162
-0.05012324843559445
0.025206161384922016
0.0038937416883799147
0.39637172337619686
-0.06920015458081703
0.013943954927622165
0.2901221998276612
0.11588098946166277
0.16224885843348108
0.0011215850394496723
0.0005049707322419736
0.000013033273415433034
0.00011602120490821361
3.314454171228037e-6
1.4607876462050732e-6
1.3908840773853623e-6
2.525475491321428e-6
3.0899027499037735e-6
6.38118697049912e-6
4.616594547725022e-6
0.0026271050522065948
0.00008695005517497727
0.0007464080522505275
0.00004005561297489227
3.348858895558431e-6
1.505056004026938e-6
3.338080907471794e-6
4.2160225842204926e-6
7.151495673234002e-6
7.324719970422576e-6
0.01167265780070161
0.0014294245959470537
0.00039175928765173445
0.000018069574578792513
-9.4791839790598e-7
3.295919202043698e-6
3.7056790649065787e-6
5.058281154662876e-6
4.805330578521894e-6
0.016820302621149953
0.0022372399812304413
0.00041855603744585067
0.000025196128377773863
8.003022559078779e-6
0.000010333458460234736
0.000011522801820658388
9.088659785828179e-6
0.03652785977016606
-0.005437982119246124
0.0014005596037635051
0.00003744193868661084
7.682693149649893e-6
0.000014190561103368836
0.00001174140760371415
0.022157392091228124
-0.008385308589892053
0.0020388981258671755
0.00012660611027967333
0.000025594018524835667
8.744603064076542e-6
0.058416699445500445
-0.043023073470293015
0.004313491809939034
0.00008446144420749405
-1.4730675797733925e-6
0.16995558101413402
-0.002894069081156801
0.010377166234422076
0.0015417133646864073
0.21319219003297316
-0.02462427384963009
0.009406028586487156
0.1638614586723545
0.07550201160571246
0.12098646617741333
0.0005831412683609032
0.00024139909860445104
4.510533029790093e-6
0.000050568994964121164
9.9838981718873e-7
7.650417229986649e-7
7.901985825820189e-7
1.557272439748581e-6
1.8320373145346292e-6
4.439732961470895e-6
2.8133285955881842e-6
0.001102140124790984
0.000012064717806977487
0.00031295849473645364
0.000016174792261275378
1.1916226620166901e-6
6.945046412669388e-7
1.5510543950164978e-6
2.045469710453962e-6
4.217091718595002e-6
3.940321587147967e-6
0.004794503994321267
0.0003694359393298407
0.0001690307268715268
6.381145301578412e-6
-8.28510294204147e-8
2.038862665091122e-6
1.8993124162140672e-6
3.132425878648582e-6
3.832968203781708e-6
0.007281815483008181
0.0011965400985989732
0.00017694265958162342
9.614877674880025e-6
4.266699098192454e-6
5.177050121850984e-6
5.667184609679613e-6
5.604890666630927e-6
0.018609757091316785
-0.002159451264853107
0.0005578779731720087
0.000017445927488468768
2.7319385273320913e-6
7.50168804314175e-6
5.334534287070145e-6
0.009884971185849646
-0.0034281384668883408
0.0008313422997472354
0.00005320741345190131
9.551409649370534e-6
1.0070953035802848e-6
0.030605282864149912
-0.018050510702642877
0.0017039520312930707
0.00003590318453503507
1.4200126634676932e-7
0.0903304184651037
0.007526154735467549
0.0041117393724142085
0.0006528538514789754
0.10658934525899152
-0.008614527390832072
0.005312261915919748
0.08767377300910659
0.05022578920906083
0.09015094086052268
0.00030663918039147036
0.0001170563924523573
2.7575347007239713e-6
0.00002135731373295288
1.1577340817256291e-7
4.10283959936316e-7
4.892837445284904e-7
1.0113328907912518e-6
1.2926360480162135e-6
2.899897600769535e-6
1.6750942220239912e-6
0.0004770195243590617
7.80209893071406e-6
0.0001291042477172523
5.2880341578176826e-6
4.6840153053845755e-7
4.0886738187507187e-7
7.824789582570031e-7
1.2264959170343293e-6
2.6152894261461413e-6
2.265879242374468e-6
0.0018796886922374076
0.00006001056656846688
0.00006458523554975924
1.893958199556286e-6
8.27168511649654e-8
1.175284418351693e-6
1.1020279984458416e-6
1.9023070082792903e-6
2.5777339253323525e-6
0.00300419225050518
0.0005140444148575355
0.00007329240143459417
3.363463513847453e-6
2.3056290636303755e-6
2.4000370459630315e-6
2.621779693102271e-6
3.045752847514434e-6
0.008179964388239216
-0.0008561584611592877
0.00021531871888926996
7.353032362070591e-6
1.1382281548619723e-6
3.755655495554386e-6
2.5002931256851463e-6
0.004568964048450772
-0.001481444604106458
0.00035425898003535564
0.000023314191742950934
1.9285987030791287e-6
-2.0408725064080503e-6
0.016059998257845168
-0.007642871642211907
0.0007381576034856381
0.000014407334988669068
2.3989255879432705e-6
0.05241141081692057
0.007449654005440075
0.0016204205559088437
0.0003073318212574594
0.05258890689194743
-0.003198433640521839
0.0027995485823188605
0.047815096480785156
0.032778607852973075
0.06456965299164176
0.00016482281293240793
0.000059069226807465895
1.8260601278037282e-6
9.997149025991518e-6
-3.594018541394344e-8
2.1764206745465795e-7
3.194787023867894e-7
6.652841969956167e-7
9.426660472296408e-7
1.864640580872799e-6
1.3992812653300707e-6
0.00021593572738484978
5.665372694123888e-6
0.000058360550887599735
1.7218779020648188e-6
2.2264887627802279e-7
2.780773435706377e-7
4.239674269762012e-7
8.007764439174398e-7
1.5746764253493933e-6
1.2961700129752151e-6
0.0007529588783508352
-3.623829160696049e-7
0.000025705554617485627
4.539797948117607e-7
1.1871934596380376e-7
5.575182750453377e-7
5.537141395965167e-7
9.86316133324472e-7
1.4319516560525882e-6
0.0013295834969990546
0.00019272387067565712
0.000030419478758021218
1.0737521836266736e-6
1.2326768405305468e-6
1.2166379372018723e-6
1.3808657468064828e-6
1.8122939465282265e-6
0.003220459067357476
-0.0003159367849575253
0.00007223599055453053
2.595666748155835e-6
5.363286353370564e-7
1.8329909987111666e-6
1.0393989849205292e-6
0.0018885647533793775
-0.0005528161619487185
0.00014174859925339867
9.503621549682117e-6
-1.3452948107640693e-6
-2.866767637712741e-6
0.007823699831454341
-0.003219997492540105
0.0003023295383006126
3.489059563127879e-6
8.021147473134049e-7
0.030917603032683483
0.005006919669341447
0.000699826886844346
0.00016889384038266337
0.02505430942723194
-0.001229686709925518
0.0014779886048444234
0.02750979082162356
0.02109186177157394
0.04417393774515432
0.00009261670399642751
0.00003063763261554995
1.0812918221620608e-6
3.7867088149062174e-6
-6.670349233198335e-8
1.213424721269331e-7
2.1355189756294146e-7
4.4276338060636157e-7
6.866531814934153e-7
1.1328313138699587e-6
1.1342799119117176e-6
0.00009759921920561133
3.4915268365888606e-6
0.00002185416202646824
5.343170228608903e-7
1.2060604164521668e-7
1.8281646073363865e-7
2.86279268460106e-7
5.366357911435124e-7
9.660773735689331e-7
8.786780985847784e-7
0.00033054560428383463
-4.786923310787275e-6
9.52244078612547e-6
7.746292692977096e-8
9.481449726366109e-8
2.800768064845797e-7
3.65112701698338e-7
5.838841384221975e-7
8.365659525924468e-7
0.0005254001500824251
0.0000834037906661079
0.000014724282677783396
3.463352705337981e-7
5.57936078805719e-7
5.223651132699806e-7
5.798287479418262e-7
8.313872820391931e-7
0.0013933099244634256
-0.00011590463260360124
0.000024041193617042405
1.0523685472106162e-6
3.804058932191974e-7
1.0974579603666292e-6
5.83558169499312e-7
0.0007596706931629941
-0.00018938901387386984
0.00004628730500721709
3.140189980238946e-6
-1.972698695630357e-6
-2.5757515967272626e-6
0.0032721833051411325
-0.0011978218195434413
0.00010288726649741556
-2.1773889120366385e-6
-1.5519260541210867e-6
0.014764170317153229
0.0025030116094482443
0.00025856761117998224
0.00008942216232710351
0.010924411785227498
-0.0003684137715428409
0.0007652585738774754
0.015451905864496499
0.013052140287127133
0.0299165505309609
0.00005499579078250743
0.000016481100037246648
7.348207184008125e-7
1.4286695788034268e-6
-5.3942837827008175e-8
7.027884044189061e-8
1.4573740076522124e-7
2.9979334387393505e-7
4.899613225580309e-7
7.364018321733883e-7
1.095327397405856e-6
0.00004431327841826513
2.8671058032474954e-6
8.255581510713119e-6
1.3191510039385822e-7
6.666280115218683e-8
1.195460943625594e-7
2.1173037739888737e-7
3.7887645590548745e-7
6.435754806734551e-7
7.637752194342619e-7
0.00015244244960101235
-5.53554764537977e-7
3.432744027742522e-6
1.7907659991620983e-8
7.12059726451923e-8
1.728129123375112e-7
2.621352523536574e-7
3.837711305510146e-7
5.217477281234952e-7
0.00020754681836643286
0.000028495567886721278
6.553346701590575e-6
1.3890745109103104e-7
2.4591118521780904e-7
2.2393262702185157e-7
2.5964805795635755e-7
3.7017621069087555e-7
0.0005222673143714887
-0.000045064498815953116
9.689445619307313e-6
4.1806148390378506e-7
2.1620382589911951e-7
5.91993623587518e-7
3.72648483679954e-7
0.00034604307714607613
-0.00007020708525244975
0.000014847616233831426
1.0159906610298403e-6
-1.3139415058091095e-6
-1.3897416974866536e-6
0.0013774827745323432
-0.00043891115142482797
0.00003252787442922375
-2.520500926263168e-6
-1.558426695676854e-6
0.006378557097159393
0.0010607419936411158
0.00009366078333963543
0.00004561167240996816
0.004191574348192169
-0.00004544714806053607
0.00034987388106479117
0.007454409978549443
0.006915030553079651
0.017681270268554174
0.000033242498706601424
9.218503371205679e-6
4.727211555025168e-7
3.6428064306118805e-7
-3.553635794914988e-8
4.060539728978111e-8
1.004334477906617e-7
2.0457756503817686e-7
3.4396656873463106e-7
5.31362622316674e-7
9.851563276196217e-7
0.000021080331533718876
2.0080998854852116e-6
2.1636528888840897e-6
2.942646847482478e-8
3.858820913325909e-8
8.241143614332702e-8
1.516631968076502e-7
2.6933359521687035e-7
4.4922977475233565e-7
6.374503632022213e-7
0.00007154876218937754
1.8156191616822348e-7
1.222395961529556e-6
9.82919298176305e-9
5.2487447646543795e-8
1.1332277495909611e-7
1.8291964952673906e-7
2.6636205764569264e-7
3.68818662219698e-7
0.00007893193581928137
0.000010581536725879564
2.893073660816126e-6
5.579084908397508e-8
1.17576106576438e-7
1.1258593663613885e-7
1.474805470968236e-7
2.2576913197597922e-7
0.00019796946264474593
-0.000014143786104682427
3.1412789189530826e-6
1.8372053652770713e-7
1.5689953731948185e-7
3.7355650354737634e-7
3.7042894583308253e-7
0.0001388093628352001
-0.000024972039827127223
3.915128390294892e-6
3.759999620251531e-7
-6.34879541560777e-7
-4.751775031767439e-7
0.0005844722184711688
-0.0002005305893197706
0.00001246183631404116
-1.3891855457584637e-6
-5.086864337630002e-7
0.0030433648900499194
0.000496194687995837
0.000032971751257634186
0.000023121013627435885
0.0018088166694787686
0.000017326000730949592
0.00016446756522389854
0.003448000271786509
0.003355552158325241
0.009247368555094377
0.000020451012051335022
5.663535018182073e-6
3.104859786762397e-7
1.1963236846857813e-7
-2.4235664733663925e-8
2.420065888779225e-8
7.000127005973589e-8
1.4093351259110047e-7
2.3780642646038715e-7
3.6698862168631046e-7
7.094842643987172e-7
0.000011476860202475588
1.4464110232760568e-6
7.737077981189957e-7
4.106894070529193e-9
2.3531074388787654e-8
6.002351316759954e-8
1.1422163811304467e-7
1.969576812441675e-7
3.2106124238739284e-7
4.795743154139132e-7
0.000034069308693487136
3.600366175331524e-7
4.698938757210184e-7
9.217183092334662e-9
3.691537524437883e-8
7.688965871852321e-8
1.2727565436941738e-7
1.8945741697481904e-7
2.639291213052811e-7
0.00003368242952271125
4.271146718114537e-6
1.246212813175449e-6
2.5330575540858245e-8
5.8363068451692045e-8
7.021293035905447e-8
1.0124155933258401e-7
1.5564822724483476e-7
0.00007596495496625017
-4.9409342579889614e-6
9.283828719138833e-7
9.374538580581482e-8
1.0513351357642137e-7
2.2509689022054228e-7
2.740793554174547e-7
0.000057802262755771845
-7.236693619592025e-6
7.721651557292214e-7
1.4332346463761142e-7
-2.7435726035082203e-7
-1.216457230752638e-7
0.00020709631326396274
-0.00007920562381565083
4.034745734750017e-6
-7.782529274159151e-7
-1.1544038109901437e-7
0.0012612700171450732
0.00020292241816290637
8.083251311603106e-6
0.000011025824568502235
0.0007707891000022268
0.000026064411968386186
0.00007952902057323122
0.0016728578837576045
0.0017119857833424327
0.0049508218548225316
0.000012793962839463503
3.5892872629830625e-6
2.0262140669981414e-7
4.260257299808548e-8
-1.728128234709617e-8
1.4613746306118843e-8
4.909972594056591e-8
9.80084526279641e-8
1.6488507265506482e-7
2.639736171276848e-7
5.022029064218186e-7
6.700762154440698e-6
1.0403694053517227e-6
3.5843114905419645e-7
-4.4033251823137544e-9
1.4597234258655185e-8
4.366114930565498e-8
8.439573789283244e-8
1.441123046898671e-7
2.3246142662126798e-7
3.5595133660069505e-7
0.00001638458641799866
3.049296186784101e-7
1.6497091326475182e-7
6.7111519994674844e-9
2.615429542902346e-8
5.55495190286973e-8
9.207157601179873e-8
1.4173959105233845e-7
1.971519883921885e-7
0.000015364773962172052
1.7071529313721568e-6
5.357195346405123e-7
1.4388425209145674e-8
3.451731824884139e-8
4.868543633265065e-8
7.686056628520836e-8
1.2152326278153043e-7
0.00002817297026554109
-1.5800050690869932e-6
2.222874438378582e-7
4.87058774722576e-8
6.846437464051875e-8
1.3583898085616392e-7
1.9492528349160662e-7
0.000022977805799366066
-1.769353746947824e-6
1.0626414333356275e-7
6.961267089078065e-8
-5.811520529837804e-8
7.17002841300812e-8
0.0000789221517214206
-0.00003532791934218347
1.2304818620453493e-6
-2.9029899525270884e-7
1.6250252548927358e-7
0.0005535805290195209
0.00008234602868452619
1.7963842090120123e-6
4.8916615032215185e-6
0.0002983844472345675
0.00001400532325755548
0.000034311848411049426
0.0006681958690920514
0.0007337759646394537
0.0022360701097795454
8.137987583810847e-6
2.313990146860809e-6
1.3525986224458893e-7
9.651563430985296e-9
-1.2641905318223283e-8
9.129796119536121e-9
3.432304559635496e-8
6.832975740376038e-8
1.1320445543269845e-7
1.797203994051718e-7
3.1080783939939e-7
4.0373142802896594e-6
7.86998217897755e-7
1.5656591269339353e-7
-6.624249628431778e-9
9.252141113637195e-9
3.1398516832558074e-8
6.171600188241228e-8
1.037603033572395e-7
1.6370869866025844e-7
2.413315382608431e-7
8.107426236740793e-6
2.3561209865434504e-7
5.542679390645808e-8
5.093288034721559e-9
1.9660287545281024e-8
4.2553632292996366e-8
6.951352531794539e-8
1.0867915247579034e-7
1.4843203630585578e-7
7.259085770459971e-6
6.495207260610796e-7
2.3404319855110415e-7
9.099356576948573e-9
2.165644529724087e-8
3.4089992279677217e-8
5.578331990176865e-8
8.536059285213884e-8
9.769589049287237e-6
-5.597489877841937e-7
5.769103683015448e-8
2.537908603111316e-8
4.3790930450584506e-8
8.228377012216732e-8
1.247984615321205e-7
9.907119924332255e-6
-3.024524956621415e-7
-1.826706744839492e-8
3.891927281534316e-8
6.3549073152652715e-9
9.086429184033492e-8
0.000028475937418002957
-0.0000139107610329209
2.7616281775996697e-7
-1.317525532308782e-7
1.3541015137573652e-7
0.00022686865470200308
0.000031983385126585776
3.552157511346497e-7
2.016885081594383e-6
0.00012145570780359492
5.837240852506323e-6
0.000014029644501438042
0.0002848119333066839
0.0003048675463474208
0.0009333593464962001
5.1728247785007495e-6
1.50407244245332e-6
9.020781204600417e-8
5.194315834269928e-10
-9.148386940637919e-9
6.2006803175652095e-9
2.3875086563158793e-8
4.789175806993746e-8
7.768549874791601e-8
1.2100742207483246e-7
1.8847007649376518e-7
2.5124099800683556e-6
5.581248823193572e-7
7.895322928914394e-8
-5.815940027564314e-9
6.29616794988777e-9
2.2386749164290507e-8
4.491571493504189e-8
7.407518433337205e-8
1.150910052045636e-7
1.6182936543253e-7
4.057067580907635e-6
1.8043826834067259e-7
2.3208927282405175e-8
3.882699598422529e-9
1.492012732826046e-8
3.2810639918464456e-8
5.3088278398694016e-8
8.333448661631116e-8
1.104129098725816e-7
3.5379518585561033e-6
2.5551902960084883e-7
1.0724566641706457e-7
6.375731152677624e-9
1.4981406057002165e-8
2.4803444426148976e-8
4.051768643150265e-8
5.8051194993860216e-8
4.549138525073045e-6
-2.0905953840164056e-7
1.291151992069468e-8
1.6856173703323916e-8
3.239342393201815e-8
5.651297077509638e-8
8.260445594678565e-8
4.683017241319291e-6
-3.409814556628951e-8
-2.1383818354309114e-8
2.447651313284099e-8
2.0897263179377044e-8
6.096076721745798e-8
0.000011212843480393148
-5.120782615222545e-6
6.341246044387936e-8
-5.074150879717842e-8
7.198839195501816e-8
0.00009633031454078526
0.000012289280186940246
1.4795297181190943e-7
8.058432177786892e-7
0.00004809616000216137
2.0565450544032587e-6
5.207191577663565e-6
0.00011115088037170294
0.00011928065434060805
0.0003724027649917615
3.2791983791366726e-6
9.797337941832739e-7
6.101810454177492e-8
-2.618426923165758e-9
-6.53754541660796e-9
4.217749453415632e-9
1.6491269908249995e-8
3.331854417160352e-8
5.317213482071487e-8
8.09451792110564e-8
1.1422775277366609e-7
1.5959648390846335e-6
3.9596168700655904e-7
4.034570779927498e-8
-4.578275164042921e-9
4.3320047536123335e-9
1.5955121523849014e-8
3.253680266614413e-8
5.277242676250769e-8
8.09814823184283e-8
1.0830045573637227e-7
2.0612895994592745e-6
1.3981113715157938e-7
1.076092338874719e-8
2.89639555419757e-9
1.1397606308485297e-8
2.50525060684053e-8
4.0539417265951544e-8
6.351653943501767e-8
8.243443624684794e-8
1.7836507304688683e-6
1.1177847349573712e-7
4.911221756902765e-8
4.783342665071033e-9
1.1269601230875052e-8
1.8898599525928836e-8
3.0687027574836065e-8
4.162852256834215e-8
2.4291561304638487e-6
-9.047318769022416e-8
-1.4520170246382036e-9
1.2766999044703194e-8
2.428453934375973e-8
4.099206840376142e-8
5.688123486873343e-8
2.3696053262547843e-6
4.42115384184145e-8
-8.470937962229577e-9
1.632131908834561e-8
2.031627641511128e-8
3.9355603105970546e-8
4.745994918515453e-6
-1.6455828717949686e-6
4.650345232122591e-9
-1.550740576208859e-8
3.5632280390657446e-8
0.000040147623886043915
3.618320963820175e-6
5.5170167209614496e-8
3.092489812848648e-7
0.000019469858326346084
7.955518663964371e-7
1.8867824437657146e-6
0.000044618152135039184
0.00004776559805695653
0.00015043600877974879
2.0702351931098146e-6
6.380238297158629e-7
4.158715882226493e-8
-3.116203427301892e-9
-4.596136703626084e-9
2.864440193841775e-9
1.1295278208126392e-8
2.2984447607097044e-8
3.632893534313685e-8
5.470189409067341e-8
7.290198707351426e-8
1.039376864124192e-6
2.8498368872869497e-7
2.189162106205121e-8
-3.4071502216770346e-9
3.0279700254873784e-9
1.141472478289556e-8
2.3591524057960556e-8
3.7859949671152356e-8
5.772449437752598e-8
7.499527223565895e-8
1.0866053426798782e-6
1.1186564681719886e-7
6.066025704066036e-9
2.1826424236355298e-9
8.712827464469375e-9
1.9155297634895783e-8
3.100335781579611e-8
4.8400258675388423e-8
6.221284212765775e-8
9.627448155154157e-7
7.642123353006381e-8
2.27314006813754e-8
3.813584050672335e-9
9.031556883853964e-9
1.5145640360918502e-8
2.451465684501165e-8
3.2278284178027516e-8
1.358922191727974e-6
-2.2374992133748995e-8
-1.5692503871702292e-9
9.308046524390064e-9
1.7385416212934825e-8
2.8835376633252003e-8
3.885098215179932e-8
1.2491684933402417e-6
6.677019135157508e-8
-1.717824882428485e-9
1.1580136125590456e-8
1.7226622840570772e-8
2.7012388780883938e-8
2.0978022534245715e-6
-4.0079517128521293e-7
-4.318058012236561e-9
-1.681337096767218e-10
2.057085123827482e-8
0.00001639793296493021
7.739585981244732e-7
2.1669709603528463e-8
1.213901630891214e-7
8.028952910037693e-6
3.5439973194584016e-7
7.51394005772171e-7
0.000017201869382883772
0.000018266888329600815
0.00005867604689305712
1.3016539151939432e-6
4.13572703521839e-7
2.845235693481143e-8
-2.667874112628936e-9
-3.188096783340493e-9
1.941436410294019e-9
7.657753753216429e-9
1.5688093932252695e-8
2.465110327460639e-8
3.694056462497669e-8
4.772310784040165e-8
6.799814042197106e-7
2.0642182814732992e-7
1.2869081607537555e-8
-2.5202336375431753e-9
2.1279710053609807e-9
8.108650417389076e-9
1.6936337794709275e-8
2.699990025510565e-8
4.106680638109453e-8
5.255757615381165e-8
6.126040556857788e-7
8.304058769581183e-8
3.5620687988741943e-9
1.6462983564728439e-9
6.602439703197185e-9
1.452499912982269e-8
2.3504358549239888e-8
3.659778413534114e-8
4.685628658300027e-8
5.572809198081697e-7
5.785332149604929e-8
1.079614971852413e-8
3.086564741520518e-9
7.298003131192208e-9
1.2249218219810062e-8
1.9767541213555606e-8
2.5721286232931643e-8
7.902916168809424e-7
9.0110676708274e-9
-6.997393732573842e-10
6.8121642732862545e-9
1.2546796073916493e-8
2.072363886485012e-8
2.7564588439174354e-8
6.802735743088224e-7
6.243820417754915e-8
6.593265489033942e-10
8.433900683456835e-9
1.3627654248673501e-8
1.946294592929736e-8
9.754495338913103e-7
-1.444020921077709e-7
3.6961454776053994e-10
4.76372236709048e-9
1.3683107690534103e-8
6.599605657383486e-6
2.829160734147793e-7
1.0217278050538122e-8
4.9965333076514334e-8
3.4686617571572834e-6
1.211097373961961e-7
2.859892873578928e-7
6.343060206444015e-6
6.790307086162034e-6
0.000022844260145027973
8.179535434476051e-7
2.6788645798398363e-7
1.93489685385707e-8
-2.025748344600399e-9
-2.1731912299782327e-9
1.30303862706454e-9
5.1522586898498124e-9
1.0597671148998657e-8
1.6607522240629648e-8
2.483786988053907e-8
3.157748356175041e-8
4.507221658183095e-7
1.4851932709802604e-7
8.135409251481312e-9
-1.8325079114516874e-9
1.492204295111811e-9
5.747555931147401e-9
1.2077223870639945e-8
1.9196633389997403e-8
2.9170172029448627e-8
3.706951884298532e-8
3.7943836734803495e-7
6.102928856190447e-8
2.1195492320432125e-9
1.2252673110568575e-9
4.948617023645707e-9
1.0895717928069047e-8
1.7630537732914447e-8
2.740891625385446e-8
3.505650849720644e-8
3.271523644564378e-7
4.288105280050957e-8
5.415289748106398e-9
2.4306502668362706e-9
5.718333396385814e-9
9.608740806326584e-9
1.548763878219635e-8
2.009357584223055e-8
4.805840714044951e-7
1.963019518205562e-8
2.7066742969812895e-10
5.0776081342635366e-9
9.26534087596202e-9
1.530388337079277e-8
2.0287892393633073e-8
3.8493630382236606e-7
4.9954763595423816e-8
1.41560534360823e-9
6.240130283271483e-9
1.0538903173840522e-8
1.457965100914682e-8
4.923063055930776e-7
-5.427678259327098e-8
2.158194455946773e-9
5.904008811890681e-9
1.060333124066042e-8
3.056095026021106e-6
1.3238864912250387e-7
7.155787233521387e-9
2.3630096472747638e-8
1.553772359490527e-6
2.6101608006183154e-8
1.0668621855390641e-7
2.2530650143103855e-6
2.5233508449025943e-6
8.967840381062532e-6
5.141417424401795e-7
1.737127807170193e-7
1.2734365606405363e-8
-1.3455130123561016e-9
-1.456853638891643e-9
8.66141596345604e-10
3.4442302498365358e-9
7.091793327286915e-9
1.110921588398348e-8
1.6601656468600373e-8
2.095491203086532e-8
3.01307981448123e-7
9.981425672177795e-8
5.934248132856624e-9
-1.3037067437782628e-9
1.0421485591685277e-9
4.06091835362673e-9
8.552149256047977e-9
1.3592622842050238e-8
2.0638340908870335e-8
2.615093598281656e-8
2.3697013727734048e-7
4.4883710564804746e-8
1.3153400328883437e-9
8.742508132190517e-10
3.5358597436089997e-9
7.787956615388707e-9
1.2624790329542923e-8
1.9605857926990887e-8
2.5082427864715957e-8
2.0677668863278653e-7
3.337991680988162e-8
3.0602648338690696e-9
1.940541575910533e-9
4.546730382083926e-9
7.648427912791884e-9
1.231502078684054e-8
1.5982965810655248e-8
3.022691286434564e-7
2.0990336206488222e-8
7.706370476228112e-10
3.835995075580023e-9
6.952310706342297e-9
1.1499754062677726e-8
1.5247917870065955e-8
2.274191975417468e-7
3.959593666786003e-8
1.669096824654638e-9
4.689475467721843e-9
8.081515595998914e-9
1.1091056834748195e-8
2.6925324513913996e-7
-1.6507349150549557e-8
2.5563840334833094e-9
5.425268028023427e-9
8.375114554224939e-9
1.4533447939693143e-6
7.273834599034137e-8
5.733743099679631e-9
1.313776451464152e-8
7.487534955681976e-7
2.3533093671383503e-8
4.61585425749749e-8
9.312355585091891e-7
1.0374727550363625e-6
3.5642450479694853e-6
3.225217024328226e-7
1.118934719353785e-7
8.379213924838332e-9
-8.591253773095631e-10
-9.66276002517836e-10
5.706778375605711e-10
2.280481472452618e-9
4.700001255961136e-9
7.3627576920802825e-9
1.1006398244427092e-8
1.3864758769084798e-8
1.9970110112314559e-7
6.7593359570952e-8
4.40528609163328e-9
-9.1102303883108e-10
7.197866396837435e-10
2.8295007660767404e-9
5.970170575372204e-9
9.491335232295528e-9
1.4410678340631941e-8
1.8247362849409024e-8
1.5873360444946624e-7
3.308991292750749e-8
8.236387984027136e-10
6.301268677328847e-10
2.552070002014816e-9
5.621243146514947e-9
9.12725601141712e-9
1.4162570267712194e-8
1.8125747040086154e-8
1.375472077006608e-7
2.6210546598855338e-8
1.982282806216389e-9
1.5387706883600276e-9
3.5986846669292906e-9
6.05931748358708e-9
9.745910002249494e-9
1.265796459460272e-8
1.954778296365466e-7
1.9245499428723197e-8
8.763171567611731e-10
2.9276682497386138e-9
5.279672354329023e-9
8.756082157221047e-9
1.1625276169205318e-8
1.4198336661532032e-7
3.00705053846166e-8
1.5990955194177493e-9
3.564331425920294e-9
6.222247252950006e-9
8.514710577589911e-9
1.5326340022570613e-7
-3.782478528670789e-10
2.31158728055354e-9
4.50339157089943e-9
6.539219776199905e-9
7.381964923641812e-7
4.574049350295495e-8
4.712189101404492e-9
8.367511284003558e-9
3.78750359037372e-7
2.357027260709061e-8
2.2786577904437338e-8
4.0936775723644616e-7
4.371292038221882e-7
1.4036045315391689e-6