5.7521360416728
0.09679237582661637
0.28354372021516133
0.12653244271938813
-0.013265842894624699
0.009230948817564867
0.006776581541448334
0.0037781480152750623
0.0032199294168880578
0.003371774913321245
0.006832516954158465
0.006215322921831409
0.005702367968322835
9.766412013952433
-1.4392022245489686
0.8052138850738613
-0.1050172096592906
0.1008189854984674
0.0467721048775963
0.012954369581376732
0.012058180014533886
0.013679680203231686
0.0195876598983864
0.023542131405372146
0.019178656316466113
6.797531695218931
-4.324965593347333
0.003919218980289276
0.6209838607355271
0.12118980416026325
0.012025528190179732
0.002896183849732517
0.0023513233132308976
0.0028906719801686915
0.003471719066818488
0.0028269341292490504
11.975428122656938
-8.147251826909809
-0.4382929224351376
1.1792169602925315
0.2206291021770807
0.03841952117589141
0.00800504666201534
0.001953821047658629
0.0015321826562270696
0.0008049877971243746
15.798348571252168
-7.012100481967627
-3.8865687890493414
1.5676424529822408
0.8012320311555549
0.13669140710684324
0.013821168198368601
0.0012402854187961432
-7.417314177913283e-7
16.245658781360866
-4.66174063804306
-7.182930901105452
0.4981130508434249
1.4840879401764377
0.4834639884423962
0.0920238534306362
0.027172558996762124
13.648697538303416
0.7345568073628926
-6.840566125170621
-2.0080474927250225
0.8087930775221334
0.8977016507186417
0.5076424383106494
11.16790126852822
-0.14644815163994587
-5.455178480538853
-2.7862157492718396
-0.0698481266845386
0.5420394524259158
9.594101833692573
2.213659219450363
-3.017733970130597
-3.181829701172396
-1.5372107874186172
7.733497776788475
1.352707254169997
-1.772508241668086
-2.4724572319046016
5.747033437622668
1.6962546260553608
-0.14522553423443557
3.1160977741582805
1.936481554207154
2.2396782567311027
3.1066491038409887
0.6463662404625702
0.24274592267684392
0.07665516857453851
-0.01072000506517378
0.008646728629559832
0.0037123580560217734
0.0025829872908498994
0.0023664558059431216
0.002538642277489329
0.004687042935634266
0.004779810458503793
0.004087298887590234
7.073912845031643
-0.26402265198189656
0.5124882960566336
-0.09553171374063361
0.07883434343645926
0.021985899432710315
0.008228417188262463
0.008847690638416469
0.010318047708516475
0.01354485583935169
0.017872197786490105
0.013862094531596557
4.6958280050173755
-2.8753576427841665
0.24303837975120887
0.34210829578952057
0.04065763981251021
0.004395609024817588
0.0019292090476324835
0.0017660047097264409
0.0022764054743514197
0.002783736974497992
0.0021535517560958167
8.491262729919923
-6.430940150134074
0.8297090189779173
0.49920694293141343
0.08072212677077019
0.013621886102981038
0.002136835282294063
0.0008433103342670578
0.0009183591249943732
0.000541190174713275
12.244076853964783
-7.114306053199025
-1.2049749869106259
1.4530180770399026
0.2642078965306026
0.02431056533724162
0.0011818576009831687
-0.0002323564115584144
-0.00017053221442629173
14.852607112387016
-6.585690642734911
-4.714269891471659
1.563877211774463
0.7756947683614216
0.08307971254623718
0.009482788427330097
0.0030600133942229554
13.602805167883274
-1.5190429988628873
-5.766539064604773
0.2128133445652679
1.2152291318414872
0.4202159728394534
0.15335700906288566
11.667833773546544
-2.281398504795033
-6.063648223593482
-0.8640259023372688
0.8396746822181764
0.7205425308572476
10.527638620230354
1.4662073081301223
-4.817039293557268
-2.4703586991066944
-0.5055026047086553
8.681390786858286
0.9049931789861605
-2.94454745073523
-2.5583737925925902
6.367643829929119
1.4708988002983847
-0.9617094294028992
3.35733749494095
1.8911150036718398
2.3637689872980356
1.6660291849941653
0.6916030919574081
0.15781346818803238
0.04686246255595599
-0.007186060976842928
0.006133402047971225
0.002094041638447339
0.0015869451785931461
0.0014766237917994134
0.0016671193488175687
0.002862992953838572
0.003054871882316366
0.0025583790496366203
4.807214027827029
0.1520335182714475
0.325670468223148
-0.06303302056767575
0.04978642198499694
0.011058328630699901
0.004885525560996957
0.005289697454003033
0.006415248303873337
0.008189906640175439
0.01139569842293765
0.008479374659566512
2.8514950727761934
-1.5763136642838809
0.2297005116059316
0.18074451216235005
0.015217843283130394
0.0020287102691976125
0.0011509853042066353
0.0011473102157991972
0.0014775388791964498
0.0017124943140405934
0.0014196032032569317
5.625633523031333
-4.4645440530880185
0.8816690467711743
0.2054458784645662
0.0350505091423586
0.004904101883872895
0.0007578998787681025
0.00043606850777298334
0.0005515933777063311
0.0003714868574591166
8.521654154871625
-5.954534560585912
0.23559317775439942
0.8412389865508518
0.08467723016044831
0.004190964212420545
-0.00020691624031325592
-0.00007371246322451922
-0.00004808495946542671
12.280772517214487
-6.939125553032408
-1.999494129367478
1.1977863724825368
0.21380236608409572
0.012821397914902435
0.0019216063935448328
0.0010238290662844718
12.572099760855853
-3.4140248340264843
-3.2489345269321235
1.402047472644514
0.5649302335724236
0.10632952787485832
0.03165606124111585
11.143239177176511
-4.234550305338676
-4.977937874176484
0.7804459901799801
0.8672565342832609
0.3956424378489386
11.257351346323867
-0.15160877276318066
-5.450473961014147
-0.9738458936158155
0.43053682105680746
9.556079280133249
-0.1837611240828455
-3.647549749775608
-1.951787252092692
6.876393980565024
0.9465448008310775
-1.746804324556234
3.4410550493020065
1.64052681100142
2.32928784222618
0.8791012559211616
0.5147438043243041
0.09320696302538359
0.029086476468563705
-0.004053245974014896
0.0032296029270908037
0.0010208570698888807
0.0008693660103366545
0.0007478491312789809
0.0008566901821823201
0.001557537921373448
0.0016984789530173551
0.0013089787744065314
2.9918194137023684
0.2647329058697702
0.21131362491230565
-0.03559943429216864
0.025314787477581313
0.005335370091357599
0.0027227804815269005
0.002666913367488603
0.003328064166466281
0.004476795364289446
0.00623981014885731
0.004463863123788239
1.8012332977237435
-0.7442635416123128
0.13772768485371154
0.08683815686236729
0.006111414822359616
0.0010560708680972487
0.000642049519595461
0.0006228348370802425
0.0008078967740002597
0.0008334703426092113
0.0007662419828826144
3.514987889894974
-2.7286912816513853
0.5704325427916788
0.08644418942077965
0.015879380495938053
0.0019126619450734999
0.0003448184629140408
0.0002997158303348589
0.00034072107926963675
0.00023866084651937177
5.4154538427027905
-4.279992286102477
0.5965533710804494
0.3747661938100109
0.026359107511761595
0.0006006950188457174
-0.000257305944820268
0.00006247676624177855
-0.0000187360960777389
9.094067167089532
-5.84098507744064
-0.3201803077863887
0.5755968667927862
0.04221103773983159
0.0035108259536325024
0.0006044186807839569
0.000562943564055186
10.601615558625939
-4.19992248943587
-0.8085290514201305
1.1483373537334356
0.178770242712921
0.02433834217317908
0.006209402441335177
9.478809223272219
-5.280636633184843
-2.855956614482346
1.2138236109175362
0.44185175083048356
0.13408734773195796
11.422512456391603
-2.1570066144167837
-4.427648349295135
0.3228713525610102
0.63330208774451
9.962430454883986
-1.8204171602425931
-3.560532499163753
-1.0264928677507554
7.260909795903185
0.38701533391170606
-1.8820980442741695
3.2719161046066696
1.2019884750726213
2.0683064564479827
0.4518547502269153
0.3100282090007022
0.051270430805064986
0.0178528107378791
-0.001671437207985238
0.0013675963529346982
0.00044334141668391565
0.0004488685661655106
0.0003345103713172982
0.00038538714209573394
0.0008164127997864226
0.00080409301177279
0.0006049156417997737
1.6692509230361192
0.22616322367747124
0.13444137829216846
-0.015375987830368424
0.010684131530008596
0.00231691618207876
0.0014007155493699793
0.001088557151030501
0.001412311194362854
0.0024269348030344375
0.002777935961404748
0.0019399471808687959
1.3050908674791935
-0.28071618148537036
0.07643718516431057
0.03675861876931672
0.002706995623311135
0.000496999851913837
0.00032378961225950644
0.0003113341720466596
0.00036404925796611296
0.0003373248503673642
0.00033919136291185457
2.1245703524530355
-1.4824293027443114
0.2728192651586107
0.037204891665391114
0.0074679568488642805
0.0009508907063884287
0.00020838784613042862
0.00025240484378419726
0.0002473401164300694
0.00016901087400598402
3.2052441672766547
-2.7344275188680536
0.46521842158211757
0.15835816244823536
0.008850738224631565
-0.00003277746166842024
-0.0001209092042260999
0.00010398146946137562
-0.000016552758349927024
6.018024229342554
-4.144193444776029
0.318584347448808
0.2260264918268954
0.008562178219262107
0.0014385601780019658
0.00009349499402522114
0.00029661839603549467
8.069183774152298
-3.793491376478806
0.3676005981456945
0.576100513902184
0.05440533751581399
0.006118448095009632
0.0014129981167363584
7.171221583192277
-5.1198726514668955
-0.9580895627047105
0.8689260626590296
0.12524872445091237
0.02933192446092782
10.609109887254796
-3.704751677970436
-2.2307870264439003
0.8419751573020318
0.4667648659124168
9.450834697503645
-3.21989491797723
-2.6701453429685147
-0.30009155171936697
7.363357586247697
-0.20592776085018755
-1.615031876550596
2.842957607207777
0.69624820022746
1.6063221187540682
0.22257712776591174
0.17446095134572698
0.027069229952838145
0.010624098029473063
-0.00020593761843676833
0.0006162439033340066
0.00017893826346471466
0.0002208250394143852
0.00013567375358089316
0.00015387604009287905
0.0004062506134751352
0.00033963152265438333
0.00025415714959258336
0.8953736771918248
0.16563304833864168
0.08032435156479505
-0.003496592346798359
0.004680630477840312
0.000987610483101676
0.000703257541167321
0.00037568970631283565
0.0005129549116021063
0.0012062603423815632
0.001064819574603027
0.0007217646555969115
1.2527034434228084
-0.07280979109599355
0.054482317231134975
0.016137249113324512
0.0015133344987559541
0.00014460008704894695
0.00013445207649428814
0.00013526026710580403
0.00011854994016595418
0.00009758472894132557
9.911050393791088e-6
1.2895780394538923
-0.6923924977528962
0.12701653310404273
0.01692826604577112
0.00340335320722908
0.0005085248436057308
0.00014403973447517897
0.0002070879910749912
0.00019416113377513283
0.00010017879363267722
1.8046162373422028
-1.552685622804399
0.26619088288908155
0.06617816560110161
0.003049278556304341
-0.00004744132988030254
0.000021089316056273483
0.00011461547613051578
-1.6015275206225962e-6
3.6170993998950216
-2.567417815632004
0.3911430606483996
0.08540827757359465
0.0026532061789877803
0.0007065948605255095
3.6571416442829827e-6
0.00017001987116893518
5.518582289940665
-2.784162536229889
0.5274125461161467
0.24512129349473163
0.01612192810866411
0.0021964845688046642
0.0005110667827026721
4.897747887066775
-4.116774444232513
0.15174262997336407
0.3474433829714739
0.02805765869405688
0.00607339674885806
8.816924562180972
-4.18229122576252
-0.3309841098518465
0.6708389014652778
0.24339929882437736
7.977650002964745
-3.7628641009348374
-1.5071255876373435
0.04850775972633177
6.973547339405794
-0.8412971513621801
-1.2066666345534598
2.2977985979535
0.3620120947905544
1.1597364047481957
0.10528926474675407
0.09077092497854203
0.013832349240166197
0.005925284052061435
0.0003216186721685095
0.0002955339658945949
0.00007868494478146315
0.00010384021629182654
0.0000596427705249183
0.00006114104559941017
0.00021734646671889383
0.00015249652230492377
0.00010808882732128047
0.45885657895662996
0.1086574967659393
0.043120238997608126
0.0010151350454352145
0.0021214783028266604
0.00042659948585520297
0.0003468256370950577
0.00011530485802773727
0.00017052630453464314
0.0006100023835031988
0.00045088446218881714
0.00024245970304782478
1.220214869658782
-0.01984909129148163
0.038439969620351615
0.007446458394518648
0.0009497527904009538
-0.000025835479979634023
0.00005722534254161713
0.00004275584931962025
0.00003065734278227341
0.000024897128567888007
-0.00014658032002477209
0.7981541089908853
-0.2476984436319797
0.06370000512576027
0.007980886382669344
0.0014841652051123591
0.0003137196546901495
0.00010357891649851666
0.00016932362977419558
0.00015706837733477506
0.00007786076998683826
1.0005188521728912
-0.7743241380750304
0.1335024839875133
0.02722373562833666
0.0011793040995713901
0.000024569330629397573
0.0001018809844782756
0.00011464073701669717
0.00003444259993992182
2.0322570641365503
-1.4286041023975256
0.2793194336416759
0.03362694841887048
0.0011597474688982863
0.00044534774363418533
-8.006848264018434e-6
0.00010799918176213348
3.406160012652079
-1.7470298040930914
0.35176137194001417
0.10116601124957228
0.0057773990873776545
0.0010176115508151462
0.00027544475798625527
3.088604832082602
-2.881381120732852
0.49267012146947436
0.10590273355724625
0.0071349106267569115
0.0014892319963043575
6.508117063301403
-3.5700846155093413
0.5588273349961717
0.34449737229922195
0.09732628490378203
5.9362517534926305
-3.5194402030468437
-0.6433663469425146
0.14993498013770357
6.113424827355868
-1.2133287987502877
-0.8224077980961951
1.7433502196930895
0.21271901208941443
0.796614575423572
0.05140244760446396
0.04418894184578218
0.007705716709568524
0.0030912477359001053
0.0003405434463232767
0.00013870876177573285
0.00003812306318843614
0.00005018382857175623
0.000027022487094134904
0.00002626143675137881
0.00012592746371331036
0.0000728941676814882
0.00005591652467651542
0.22344043591377932
0.06604779406143417
0.02199230582834296
0.001700817626318225
0.0009605094499311711
0.000170942425101189
0.00016738353913890318
0.000027022516254815264
0.0000496476753895267
0.00030954865536736523
0.00017762689564357922
0.00007135272136150852
0.9408520916698941
-0.007411407303330564
0.02310460902243463
0.003539712114308355
0.000586599050274331
-0.0000554934890345431
0.000041726147929240905
0.000015095119478010612
0.00003760071610609148
0.000026216456222390857
-0.00011168840338195408
0.4829058440728538
-0.05428022458669417
0.034216857207838736
0.003916387541867353
0.0006494638862373885
0.00021157584218873033
0.00007274276811639841
0.00012338253678100875
0.00012805029764021922
0.00007146079961507948
0.5454947726891097
-0.3297655040369946
0.06373825985964048
0.011160905096758617
0.0005492422307576098
0.00006990685851852278
0.00012358620960425205
0.00011326563262757333
0.00006559690899224626
1.102077621270633
-0.7226142290122994
0.16182830532521209
0.013850797044017997
0.0006368399022139827
0.00033494749528555583
0.00004626941499205761
0.0001104035648010535
1.9063437168781132
-0.9825151400265046
0.17986215558246751
0.042684857070560814
0.0026051830822582662
0.0005417708160407738
0.00021522244097633568
1.85107038245425
-1.7779568075852383
0.44903045967602134
0.03494526778927437
0.002583798615448281
0.0005257086464574598
4.246816034282364
-2.484109238776875
0.6040045413452735
0.14586308559892064
0.035839376827191106
3.8949254797916852
-2.7554504416615355
-0.1412273072776918
0.15151763118075678
4.982409962666346
-1.178462739390658
-0.5567852234702116
1.3516053899568554
0.27132051240415705
0.6427137304537969
0.024867118924716616
0.0193989245058828
0.0039059924244790323
0.0014777768267824362
0.0002066980118515178
0.00006551197525807034
0.000020425739361488827
0.00002205567256960373
0.000013795365511206028
0.000013045964137514525
0.00007090432158276337
0.00003237077541926089
0.000040170115202045274
0.09934887794865103
0.03547326322053103
0.010464115863691743
0.0011460291594942048
0.0004607402727840973
0.0000819633347017097
0.00007133772024416123
0.000019313407917612567
0.000030631742147948475
0.00014749258478901104
0.00007571462605622024
0.00005577275124077716
0.6179960049692341
-0.00451097956513609
0.013625483598393705
0.001756447993592741
0.0003379138354339786
-0.00004283243670149055
0.000030582617945004783
6.773632989373061e-6
0.000045893863640948086
0.00002368745691995232
-0.00006180351668828937
0.27409771039309244
0.003865729738523546
0.018691480704001055
0.0018946922972868552
0.00029337781330248845
0.00013480718739774942
0.00004888266320262805
0.00007701008032973495
0.0000914481041592327
0.00005892291868390055
0.28656728647854524
-0.11272011524511338
0.028849116432586155
0.004533916295420926
0.0002885051777106931
0.00007042861179915714
0.00008460913857999557
0.00009285464869361325
0.00006799335447689797
0.5819633647944098
-0.33576287748628575
0.08143686324433148
0.005783001162321154
0.0003803852725758872
0.00020785151745187594
0.00007258025421120872
0.00011427917203463149
0.9761638812424438
-0.5011013468554282
0.08087811079093526
0.017497209187161106
0.0012521898144562844
0.0003146283031813124
0.00017095696445510743
1.0586754431404348
-0.9728390191498303
0.2932850769439767
0.013530591560158428
0.0011717072734310685
0.0002398775420644536
2.501488284610676
-1.4674558698087923
0.36681213931766
0.05603020047790572
0.013081133443119286
2.2955604792360202
-1.8520214883247172
0.034342884153735175
0.10894764930416252
3.778611586126353
-0.8367037640388381
-0.31116002841948726
1.0546735895677135
0.34063163027466664
0.5313562478924752
0.011274878993546041
0.007604036057970798
0.0018673268544791288
0.0006571166297320987
0.00012443308526195997
0.00003018074185546938
0.000010413481232000994
8.872659893209502e-6
8.221127389624323e-6
8.529587358482756e-6
0.00003828796267712656
0.000011064565181489304
0.000023004258584658313
0.04038879267711772
0.018572218880113477
0.004764164615895563
0.0007436080390817165
0.00021363232129446074
0.00003720485818046032
0.00002735388682626706
0.00001439163265501915
0.000019668158853912465
0.00006238067698456993
0.000032148372791222104
0.000040147589153080305
0.3423719888913166
-0.0007929936280631032
0.006604284775695452
0.0008472924191049147
0.00017352100048971753
-0.000024383402106709244
0.000021489885857741908
4.899628889018289e-6
0.00003707938060331461
0.00002080192348734272
-0.00002177698331257885
0.150006877980525
0.0111839103404314
0.009613286068156023
0.000870257447863223
0.00013126876394205402
0.00008007248091382626
0.000030435878155795096
0.000041254304778434215
0.00006245325940701824
0.0000436048035165192
0.14033691062614492
-0.02831480314017561
0.012191162474096936
0.0017832998623383866
0.00014621351924137653
0.00004380186994208034
0.00004763330527529684
0.00005950174090040555
0.000046174007044242694
0.2949355163042709
-0.14549979071067556
0.03687941671191337
0.0024211259925199747
0.00021331364563060456
0.0001102146222076485
0.00006030641673830816
0.00009208158875240875
0.4629781292516879
-0.2307412744338509
0.03360122039226077
0.007056886503396982
0.0006183301747356263
0.00019058845458153143
0.00012167515295583446
0.5826234097495622
-0.47987267372193854
0.15624237269856292
0.005771181146295347
0.000580161540659755
0.00011733293166907448
1.3443424796216674
-0.7570039821450337
0.17415415556616487
0.021154203984717554
0.004798276216019233
1.2642830485691408
-1.0840926620336628
0.06300477548485658
0.06330258321189208
2.6738974891500344
-0.40785541894643473
-0.11664401347335687
0.7753483171581148
0.3041003892286571
0.38868431843837414
0.005400511586399631
0.003008317694316555
0.000856962059898026
0.00028715325776849747
0.0000711935986133261
0.000013463856619188336
5.459439886626972e-6
4.3837391627056035e-6
5.286174713316737e-6
5.715833957875525e-6
0.0000211160631155375
7.700758449544345e-6
0.000017512366746536248
0.016447567445508023
0.009048001701617316
0.002092807938589605
0.00043906859883020914
0.00009455401931248746
0.000017275399737243628
0.000011371506304580585
0.000010149024367005632
0.00001156807449447968
0.000028513709456316204
0.00002196084841078605
0.000027352080121659648
0.1740539113021746
0.0008599152774608996
0.003166378674232221
0.00039148800264116935
0.00008186078099497813
-0.000013348930089276065
0.00001407927053573261
2.669622280513322e-6
0.000025132000464805954
0.000016965781379958598
-5.424312012794997e-6
0.07962535292770394
0.006743826556045271
0.004685864374359467
0.0003691162699180697
0.00005631649860062853
0.000043365231234598705
0.000019276550576146943
0.00002188107643911167
0.00003895916788601346
0.00002848792358248882
0.06898917112129817
-0.003158202258117599
0.004846308291463322
0.0006638828571769979
0.00006643004164529301
0.000021035508352497346
0.00002827461110827987
0.000034174029146101306
0.000026517217033724858
0.14275515712663855
-0.06005142196435654
0.014974544830940822
0.0009764189654800791
0.00010934394049272378
0.00005319604323831274
0.000041634151543325734
0.00005909416707767597
0.20550246491293023
-0.0954611968691799
0.013357683152581172
0.002680668608127959
0.0003031784267154349
0.00010863046165614335
0.000073054964469661
0.3066340309037564
-0.2145576636813457
0.07313125395291732
0.0025577231939463373
0.00027341674027063056
0.000041789535748321604
0.6585045398547843
-0.3493895655451245
0.073902262361266
0.00823754321364655
0.0018614929280187697
0.6879676010374096
-0.5258891562550732
0.04538750445428937
0.031953366307644504
1.7177124066226526
-0.12978752073818273
-0.019334123094768983
0.5325581342271594
0.22317747013153644
0.2538546462200393
0.0025612498010369232
0.0011729475115742501
0.0003283412999915478
0.00011955072008822367
0.00003795589758981558
5.339783588646755e-6
2.5941628671205317e-6
2.146086343428913e-6
3.1303360468042265e-6
3.1001743492386096e-6
0.000010264347748596783
5.557272312302956e-6
7.91374413593087e-6
0.006484267000492825
0.0035457800744716217
0.0008572604471682271
0.00023288530239887613
0.00003893741244826094
7.581696621911314e-6
4.343217312959494e-6
6.042548153494812e-6
6.196450755425836e-6
0.000011854601870030574
0.000014242626624380682
0.00001581096498034198
0.07844546507494801
0.0007518716769608732
0.0014188543750247495
0.00017776882966020227
0.00003569245631352617
-6.742493506036998e-6
7.795610639390306e-6
1.6126061808802055e-6
0.00001468384205217679
0.000011290664469827516
2.897610389074725e-6
0.04123249549107191
0.0032515685113818135
0.002196454073377333
0.00015526992859814045
0.000024133044137519588
0.0000230778379481683
0.000012674361903558253
0.000012888602619871866
0.000023536082594319428
0.000018959308803597194
0.03247981321660485
0.00214105312194949
0.001823593412225973
0.00024096859747943655
0.000029606967590385504
8.210495843554801e-6
0.000016332706159281164
0.000018175973080286014
0.0000142142417095425
0.06731857668557717
-0.02320640295035859
0.005843577063857069
0.00039237286601183266
0.000051551990895187824
0.000028786634263797044
0.000025990114186730912
0.000030325861079868008
0.08660632659129837
-0.0370152487308114
0.00498305137310882
0.0010078529189957866
0.0001414867727533742
0.00005652129551157044
0.00003254141768079702
0.15387706621254635
-0.08606011982915979
0.03076283847664409
0.0010855182902354452
0.00010541243775282494
-6.488079461847081e-6
0.30153635544340407
-0.14284134605046495
0.0310100549065564
0.0031720379553866604
0.0007205196046679302
0.3844821861243666
-0.21276344120568733
0.022072594547477127
0.014075325436128994
0.9892971575648609
-0.01649019951474779
0.010605107679892343
0.3260622466881476
0.14201294208793233
0.16296704695982123
0.001258337605982974
0.00047532847666216835
0.00010696554498001338
0.00004076459743236232
0.0000200360087123064
2.1170218712596377e-6
1.1796827798087992e-6
1.210349023238808e-6
1.9314066223959383e-6
1.8497907478602167e-6
5.353584171710775e-6
5.389245103727582e-6
5.216488087788639e-6
0.0026078187180154254
0.001167970859235631
0.00029046769173375636
0.00012029697535019587
0.000016156987809080158
3.282579557293662e-6
1.8153538967638756e-6
3.1628423863571174e-6
3.1792700634282735e-6
5.989897090547687e-6
8.249513958729537e-6
7.00430108551169e-6
0.03175237005306348
0.0006137821718731812
0.0005795965973321239
0.00007593871965046959
0.000014222997098543025
-2.5931351043780745e-6
3.3605314833970224e-6
1.629183615782956e-6
7.813677785932995e-6
6.9008322976446164e-6
4.8455166732989605e-6
0.020470002322839867
0.0014588269870629462
0.001050740181850277
0.0000624266426921905
0.000010237214139634653
0.000012120995634208432
7.877005218285523e-6
7.210214370292979e-6
0.000013480443839490066
0.000011860881228186153
0.01587564202727719
0.002442724398439229
0.0007023970438040329
0.00008587524917631565
0.00001402540097046929
2.9533607686647662e-6
9.502980647921201e-6
0.000010228126904717448
8.489614071613973e-6
0.0331904602431039
-0.009238326093095755
0.002186778199228011
0.00016577823646529873
0.00002271093702148601
0.000016015717394352167
0.000016635829490936448
0.000014748703848385957
0.03728621619299838
-0.014204453441004083
0.001800012907122898
0.0003885959458241384
0.00006406551322171968
0.00002707514054470281
0.00001352563994485573
0.0741886836428683
-0.03257588805789137
0.012339532580651551
0.00044222863576925584
0.0000344828730948045
-0.000015954830486582902
0.13504910372256704
-0.05078769738392119
0.012788579149796616
0.0011522389545871063
0.00028484973188830647
0.2170673986546681
-0.07644073242072702
0.008029419311166262
0.005388178571084286
0.5135713839042604
0.012600037646447052
0.013315428688907676
0.18894609375376598
0.09543053815895118
0.12462678289477935
0.000652366380385288
0.0002397876997953116
0.00003332446167709299
0.000010611559075257354
8.83192075276847e-6
8.863447774899603e-7
5.655091136098422e-7
6.896006379816003e-7
1.2130449168742699e-6
1.2588295159494097e-6
2.9307842837570474e-6
5.155076440021906e-6
5.403521453982449e-6
0.0011655648005120937
0.0003281813594434468
0.00007742365704477198
0.000053072734405639414
6.872250063102579e-6
1.4408232200511233e-6
8.72775410271856e-7
1.52947945329803e-6
1.7198109400749234e-6
3.320938482853066e-6
4.804186567055863e-6
3.2235677290664253e-6
0.013410539643244818
0.00038084193387547254
0.0002396995161466108
0.000032391264170563275
5.5938858586868676e-6
-5.433737280987267e-7
1.8118249126416816e-6
1.7605563214141498e-6
4.596025044641005e-6
4.835572141444645e-6
5.149264097195686e-6
0.008993073956866967
0.00043043608849428755
0.00048353738355489957
0.000025079169498762592
4.200511882355925e-6
5.784216221015283e-6
4.1740093038786685e-6
3.745031601397588e-6
6.497716495250611e-6
5.921520333450755e-6
0.007509435525716475
0.002034768084975107
0.00028838609147871307
0.000032779316358086536
6.866066012070081e-6
1.3708450953041222e-6
5.099239660814953e-6
5.84562736016675e-6
5.608534447983746e-6
0.015801610821135924
-0.0036837943382526275
0.000883679435738185
0.0000728361133384526
0.000010076260622263255
9.5156990145401e-6
0.000010686953448896902
7.733623265682778e-6
0.016268749476022852
-0.0056845441455403755
0.0007475773533005451
0.00015823662007861676
0.00002642607475493139
0.00001135700348030457
3.2043781728327187e-6
0.036218902672303
-0.012165718322902258
0.004977073631490396
0.00017491965452779443
8.240951335065828e-6
-0.000014437251272462944
0.06544444181096357
-0.015149999708096069
0.005314981092486073
0.00043929417018156774
0.00014763105700324507
0.11938592269022767
-0.02690987028903623
0.0024933327609558587
0.001985289384929639
0.24872753753004806
0.013980386207482922
0.010289271401322015
0.10748474576168646
0.06713109066668073
0.09303555222632343
0.0003422924571089629
0.00012308358158600642
0.000010809366721637782
3.0624717774359064e-6
3.6054160672196235e-6
3.30468142323185e-7
2.8408270397167093e-7
4.272200411513822e-7
7.943798713071814e-7
9.136528686394334e-7
1.9788282304398936e-6
3.824696043338222e-6
4.1446703343064155e-6
0.0005280431046066319
0.00010199132302316385
0.00002368334113593127
0.000022356091764825648
2.5451310664011987e-6
6.796043457476409e-7
5.064834138998e-7
7.662683497724745e-7
1.0981060648437468e-6
2.0300331519643797e-6
2.8070726864489393e-6
1.625312773799788e-6
0.005919242890417945
0.00019642260024773612
0.00010864655492683383
0.000012089038135246094
2.232290824355726e-6
-7.827696730991844e-9
9.617755088563704e-7
1.3483531486290174e-6
2.8487072945729084e-6
3.1762182241115193e-6
3.6558145966598452e-6
0.004090990085088642
0.0001245055118644162
0.00019386803799352056
9.459074106672654e-6
1.7944837288207525e-6
2.9668181509204983e-6
2.4884717937548614e-6
2.485185764000823e-6
3.6838381541415916e-6
3.3736132489012583e-6
0.003108565064923346
0.0009368906669308751
0.00011664027693992422
0.000011778187794618765
3.2926037562446884e-6
6.364494888061085e-7
2.2250035517889567e-6
2.8501536927991417e-6
3.17749969478643e-6
0.006798267642677523
-0.0014364569726800515
0.00030422388378747723
0.0000306794522768722
4.685061678451473e-6
5.198649436641679e-6
6.351284516139456e-6
4.532903641764457e-6
0.0074132048292764015
-0.0022864342362852587
0.00029815863071344173
0.00007043731776018389
0.00001046251917723657
2.7930272568095483e-6
-8.983109962366947e-7
0.017882297763356505
-0.004606300717717499
0.0020610959775356073
0.00006986812105581311
-1.1723796015881481e-6
-9.064630028333913e-6
0.035600212646370824
-0.00422657560169628
0.002288455825032519
0.0001841476730399809
0.00009602579359406579
0.06399851531726153
-0.009793592263827955
0.0007381648256104743
0.000791893964105387
0.11877973898378881
0.009782362406332689
0.006695806968281666
0.06142649169261418
0.04558692226195224
0.06685392260040311
0.00018365179589060075
0.00006535639553229174
4.7546872438711005e-6
1.5629153387126669e-6
1.5845816880923256e-6
1.0104882387997689e-7
1.4806712173845506e-7
2.752857906740184e-7
5.253010639981981e-7
6.651591760405839e-7
1.404077127267932e-6
2.548598315908802e-6
3.1627124940144153e-6
0.00024790064509485607
0.00003932171852747217
0.000011973914968855053
0.00001004477674739494
9.145205673255511e-7
3.314089996715653e-7
3.166128244925853e-7
4.0302712149676525e-7
7.279960723991681e-7
1.2679743034130775e-6
1.5967110226629541e-6
9.521397635623473e-7
0.0023081439734928496
0.00009787777696055775
0.00004610314054996847
4.257294430345608e-6
8.515685358903122e-7
1.0305420263958319e-7
4.847756507419873e-7
8.487155642187514e-7
1.5657374161876893e-6
1.8699333968913005e-6
2.1634323751559253e-6
0.0020824096966191355
0.00003488031673616181
0.00007467538555417971
3.5632743512575155e-6
8.780992571369343e-7
1.5737416986783687e-6
1.5597165081590826e-6
1.6398235111488982e-6
2.302647750425805e-6
1.9581924153111604e-6
0.0012780922076836708
0.0003152011118421962
0.00004546595034729753
3.7558966271199e-6
1.4830902254935412e-6
4.2938813826766594e-7
1.0655400224002105e-6
1.5177817407549102e-6
1.9142488150883476e-6
0.0026830246579350693
-0.000538977476508677
0.00009121210187152714
0.000012114756825002912
2.0285081761945158e-6
2.5291867257019014e-6
3.2995199543532768e-6
2.7642520654303465e-6
0.003027393537807685
-0.0007833116363730356
0.00012029824472077519
0.00002979091312486859
3.12710011004521e-6
-1.1845339016470545e-6
-2.2274864266784407e-6
0.00805664373440541
-0.0017245542863421745
0.0008142460778928683
0.000025420738209612932
-4.31720560230083e-6
-5.9426424734289314e-6
0.019150377174280687
-0.0008190327409139601
0.0010237427437202935
0.00009066114325638651
0.00006841043336904661
0.03340553584658645
-0.00374102231141409
0.0002334848616628153
0.0003503951336961573
0.056075520617057915
0.006185536796624927
0.004255266013581354
0.03590532314804058
0.029632767569680748
0.04611422787319079
0.00010468992554837764
0.00003567481684013048
2.6060559614492e-6
6.551036112512811e-7
5.49785951262883e-7
2.0193947312362175e-8
8.685686360624193e-8
1.790628439634271e-7
3.5290807713418e-7
4.828060917405902e-7
1.01705346653422e-6
1.5217272341469667e-6
2.1227925036755743e-6
0.00011897159164537567
0.00002003474484414579
5.384851976855174e-6
3.654582021055586e-6
3.4389817841153706e-7
1.7224889622160922e-7
2.0229346933804966e-7
2.72809299321167e-7
5.038721834561145e-7
8.073324977645933e-7
1.0139075392455662e-6
8.124024626625118e-7
0.0009678701870991568
0.00004352937278208489
0.00001843881762257279
1.4976080377266133e-6
3.639056958039274e-7
1.109463822631522e-7
2.8196630228537976e-7
5.251662008785339e-7
8.889159771691912e-7
1.129553292267592e-6
1.3459763309525034e-6
0.0009152838659665179
0.000010080492362426847
0.00002917116963650407
1.5788123227151716e-6
4.085897845101528e-7
7.554938035240598e-7
8.673845690831864e-7
9.892099955641093e-7
1.3195041237546234e-6
1.0687648892510807e-6
0.0005329682572571062
0.00010237818898210145
0.000021078985648980362
1.2125850712741081e-6
7.073367989881001e-7
3.0210702763248984e-7
5.110164341869683e-7
7.686627162722105e-7
1.017170009259129e-6
0.001144125645071119
-0.00021398473340904784
0.000027723877678480856
4.9123104370063045e-6
9.30269213345283e-7
1.2427113093177894e-6
1.8903603094882235e-6
1.965329695664227e-6
0.0012182395939212283
-0.00025433335359430263
0.00003779657318741505
0.000011458847474597568
4.3339036305407335e-7
-2.000415653454958e-6
-2.2469599883911305e-6
0.003235688227980945
-0.0005380859185347681
0.00027434683649152835
5.701615400651901e-6
-5.4478262378094306e-6
-4.60453204954302e-6
0.008706177253440394
-0.00014917062372762728
0.0003970575061364941
0.000041853651060426444
0.000043283632177703746
0.015142307659260435
-0.0013557219673949138
0.00009821349542295998
0.0001865844940181646
0.02484977682015084
0.003550075819184917
0.002482347865342886
0.02014913953701069
0.018409987177796197
0.03186836857676377
0.00006407531893077156
0.00002020411367067839
1.5198496925787207e-6
3.2483314522696735e-7
1.6299231316342953e-7
-1.169966074088921e-8
5.1612989050071115e-8
1.2174480149688795e-7
2.4261983239769426e-7
3.5170716691793787e-7
6.947202517826872e-7
9.229711999129521e-7
1.4987073269641673e-6
0.000058251885740716525
0.00001101863498602414
2.7951269614603302e-6
1.3038609289243165e-6
1.0715119679357944e-7
9.491577505593582e-8
1.3073701553013525e-7
2.0192403131136744e-7
3.539401605170253e-7
5.490124572208599e-7
7.382775060418719e-7
9.047993681265991e-7
0.0003663919270131811
0.000021129891206161952
7.379084762718317e-6
4.043211133730612e-7
1.5052153533582877e-7
8.382478529653128e-8
1.901968614117315e-7
3.4149107936305846e-7
5.422347223541405e-7
7.30115470042079e-7
9.159495094932956e-7
0.00044627455564463
4.915480800766322e-6
9.84165899305919e-6
7.457373561163131e-7
2.287307460088844e-7
4.089420308421204e-7
5.174760516900422e-7
6.245336074435345e-7
8.762708447632151e-7
7.773228040044591e-7
0.00020003714634905226
0.0000230436393581991
9.591946418309037e-6
4.381895202741201e-7
3.040015680388327e-7
1.5017450432105768e-7
2.045473514297866e-7
2.9145606737406575e-7
3.6860620848919374e-7
0.00044611985619505006
-0.00009408737433695139
7.959231076929063e-6
2.190541725877434e-6
3.90768438344915e-7
5.738066351559939e-7
9.855951009906035e-7
1.2464138798957321e-6
0.0005655775654498249
-0.00009404973358209644
8.84374059330172e-6
4.366141005065091e-6
5.512560747846734e-8
-1.3800439911270458e-6
-1.2316525889399884e-6
0.0013681559902868968
-0.00016370438884047295
0.00007614147244125871
9.870258311785645e-7
-3.8456763890628914e-6
-2.5346144886655603e-6
0.003723052854289674
0.000031911371501950256
0.00014344355676454632
0.000017381060030622083
0.000024409147593958312
0.006174463953329172
-0.0005176577288813712
0.00004130054206926643
0.00009907640916143279
0.009499360780580649
0.0016641593908948607
0.0012003582013621898
0.009859645802528476
0.009845905739473072
0.019349156139820557
0.00003966478402187834
0.000011813192044302375
9.217520860913991e-7
1.61275841585989e-7
5.804194208024962e-10
-1.9488154893692814e-8
3.144752565562102e-8
8.397071163558741e-8
1.6791178178490681e-7
2.504246604750585e-7
4.693346136514106e-7
6.220065009532325e-7
1.1058333430614783e-6
0.000029418324749927913
6.42395302447316e-6
1.502009170218245e-6
2.4870184321872605e-7
2.7853168104236393e-8
5.188536884147532e-8
8.817877467169909e-8
1.4324880697599766e-7
2.46482224660542e-7
3.8278722829506594e-7
5.472832671406798e-7
8.182817400934534e-7
0.0001327626799012035
9.329379162621547e-6
2.2934035857618144e-6
7.48185069872283e-8
6.68374849365537e-8
6.369387865515368e-8
1.371631220512044e-7
2.3730672199303357e-7
3.658323192263268e-7
5.115091861316543e-7
6.832592597654645e-7
0.0002047970049408882
2.244016459277826e-6
3.311776593177443e-6
3.2463801709541877e-7
1.187256855373117e-7
2.1068385236865087e-7
3.0243133816874476e-7
3.862934590776386e-7
5.562870996589664e-7
5.650208200668765e-7
0.00007696693249603942
8.844938089810664e-6
3.970845321490429e-6
1.36744861121412e-7
1.499572499787294e-7
9.677376989221439e-8
1.392162545282979e-7
1.822045569845261e-7
2.397669080503008e-7
0.0001679420267341356
-0.00003600336655189526
7.01958013919792e-7
8.973038874102861e-7
1.769582063686337e-7
2.7162994306186544e-7
5.343882774867093e-7
8.171942609441289e-7
0.00023243943566890777
-0.00003239295333271745
-9.74007016332248e-7
1.8828689106795422e-6
-3.2818736474670335e-8
-6.739166694378378e-7
-3.987079145218761e-7
0.0005604240459109903
-0.00006546431465334947
0.000021319872978386242
4.2348072581698256e-7
-1.8906067965945818e-6
-7.669899491128159e-7
0.0017379884432070938
-0.000014198126390059912
0.00006189304620637552
6.5365835106359675e-6
0.000013232076553879204
0.0028393441191861277
-0.0002126145065069307
0.000019147557868378396
0.00005392231332006051
0.003991388632106843
0.0007466259596938866
0.0005620322842428061
0.004443373702642021
0.004763451451827058
0.01030943428059446
0.00002473717423389253
7.36052202714534e-6
5.821126019860291e-7
8.914974642993434e-8
-3.0089544574899506e-8
-1.8589131666993848e-8
1.9424883697220992e-8
5.892428307455346e-8
1.1672537764030755e-7
1.769863428032155e-7
3.133595921146828e-7
4.177217499183616e-7
7.524252685849502e-7
0.00001654594294984385
3.952019057243595e-6
8.864109497114537e-7
2.0974662742879115e-8
1.6306723639519202e-9
3.0207379469281014e-8
6.255064806052947e-8
1.0706440833583265e-7
1.7678939560322848e-7
2.733021224266102e-7
3.954031617489567e-7
6.126001642459731e-7
0.000045531111798103085
3.930463893030604e-6
4.969182685638796e-7
1.2107102347965898e-8
2.9957467698048754e-8
4.4539486209278616e-8
9.562735800938305e-8
1.5905289423881713e-7
2.395844129233893e-7
3.4429710428496614e-7
4.691902526579461e-7
0.00009989066184655444
1.4085139310638453e-6
1.0437393120536197e-6
1.4660715400027038e-7
6.355675700197497e-8
1.1469101050419959e-7
1.8067028693953325e-7
2.488548220876593e-7
3.6116349744621893e-7
3.983278797326049e-7
0.00002958118750543214
4.605254409052203e-6
1.7155261236648717e-6
3.661466902432402e-8
7.256433598810786e-8
6.028777844806324e-8
8.796486761381278e-8
1.1746002506834449e-7
1.5557086223212203e-7
0.0000623640457775142
-0.000014631482590996407
-2.9161292378777136e-7
3.853206644503324e-7
8.292424792229556e-8
1.4443207153367483e-7
2.9899603597530866e-7
5.020851456829388e-7
0.00010043878171601366
-8.937808638977806e-6
-1.0452833890181593e-6
7.002677149910217e-7
-1.8724109347602484e-8
-3.0121610277640616e-7
-8.446691836932434e-8
0.00018797298875788116
-0.000024455486489776027
4.416791165706513e-6
8.102922655994645e-8
-9.694293735748748e-7
-1.6025430855232991e-7
0.0006935775675778054
-0.00004015266347176463
0.000025180098925366416
2.2437817939126788e-6
6.835580285949857e-6
0.0011960525717595863
-0.00010482131218591505
0.000010452833377802068
0.000030191254016962103
0.0017752548302322592
0.00034404639557454765
0.0002663593288099161
0.00217461514358376
0.002456864845154883
0.005567828486977582
0.000015490742932250932
4.696122639046454e-6
3.657354205733055e-7
4.795971180981691e-8
-2.5778938667458375e-8
-1.540723211632608e-8
1.2362466028902465e-8
4.147596276894882e-8
8.1452433727949e-8
1.249910330719186e-7
2.0940166002450905e-7
2.922801007563064e-7
5.088544433004787e-7
9.700659496137543e-6
2.3847712665625457e-6
5.322395638169211e-7
6.2719098404117575e-9
-6.2544588893880734e-9
1.7611129049613528e-8
4.42884713622983e-8
7.780544949730473e-8
1.2570244829273483e-7
1.972884026178427e-7
2.870432172878724e-7
4.5014631419346795e-7
0.000013902522630077124
2.002603937583133e-6
8.731299411075141e-8
3.332709180998517e-10
1.3235019426790261e-8
2.786066512375264e-8
5.86483365488589e-8
9.625496322873612e-8
1.463061168116597e-7
2.101586663459864e-7
2.9136177711042093e-7
0.0000504759141634775
9.204176711635444e-7
2.8485353625333816e-7
6.479848046903768e-8
3.6869389224359585e-8
7.027949581261327e-8
1.1564952782153218e-7
1.6435463050461178e-7
2.3988017792841535e-7
2.7942732933256584e-7
0.00001317838291677236
1.9561250077761426e-6
7.122774347760568e-7
1.3539517069729619e-8
3.933355212824865e-8
4.104108779506972e-8
6.239628602949748e-8
8.776470696579193e-8
1.2119914346578147e-7
0.000021494081729371163
-5.221781132231537e-6
-2.8259096655118086e-7
1.5683501964874654e-7
4.458904951696028e-8
8.49883208865019e-8
1.6626475100425574e-7
2.996839923832171e-7
0.000040959510558885986
-1.4205806989916686e-6
-5.998774625075814e-7
3.060915605196035e-7
2.0476124854704453e-8
-7.062844809804036e-8
8.773832683258052e-8
0.00006484111379665856
-0.000012184635222046083
6.141172398924286e-7
3.022012669600157e-8
-3.616703455445957e-7
1.460609748889775e-7
0.00029670947363491816
-0.00001661097519845514
0.0000105538090144187
1.0392503148535347e-6
3.2743194850061613e-6
0.0005016279358224191
-0.00005217381740074875
4.189182951827188e-6
0.000014237152616024713
0.000678199735343418
0.00013326636364029688
0.00011287344324276542
0.0008931596034366075
0.0010679590901913644
0.0025377214739514247
9.721110561136808e-6
3.0397106376197815e-6
2.3666130973551308e-7
2.5584386638482768e-8
-2.0565628530448074e-8
-1.1782141839378239e-8
8.007540198747459e-9
2.902261453447705e-8
5.6645711503753344e-8
8.708121970621402e-8
1.388138893034623e-7
1.9498377257042946e-7
3.082333963209496e-7
5.802775534488385e-6
1.4848551715145565e-6
3.26262218611455e-7
-2.8439600932904045e-9
-7.597374788380126e-9
1.0617053781555013e-8
3.091107318289951e-8
5.5902650480823026e-8
8.846227973432166e-8
1.384905318382318e-7
1.9698513543486717e-7
2.9182661176508714e-7
3.934646138366852e-6
9.93579842624139e-7
2.0722418831480505e-8
-2.8021633817908757e-9
6.460125743043628e-9
1.825464052746634e-8
3.8083690048748783e-8
6.114971054375698e-8
9.308847664577828e-8
1.321004023846689e-7
1.7902687910012063e-7
0.000025845474303678426
5.997651677446113e-7
7.368625612935235e-8
2.905344693593928e-8
2.4184529431422643e-8
4.769464053117846e-8
7.696121575570273e-8
1.1208831654102722e-7
1.6291658856726513e-7
1.9479190852766447e-7
6.562579196129155e-6
7.985504069314352e-7
2.9906345658138443e-7
7.071071882045257e-9
2.3222229837427486e-8
2.9220357865642477e-8
4.539923073664465e-8
6.595477642382771e-8
9.120144929527877e-8
6.915933637993162e-6
-1.7179567830306238e-6
-1.4129625535074382e-7
6.27663554799942e-8
2.5337282276751847e-8
4.665883837492044e-8
8.767114258236409e-8
1.5636616017979374e-7
0.000017771094501944715
-1.273504607006221e-7
-2.7198343759269156e-7
1.2270890034853066e-7
2.98737870291671e-8
2.4314889420086965e-9
9.87943956529419e-8
0.000021555681735740213
-5.357874946343389e-6
-2.3607907855342786e-8
-1.3107530901127493e-8
-1.564158603991401e-7
1.2652921391959592e-7
0.00011617219287341032
-6.339128831293982e-6
4.4118761392132965e-6
4.3790011651798645e-7
1.413724044015434e-6
0.00021276939424546057
-0.000028490992936363238
1.2747780764293906e-6
6.038287730580505e-6
0.00028233649434437235
0.00005227221907709057
0.00004652615928393363
0.00038060318707993247
0.0004430903989930841
0.001061822645224042
6.085722726321297e-6
1.974568711778812e-6
1.5941892135495666e-7
1.4263034899608622e-8
-1.4908457537927894e-8
-8.309839519947732e-9
5.5249715073436845e-9
2.014217633594228e-8
3.9443128680303166e-8
6.037392222730017e-8
9.271331576864564e-8
1.287912532812328e-7
1.8602060137256374e-7
3.53345742206116e-6
9.430760803515147e-7
2.0228506505153874e-7
-3.228072594501006e-9
-5.96701988186334e-9
7.091197104232587e-9
2.155251646295809e-8
4.025637099100494e-8
6.26925748907151e-8
9.673459327928804e-8
1.3438945555333423e-7
1.8697832389382196e-7
1.687277552043392e-6
5.423061593082153e-7
3.1598287490371405e-9
-2.5986288744362175e-9
3.9283629604899765e-9
1.2779450765551734e-8
2.6544130653247864e-8
4.1927274302419346e-8
6.357091059866262e-8
8.847340397348122e-8
1.1517762461382851e-7
0.000013482681564688596
4.0509259987680657e-7
3.2621226015130904e-8
1.3302855142638798e-8
1.6416747856824433e-8
3.33027266604075e-8
5.3210037772673136e-8
7.852944192730899e-8
1.1278754806380464e-7
1.3546938214666557e-7
3.3695175130935273e-6
3.909176537470971e-7
1.2577399097296948e-7
5.095782365196463e-9
1.4960857239384003e-8
2.1427409832273446e-8
3.38186958492663e-8
4.871035895559767e-8
6.409104510465307e-8
3.0087311209407367e-6
-5.901459924697927e-7
-6.784779236324226e-8
2.767724876660222e-8
1.79663458301762e-8
3.147334412701096e-8
5.2963172714956236e-8
8.569494842816075e-8
8.16047619521876e-6
6.552215923644564e-8
-1.1748472902612617e-7
5.4406887303194457e-8
2.6898636079799376e-8
1.9167068970444944e-8
6.325679405143101e-8
8.190630799691178e-6
-2.3802362495565178e-6
-3.594307186405787e-8
-9.27973552904322e-9
-5.950527020653615e-8
6.914008156643913e-8
0.00004720114074330672
-1.7081584692517922e-6
1.7479803310922503e-6
1.834581918560623e-7
5.622852450729734e-7
0.00009144287117420783
-0.000012654843976338895
2.505180531293919e-7
2.36948552264084e-6
0.00010986504996799733
0.000018263174669032064
0.00001757891817860607
0.00015049582202493437
0.00017385327288695302
0.00042598106988809707
3.7978127554646387e-6
1.2823029093278677e-6
1.086496050695501e-7
8.307664156420642e-9
-1.0580787773539668e-8
-5.7678585923499205e-9
3.807885398316898e-9
1.3850791876966955e-8
2.7226252012642045e-8
4.1450981744756395e-8
6.23610572169096e-8
8.468356774102623e-8
1.1240235344329473e-7
2.1994455776374966e-6
6.155277628712115e-7
1.283435829702776e-7
-3.2812367926628074e-9
-4.4744149293295555e-9
4.799460476506865e-9
1.506868980747018e-8
2.8822188186045326e-8
4.443316632310273e-8
6.744020933931164e-8
9.171468655056784e-8
1.1917209545864287e-7
1.0714196559972316e-6
3.740506957012974e-7
2.876389415200535e-9
-2.0858068735452173e-9
2.8277392419889545e-9
9.789206612153082e-9
2.0326178480226636e-8
3.1809029154646534e-8
4.798452369485796e-8
6.581631614976622e-8
8.242680095561379e-8
7.168307654964424e-6
2.905343446714975e-7
2.277887798377497e-8
6.265447998316846e-9
1.1503170172407687e-8
2.374823334121739e-8
3.7853507968164165e-8
5.64403227027806e-8
8.015932714232211e-8
9.612128897256155e-8
1.7987562839199222e-6
2.1622366863175228e-7
5.0970318792369955e-8
3.8636055439450006e-9
1.0531559937355053e-8
1.6351695078607657e-8
2.5931932457977895e-8
3.688200968091478e-8
4.673435628826549e-8
1.5729698166516885e-6
-1.9112362973852817e-7
-2.952822155775049e-8
1.4515360216248058e-8
1.372566831172733e-8
2.3518716024344325e-8
3.633708227904082e-8
5.228751523080838e-8
3.993200997639179e-6
1.1281217377621734e-7
-4.5333894325081035e-8
2.6858387530212667e-8
1.9858136345900398e-8
1.9915453560656493e-8
4.0102621822405484e-8
3.5859136184461855e-6
-9.336617041969257e-7
-2.345172328448011e-8
-2.061835830168067e-9
-1.86232309228824e-8
3.5215205983752016e-8
0.000019387931720221703
-5.889239182619218e-7
5.612607889984178e-7
6.92892603265924e-8
2.1513026310118173e-7
0.00003848443955988068
-5.122287526041398e-6
1.594125731721252e-8
9.145248372865492e-7
0.000043058494366935904
6.193653494711627e-6
6.4734579365398275e-6
0.00006147253821902668
0.0000694945977639832
0.00017278110349984964
2.361986055176953e-6
8.311221207613802e-7
7.388197740831186e-8
5.074846465274402e-9
-7.358682438459426e-9
-3.9436399828486026e-9
2.606362726023398e-9
9.432039549839439e-9
1.8622703458795543e-8
2.8253131576336405e-8
4.2033575138777836e-8
5.6374865315884275e-8
7.121391802767684e-8
1.408701571044193e-6
4.084802039058802e-7
8.38838328465716e-8
-2.8660110896304924e-9
-3.281770365926368e-9
3.3070153823346703e-9
1.0614114563187202e-8
2.0703082891249433e-8
3.1737226866315455e-8
4.765976912761727e-8
6.413093126017932e-8
8.000312936229084e-8
7.068087081522109e-7
2.6353454246660217e-7
2.9444371884527346e-9
-1.6404528049489605e-9
2.0835878845876983e-9
7.431739213011785e-9
1.550728151453165e-8
2.4142071267616362e-8
3.631919038362422e-8
4.944352655204418e-8
6.072563233280212e-8
3.8743724727746445e-6
2.086496896647074e-7
1.614660413732337e-8
3.4917512335280816e-9
8.21057710093796e-9
1.718966572408462e-8
2.7376568175673606e-8
4.111988513083234e-8
5.783973749501026e-8
6.941886136274793e-8
1.0055444471644268e-6
1.3021816998117166e-7
1.966723838384779e-8
3.0279531082059793e-9
7.879145446388033e-9
1.2676324404964395e-8
2.0075761179369428e-8
2.8393512850724683e-8
3.5267474551679745e-8
8.912509916084144e-7
-3.638710497761485e-8
-1.1629371840453154e-8
9.028003760005398e-9
1.0194132410647655e-8
1.742122920468824e-8
2.564335066238777e-8
3.4266484210108864e-8
2.021608983182555e-6
1.1372476582656658e-7
-1.7015375290066794e-8
1.406893477803223e-8
1.4457371218572502e-8
1.756709675853167e-8
2.7310942910050548e-8
1.673480390493959e-6
-2.5918135194983887e-7
-1.2647194989431036e-8
2.124615496750955e-9
-1.2544553901947059e-9
2.0953515527057752e-8
7.920033851808e-6
-2.543566094541303e-7
1.5385120942153175e-7
2.9491739782332038e-8
8.306247867917843e-8
0.000016677060652040996
-2.0008026188360392e-6
-4.272732076240002e-8
3.4349411405775437e-7
0.00001672898828393258
2.248028154802264e-6
2.5714638207814242e-6
0.000024000514598021436
0.00002664756061540345
0.00006775877020814806
1.465135910909472e-6
5.353365955554579e-7
4.9834120520666176e-8
3.1443403553904693e-9
-5.029084003611122e-9
-2.6621779871158784e-9
1.7612690206910439e-9
6.3523390501188106e-9
1.2604551381853186e-8
1.9083033267803224e-8
2.8224211790777545e-8
3.75996177653074e-8
4.6218546743997616e-8
9.033005024457601e-7
2.706306221535799e-7
5.5090311951484195e-8
-2.249470476480002e-9
-2.359685841053737e-9
2.301223137295593e-9
7.418453761760924e-9
1.4694795251102855e-8
2.24646403887336e-8
3.348693382009634e-8
4.4867616096434534e-8
5.480445587801227e-8
4.818702181629914e-7
1.8748290108100795e-7
3.01621058705979e-9
-1.2788807141034001e-9
1.5561874935570714e-9
5.615787087071774e-9
1.1753955664717817e-8
1.82606266370784e-8
2.7422808513476678e-8
3.7221184157091225e-8
4.52916547811808e-8
2.1045874294731303e-6
1.4857067647514176e-7
1.0926419510623674e-8
2.160454028534052e-9
5.872426906997343e-9
1.2428620430165364e-8
1.9795799495272853e-8
2.989368250977221e-8
4.1798994768823875e-8
5.031322449508287e-8
5.860078065894711e-7
8.616559772968284e-8
7.175818691833178e-9
2.4064256912717815e-9
6.008253255214805e-9
9.836882242357619e-9
1.555264940953063e-8
2.193732137591597e-8
2.705416289727531e-8
5.323643817680729e-7
8.151195094781384e-9
-4.279326972191681e-9
6.020004751734069e-9
7.649467528149475e-9
1.3009970695685839e-8
1.8684953115659027e-8
2.3991723235216796e-8
1.0472538213184484e-6
9.448079531928807e-8
-6.74190617807383e-9
8.479904908793908e-9
1.0600261355303813e-8
1.4164709715125977e-8
1.9601936809382358e-8
8.2805262150985e-7
-9.855955509991085e-8
-6.368539179502269e-9
3.960196484480232e-9
4.899935945681079e-9
1.4401108568255431e-8
3.1631324091166076e-6
-1.1733288873529199e-7
5.1190469978412705e-8
1.4212484553784826e-8
3.3851373199565105e-8
7.200871315078981e-6
-7.29611312542499e-7
-3.4840427548139683e-8
1.312887477976466e-7
6.178472379326059e-6
7.613065031695648e-7
9.865909934596094e-7
8.951476500329235e-6
0.000010011084389112671
0.00002658870897678173
9.105669920093088e-7
3.436765615600374e-7
3.3098320408859785e-8
1.958870485920498e-9
-3.4017830591238116e-9
-1.782997494640873e-9
1.177715058992687e-9
4.243503642726018e-9
8.44665125454019e-9
1.2776640184273217e-8
1.88511989574439e-8
2.5014184152017622e-8
3.030323760192561e-8
5.855724482361915e-7
1.807111906479727e-7
3.63999365414635e-8
-1.6950041655197044e-9
-1.680789629441026e-9
1.5895761535659512e-9
5.165507954306387e-9
1.031920971499931e-8
1.5760901949074837e-8
2.3406886588572704e-8
3.130102322808985e-8
3.784949835562295e-8
3.3982702423253537e-7
1.3505176862732236e-7
2.944553531790421e-9
-9.801484290988763e-10
1.1625743228935595e-9
4.225114404621991e-9
8.852321831232726e-9
1.3755397317795609e-8
2.0644509339658325e-8
2.7997528683796184e-8
3.394154222396421e-8
1.1520746239026164e-6
1.0565773531172043e-7
7.476765918354527e-9
1.4195854560100433e-9
4.242102390344154e-9
9.051988889120969e-9
1.4424197146632266e-8
2.1874149544834434e-8
3.045162375363715e-8
3.679022060560475e-8
3.511160549536183e-7
6.065966542691663e-8
2.5958934461239823e-9
1.9063103100995766e-9
4.586129047033939e-9
7.577694288322933e-9
1.1977088897174017e-8
1.6884773978421938e-8
2.0808471913268414e-8
3.3218117354441303e-7
2.340688575602544e-8
-8.666617650300317e-10
4.141200081827515e-9
5.831552009150562e-9
9.86067633110701e-9
1.4025330414298542e-8
1.7724617344790907e-8
5.591178195978995e-7
7.222512462518243e-8
-2.134716653369507e-9
5.557370155418393e-9
7.888245230076366e-9
1.1106666228572052e-8
1.4700453705992214e-8
4.4186170560141616e-7
-3.935229767094141e-8
-1.5046053615305751e-9
4.35499445195827e-9
6.461260401567552e-9
1.1166855131778244e-8
1.4600427486003779e-6
-3.5367715813982914e-8
1.71619385656633e-8
8.426013657210931e-9
1.6345583338471155e-8
3.2121498915608658e-6
-2.1566664978284709e-7
-1.651888575893869e-8
5.2841978375470585e-8
2.157894739514127e-6
2.2069338557974283e-7
3.6146286498670616e-7
3.279843577741498e-6
3.792562513316449e-6
0.000010508815889513065
5.668211566166373e-7
2.205772467314103e-7
2.1829839107798898e-8
1.2918671438274192e-9
-2.252500280222772e-9
-1.1854410440696828e-9
7.795343891661634e-10
2.8149742452882415e-9
5.607717202935802e-9
8.482643332916601e-9
1.2504080810509892e-8
1.6563288415163812e-8
1.992364334733259e-8
3.850906570809997e-7
1.224797801959951e-7
2.4607498037392888e-8
-1.1093854888363924e-9
-1.190502363554552e-9
1.091776549879856e-9
3.59262811268899e-9
7.196116006436922e-9
1.0993859577972978e-8
1.632023137502374e-8
2.1803681225237567e-8
2.623594181649509e-8
2.3951100056132734e-7
9.742621484755158e-8
2.5197197480652915e-9
-7.568925068548352e-10
8.569070214856202e-10
3.1344016356086327e-9
6.562246904159367e-9
1.021280560839149e-8
1.533165783666361e-8
2.0783167951261938e-8
2.516626133550576e-8
6.35175405212578e-7
7.395393707040543e-8
5.09069138640932e-9
9.832768476261835e-10
3.0646705790931185e-9
6.572303111962344e-9
1.0483069360160274e-8
1.5959106541166926e-8
2.2132401702462636e-8
2.682930323675183e-8
2.2561833325533826e-7
4.6820852960976116e-8
1.3190415971890022e-9
1.5299377368075612e-9
3.587255810831724e-9
5.946586106376536e-9
9.409645394047546e-9
1.3257455023211082e-8
1.6360639504292736e-8
2.174466949613111e-7
2.5980340502136084e-8
4.506292774465462e-10
2.9694241166933124e-9
4.499678666395427e-9
7.571763833793206e-9
1.074801905802497e-8
1.3516589828429995e-8
3.100931613462688e-7
5.469848240201851e-8
1.1294102243384209e-10
3.899065125858207e-9
5.9662105757089426e-9
8.613587340408432e-9
1.1216391382623701e-8
2.5072605303989213e-7
-8.981984269502629e-9
4.6275005662726963e-10
4.027045339382125e-9
6.011881163152438e-9
8.822310341901844e-9
7.157307798330833e-7
4.64333779058232e-9
6.457968742576575e-9
6.047017563926038e-9
9.849025703025358e-9
1.4630990399653821e-6
-6.446345958566596e-8
-4.310258080201504e-9
2.2928982380231734e-8
7.554531197578756e-7
9.76916497916236e-8
1.467828891397807e-7
1.3614302555215675e-6
1.5461196295212305e-6
4.173452605906401e-6
3.5273816090634983e-7
1.4080497950249168e-7
1.428609036748682e-8
8.632375113665796e-10
-1.4715265088899116e-9
-7.808050372121856e-10
5.117429742229667e-10
1.8515171798415195e-9
3.6911024338294943e-9
5.584514912098692e-9
8.229576245007146e-9
1.089829350917855e-8
1.3079255581837822e-8
2.5117281877667553e-7
8.216245112810669e-8
1.6613744170383047e-8
-6.811109283843069e-10
-8.270252353007528e-10
7.413956712257674e-10
2.4650746915990655e-9
4.948356244720259e-9
7.563012040394457e-9
1.1227473676273612e-8
1.5000914026003963e-8
1.802566251878011e-8
1.6637268532003734e-7
6.941595500489647e-8
2.1054799688016222e-9
-5.683161747199352e-10
6.204599421173578e-10
2.2824710337185447e-9
4.776858079353909e-9
7.445257200676465e-9
1.1182117192645578e-8
1.5157101583591573e-8
1.8350327759296365e-8
3.517664186547316e-7
5.1548552237515917e-8
3.4567632658472856e-9
7.035190745692445e-10
2.1990247785023315e-9
4.73092180397115e-9
7.551137184820526e-9
1.153029492859199e-8
1.594576743711873e-8
1.937975284681011e-8
1.5277728850189577e-7
3.671130132332388e-8
1.1360817230773858e-9
1.21448013169665e-9
2.8093490984484045e-9
4.658174312771144e-9
7.378164707685115e-9
1.0389737900491127e-8
1.2831206065977306e-8
1.4685877197662395e-7
2.323649110628512e-8
8.182999150946213e-10
2.181549306313096e-9
3.4706752049016597e-9
5.8146653945430055e-9
8.269664566296382e-9
1.0385874259175428e-8
1.8151372779829854e-7
4.0521185342278786e-8
1.0404167434777762e-9
2.8464697842990436e-9
4.568573819522299e-9
6.696024104159258e-9
8.642117274120041e-9
1.5007655211298164e-7
3.4149239830200943e-9
1.0563186354655339e-9
3.3424822105272118e-9
5.0358071412613085e-9
6.908252951395234e-9
3.8039983254752513e-7
1.762118846820288e-8
3.5109019602675714e-9
4.708664486020756e-9
6.873801945252534e-9
7.051615213745132e-7
-1.1740734793321205e-8
1.2676995117935449e-9
1.1098275828936667e-8
2.6868218315519446e-7
5.8052740878582165e-8
6.505079269283656e-8
5.882090031182779e-7
6.371217747962885e-7
1.6381094157220202e-6