7.367944186549221
0.19215807676228597
-0.29003940316509624
0.07911371100763999
0.08882242498468211
-0.001652773828270065
-0.004763549019031778
0.005542351516758808
0.0026112271282968044
0.001126199478270191
0.001432044614403551
0.0010898965024395634
0.000904500476055034
0.0020732395844655378
0.0020795134254479944
0.0016984095439143794
0.0018453800478137538
17.129141781917948
0.8890639480027165
-0.12173253215829245
0.47493152038530795
-0.01267206715409077
-0.002673803537406888
0.054349531427783926
0.03557912255829962
0.0193751142957331
0.018651949853241822
0.016366290840817865
0.020551673725918335
0.03009121563261715
0.03841583891218382
0.030607935954643794
0.03207535581612895
9.55467872992679
-4.355422796879902
0.35127245931310763
0.08157595674817078
0.09060332304975689
0.1950683306690357
0.059266546839126896
0.010199928476413869
0.004895259219495369
0.0035867501523366633
0.005698870328556751
0.006696601072609506
0.010100210539556318
0.00840399085952743
0.006574144510791249
11.39348475154866
-5.658244222481931
-2.7635165327988656
1.1300365964567218
0.6057391705774445
0.13091146287535924
0.019038446716194424
0.004524529053278066
0.0010621473622801018
0.0009632684044428049
0.000584517549656197
0.00043137495718262124
0.00044385413227072127
0.0011033210896637068
16.94491571000879
-7.877532873428054
-5.866563727956914
2.0326003346938104
0.9389037943937021
0.1896715585723972
0.058031554481208426
0.01367991561728989
0.005192584694646316
0.0018116815366750181
0.0014520939197480171
0.001488755893904463
0.0010049647829498082
20.27430041113012
-3.6068147671316253
-9.621683657906138
0.35522357526825593
1.8603785833523436
0.8567075333441277
0.15476166023209867
0.03948894728671652
0.006940685444685485
0.001794811866259904
-0.00008460255078861803
-0.0005342356700827581
18.3780770025361
-0.48911127580318503
-10.096675806020167
-2.4073918922900366
1.4580331366813644
1.3071410276793078
0.48639065869721776
0.0896242990074742
0.016217705380458636
0.003810707745560435
0.0019250712362536696
18.04513227786503
-0.6901976582443544
-9.645494498791374
-4.7279455831125095
0.8994587324592533
1.6422066659219716
0.9224582364258251
0.30409589573223983
0.1085505671493833
0.04651321737001577
16.060151624670315
4.245038930980387
-6.339899097476806
-6.128286937452054
-1.5139840875864465
0.7333792766291034
1.1162874040512165
0.8015289737071867
0.4636501707073204
13.012646247606877
4.427578966968971
-5.453797247457663
-5.972607985300821
-2.333869934830381
-0.04352816305670008
0.6094220152909413
0.7392321530124824
10.771366081936007
2.293821002467863
-2.6349461905795732
-4.93592642216464
-2.816698580582378
-1.0475457399164942
-0.18693473525944526
11.556653671193299
4.013923477107077
-0.8224002196501183
-3.2966960716755467
-3.1611566259401425
-2.001479191996107
8.344569277481211
2.529173535421246
-0.7887600207294913
-2.1064529511678223
-2.5200069465585715
7.096545417029194
2.490463397068202
0.3348743082643984
-0.8073512608891145
3.7867681098121553
2.517022013580367
1.203695425187095
2.721446219945867
2.075931323936912
2.2168057177184726
3.6864501510711976
0.47301609400206224
-0.021103192530276763
0.04652744035108978
0.052022023256384414
-0.0044522352149919545
-0.002327523060227363
0.004710006966046204
0.0010078974443518275
0.000823282232650905
0.000979993508301507
0.0008159788086548793
0.0006081611816612708
0.0013616204119228624
0.0013857678047657059
0.0012223265677813028
0.0012414936273540836
10.599410572777154
1.9688352606991075
-0.006872732886849698
0.29763707710069887
-0.025345987379174977
0.006129163239080316
0.03968472145683786
0.01979527012779246
0.012327201556489309
0.011911722294050055
0.010493600977330653
0.013885072214671714
0.019236378760626748
0.025804642271565585
0.020838502496261103
0.020780734254679
6.940736142054226
-2.43961230939014
0.4672765665562982
-0.1041178544294526
0.07935170179516954
0.12372307865665387
0.02275727568261188
0.0061128153889258175
0.004111592883355658
0.003615695125433927
0.005691244819682072
0.006669590784133108
0.010060812995438819
0.008618115408407836
0.006703900510197368
7.4711410152989455
-4.2373745157703295
-0.8696066472939721
0.6834366679086381
0.30826202209981024
0.0392748752750813
0.005666823309810013
0.001516774158866017
0.0006660785374966245
0.0004727949418522123
0.0003358253580128794
0.000032410072737380073
0.00011794509687135818
0.0005113876043418019
12.460895983958093
-7.197466502027671
-2.4489344496985144
1.6650609319769092
0.3209886784747303
0.0659123682920478
0.021973211714649405
0.004459334224581702
0.0012812314200909632
0.0006500612972915317
0.0007091569713825078
0.000991829620651059
0.0006548782135774948
15.926852823832702
-4.9689300458102625
-6.077664994833057
1.4698079090221687
1.0978852574745648
0.3176028373320923
0.04035216902400913
0.007509286284649052
0.001408821668489661
0.0007576970025486519
-0.00019553673948469253
-0.00022896976378621522
16.090699891995737
-3.0234966063716606
-7.495953558136115
0.4131112356744838
1.5401753989955247
0.4690472112884997
0.09121716221597527
0.008956649232462553
0.0006578818277215364
-0.00022537149255500184
0.00015600489891580695
17.28146812329048
-3.775466037557629
-9.238959459049193
-1.7080354847720796
1.94259128413527
1.0597489559270719
0.22373853812374198
0.03986258997571302
0.01113248452664901
0.005312758699325233
16.612507687333768
2.18434973829347
-8.251811870867948
-3.3451728731686012
0.7633499978576358
1.5160699627560148
0.6382124192803137
0.2586898843333792
0.1169599521011984
13.868794963601083
2.8984243103595166
-7.840245509616409
-5.0605891986018285
-0.21837500092044165
1.0358928709779602
0.9010157538423669
0.5765618314960678
11.504294877443773
1.4113064384798681
-5.0443759298046755
-5.207401114468477
-1.204357055100409
0.21562923614787674
0.6422404203943565
12.981459618088683
4.211438941314098
-2.791323522954784
-4.551869072026463
-2.7435119121997267
-1.1142268564401063
9.388814774673612
2.541202816484409
-1.9618567186086464
-3.0464080346428988
-2.5470097737647177
7.936451427093431
2.4821855345208097
-0.3651735621324513
-1.793901383500427
4.138132057443033
2.596191662224026
0.880201347746252
2.912810312801774
2.1137817024096712
2.3497664433846874
1.8693358726777052
0.4435142343580886
0.07484714095444557
0.031418925162024165
0.03035167892865313
-0.0032185957763413084
-0.0002563105195192659
0.0027402758971526667
0.0005282457494342269
0.0006383729032953541
0.0005610734708160095
0.0005412533754865668
0.0004472136694209328
0.0008224441632567964
0.0009117856813573126
0.0008157820497390674
0.0007865658718819187
6.172914925742176
1.758471749663382
0.054870958686352465
0.18145652969735054
-0.01865909862775426
0.010500117479572177
0.021867941646568568
0.010877337445656651
0.007496932512187638
0.006750939057358079
0.006070909845203923
0.008158432260027174
0.011107604879504844
0.014948439123431167
0.012252453757389009
0.011889550801711751
4.439559242694294
-1.1605339570875288
0.3909478552279056
-0.10642291887260986
0.06847811884924597
0.06182463584612387
0.010725317949526376
0.003826946335207916
0.002806585551649373
0.0025261916208125412
0.003961422142955173
0.00467221650111973
0.006932869527511104
0.006150072407914369
0.004682642827750391
4.5524995145390825
-2.7167968985726065
-0.10359067938799567
0.38132490369804617
0.1422351290526567
0.013744298306536505
0.0022065876160791537
0.0008184244292461208
0.0004227045795049749
0.00031817561637579255
0.0002885667845432447
-0.00006476003364623594
3.427586291212136e-6
0.0002828346974254888
8.342515611942822
-5.5695531520655095
-0.588714135936528
0.8895605321141767
0.11844963679200061
0.02867359189961284
0.009372450038270735
0.0011102151519316544
0.00034318133126738545
0.0002046710638346027
0.00029120529645782856
0.0006550992603558114
0.00035794316618922937
11.183544521746441
-4.756143262210386
-3.094317838791681
1.2337677996906167
0.4851120537330254
0.11346464895221013
0.010603318195283304
0.0018598582792952248
0.0006250731579737804
0.0007327994215212642
0.00001804879211089333
0.00008527407750117324
12.788611706880246
-4.308857838356884
-4.129831910622888
1.4613162375917752
0.9227316668834853
0.11016551834373017
0.01291392951917635
0.0002176846571252044
-0.0006011419988737283
-0.0003781721781412922
-0.00007329270700338408
15.013105453356417
-5.8994692081116895
-6.748574952876836
0.4252813163388834
1.2754730368037384
0.3241593967656745
0.03588288441523771
0.0074864087987987615
0.002397167864496711
0.001600335262717609
16.15700137629291
-0.3912612301467956
-7.799152963595845
-0.15735880366368243
1.7562152953972794
0.6676877945485822
0.1603799217424336
0.05252659340365523
0.02162795624080873
13.739019461464192
0.5474707073770343
-8.25817868072106
-2.53873857462596
1.3177901834113885
0.9831974137008717
0.49146225718742276
0.22218352281452206
11.65464162607479
-0.03594993884510384
-7.093277745219579
-3.200882026213344
0.3296721357220324
0.8766640256874737
0.6756710784417918
14.359188617568734
3.683383344679668
-5.903623805763326
-4.1058331761646345
-1.2902396222607455
0.07533649441726663
10.426035215424504
2.038243784917166
-3.374302713480999
-3.37062776054086
-1.8843752350395488
8.71798198943075
2.2108579179392023
-1.3228329012285553
-2.470716492259166
4.338504639039901
2.443863751140578
0.33183299185754295
2.949028069365193
1.9650803754027661
2.33029261289543
0.9209485726772771
0.33592063458201593
0.07911889973516455
0.02187288741906734
0.01732135489194906
-0.0011374356338799748
0.0008688016486627096
0.0011954048716006232
0.0002706232615012151
0.00045178376560571433
0.00028979595402140986
0.00033788759078050783
0.00026125315042959204
0.00046908963413414516
0.0005302961864733519
0.0005173101876807708
0.0004326779513188242
3.413451121904341
1.2204652845245132
0.07899874008533248
0.10790972396435566
-0.010180561169418113
0.010924711436864479
0.009742772352976391
0.005403924989021145
0.004127200284749837
0.0035235775905505386
0.003186287854526927
0.00408088960461318
0.005782896358522427
0.007561628773532075
0.006389101550161045
0.005990675306279769
2.709138076258692
-0.32821773895652606
0.27652995614952136
-0.06492435086877231
0.0543418122696518
0.025539949197907537
0.0052218135352814716
0.0021561725765838874
0.0016300496747152832
0.001429243628365152
0.0022258299469699186
0.0025901474101983958
0.003822280797177259
0.003415652169480639
0.0027022053429631493
2.8818598470061847
-1.4744320568269296
0.11363966399293741
0.21808075692483472
0.058738792365303986
0.005327171959398814
0.001251393639467113
0.00047592374196067313
0.0003333270166016737
0.00022031878231911677
0.0002070172258023583
-0.00005849773243951108
-0.00006078416819553676
0.00017618783985512022
5.11677710557791
-3.7407883710761465
0.1244538998967407
0.3873000792901162
0.046854636956326606
0.013793350481841072
0.00367256991757161
0.0003398886052133807
0.00006438896458486619
0.00005889166085902782
0.00006231878111124128
0.00039189785655082164
0.00015545617641578137
7.140089225442978
-3.588192655673565
-1.2777945074217176
0.7203440971333531
0.1935119386212885
0.03940696513299094
0.0035204163176259617
0.0006438488006509117
0.0005062693060133523
0.0006465527147046143
0.00011513761386565249
0.00018728807334014906
9.159933549370558
-4.221460810358625
-1.5910064865871822
1.2219208205541148
0.42344341277141756
0.02408568446317892
0.0016891307100007752
-0.000778165859586214
-0.0005307737188777602
-0.00027136221051980144
-0.0001494969592088839
11.649297247194003
-6.275038529019135
-3.8095061713611136
0.9765993647849446
0.47829900076833154
0.0661072260940731
0.009230683695920408
0.002735944691527033
0.000872434328892282
0.0008553613317561446
14.487818987928412
-2.4856393686356584
-5.417831450408836
1.6297600094057647
1.0851287566554566
0.19891692775144892
0.03870223514770709
0.01140802046085715
0.004139196983681022
12.233301786842558
-1.6112957398298184
-6.667877838583605
-0.038573839841995514
1.31456671622135
0.4379933134122387
0.13256319597984176
0.05139022607753568
11.154919567244756
-2.042041311733516
-7.348257659084571
-0.7617331929381082
1.15080306102613
0.7897261096974476
0.38175872716229287
15.442510975145192
1.9245608044651747
-7.715247348564832
-2.3907395884338003
0.07966642192895547
0.577773744865827
11.140836723341302
0.7285171067520978
-4.4938693378649175
-2.970333364699464
-0.9635536352740749
9.410755646737849
1.7561437348647206
-1.9302488257594523
-2.244712328317439
4.3137923740113004
2.0603841648938936
-0.22414698323036414
2.727458472801323
1.5996110678474493
2.090587659471701
0.42968807389175645
0.20061436629400617
0.05181165999441574
0.015429217214606774
0.009438278923233094
0.0009051356156856387
0.0010076885988821677
0.00048574892074783744
0.00013683375249071833
0.0002887093544683562
0.0001556608416534013
0.00020808808721399036
0.00013715893038669433
0.00027419427897706477
0.00026827277483602765
0.00027646214578696957
0.00023054449569038916
1.741989246339553
0.6771227590127129
0.06991659362038863
0.06010555661094479
-0.00037970022583076935
0.007983021504375883
0.003905576794317815
0.0023236786355927243
0.002131332392198791
0.0017483788861291038
0.0016273063677266066
0.0017418162701954554
0.0029366487148261506
0.003197986516459863
0.002781856077984006
0.002637475434125414
1.5869782281103952
0.12982201633662463
0.1790143213949093
-0.02252090682249825
0.0359893654452458
0.010039233109398093
0.0024775156223981166
0.0010691189392137588
0.0008200215846732682
0.0006796363991522261
0.0011182382003244098
0.0012133443278177752
0.0018055840333813893
0.0015688417908743095
0.001386366415973097
1.969379338482066
-0.7018370152617233
0.11705052164533773
0.11813049089876315
0.023544965260499852
0.002399479795034442
0.0007692566273152182
0.00030968520849831
0.00020426442028010651
0.00014589209630156043
0.0000840558725099561
-0.00003207002072990736
-0.00009113627738112419
0.00013851829435490174
2.9181638487273682
-2.1915484626290525
0.22678904803621372
0.15635159781449418
0.02005387249966224
0.006867759858999814
0.001590703950221509
0.00014854754775436095
-5.76229123806728e-6
0.00003129452927463454
2.8863136469407025e-6
0.00022272579987088134
0.00006972050891135954
4.31303113025584
-2.3265203449477694
-0.4158979805376165
0.35965011737925945
0.07909047120116977
0.01523621592142662
0.0013837438680468093
0.0003035662499715004
0.0004371007859006471
0.0005525549007689055
0.0001772501417090371
0.00019613294224141126
5.950181254290331
-3.3195788186325954
-0.3828992591950945
0.7406312041084656
0.18047170198652174
0.005836955851439979
-0.000060691811654606907
-0.0007586674775279942
-0.0004065279442691678
-0.00025115385923041116
-0.00019557116925518286
8.065519851898067
-5.210148877001359
-1.676306896423258
0.7599124612254166
0.13183524407102346
0.014044136137526477
0.0037370740621821947
0.0011795448829194834
0.0003207089040964673
0.0004839310322611588
11.786038392954573
-3.384335211155204
-2.7162622008959785
1.4216553733916697
0.43889541091399364
0.05963016552115845
0.010703440825131383
0.003293999661819402
0.0009109792651051829
9.666434397547434
-2.746694851428507
-3.988716158782144
1.0662743088810802
0.6809312560945764
0.10881742098759459
0.024295042129939746
0.009335296696697552
10.102796909092449
-4.109530556702526
-5.824874793906485
1.0551150526976154
0.9114312951348507
0.3514928553906547
0.14049167529536882
15.698974229993974
-0.6633573580373577
-6.713096730926726
-0.4130598980396079
0.7691455689569775
0.5374568135950849
11.057325833533337
-1.039769016578333
-4.518653796953758
-1.8926528929304287
-0.2170457308252379
9.827068242503179
1.0209133937648889
-2.247029532231726
-1.666525776760192
4.063554777800478
1.5729510763530683
-0.5483471237020735
2.225434138039768
1.0840945551450534
1.6535111535793354
0.1919416248140538
0.10918923119520145
0.025000036045410078
0.009426560731946962
0.004839265394503175
0.001916915204344127
0.0008220435997390597
0.000222917922694839
0.00006967626564243085
0.00015219333803675298
0.00008633114826063947
0.00010754848609961578
0.000060556640602628765
0.00015229498167727514
0.00011910239333659901
0.00013874557014119582
0.00011368702140691418
0.9036503584049705
0.3392160317598411
0.04319893745710418
0.031481221480226224
0.00614639574398664
0.00538546534242722
0.0016283259242618367
0.0009502881287195843
0.0010317937124797723
0.0008763314588002401
0.0007898045524640202
0.000663226155678114
0.001410014214968139
0.0011961895458150336
0.0010715420112531063
0.0010306767970949071
0.9316427050310376
0.30617617491899385
0.1026556647450334
0.013518170075342088
0.022833178505871327
0.004354214531120021
0.00126964982743356
0.0004611830312955477
0.0003605544034317803
0.00029484938688994984
0.0005430189788001269
0.0004613735619233985
0.0008080538716061311
0.0006318361776632969
0.0006689927593206314
1.4849498994607215
-0.2850257761393746
0.10689790089080248
0.064065385685859
0.01029112287581814
0.001381348738623738
0.00041390782720628847
0.00015161912865632827
0.00012843196710130171
0.00008215070327686127
-0.000026237840780283594
-0.000029210280998472043
-0.00010637715390772672
0.000050314821250858896
1.5814446962624777
-1.0895205935943792
0.1783341991349313
0.06532769450423988
0.009521759086267283
0.0032473587975383003
0.0006640826811196087
0.00009813481225435517
-5.755619176497289e-6
0.00003879450347106557
0.00001608140066758499
0.00012960237739653493
0.0000343447858283136
2.5853503586336823
-1.2919727700775419
-0.09130452927886575
0.16715044195147263
0.03347484215866872
0.005967666404534442
0.0006945445107965441
0.00017033810025306604
0.000387564181294433
0.0004283927692445458
0.00017282847031570812
0.00012968081193240954
3.5727077156156026
-2.1952776488407433
0.006250996915151605
0.3863057451261151
0.07332026275159655
0.0016354591487325579
-0.00026725611592511755
-0.00048762941173283034
-0.00022330107945921806
-0.00015819384358716385
-0.00014795908951312418
5.008722671338871
-3.588358195507606
-0.5785445586904826
0.434671183371487
0.033775939783904904
0.004621282320268158
0.0017708721945343415
0.0006035784070114798
0.000158198133348257
0.0003042381219706359
8.608352563704608
-3.1434485449290492
-1.0352783814660473
0.7213973532980487
0.16288043428472923
0.018213746972467137
0.004007581480893424
0.0015155803810191321
0.0003695129589671223
6.775582131403837
-2.721244631487701
-1.7607576375799727
1.0841001999779567
0.2161193009309799
0.02338827981247655
0.004843864541345681
0.0019389095312026259
8.553578211582005
-5.291909351136636
-3.3927428602986165
1.3261969890230245
0.401781772017479
0.10496004965459085
0.03851779005330673
14.706085471086201
-2.916861712344035
-4.110647007913569
0.6957300508191191
0.7075510898588248
0.3408855223463769
9.93992046115255
-2.5925322665611263
-3.602357238878812
-0.8350012461034898
0.07721591601277117
9.72338610593715
0.008776711410769909
-2.3318185696733535
-1.0754155137693227
3.5634937312886357
1.1100690158889734
-0.5462165956006135
1.6457501020298597
0.676534038001248
1.223914098366323
0.08826069415746407
0.05508104457987164
0.009998873055029731
0.0049543840691980015
0.002404662684223073
0.0018282356549881216
0.0005236337316808663
0.00010952025294949514
0.00004190652347081514
0.0000773992140402447
0.000045282762406931185
0.00005713641644303758
0.0000314390145532744
0.00008853052345838412
0.00006652763342332133
0.00008296390748121291
0.00006727384124094835
0.4559054347834047
0.1498048950589115
0.019904496297225974
0.015093333197631864
0.007173271262072751
0.0031413107676922284
0.0006778728697476793
0.00037779771603036665
0.0004975940607869459
0.0004443890444297161
0.00039033858811877135
0.00022885670765702764
0.0007065298860623913
0.0004228200500775755
0.00043571938352278996
0.00035669278022868486
0.5433359072804417
0.3002975456321433
0.044259866791904544
0.025104641109664677
0.013240006273675909
0.002029258955485233
0.0006943516706954766
0.0001800623219311282
0.0001302431276607664
0.00013647202058094993
0.0002687124933905464
0.00013748523386631977
0.0003748395291688276
0.000275550233636009
0.00031794226554385203
1.0971567166758875
-0.11175605240944834
0.08366112837480257
0.033589758515316946
0.004651697507590428
0.0008676129942168781
0.0002018278541504783
0.00004341245726918465
0.00009987501841875146
0.000027902738153162026
-0.00006890137597515082
-0.00004616944883820488
-0.00009247782225138859
-0.00003514747053777261
0.8387271014334334
-0.4165958930876976
0.11519146644269092
0.029077812185045574
0.004923074425015132
0.0013990262618306336
0.0003132520827279915
0.00008523838319556173
0.000016221791356233214
0.000060329622760249244
0.00006373759652440479
0.00008613967469260426
0.00004506155097269769
1.5443681300161294
-0.606262416775662
0.0071742671609084496
0.0761570051328497
0.013810201884669207
0.0024154351392261077
0.0004157241844127129
0.00010680573562156479
0.00031552473929945046
0.0003346333293270162
0.00014749541696853499
0.00009057892822862454
2.049523350249776
-1.24749998756737
0.08412130874261743
0.1812912143015227
0.02944955961061938
0.0005409836285483306
-0.00018510817304062875
-0.00019821514680895352
-0.00009720772247781987
-0.00007747030479773569
-0.00007301622493213582
2.829715808735253
-2.1545354237692704
-0.13122668978219193
0.22333304891931285
0.010067776482147042
0.0019406465312898085
0.0009779015876981887
0.00032978389488085756
0.00010264534289041595
0.00019572999384041492
5.644042051937154
-2.328325826001306
-0.3666360298863877
0.3199383675261386
0.061324122505439824
0.006602910379167071
0.0019518725149629246
0.0008659473527450192
0.00026207856184809323
4.2600914056658
-2.078049482604692
-0.4438585998849183
0.6905176778446342
0.0633709374173559
0.006779977180709867
0.0012914700798996805
0.00046384678341220015
6.612465830159493
-5.2623326052849
-1.4262307125759994
0.7557861665819294
0.1260551177466134
0.02647362658194648
0.009520842324853738
12.558068698704691
-3.737266850515212
-1.3401971184692065
0.7760130741715874
0.38632528197543387
0.16115550362930006
7.976957833014975
-3.490096736785682
-2.3540078375015296
-0.15245940209488051
0.16200133972294642
8.967238937440026
-0.8112786480519807
-2.0645118943756353
-0.6835832344680167
2.819529999289079
0.7604328615040529
-0.3431998497964695
1.136392253356901
0.4159959738196411
0.8600470004737047
0.04082138471316317
0.026153423429158065
0.005090818710650451
0.002365564332151765
0.0011851718024912588
0.001229325409275254
0.000285972400558411
0.000058530896470236746
0.000026705034435783705
0.00003967263229345037
0.000023005434986046403
0.000031178105115919955
0.000020816088075964923
0.00005130273236343248
0.00004634874748152214
0.00005569175857135379
0.000052333378404602576
0.21999776697332885
0.06690689954427989
0.00739097378735117
0.0069946337275989465
0.0055141937153657065
0.001585811655104476
0.0002555915134342514
0.00011805187945109882
0.00023494319125784446
0.0002266490100482459
0.0001910503416701339
0.0000544673225205754
0.0003626000228793078
0.00009898272395790046
0.00017200425629173305
0.00009337814403942248
0.30779920511514736
0.21311983826274994
0.01694904386273412
0.020819387701684674
0.006934648113115995
0.0009571468201375064
0.0003874226802192757
0.00006840106852855181
0.00004682414426847974
0.00007607580460606589
0.00013332001573014462
0.00004432518569006803
0.00018438169621802123
0.00014529341835804765
0.00015913374590761096
0.7191444081449507
-0.0456395616031061
0.05636413211137284
0.016818983986247874
0.002162505596931139
0.0005270582469611641
0.00009668372123146457
-2.3259470228531893e-6
0.00008141294685647014
4.898654323659079e-6
-0.00004070387162047055
-0.0000373117337475695
-0.000050095254906850084
-0.000047976877704400976
0.43940398756282817
-0.10393706741223294
0.06726167907648958
0.013965164089295332
0.002635283150137749
0.0005956608125704905
0.0001783499407797514
0.00007225619118979985
0.000030253979056360642
0.00005690822755968372
0.00009359873998163117
0.00007495711233233246
0.000055680150358823396
0.8797779489343615
-0.2377878146106527
0.026397714829794736
0.03463316432047581
0.005675785290960957
0.0010257022789942228
0.0002685228288051673
0.00007271315231752398
0.0002277217492754427
0.00025404795398746555
0.00012103231057254971
0.00007949237526277461
1.1502246751700438
-0.6028187222428493
0.0713962088906811
0.0806205209411355
0.011790798117422646
0.0002803564770011597
-0.00004649381180742501
5.028798642328031e-6
0.00001014403083319565
0.000016787752531272144
0.000011433926832639134
1.4866449022898165
-1.1578590827012447
0.005242090935540868
0.1073640160315938
0.0036799223591202287
0.0008719385526459154
0.0006206432550323039
0.0002194038400515686
0.00011493658080148827
0.00015263837505608653
3.3194034307720646
-1.4666358033808669
-0.15954021195564866
0.13602620613040237
0.02394379134817844
0.002967111126728191
0.0010197737638225992
0.0005284298729918875
0.00023239009217436923
2.4606716383139315
-1.3588552248459018
0.13159961093763467
0.35938957584539877
0.022680103945185465
0.002692689411682758
0.0005034626030009746
0.000126165310595786
4.604081347301739
-4.219944467364061
-0.3917336398003152
0.31653134986326176
0.035720719515141
0.006669392500061206
0.0025645967953064753
9.627920782067148
-3.192901525151725
0.027002515401422955
0.4814200037121088
0.17469193797064994
0.06680804700999918
5.676115418582999
-3.476605252867586
-1.221594234152343
0.15585289167516148
0.16187602860877143
7.617448253029964
-1.0922647342815375
-1.5685176647484191
-0.4771534135862728
2.0564760401902586
0.5886757112170292
-0.0740950169365104
0.867537952444238
0.3803332865419847
0.6945365128382793
0.01852666738063838
0.011469735141608005
0.0023344107186682034
0.0009923490368646643
0.000527734612159077
0.0007004204428843958
0.00013843043626545786
0.00003105306343645724
0.000014674045782805781
0.000019954324133714863
0.000010049496594637873
0.000016709184572143843
0.000012936416612234641
0.000029024116583101343
0.000029182115714791857
0.0000350163195919425
0.00004053198823223403
0.09530112312816579
0.03056443540777776
0.0015156367382509915
0.0031436964608862073
0.0031904572490320613
0.0007459448059677288
0.00011616560407053542
0.000049995451372310064
0.00010393551118147176
0.00010363162590343345
0.00008772249302300221
0.00002530967353374327
0.00017496803899821761
0.00004448527631680312
0.00008151751776079
0.00006457928231295297
0.16212524004195153
0.12280119699956554
0.005483413518301188
0.01358849670804729
0.0033411956012265845
0.00044507493499965035
0.00020334648454302016
0.00003043344593424158
0.00001873171081448167
0.00004957272416495471
0.00006431587232995034
0.000027882936985312684
0.00009401141745527035
0.0000807227986832924
0.00008208239292536426
0.4183770399633034
-0.01622045791989242
0.031076647495754638
0.008079208280674334
0.0010387886031197288
0.0002912488357490036
0.000045954795402285534
-6.069285825741038e-6
0.0000607061046566259
-8.463820923218131e-7
-0.000013800176886560751
-0.000019695762494161252
-0.000019289349250972765
-0.000031965940373472386
0.22401494081066087
-0.0032541527763836654
0.0363909606745379
0.007074544671283399
0.0013350572488686494
0.0002523852964544192
0.00010790156950304262
0.00005410712662783795
0.00003223399556470052
0.00003946078378492516
0.00008620946597689775
0.00006036870340599336
0.000051698614036811074
0.4636128129987703
-0.07461588043903797
0.022733207516127795
0.015287622664303698
0.0022944982444303157
0.0004510863858330263
0.00016457826363342552
0.00004763693489605154
0.00013956530850651872
0.00016617883178264814
0.00008938034584098159
0.00006278303849258776
0.6265431039925429
-0.24387101410743878
0.04291825968088341
0.03392630650895247
0.004704617451700318
0.00019001559395707453
0.0000312219923470508
0.00005339158446413854
0.000058548851311786144
0.00006680673903970703
0.00005753624020191212
0.7320592236679437
-0.5658538616901205
0.027478470547020073
0.049095254369746225
0.0017069505560375264
0.00040725342546672327
0.0003631797881030084
0.0001522339724264256
0.00011742647663579351
0.00013061516493423648
1.7633292793164248
-0.8130817449922033
-0.08285208698839162
0.05824490024679227
0.009297116662508107
0.0014392529351850763
0.0005441606930718262
0.0003266072509336705
0.0001966983232730037
1.3154146047079434
-0.7859618793417952
0.2469951766563635
0.15949430097980277
0.00921313716003559
0.001151067974790794
0.00018697998056096246
8.234665741130348e-6
2.8525091684926016
-2.7831506394779777
-0.01869807932342922
0.1161856639607391
0.010181572972574424
0.0018351547017913283
0.0008828453895456225
6.534188538085853
-2.1313946689275767
0.30404572226439014
0.2386099080596358
0.07267903765817516
0.02668615579572956
3.619376099142951
-2.740392846634643
-0.5360915186361003
0.1806789490628745
0.11336962982351091
5.915349977236431
-0.897713873273067
-0.9541095095606495
-0.2682925564134259
1.3997306191944072
0.4941837649536448
0.09520943527715969
0.7257129593289063
0.3873120226340114
0.5534553123771307
0.008823259782212557
0.004470090811317775
0.0009515017730431845
0.0004494435296070345
0.00022448668924192436
0.00034508473731920797
0.00006434203448656828
0.000015524039717345727
7.152533883728262e-6
9.620348534935424e-6
4.169286800113456e-6
8.77719286783248e-6
8.280129852415652e-6
0.000015461433647702565
0.000017405730192426025
0.000021520334753388072
0.000028992440970348733
0.037474598746994096
0.012822968024687147
-0.000299231881214217
0.0013732425326547725
0.0018021282185797375
0.000331335508830199
0.00005351474650595668
0.000022136520801337165
0.000038640075869252005
0.000043216102559579814
0.00003653433576577455
0.00001651074790913664
0.00007697109298511022
0.000027618330631410053
0.000037338432825783515
0.00004546290275499741
0.07746435916742377
0.06500186554831776
0.0026138592215352125
0.006870471843696699
0.0014660503354380424
0.0002013768541419134
0.00009650112301605424
0.000015041178200811895
7.278536423653061e-6
0.00003078214173957524
0.000029496516745225152
0.00001845028583639266
0.000046714919581726996
0.000043728384924255744
0.00004052144744151459
0.22572045631726312
-0.006327134076430965
0.015614067592956062
0.003616741076582352
0.0004941620858686748
0.00014725330534821955
0.000020151868285519006
-4.019370910447861e-6
0.00004234054018568186
-2.207518823249874e-7
2.8669439146431766e-7
-4.558173272966301e-6
-1.0923101768183043e-6
-0.000013107263134249338
0.11458220590076922
0.01568395103872489
0.01734904115632489
0.0035252043554885324
0.0006261312570469011
0.00010348053096742456
0.00006289410346051965
0.000035161632435230356
0.00002621200329060926
0.00002280435986002744
0.00006430630333449251
0.00004619680395279195
0.000039560380754197865
0.22706492536636688
-0.016915714706169836
0.014385757203204673
0.006426177750826181
0.0009031829714990695
0.00019393536762435642
0.00008738805412369527
0.000023979671473968027
0.00007846396105860199
0.00009565367006352997
0.000056239177682538965
0.00004135453867233606
0.32197994284776765
-0.08207932966126225
0.020814040641281128
0.013646155466804711
0.0018496029309346344
0.00012070713302146436
0.00004283021570720668
0.00004416199915309424
0.00005466271892028684
0.00005642972827853224
0.000050262667887551756
0.3409992030711664
-0.25335327819188036
0.019864037159052286
0.021337143624472046
0.0008672264244794114
0.0002002881849788033
0.00019356704242320748
0.00010073509346317732
0.00009093319375451896
0.00009953422669163743
0.8569558098754355
-0.40322997010177103
-0.03976176849508562
0.025254250153285602
0.0036991336573009674
0.0007190745965081759
0.00030503509321673034
0.0001924695335383565
0.00014145544824429508
0.6562414941565241
-0.39926205498216266
0.1814419065857663
0.06495682362081505
0.003948713117848018
0.000508941398450133
0.00009960359066360489
0.00002480449227014542
1.5678158157288056
-1.5987166862299316
0.05334619145045816
0.04035120880071102
0.0032057192980956654
0.0005756282044716077
0.00037847477076927415
3.9444098199344957
-1.1696105899024734
0.22114663205490562
0.10528880687878146
0.0286708413222811
0.010161275959740817
2.1145574573966255
-1.7766247427197144
-0.19468151338099202
0.12045503914099541
0.06296250640663026
4.187997756805782
-0.4977052208998175
-0.4241424948869652
-0.09873324525606823
0.9209172911070911
0.40481767367364835
0.13811450025154018
0.5528233943030423
0.3122233542554861
0.39362784515754684
0.004317725274804427
0.00186031185748404
0.0004129985470080136
0.0001571553423777673
0.00007662053728747284
0.00018206896411063778
0.00002889513397275098
7.347125952988569e-6
3.6914780579277773e-6
5.1110695234931025e-6
2.553301383672714e-6
4.974602323317107e-6
5.299728413562853e-6
8.838998420692626e-6
0.000010263064034455393
0.000013436043885206626
0.000019125901890832566
0.015590676590347893
0.0053680584154330475
-0.00025879589552170457
0.0006125739093618002
0.0009518093422149912
0.0001489856561226424
0.000024508366391857073
0.000010967965466708896
0.000014718900369535644
0.000019665019575889028
0.000017212768155125175
0.000011344481593059528
0.00003626813231309635
0.000022062581413412227
0.00002618468756970047
0.00003287913337033394
0.03399182614338722
0.03162244754527537
0.0012343666235438916
0.0033839127319961705
0.0006013883081480313
0.00008765952776425662
0.000043453681728897006
7.890648810766252e-6
3.58082967793407e-6
0.00001844574982483464
0.000014405183876947024
0.00001219916638951613
0.000026290546561285343
0.000025924774307168792
0.000022603561081614364
0.1104054239334566
-0.002876976330829242
0.006625999657053838
0.0015291882648158384
0.00022100817382717723
0.00006749916839508784
7.356267692735925e-6
-1.6085352362093462e-6
0.000026939000706894125
1.9673863280812236e-7
4.740138199218058e-6
2.415080983871425e-6
6.265402859428856e-6
-1.755345528623244e-6
0.05743837330752076
0.010582251022065992
0.007875409459444708
0.0016517122971679366
0.0002641305357695328
0.00004030455830825236
0.000033366090097957624
0.000021231823190568886
0.000018828970343874174
0.000013760021711981146
0.00004110059371773631
0.000030574117107397255
0.00002638044784581584
0.10871359252217248
0.0010416564729021488
0.007290318506525346
0.0025469351214335765
0.0003400601526371238
0.00007684273300296874
0.000040883395535064474
0.000011863812645385036
0.00004566529585343842
0.00005056562558415891
0.00003187074358142413
0.000024941996494930223
0.15736346038043458
-0.022632461359488265
0.008684538252983617
0.005245684007585528
0.0006997141472171194
0.0000674354677662664
0.000028401705504059566
0.000028070848540410134
0.00003662195034250533
0.00003494298740920509
0.00003078387266253429
0.15308203900719722
-0.1056372621801857
0.00959157689358237
0.008663471533782968
0.00042131850319141855
0.00010315146049127359
0.00009689498425639795
0.00006415824538434611
0.000060011637429087
0.00006365277850054252
0.38541043990587487
-0.18033859920709272
-0.015829319482842236
0.010433883972497596
0.0014440353977488612
0.0003603131847372319
0.00016564516018518482
0.00010402664176183871
0.00008430292282765397
0.30759885275727167
-0.17826110204021747
0.0942957879116507
0.02452674487302542
0.0016775590082403619
0.00021940959573753946
0.000054059690813320426
0.000028789829584384442
0.7830659848268188
-0.8114344339629251
0.04648218716019487
0.01383401435873578
0.001075844581542785
0.00018504215174188187
0.00014355111699009847
2.1526311825063256
-0.5611817840183287
0.11896309180987615
0.04602601069426932
0.011500635262408373
0.0040590351763963185
1.1670647841688857
-0.9304692973979505
-0.05534846384642721
0.06405737887714741
0.030615707334752357
2.6555712270287484
-0.20396110834340844
-0.13327406470791672
-0.016024405125815325
0.5962940997158765
0.30548261082007927
0.11526139445341087
0.38392890835618393
0.21617864853430296
0.2514240988226732
0.002256652895122712
0.0007917292493504042
0.00018644643962840505
0.00006262232075056802
0.000018607983756950775
0.00008778377928569051
0.00001378907609469464
3.201131128712052e-6
1.8973240153435803e-6
2.7854764510241384e-6
1.7497883132978657e-6
2.8961914306710817e-6
3.3635815124986323e-6
5.151237906503906e-6
6.107798368880422e-6
8.040935296954647e-6
0.00001049242563873603
0.006022074057592585
0.002090620180626332
6.6894868883697705e-6
0.0002424170805218935
0.0004916667330739827
0.0000675349539109512
0.000010866362465261899
5.31019258913943e-6
4.010483875131035e-6
8.216807850688252e-6
7.235723406921219e-6
6.488750810150848e-6
0.000014664051196906842
0.000014581133052509048
0.000015408978417251765
0.000015221736097364356
0.013866849361578448
0.013425689073101444
0.0006094378530212891
0.0015413117310238682
0.00026236366918334296
0.0000363875040614488
0.000018052052810918185
3.72201421570815e-6
1.9255049061574345e-6
0.000010526901204479796
7.002509259800444e-6
7.40290547187368e-6
0.000014984346047114431
0.000015330864581032863
0.000014568684588703576
0.04658278169735924
-0.0016763186658024427
0.0025387265716285898
0.0005905105590055351
0.00009689409629142209
0.00002906595200635079
2.5254498318331277e-6
1.832394507683865e-7
0.000015504139931532405
1.213029724792938e-7
4.256228126993523e-6
3.930640938943395e-6
6.556247744310195e-6
2.254157613046097e-6
0.028826931991469244
0.006590639432492937
0.003498011115743802
0.0007466550510913574
0.00011176569802295851
0.000015708444167970537
0.00001656471956867146
0.000012990896461648284
0.000012847696413869425
9.62886451504692e-6
0.00002413006066556004
0.000019160712324751514
0.00001730404511553184
0.05193945236705429
0.0030228501759254115
0.003589974426459886
0.0009898967403705603
0.00012244765105120923
0.000028877394999035225
0.000017368221794222054
6.092765659520557e-6
0.00002581584586822564
0.000025028833284622833
0.000016726673602838122
0.000013810338950888268
0.07569087568359492
-0.0049775052962147655
0.0034529932947363743
0.0019184642905409116
0.00025925759748246253
0.00003449341215722833
0.000015471284523187676
0.0000162690006023311
0.00002204529629430746
0.000019873553071938946
0.000017607437048230386
0.06828351242663017
-0.04126759868979896
0.004052182433588926
0.003382848156049699
0.00020102379776896164
0.00005168625473198607
0.000052166755203970094
0.00003906319205907854
0.00003557813513054721
0.00003276803139513329
0.163064392889192
-0.07462288153951019
-0.005154913447670557
0.004109844601448629
0.000574408211464482
0.00017250551883886243
0.00008148709746748114
0.0000515647456925779
0.00003937238954056791
0.1379765692888708
-0.07197038122430052
0.0419111457874472
0.008962236690970668
0.0007270647130445264
0.00008091580747423573
0.000018173513000875016
9.47591460118142e-6
0.365695221665926
-0.3731809387088325
0.025060751728970553
0.0046818580651423
0.0003800255166726681
0.00004763138206808562
0.00002757927483528484
1.0866448994684776
-0.22708697510366246
0.06009245687521595
0.01874998787117281
0.004432487612339573
0.0015765451675264887
0.6228837277687185
-0.4043216603217983
-0.015535355128524072
0.028455763618157902
0.013265767602015718
1.5064017005096697
-0.06633147883690646
-0.024351588102104596
0.00819405052586347
0.35397661390824586
0.19921159312654252
0.07604474887428796
0.23895579705798428
0.13800848044021458
0.16230729919327935
0.0012418628079535392
0.00038499118498638857
0.00007864129994314554
0.000022324806475825654
3.800967435689909e-6
0.000039077090738404866
5.7030286504058065e-6
1.3616661084999793e-6
1.088199978483673e-6
1.6290318329344523e-6
1.204471969165407e-6
1.8453073242031691e-6
2.238564246164888e-6
3.3066278513927685e-6
3.8131307187791155e-6
4.4907602727602275e-6
4.68421635715463e-6
0.0024694894715905076
0.0007871920113520343
0.000031194903767435035
0.00008166311765350877
0.00024261561361287767
0.00003106429389201217
4.7566252786474185e-6
2.564463865947535e-6
1.2206983475729596e-6
3.959088103062966e-6
3.665304777239619e-6
3.660180351091317e-6
6.915614820496759e-6
9.16841791709363e-6
8.826304656494847e-6
4.907210590231493e-6
0.005720713201331831
0.0051258510431106815
0.00035366041237631544
0.0006419346742457997
0.00011175322670134961
0.000014856858782163073
7.61326184823108e-6
1.8923781310810198e-6
1.3548070661600906e-6
6.158582954639269e-6
4.2875269374115655e-6
4.531768175422418e-6
9.533221787470664e-6
9.395466188239187e-6
9.854476115301848e-6
0.018738210297534003
-0.0006702387609303896
0.0009118252542489324
0.00021944467354018734
0.00004216126185765529
0.000012255473628418635
7.615049214974185e-7
9.10130610333907e-7
8.49838771843824e-6
4.0288147952771427e-7
2.595674131403252e-6
3.4203902259396576e-6
4.957063822049221e-6
3.214297460856287e-6
0.013750265260413784
0.0033341688315232793
0.001538906012620047
0.00034129264189283255
0.00004387277003450999
6.320270174891488e-6
8.084934537898648e-6
7.986989441486586e-6
8.019357164450881e-6
6.272362333334033e-6
0.000013356274835790603
0.000011623543530267728
0.000011442674622257175
0.02522750351198839
0.0024444091253401066
0.0017968713945723748
0.0003966781302771941
0.000045918249899945955
0.000011223578969414646
7.636419612713106e-6
3.3648512137979246e-6
0.000014523558883182133
0.000012635341587000647
9.830769834438805e-6
9.104756266398876e-6
0.036855159221556306
-0.00007353429423278486
0.0013073102662373571
0.000732666756785629
0.00009639477890128509
0.00001681094018959702
7.085801204203475e-6
9.04658468759646e-6
0.000012129093211011892
0.000011223245707786732
9.579067253714892e-6
0.032058797140924834
-0.016065270405725286
0.001581860626484168
0.001350948256979238
0.00009633928076291024
0.000024894758648421024
0.000028078098723834854
0.000023048637724947564
0.00002002856465198282
0.00001555177286182335
0.06953520672524818
-0.030317415889183328
-0.0020795430080056375
0.001608303276925264
0.00023872738574487676
0.0000789512383083758
0.00003845888991581317
0.000025082377016613504
0.000017496571454842275
0.06182450411513176
-0.02817628569036032
0.017961085473308155
0.0033466416605692616
0.0003128718191193162
0.000017815179395956425
-4.037289181474334e-6
-3.1186258083576547e-6
0.1674530156896712
-0.16065175648206206
0.011241324759972537
0.0015956582574216415
0.0001426350529961404
0.000018651692272782286
6.319178004980948e-6
0.5340935954407622
-0.06770820980135213
0.029228314250409945
0.0071836589344646765
0.001657702311310889
0.0006188425816262174
0.32340276912306437
-0.154364376141696
-0.006884938202196334
0.010790033881308433
0.0050727296158021955
0.7694507987587982
-0.01658995972329399
0.0035133691954898605
0.01005292539529596
0.1948989551696093
0.11901585188493845
0.05050588249375853
0.15027989992659957
0.1018065980796585
0.12891765461675717
0.000708983133599051
0.0002229523763252706
0.00004029255883021963
8.060693840653447e-6
4.481743389556121e-7
0.000014076755193004403
1.6472789388987961e-6
5.567984199004834e-7
5.68580241508639e-7
9.295642241471379e-7
8.144681712660744e-7
1.2095591594604905e-6
1.520205228169292e-6
2.133301442146025e-6
2.2591890284897887e-6
2.2281606087977775e-6
1.8422371165349283e-6
0.0012045385652507282
0.0003379729915390605
0.000011108485635507088
0.000025692800245513644
0.00010523091019592137
0.000012830205667649977
2.1911923632362017e-6
1.3360266389163049e-6
4.6198150860807413e-7
2.076378385938371e-6
1.975526306046482e-6
2.229576284260448e-6
3.491361559152984e-6
5.98735296389188e-6
5.937427839560406e-6
2.3729033345102948e-6
0.0023582766451910545
0.001805746844957034
0.00019661004831150888
0.00025009480938947154
0.0000435374821866638
6.078320253065654e-6
3.082088958241166e-6
9.500054402093061e-7
9.705242966912125e-7
3.674129290206332e-6
2.7695006869523057e-6
2.837562288207085e-6
5.977457614861843e-6
5.623689242802587e-6
6.37760559563471e-6
0.007717706392943572
-0.00024724647870096153
0.00020730225363055664
0.00006455578929283284
0.000016823980450893004
4.720232453513235e-6
3.1250402300072565e-7
9.015485280577756e-7
4.59979371037058e-6
6.73745387334515e-7
1.4030130857965126e-6
2.496254146241602e-6
3.3000348318832296e-6
2.904834879105959e-6
0.005710282619614438
0.0009581904455458401
0.0006213823606543089
0.00015551616136482728
0.000017468758017541947
2.5765155243105894e-6
3.638576395434651e-6
4.587678054779379e-6
4.366075148801547e-6
3.5163909927914518e-6
6.559912220001772e-6
6.098832825349953e-6
6.313729405970151e-6
0.01093751929280417
0.0015414506591976912
0.0008877117766403528
0.00016758226734102852
0.00001711705476648375
4.388558282315548e-6
3.3582063450172116e-6
2.0663747160747985e-6
7.4743677258458205e-6
5.967746726642054e-6
5.7793160573593774e-6
6.2532681858192105e-6
0.01758799218915475
0.0010978652096640675
0.0005665566323284144
0.0002831077190330273
0.000037219401461854094
7.32266759138283e-6
2.978557880187566e-6
4.7599292077424436e-6
6.615706168879079e-6
6.811007898387439e-6
5.803927959448085e-6
0.014930051018337068
-0.006273954758134255
0.0005772680776263905
0.000554407521700353
0.0000479021941775572
0.00001186643020375758
0.000015336906016371153
0.000013241857653111739
0.00001150906898511505
6.812773555870989e-6
0.029850751283761013
-0.012163620970036518
-0.0009501656191667119
0.0006622991537490396
0.00010577898417762856
0.00003416202781049175
0.00001655303293671375
0.000010658185476511467
5.840406725909291e-6
0.029030229571334446
-0.011753433197343066
0.007879219238821584
0.0012734521286152352
0.00012759120454007268
-4.697244473890994e-6
-0.00001679614983915007
-0.00001455524267742692
0.0817602468941716
-0.06751737692072533
0.004878436005949278
0.0005796207749522043
0.000067958708077653
0.000023939580145794654
0.000011381577768066066
0.26276737251827054
-0.008668424316948904
0.014046768150162321
0.0027879347019249753
0.0006612148990515557
0.00026846275925838643
0.16271246497453395
-0.05672091364736786
-0.0038137630960081957
0.003885225968613051
0.0019040228538922024
0.36553379069588054
-0.0015698399642334632
0.006602663928330701
0.007175212809440749
0.1010482262625257
0.06860510209868748
0.035154632665286574
0.09832493623615629
0.07774949837307372
0.09651644132320086
0.00041041373418399375
0.00012644380342045357
0.000022274663941889342
2.5714556795974074e-6
-4.809402916562352e-7
4.600199785459377e-6
2.1317074126977958e-7
1.8633096194123695e-7
3.0412824716365614e-7
5.294010711873188e-7
5.277917891920605e-7
7.96257121748873e-7
1.0382015122362538e-6
1.3753329911448353e-6
1.3690223487741416e-6
1.0387966400264806e-6
7.614156368725891e-7
0.0006012055625871795
0.00015837305200218824
6.657861782198649e-6
9.933534440497984e-6
0.00004491890802121081
4.554477896153479e-6
9.531673198069841e-7
7.055104529675654e-7
2.357303239834564e-7
1.202812304759881e-6
1.1642724887777786e-6
1.4585776926183962e-6
2.0678452781611167e-6
3.7879307064612043e-6
3.688579816744075e-6
1.6139714243084784e-6
0.001026636706887039
0.0005872702126653543
0.00009663036748362379
0.00009710586883624099
0.000018210388430591596
2.272533991326844e-6
1.309449764321052e-6
5.728943430785737e-7
6.877204300474254e-7
2.20599873924665e-6
1.8394395496337076e-6
1.9122665498440298e-6
3.711090092864967e-6
3.2213327156892974e-6
3.7381015568289344e-6
0.0029288027973435726
-0.00011236424460186003
0.0000333124508987197
0.000015161577319381199
5.863987509251938e-6
1.750612219551901e-6
1.248647419930599e-7
6.28687225589413e-7
2.5407705771690616e-6
5.759748478736193e-7
7.290758563467014e-7
1.4475437682310846e-6
1.923376754284482e-6
1.8026345490409623e-6
0.0024265500016890417
0.0001995820470125017
0.00022191983222206443
0.00006227680708732002
6.483519684110928e-6
1.1069776707288645e-6
1.6995344370280807e-6
2.747986468523766e-6
2.620348441027988e-6
2.222897940140953e-6
3.770584307538046e-6
3.647504665470522e-6
3.7966565886077627e-6
0.004507050807559956
0.0007038042584657165
0.0003653305571189248
0.0000686534852200279
6.319002580683664e-6
1.416511679413892e-6
1.4906740881920067e-6
1.1409147821267725e-6
3.3902409576714256e-6
2.5818901655155204e-6
2.9102026852658138e-6
3.4439169696653162e-6
0.007310342797781686
0.0005970821869789024
0.00023268833169658209
0.0001109684963722575
0.000013616349477374041
3.068925714611171e-6
1.1020887245429934e-6
2.2984967949346366e-6
3.4379382076178076e-6
4.149599432643044e-6
3.8029216412144693e-6
0.006599739541158094
-0.0024018044812139806
0.00016527486104681932
0.0002195595944847486
0.000022946362957329926
5.74982554522503e-6
7.983243514668428e-6
7.120860361140426e-6
6.147933093363292e-6
3.3222230697049337e-6
0.01353552262604136
-0.005047522129161169
-0.0005588206749901353
0.0002851123339506194
0.00004983986219023141
0.000014616358494953831
6.187221416810017e-6
3.2065980172228428e-6
9.267563439288895e-7
0.014020857870965846
-0.004857164484702324
0.0033896231009571806
0.0005133730418405045
0.000046337527446523374
-0.000010209637495953541
-0.000017830097310412414
-0.000013743973611498321
0.040972726628990166
-0.028373635575432817
0.002249724726360008
0.0002411257000502723
0.00003399569375425464
0.000021503772400614006
0.00001503693726944636
0.13244584154644695
0.005955169864807351
0.0067451726863012864
0.0011670159509194955
0.0002946288394494934
0.0001431074211125224
0.08093633748543191
-0.02139167368825637
-0.0022106588914637734
0.0014767979089476057
0.0007871017568305881
0.1707401119235594
0.001158100812291872
0.00463396747641952
0.004299580060790109
0.05372326245408856
0.03940876973358271
0.02349988373095283
0.063632420394815
0.05621425195909509
0.06955182174280135
0.00024190315141413865
0.00007151546073115994
0.000012322024353648177
1.641315898986374e-6
-7.245582269349294e-8
1.2588254479174523e-6
-5.461056650185712e-8
4.3065712453523136e-8
1.635702294956759e-7
2.8948001610484624e-7
3.4503088378917195e-7
5.313223618030531e-7
7.121783142256835e-7
9.068282376930685e-7
8.876724989985796e-7
5.333492203228987e-7
4.551410259960907e-7
0.0003035026928390009
0.00008153983144669232
4.008322955221215e-6
5.659023016370308e-6
0.000020966057089343997
1.7941066873841853e-6
3.8814671135978103e-7
3.620961063948766e-7
1.6539602249400953e-7
7.182666789580265e-7
7.177104240938439e-7
9.632919739081827e-7
1.320559125452167e-6
2.2812827768142137e-6
2.19037366938601e-6
1.5878936388730367e-6
0.0004313234185677701
0.00019232652785449892
0.00004876610530895165
0.000034148378859823856
8.532351993956676e-6
8.180223869880621e-7
5.669937654162176e-7
3.0411854107897254e-7
4.386461189844789e-7
1.2473347127092203e-6
1.1252434071786853e-6
1.1769996705913863e-6
2.1200004953442137e-6
1.7156894393996565e-6
1.872636109654806e-6
0.0011603758113620099
-0.000012086168949608377
-5.116887140002567e-6
3.4624509501403386e-6
2.0529970962988228e-6
4.986717394642703e-7
9.366158055384532e-8
3.868844363368504e-7
1.3235504975863886e-6
4.166554317704783e-7
3.367057780656773e-7
7.947026516916043e-7
1.1042957066134882e-6
1.1180480513321816e-6
0.0010968982037229179
0.000018562950601134236
0.00008356731775256621
0.00002406458013737547
2.3663588530161826e-6
5.062874686432064e-7
8.413340786564894e-7
1.5336507547380638e-6
1.5201167415783138e-6
1.344392785369079e-6
2.2625739425311056e-6
2.160079550032341e-6
2.0283735702160417e-6
0.0020242215241384033
0.0002980150479884016
0.00014008279217157406
0.000027497496958181906
2.289438232609233e-6
4.418369687245254e-7
7.9108029376171e-7
7.089060441917289e-7
1.6241300104705298e-6
1.337356418075776e-6
1.6754022098799456e-6
2.086059702991228e-6
0.002792607655661029
0.00025572665151210236
0.00008773667790240479
0.00004051359552376686
4.2728924735281525e-6
1.127268086761358e-6
2.964269137835497e-7
1.0530874110157958e-6
1.636516230984862e-6
2.2512285778408915e-6
2.0996762451429877e-6
0.002642376941778171
-0.0008704678782943098
0.0000386893259797197
0.00007464585792482934
0.000010595820165181614
2.572614041541722e-6
3.647973640308631e-6
3.2989236444528163e-6
2.6642388663339237e-6
1.4666942884950898e-6
0.0054848597142214735
-0.0018648027650797225
-0.00027239593976054855
0.00011824587099753606
0.00002184964847152448
5.317692743413992e-6
1.4368073839767172e-6
-6.490555513201824e-7
-1.1516985613108237e-6
0.006375271642145403
-0.0021690506608249183
0.001475085485925012
0.00020043919493479274
0.000016515994113889542
-8.129357194501302e-6
-0.000012867389011294324
-7.819972234683974e-6
0.020070318465447195
-0.011735757417431944
0.00096568892098954
0.00009391064781036746
0.00001269227869687255
0.00001153687008501685
9.0894340902337e-6
0.06477728783338742
0.006341190492072785
0.0032813980344802035
0.000558974600469076
0.0001487963053444654
0.00009206909225579986
0.03975229666086614
-0.008263092911804161
-0.0011009475764985053
0.0005921179888612302
0.00036592353470662933
0.0780222796152913
0.0013283716640249267
0.0027256245053507485
0.002515823811585534
0.03037945954416836
0.023349261626167735
0.0153088342456382
0.0401498927684622
0.038037096379756635
0.04853939057133009
0.00014556200235549434
0.000042042569057188546
7.004170451352933e-6
9.097137736605298e-7
9.120713204597883e-8
7.087502066227378e-8
-9.433510829647401e-8
-2.4524867092901803e-9
8.068147692319897e-8
1.6680306880398067e-7
2.3380584132495614e-7
3.642857313723454e-7
4.929778299798352e-7
6.230808310041518e-7
6.333315779276277e-7
3.919989591630454e-7
4.213823376845021e-7
0.00015613067692213527
0.00004428215177833809
2.630261716538411e-6
2.594173125374947e-6
7.872509517140071e-6
5.800556864763132e-7
1.5753800942207612e-7
1.9480426616672273e-7
1.1723935443046121e-7
4.2482757476791283e-7
4.560896297771002e-7
6.443657146711783e-7
8.929139730588707e-7
1.3669046562825549e-6
1.365906745678529e-6
1.62301564910491e-6
0.00019646177360014698
0.00006594453031322498
0.000022075776916009063
0.000012501718907127299
3.530818781778523e-6
2.84541541713478e-7
2.6624401033304205e-7
1.7802417270489523e-7
2.85937744805638e-7
6.92453693263637e-7
6.936473050496411e-7
7.718996964162131e-7
1.246256289087198e-6
1.0535521843243843e-6
1.0338349565588246e-6
0.0005175519044866235
7.336366940583008e-6
-5.770298016345249e-6
5.94452070645379e-7
5.748712197233434e-7
1.0422066654616361e-7
8.492678400639138e-8
2.1385389491187805e-7
6.726608498809361e-7
3.045456511487637e-7
2.5699672710951397e-7
5.051028859860843e-7
7.419451293303297e-7
7.968137923522999e-7
0.000436693638600735
-0.00001458619396975032
0.000026545407506952892
9.637983450039726e-6
1.0263392887097298e-6
2.4212495153707264e-7
3.914414404022001e-7
7.367898418158501e-7
7.994555429181755e-7
7.676881368788144e-7
1.2663110270858762e-6
1.2008666756465823e-6
9.805871779555884e-7
0.0008127962229449946
0.00013519014776934088
0.00006264617263115286
0.000012756648582608901
8.340777740255228e-7
1.1719582020806932e-7
3.508833589938543e-7
3.2637933741714395e-7
6.449489506850466e-7
5.414818170414642e-7
7.1776847507139e-7
9.446917752997201e-7
0.001137358066425359
0.0001267386510192531
0.00004205153459076948
0.000015190938037804667
1.3020179009375872e-6
4.5729573785855285e-7
1.7627350269427942e-7
5.589712032320442e-7
8.795819186756653e-7
1.2799500480250094e-6
1.2012533586188963e-6
0.0011246191807111018
-0.00033697116811816114
7.17054655914064e-6
0.000021152371979943392
4.2489281222124454e-6
1.1784717030724423e-6
1.6198463578220616e-6
1.633993380444955e-6
1.316986868294573e-6
7.718276766161152e-7
0.0022133871669616574
-0.0007030598819454541
-0.0001065837339002603
0.000041017889756523136
8.419224907165457e-6
1.52368466302563e-6
-1.7952278257146255e-7
-1.5074597305211946e-6
-1.7409820365664603e-6
0.0025924493648366736
-0.0007592780216955218
0.0005736310571064069
0.00006985167345859162
3.867717236125749e-6
-4.849128297480175e-6
-7.449527346229775e-6
-3.369774672295609e-6
0.008340393922400012
-0.004213443385207683
0.0003822770668781067
0.00002974605098611675
2.646535770691524e-7
2.2118587618135626e-6
2.3811079957395053e-6
0.027877515115579104
0.0036362906815116695
0.0013680818803991329
0.00023069754233919114
0.00006984681367192951
0.000057356571089390734
0.01721453940092369
-0.003030708035225041
-0.0005297570070989003
0.00026413876267678005
0.00020305688770479025
0.03325039915673015
0.0009929178165324314
0.0014670749503625056
0.0013611914796598265
0.01676372480884288
0.013309197325832288
0.009471797499480149
0.024129045003713278
0.024813711264034446
0.034488465547511185
0.00008928212310528648
0.00002589905593877679
4.042210259893537e-6
5.232409167038525e-7
3.53736988603362e-8
-9.67516274186064e-8
-7.963329441535509e-8
-1.8407374261889714e-8
4.248115141658889e-8
1.077405434969333e-7
1.6244624650361502e-7
2.5561510068112605e-7
3.440556304941334e-7
4.431500158061116e-7
4.876494307612217e-7
3.874864887953576e-7
4.3615404508643765e-7
0.00008268181667911663
0.00002469746447419608
1.8877499966555413e-6
1.3498830670837094e-6
2.964304555710904e-6
1.4425145349086548e-7
5.427016456131879e-8
1.1043141374137176e-7
8.720235284632322e-8
2.5817761267497056e-7
3.050227083882731e-7
4.3748261932622203e-7
6.216635939768987e-7
8.80028002342276e-7
1.033765556818894e-6
1.7242741901676224e-6
0.00008898500428132466
0.000022988927572461742
0.000010216796757712692
5.151512843045721e-6
1.4163743518407782e-6
7.478187655344895e-8
1.222687143604056e-7
1.0866979301291672e-7
1.8735989589387037e-7
3.904590279376263e-7
4.2989703418854704e-7
5.170534144150955e-7
7.486072579078373e-7
7.216093860196093e-7
7.191131090049251e-7
0.00024116998009753293
0.00001108653481501511
-1.561518122853069e-6
-9.060871976976758e-8
1.4660572862572688e-7
2.9644525020896474e-8
6.190579860963846e-8
1.2825526397490033e-7
3.516207862502761e-7
2.1782701489734446e-7
2.2528718955187052e-7
3.5463786358824774e-7
5.290013568569924e-7
6.079250342823355e-7
0.0001937583276584034
-2.575188198453019e-6
6.3400225067031606e-6
3.3187269739356076e-6
4.808966266587996e-7
1.3234646541743608e-7
2.2213897791356402e-7
3.7062211184233234e-7
4.487818046001867e-7
4.650977566955481e-7
7.60972858018127e-7
7.506679039002985e-7
5.995603995474949e-7
0.0003318118847757479
0.000053398493736646524
0.00002189029283634694
5.737627846423626e-6
3.0559719079602585e-7
3.31409408810347e-8
1.0865133651562163e-7
1.363846505319542e-7
2.2461088702963192e-7
2.126642476602906e-7
2.640577886697363e-7
3.8048580522284226e-7
0.0003720798815596964
0.000053256760755483585
0.000020739060564213793
6.339177731436008e-6
4.444740583425907e-7
1.9433214569375065e-7
5.489551762531772e-8
2.2048141091497206e-7
3.2201064975437377e-7
4.810008036432263e-7
4.288926563261111e-7
0.00045906148791389877
-0.00015052707103004542
3.895393220665994e-7
5.405502236375241e-6
1.58354837444765e-6
4.975094274926602e-7
6.929852224988335e-7
7.4509693518914e-7
6.652746211789648e-7
4.537405744287338e-7
0.001052978899498143
-0.00033377739272011787
-0.000038749337256170044
0.00001358857240249084
3.130926897666066e-6
5.211946931686288e-7
-3.6171863312542414e-7
-1.0074656564334247e-6
-1.00938396613719e-6
0.0011418836472158057
-0.00014243214755187513
0.00022923453867678073
0.000024820479077260172
7.95205949912031e-7
-2.2368835471470164e-6
-2.8719806034433216e-6
2.032497763804237e-7
0.0034731207645919966
-0.0014085234813303832
0.00012477271994009752
7.94663787246441e-6
-2.2251955792425403e-6
-1.2880700309005819e-6
1.1165743209057507e-8
0.011275507282230375
0.0014655961134722258
0.0005471355625326609
0.00008462470531333426
0.000029928744705810146
0.00003520404530871141
0.006816026383480786
-0.0010836711120900202
-0.00019191247749931914
0.00010823367204150877
0.000113250856602804
0.01203237319050382
0.0006264798979978941
0.0006435240984509496
0.0006337841809153879
0.00793003984178841
0.006593048026918507
0.005041666729779613
0.012437824592400757
0.013961584421283887
0.021745307795187675
0.00005503170051766511
0.00001625086697239603
2.3717554366931847e-6
2.943888924022597e-7
-7.467364456470977e-9
-8.648517049232265e-8
-5.925937994607466e-8
-2.0069445741155376e-8
2.410641822125898e-8
7.075998438886098e-8
1.1363173297937066e-7
1.799533624216042e-7
2.410636201312624e-7
3.155567544033306e-7
3.735351584410117e-7
3.58925104746696e-7
3.9224179407285375e-7
0.00004489263889531395
0.000013934753587458426
1.2637729814143308e-6
7.304440981924381e-7
7.502808465477916e-7
-1.4317771231438018e-8
1.3289484544542063e-8
6.059407250783301e-8
6.67514690323631e-8
1.6382696718702672e-7
2.0721697401354626e-7
2.9558383079592486e-7
4.327201180260458e-7
6.003611485266587e-7
8.14671161304644e-7
1.4942634815365156e-6
0.00004067416231750204
9.097128674402853e-6
4.277682304629461e-6
1.5469456253286642e-6
5.126577489571271e-7
6.711926070122592e-9
6.042921365695117e-8
6.96914240994379e-8
1.223095091614563e-7
2.3531927725759875e-7
2.729968701757902e-7
3.4948676156171047e-7
4.722511057581076e-7
5.145699649616611e-7
5.62406845085641e-7
0.0001142394799042031
8.107178382298196e-6
-3.752546435466198e-7
-1.1733000671244366e-7
2.994061155790617e-8
1.6378482929378603e-8
4.260852590037208e-8
8.079648132636636e-8
1.9910728458014132e-7
1.498510650562506e-7
1.727099407853115e-7
2.520926994184182e-7
3.708471713349668e-7
4.65551566907516e-7
0.00008510590694894179
-1.239054947854098e-6
1.772942599204325e-6
1.135937953510772e-6
2.0780276450546177e-7
7.105101933818712e-8
1.213905935340017e-7
2.1442706401096623e-7
2.6196942861546314e-7
2.8998687026292516e-7
4.5581070247490947e-7
4.7513762149208316e-7
4.218269004764866e-7
0.0001347244603451023
0.000020787022092337236
8.468506710248632e-6
2.4409904591089604e-6
9.878857196316986e-8
1.6857685498934213e-8
4.882882350889505e-8
6.775175643649498e-8
1.0632827600400635e-7
1.179746823236631e-7
1.5101015518468599e-7
2.4478800506889546e-7
0.0001231967748278658
0.000022981502086429442
8.945228928956387e-6
2.1536205069920556e-6
1.2429042749489988e-7
8.65450696761258e-8
2.857028796515336e-8
1.0665868379175696e-7
1.4331179526401946e-7
2.1657819615060465e-7
2.222876819535418e-7
0.00017172192266645653
-0.00005755520418345701
-1.244265232767289e-6
8.619602980549871e-7
6.308681126583877e-7
2.0381352131070718e-7
2.806509442450755e-7
3.3523488820144864e-7
3.6551647859122856e-7
3.9798023118672583e-7
0.00044620256784097886
-0.0001455647239712282
-0.000014560252425780802
4.399605315545584e-6
1.304433256441311e-6
1.7599750359589494e-7
-1.9499072239268903e-7
-4.1468178653138403e-7
-2.7190382512791214e-7
0.0005023902592213891
-0.00001219411511326685
0.00010608825634342171
9.474302310086933e-6
2.4464113314290254e-7
-9.65454384945756e-7
-8.30272755619337e-7
1.219596248501732e-6
0.0015671302295687077
-0.0004835349305633122
0.000032019495492036025
3.1802856246812396e-6
-1.540639372605196e-6
-1.072620078696611e-6
4.628522583907791e-7
0.00512779543545216
0.0006256096607555007
0.00024208704483752517
0.00003521649150526509
0.000013883036139634143
0.000020417171545065053
0.003067863892347287
-0.00041901557640022444
-0.00007675864688383522
0.00004840785250918366
0.0000631931972851033
0.00493652103084828
0.00034046621404689484
0.0002783709172940839
0.000296437320016993
0.0036453667687203987
0.0030264492475535116
0.0024560659803244066
0.0057973668019103055
0.007015977588755983
0.011879924993600924
0.000033971190170615235
0.000010480503092722229
1.4636176162204272e-6
1.7460181492165277e-7
-1.3306645188486378e-8
-6.272146395366698e-8
-4.26484085294009e-8
-1.6652519413740806e-8
1.5122756797327566e-8
4.7832990181775784e-8
8.01153552972323e-8
1.268775153482166e-7
1.6920884683742168e-7
2.2409909705488526e-7
2.7391871685591034e-7
2.8633995606718163e-7
3.09887107921425e-7
0.00002599960621576789
8.308750979196846e-6
8.833906843932478e-7
4.3462775438412603e-7
2.3422350465023868e-7
-2.7543468077931525e-8
-1.1496992195532188e-9
3.520608937931732e-8
4.9802909825203386e-8
1.0874836995963537e-7
1.4537898340341091e-7
2.04446525213624e-7
2.997890852335674e-7
4.116069812177223e-7
5.828177649879118e-7
1.0633404874298259e-6
0.00001969028842995833
3.644518986560449e-6
1.8120837497246865e-6
3.804370815485834e-7
1.6688839488741093e-7
-6.217228839699246e-9
3.015606915733216e-8
4.612761960690254e-8
8.212719505167237e-8
1.4397848990193185e-7
1.7688506443224695e-7
2.3613218214731177e-7
3.066972416207189e-7
3.564729671673367e-7
4.0543229204497115e-7
0.00005420212909631698
4.488508974756726e-6
-5.5520318121543344e-8
-6.119214736300043e-8
1.0311686397823381e-8
1.2125908689903918e-8
2.6660038222945194e-8
5.1385228221894905e-8
1.1060871639047622e-7
1.035981928619366e-7
1.282231634874321e-7
1.817655892425431e-7
2.5930813727693e-7
3.334756395665124e-7
0.00004119239017921527
-2.4935741360700258e-8
6.71573883883438e-7
3.7466476186290386e-7
9.51061139196995e-8
4.06156076816599e-8
7.073577481985433e-8
1.2429882636624966e-7
1.5595952888532247e-7
1.88205064834562e-7
2.827101592441938e-7
3.0984472345244377e-7
2.9886931401022853e-7
0.00005766305479958499
7.934700756159387e-6
3.2350417153295375e-6
1.0612063698935078e-6
3.3737572236608877e-8
1.4194759533361844e-8
2.916138155953139e-8
3.929374530184228e-8
6.311196402414306e-8
8.087405588570138e-8
1.053989500442909e-7
1.7183539768452e-7
0.00003535455837331095
9.842304496586304e-6
4.2086685349113935e-6
8.079132793238118e-7
2.43844936944616e-8
3.919791399886183e-8
2.1741609878613e-8
5.292075320594888e-8
6.974686650295494e-8
1.0867691845466424e-7
1.2427219330404242e-7
0.00006693313532756642
-0.000023709872522019597
-7.833382303950204e-7
2.9449355325008675e-8
2.3405474598957807e-7
8.74837616692995e-8
1.4624356426849198e-7
1.7695513195343427e-7
2.2219292163345284e-7
2.9570387143901373e-7
0.00020070316875893558
-0.00006769208467752648
-3.883792131434832e-6
1.342919842509528e-6
4.6537824795201336e-7
6.92021092529216e-8
-7.778191482617765e-8
-1.3917852771096312e-7
-2.4140600838362492e-9
0.00020118747715908717
-4.917223685070811e-6
0.0000429639858838503
3.027031395423845e-6
-1.2787548622083754e-8
-4.3401058308322364e-7
-2.529880746019594e-7
9.38811132647438e-7
0.0006062470680556625
-0.00012089798019928588
2.47543911241906e-6
1.3694272486458964e-6
-1.057864016673167e-6
-7.255165897727584e-7
5.170973045390795e-7
0.0019243663827063784
0.00021773610863707333
0.00009287622890012566
0.000012884906753130862
6.4820409932084666e-6
0.000010643308723158982
0.0012942675820901723
-0.00018612594994528472
-0.00003327565774340152
0.000024694307642245318
0.00003573503541809426
0.002145776722027096
0.00019028158018157302
0.00012365391795131998
0.00014158582031417307
0.001750395716456306
0.0014842921435807917
0.0012586198012314036
0.002928692058881062
0.003699349307828021
0.006493553606882116
0.00002093290768184384
6.802165950047988e-6
9.195866220865602e-7
1.0694141330457756e-7
-1.1582835246175017e-8
-4.430062428769056e-8
-3.014770984242122e-8
-1.28267432621722e-8
9.887883022797609e-9
3.252073462181563e-8
5.62854916160223e-8
8.898684434398274e-8
1.1820294561690376e-7
1.5800273368882882e-7
1.969902705790124e-7
2.174297793389489e-7
2.357460775609004e-7
0.000015325112088566317
4.979071484657246e-6
6.028629244021864e-7
2.584804216639489e-7
9.292374923528165e-8
-2.1787736163815313e-8
-6.045035880021581e-9
2.0154493253742022e-8
3.6844846601429696e-8
7.417279466711875e-8
1.0323273768610339e-7
1.4267925072229513e-7
2.104600735949041e-7
2.902206920705136e-7
4.1659685391479927e-7
7.308843459516781e-7
9.877687767385954e-6
1.6395470353829842e-6
9.155997496673466e-7
1.0409958154589503e-7
4.20459358567653e-8
-7.2000829812987284e-9
1.5078316378608566e-8
3.0563787458948315e-8
5.456520002065943e-8
9.076337671771464e-8
1.151255422348216e-7
1.5904976887679196e-7
2.0292692860652846e-7
2.462540763488808e-7
2.9337731706338544e-7
0.00002572059717756013
2.63312266251678e-6
-7.526205776949422e-12
-2.8978426995935036e-8
2.4661538064726595e-9
7.801180535379798e-9
1.8361970666304495e-8
3.419338989946528e-8
6.873597436076343e-8
7.417745211796472e-8
9.764011947686695e-8
1.3474874999052377e-7
1.8319982093545735e-7
2.390239039318e-7
0.0000205992581541411
3.517843207063318e-7
2.2039207689212945e-7
1.1190419574151689e-7
4.30942605018795e-8
2.4438657993581603e-8
4.353162507494564e-8
7.78786714545137e-8
9.937120566862692e-8
1.257041515236276e-7
1.830726835528861e-7
2.0621538548097876e-7
2.1320090115470444e-7
0.000026678909666389687
3.2611246019243825e-6
1.1554737413281972e-6
4.551351425668807e-7
1.2470583918777239e-8
1.1939654872340434e-8
2.1213529586078676e-8
2.92184670966031e-8
4.3385134930099275e-8
6.148565924451182e-8
8.328289634184779e-8
1.3541318334933147e-7
0.000012579931232371344
4.124124513525188e-6
1.8426132302785812e-6
3.004358612639096e-7
7.691197421925806e-9
2.169821414527814e-8
1.981321194785096e-8
3.749095655759975e-8
5.101444373358285e-8
7.288989481240007e-8
9.866015704071576e-8
0.000024219745042961722
-8.87864682549331e-6
-5.094532263131855e-7
-4.05673508396455e-8
9.206856867239722e-8
4.62452795330022e-8
8.495476415059385e-8
1.0799085754852309e-7
1.4706908930911394e-7
2.2930048039823547e-7
0.00008418186506868986
-0.00002891534101662442
-1.0623786763061028e-6
4.1754775838510887e-7
2.0601521670624604e-7
4.877921966372124e-8
1.046091620786854e-8
1.3842662754789187e-8
1.30831443246118e-7
0.00008646682182952748
-2.65376068992241e-6
0.00001964734555156032
9.85283001968e-7
-4.8382871547176765e-8
-1.0804712417100342e-7
3.4923009858343505e-8
6.618596945388289e-7
0.0002613037832898381
-0.00002928231855165375
-2.132468002824639e-6
5.206035904317413e-7
-4.3271412769596637e-7
-2.0240612574377748e-7
6.050660812538925e-7
0.000744512909784751
0.00007275470498808449
0.000035021003586349034
4.104020419730573e-6
2.6806224757938906e-6
4.979260632574398e-6
0.000531319122873302
-0.0000857095550284795
-0.00001324105805634593
0.000010539254969270518
0.000017195479722451288
0.0008004590373126097
0.0000822578788448674
0.00004812897929539528
0.00006264070022371364
0.0006885526262981126
0.0006096450949650086
0.0005456775832006346
0.0012448018114358684
0.001643684016432805
0.0029962794547053846
0.00001285556402585255
4.430121420377279e-6
5.956301268716323e-7
6.909229142434951e-8
-9.01197970735631e-9
-3.097298674513704e-8
-2.10550685310286e-8
-9.262442760126617e-9
6.641174020674191e-9
2.2212912230811853e-8
3.921111010564725e-8
6.192592180961001e-8
8.210571051788276e-8
1.1041015227182541e-7
1.3956131608408115e-7
1.5949680838404355e-7
1.7538589037362052e-7
9.18166038583882e-6
3.0405811925932857e-6
4.14942365979835e-7
1.5617615163321039e-7
3.0433586845189976e-8
-1.7235555721435243e-8
-6.570754051667343e-9
1.1973480159793445e-8
2.66401210815369e-8
5.05682099081565e-8
7.310170976463214e-8
9.890856474734402e-8
1.4390118401986323e-7
1.9457943555035272e-7
2.687953323084003e-7
4.3092921084136884e-7
5.355172161902064e-6
1.0461383633404098e-6
4.976877327889375e-7
4.1809574687015366e-8
2.959714421927096e-9
-6.02838028031249e-9
8.485972313309224e-9
2.1152730606899005e-8
3.7719492119101905e-8
6.089812383799969e-8
7.9175485611041e-8
1.1049574286982731e-7
1.408885110829898e-7
1.7255225764946733e-7
2.0677399011706865e-7
0.000012474399874789952
1.7162517136347727e-6
3.0243807995342954e-8
-1.2609554250519075e-8
1.6158809561344226e-10
5.4999386644970184e-9
1.3838323920687195e-8
2.553222813818623e-8
4.6804987698105736e-8
5.648234480361336e-8
7.631168634594282e-8
1.0332450781671647e-7
1.3378896913762565e-7
1.6872933177343329e-7
0.000010498256123310367
3.778833542484056e-7
5.351867093084733e-8
2.6440014057446074e-8
2.0155222108358614e-8
1.5790912389007684e-8
2.933542207430632e-8
5.0232421689238995e-8
6.632747460341369e-8
8.732077427549934e-8
1.241098621430893e-7
1.4308911920365377e-7
1.5629974881284254e-7
0.000013104354705833253
1.4847102552486952e-6
3.570274701717008e-7
1.9579390250299178e-7
5.908841690855964e-9
9.40608637398028e-9
1.5219996314556778e-8
2.166850578963591e-8
3.103037276463141e-8
4.594938788296917e-8
6.093489867346749e-8
9.196162079476041e-8
5.880879394306208e-6
1.6693900737987181e-6
7.64555063338921e-7
1.1873884325197418e-7
8.25150506405173e-9
1.5226013130219127e-8
1.845588536097369e-8
2.989916487774839e-8
4.08869402820748e-8
5.5903384387366985e-8
7.788847202885548e-8
8.498282139135279e-6
-3.004069404707969e-6
-2.8318308163634825e-7
-3.209206224114164e-8
3.893110533747664e-8
2.954853350675079e-8
5.0722440830834266e-8
6.913521623841708e-8
9.501965100968358e-8
1.4342063486114213e-7
0.000036893608575637794
-0.000012270909203236892
-3.934286032762449e-7
8.489318248588685e-8
8.572380384033859e-8
3.679247008328281e-8
3.445934959566029e-8
5.0283082987464155e-8
1.2749385979115446e-7
0.0000351152274949139
-1.870782011825912e-6
7.955852512357367e-6
2.2249552158621575e-7
-4.8183495318407174e-8
-1.240753621736432e-8
5.9592438729466616e-8
3.366066902401203e-7
0.00010367235705209384
-4.802173537339078e-6
-1.223234836806647e-6
1.6693043476404647e-7
-2.251710166876548e-7
-7.63278401706818e-8
3.726661605106981e-7
0.000262088342817396
0.000015653668124748564
0.000012779098746299158
1.0260631310570004e-6
1.0010585433115632e-6
2.085148651465309e-6
0.0002251458095531986
-0.000043942983045176464
-6.730248453263732e-6
4.259361809736604e-6
7.396802752398442e-6
0.0003195287521089744
0.000035923826202873696
0.000018002112654129692
0.000026448174433624064
0.0002951612789419331
0.0002588059781061746
0.00022622965754686813
0.0005208758289922228
0.0006831025196662224
0.001256799905163737
7.864383394264706e-6
2.873738936118953e-6
4.050001075110846e-7
4.545552064624203e-8
-6.5037435596954915e-9
-2.0685083596030122e-8
-1.4402374061218496e-8
-6.345170661511045e-9
4.690197245661705e-9
1.530187588929789e-8
2.704861881688554e-8
4.268638931981281e-8
5.6684626286962104e-8
7.640230096861262e-8
9.72160098323361e-8
1.1252085058337162e-7
1.2513621359253048e-7
5.534559329958125e-6
1.9364005211833677e-6
2.8200496313325587e-7
9.635269738437336e-8
1.0968399179349192e-8
-1.2460196007185278e-8
-4.958993456679325e-9
7.900132394825604e-9
1.903385321013437e-8
3.462226874017493e-8
5.152697921405855e-8
6.916464859986407e-8
9.837802466803334e-8
1.306833777804921e-7
1.7100556106247973e-7
2.4938103126075497e-7
3.072523555478097e-6
7.216524383421982e-7
2.957208249557357e-7
1.488936696762577e-8
-7.150444778458449e-9
-4.3040238432152415e-9
5.603542399693196e-9
1.5109395683451936e-8
2.6808091874868316e-8
4.291823664932137e-8
5.6684978337882284e-8
7.87047131525297e-8
1.0091387087625645e-7
1.226012211185125e-7
1.457681712359435e-7
6.019963982557202e-6
1.1146038458872848e-6
3.811008218851531e-8
-4.848299328939577e-9
-6.022368916343824e-10
3.988935026981492e-9
1.0574839618984899e-8
1.9499176098634066e-8
3.386731960185939e-8
4.349110419025154e-8
5.9408773761589945e-8
7.952817953089476e-8
9.906132273145109e-8
1.2009546945169503e-7
5.503807748164992e-6
3.0233328516734686e-7
1.738460095663216e-8
6.174820110734762e-9
9.767663955748195e-9
1.068838391978994e-8
2.0449068068375615e-8
3.4159325003177316e-8
4.6275561736373915e-8
6.21968841239888e-8
8.647670385963814e-8
1.0087441772310112e-7
1.1262235112375354e-7
6.675807908850365e-6
7.137571158212493e-7
1.093188883087795e-7
8.85683830073447e-8
3.4398354203571764e-9
7.123208505451305e-9
1.1952625059181119e-8
1.6965431925048704e-8
2.4269583056078188e-8
3.4991449986901367e-8
4.463998278184612e-8
6.073821223437867e-8
2.8048548749334333e-6
7.317974677087018e-7
3.1659899468925815e-7
4.3933966573031564e-8
6.3082053941079746e-9
1.0958467040441197e-8
1.4861577042196968e-8
2.270878254934767e-8
3.104031108144768e-8
4.042788327217494e-8
5.355714154053718e-8
3.6960842832350033e-6
-9.215967972289721e-7
-1.995581119695122e-7
-1.8980915688569215e-8
2.0327895581190732e-8
2.1104553926123652e-8
3.398503911385059e-8
4.716485885806004e-8
6.150435926942494e-8
8.520519556326452e-8
0.000016546223825669486
-4.819115463535566e-6
-2.0920020800382084e-7
6.393099238819837e-9
4.014655334301673e-8
2.721830925556308e-8
3.095391036122877e-8
4.062885379821294e-8
7.592697959043328e-8
0.00001447424473835014
-9.423914461256048e-7
3.2093067075646544e-6
2.6559624286721543e-8
-2.2050174610087846e-8
1.8409905566152663e-8
5.0577801935182155e-8
1.6236671723088633e-7
0.00004362653297078595
-1.5983368966643837e-6
-5.716611306663766e-7
3.210108695581925e-8
-9.8467063883153e-8
-3.112691842857023e-8
1.674319539971524e-7
0.00009140317718606391
2.7156641125243963e-6
4.84328706583007e-6
2.3798392468139048e-7
3.6561254000823624e-7
8.435729121931924e-7
0.00009587006906152553
-0.000018940565329235856
-3.1796284829569154e-6
1.5637616406690694e-6
2.961127379537936e-6
0.00011916848314874818
0.0000142212694415504
5.90739186697167e-6
0.000010326563885793726
0.00011496912482643999
0.00010227779845111626
0.00008881830225159982
0.00020451233782932724
0.00026979537385244865
0.0005073820722928449
4.796197607632585e-6
1.8521594328294952e-6
2.7555459261686094e-7
3.0530443068809074e-8
-4.3176401360262465e-9
-1.3736264102493908e-8
-9.75397737329154e-9
-4.286091881628903e-9
3.2470587461192666e-9
1.0425243023495184e-8
1.8457692582297968e-8
2.910274324487143e-8
3.872466268511538e-8
5.2244596737333134e-8
6.672092103216628e-8
7.787105811304443e-8
8.776057786382573e-8
3.351320165503626e-6
1.2373794341066113e-6
1.9335441731581348e-7
6.086755423065455e-8
2.3978321211949014e-9
-8.921574629322418e-9
-3.6274478098084124e-9
5.23884405559011e-9
1.3301171422333722e-8
2.3716768654083317e-8
3.599068653816517e-8
4.8138202134398316e-8
6.713246553394145e-8
8.761186683651705e-8
1.0871042045168322e-7
1.432437082869575e-7
1.812371399761172e-6
5.303640397229222e-7
1.969421324117164e-7
7.835955403841272e-9
-6.3030738898010755e-9
-3.0830291304510234e-9
3.838823071030085e-9
1.082962397982732e-8
1.928230135567891e-8
3.074978341581044e-8
4.1092701583009426e-8
5.659746486944615e-8
7.295749235575547e-8
8.763134461639502e-8
1.0251421945944123e-7
2.8943860342028882e-6
7.198602628743275e-7
3.7308166630661775e-8
-1.62888499011132e-9
-8.788364253347025e-10
2.90682044082114e-9
8.133365030998097e-9
1.494699373300894e-8
2.5066809395384462e-8
3.335188030869869e-8
4.571575238337587e-8
6.073234310764811e-8
7.385283907996684e-8
8.68368208496344e-8
3.004507319212219e-6
2.523907781397802e-7
2.204851167908755e-8
3.370868638568033e-9
4.78972327150174e-9
7.670666641980734e-9
1.4786650404478043e-8
2.4298631397994993e-8
3.35288376037361e-8
4.5658461539457763e-8
6.253692949576662e-8
7.350659381800053e-8
8.292758547496118e-8
3.486228940789449e-6
3.7206488821164855e-7
2.860592620255709e-8
3.9884383324933374e-8
2.674070242520793e-9
5.825470815838721e-9
9.819289509491643e-9
1.3944453199153579e-8
1.9875972797568774e-8
2.783684965767654e-8
3.4435758283867317e-8
4.3015884346654814e-8
1.3850900246414626e-6
3.806171434495643e-7
1.345973900578898e-7
1.6225315552061862e-8
4.737332417257192e-9
8.49116086522875e-9
1.1844038403911918e-8
1.7707319098593848e-8
2.4072786853545497e-8
3.0228110131068846e-8
3.7604621555264196e-8
1.874147440017657e-6
-2.19357286175635e-7
-7.648890398190522e-8
-7.27744590887474e-9
1.2407345098579574e-8
1.576488663824713e-8
2.4662359559934175e-8
3.427152623797666e-8
4.2968264341184225e-8
5.451655007388038e-8
7.921914177194598e-6
-1.8467934648870223e-6
-9.605181122150009e-8
2.023931264202456e-9
2.1366018975164104e-8
1.912635322485365e-8
2.404851501881373e-8
3.033476016536236e-8
4.611125329613199e-8
6.065872238305098e-6
-4.302291334924043e-7
1.3446092303926144e-6
2.1125926967445266e-9
-5.8900415924840584e-9
1.920884401698675e-8
3.382332466032836e-8
7.555505400243602e-8
0.00001890746055241537
-7.902807077471255e-7
-2.5772191542062467e-7
-6.505548961140461e-9
-3.895749427253687e-8
-1.1821676350421781e-8
6.655641680904156e-8
0.00002744932181717242
1.1085395787445388e-6
1.7174644819894123e-6
6.058552356669178e-8
1.350354138037864e-7
3.309135790685912e-7
0.000039253581840009846
-7.53332178767438e-6
-1.4295065175858625e-6
5.680696233844778e-7
1.1620503710039596e-6
0.00004549010031366643
5.530078042188364e-6
1.8076778865441205e-6
3.882701473478201e-6
0.000046001508789111234
0.00004176021384083347
0.00003557616126831949
0.0000824691490696631
0.00010813755697098951
0.0002065226819145378
2.9192615987088336e-6
1.1841297635041238e-6
1.868574605778497e-7
2.070619364329769e-8
-2.623522189100145e-9
-9.033349950874936e-9
-6.53778454942471e-9
-2.8650802764397847e-9
2.2030968993249083e-9
7.031290841868752e-9
1.245614541012238e-8
1.9634422912547185e-8
2.6167353151951764e-8
3.530817517116594e-8
4.517845407590147e-8
5.2917874974271474e-8
5.998753308615427e-8
2.0370871705119105e-6
7.923628413460864e-7
1.333863286788839e-7
3.930221232332467e-8
-8.144526250496218e-10
-6.27884199447305e-9
-2.5792679401601313e-9
3.4925976454160717e-9
9.207472798852612e-9
1.6214438629557353e-8
2.4962794983256062e-8
3.338221194079493e-8
4.5995661299720946e-8
5.958579703937289e-8
7.179035935525431e-8
8.845548195391543e-8
1.1104527168925603e-6
3.934029866092608e-7
1.341203623422121e-7
5.3010154952932205e-9
-4.562760218593648e-9
-2.2182693476979727e-9
2.7084404857175116e-9
7.80555303799827e-9
1.389758776228001e-8
2.2173186667312043e-8
2.9852870870452344e-8
4.088646988630257e-8
5.2889887334205227e-8
6.29925287446224e-8
7.288870038731443e-8
1.4083890321972254e-6
4.758203140322252e-7
3.198792917923501e-8
-5.033690015346818e-10
-9.042628174058228e-10
2.1549794079638184e-9
6.254032552712555e-9
1.146843985775833e-8
1.8872410018590507e-8
2.561825949983111e-8
3.515392219954257e-8
4.6451344573198896e-8
5.582859037060913e-8
6.473581893896859e-8
1.7025171754102273e-6
2.0716095286556264e-7
2.1872516591393488e-8
2.988465344097446e-9
2.742083046241782e-9
5.661238820408105e-9
1.0880169210920132e-8
1.7738994761688044e-8
2.477440796809971e-8
3.397205499832573e-8
4.601645308532132e-8
5.43971350778849e-8
6.177144316069178e-8
1.8737209901668588e-6
2.2045821625715186e-7
1.462681325608058e-8
1.785348499991923e-8
2.258769113773066e-9
4.7920957860421104e-9
8.097864691223978e-9
1.1506715069005147e-8
1.63669490395626e-8
2.256544919492476e-8
2.7472812745269056e-8
3.279159458505435e-8
7.200074279436795e-7
2.3583831311395144e-7
5.623945298946241e-8
5.603718050444743e-9
3.758259765533142e-9
6.7731101742611354e-9
9.608507311027373e-9
1.4174804779860222e-8
1.9259112159811966e-8
2.3718933093178965e-8
2.835600209262043e-8
1.0295264033986516e-6
4.435067141470325e-9
-2.4052245744429998e-8
-1.8185549620434811e-9
8.246260848318637e-9
1.151286247757064e-8
1.7924203675692205e-8
2.4626112053879634e-8
3.044601971247695e-8
3.687204733265678e-8
3.899361194494154e-6
-6.560517928878524e-7
-4.0280109819356376e-8
2.131722189687623e-9
1.217157441602393e-8
1.3713925206409636e-8
1.845767049674912e-8
2.2901644122547755e-8
3.021009844656359e-8
2.552097580997175e-6
-2.0057748665555323e-7
5.588229557552507e-7
3.1361052465613175e-9
1.3750122415015806e-9
1.4141081772451799e-8
2.098945454935474e-8
3.7153007796214684e-8
8.048995210149137e-6
-4.148868461529209e-7
-1.1594098189082848e-7
-8.04159029449165e-9
-1.13930292350364e-8
-5.537727207535789e-10
2.8485025151448715e-8
6.686949493050223e-6
3.3819298124537195e-7
6.330840541229867e-7
1.5716119035567722e-8
5.393329098707805e-8
1.2809201945317845e-7
0.00001678154708622261
-2.9143054329890245e-6
-6.669588579332869e-7
1.9161616867982553e-7
4.437890096112306e-7
0.000017185379583169075
2.0947464603635707e-6
7.065641007862668e-7
1.5557371564621527e-6
0.00001775842366621001
0.000016161174140675685
0.000013570375627271433
0.00003197989106787016
0.00004180962775370737
0.000081375172736087
1.7764136005251054e-6
7.50773654412116e-7
1.260121206902029e-7
1.412031601631971e-8
-1.5148227286178061e-9
-5.875523597349771e-9
-4.338552364827202e-9
-1.8960896054221318e-9
1.4708470975440404e-9
4.693683967706368e-9
8.318298372681758e-9
1.3115488096379186e-8
1.750181312231372e-8
2.361060925088901e-8
3.0248929587679084e-8
3.5475137159361016e-8
4.0340252277937355e-8
1.2433678312990517e-6
5.082378617185787e-7
9.24480141625374e-8
2.5483265420282994e-8
-1.6339041947092327e-9
-4.342669159455757e-9
-1.7960824695268489e-9
2.360292490312669e-9
6.286899845940891e-9
1.1009740464154362e-8
1.712673910810529e-8
2.293879042502273e-8
3.135503513748602e-8
4.052320924796456e-8
4.806387278819979e-8
5.695768768059266e-8
7.139910141322195e-7
2.964215331910434e-7
9.286860718631844e-8
4.202122913052684e-9
-3.216168013538067e-9
-1.6095322627403638e-9
1.956859665092196e-9
5.6519310655274675e-9
1.0066100424878821e-8
1.6102415699495072e-8
2.1766748838919207e-8
2.9702435208884347e-8
3.8535584415398445e-8
4.568003331129686e-8
5.253958214389084e-8
7.355613371855702e-7
3.186888830880855e-7
2.4981434341845365e-8
-1.1057484859352995e-10
-8.195528586772892e-10
1.6227193330723124e-9
4.8080587940935405e-9
8.812255668869084e-9
1.4435739763855714e-8
1.9701062355345745e-8
2.7037171559001912e-8
3.56184075321336e-8
4.258310056070752e-8
4.906932722720308e-8
9.82349912099386e-7
1.5932170729465036e-7
1.885435803967282e-8
2.344657381118077e-9
1.7480669031389324e-9
4.191408215780661e-9
7.982734305425528e-9
1.306200404000491e-8
1.8262285639200023e-8
2.51552713565746e-8
3.386133855353457e-8
4.0216889766469714e-8
4.588807947158962e-8
1.040750254703812e-6
1.47626941511269e-7
1.0734351205898997e-8
8.064744146500472e-9
1.9069650738013088e-9
3.903375503140163e-9
6.621533446986926e-9
9.412913678072208e-9
1.3373633047275698e-8
1.8261233461135584e-8
2.2082690326131647e-8
2.5847956067266423e-8
4.0271299095786766e-7
1.602518747251026e-7
2.3706615065568885e-8
2.8088317428901517e-9
3.0183817544728284e-9
5.417459412270524e-9
7.770010260304872e-9
1.1361833850017505e-8
1.5444324435389473e-8
1.890492795489456e-8
2.2218822592284197e-8
5.917781582728832e-7
4.092287140607747e-8
-6.53057819374716e-9
2.898770564548368e-10
5.810710222891162e-9
8.357560353084537e-9
1.2960566534186975e-8
1.7653033942397402e-8
2.1714219124434565e-8
2.57172744639882e-8
1.9437438356050733e-6
-2.4044768001991323e-7
-1.5365084332515306e-8
2.3582048915441283e-9
7.747598978444382e-9
1.0023968407223645e-8
1.3858330068648804e-8
1.7116586048753166e-8
2.109063165696144e-8
1.1467079401411112e-6
-8.382855853727348e-8
2.211477850215791e-7
2.785221722720748e-9
3.760162791784586e-9
1.0165411816913846e-8
1.3966505846014327e-8
2.0786528383345646e-8
3.3476782630775516e-6
-1.755893282859526e-7
-4.9145541133964565e-8
-1.7465516569760641e-9
-7.746895692512112e-10
4.07532014055398e-9
1.4756437464315083e-8
2.081705930477868e-6
4.128429120451131e-8
2.4945423493622605e-7
4.918414184071611e-9
2.314393294092362e-8
5.14884616610926e-8
7.083116642279071e-6
-1.03944564699828e-6
-3.044232152488478e-7
6.314401485341408e-8
1.709252106172342e-7
6.209007825221532e-6
6.899248183653567e-7
2.6798919402396473e-7
5.923924940999594e-7
6.55002620566904e-6
5.925827814839131e-6
5.0181587447528445e-6
0.000012107752440816349
0.000016035573362673317
0.00003214966220247233
1.0861534677424925e-6
4.732737789693305e-7
8.297054341812407e-8
9.500295085474764e-9
-8.341035413150308e-10
-3.79603824660907e-9
-2.8571674040098895e-9
-1.2479079812003627e-9
9.715230194580397e-10
3.103989265552944e-9
5.503504319452585e-9
8.682166182727456e-9
1.1594875006427897e-8
1.5640955327547435e-8
2.0055600368493027e-8
2.3535504307007734e-8
2.6804378706410305e-8
7.801585204449432e-7
3.2903732089786705e-7
6.367066147154949e-8
1.664465348343124e-8
-1.5622425922785252e-9
-2.9848529794197234e-9
-1.2446774067547508e-9
1.5906979575957943e-9
4.2809897306239985e-9
7.482795641790833e-9
1.1704422939345045e-8
1.5694377944570643e-8
2.136546752263682e-8
2.75896987924532e-8
3.245546220981469e-8
3.769225110363319e-8
4.710437278523629e-7
2.1962260681655774e-7
6.526941464885993e-8
3.5133677212647385e-9
-2.259345303439238e-9
-1.1692903311188195e-9
1.3997526441462557e-9
4.072144716957603e-9
7.260764946646948e-9
1.1639980691279292e-8
1.5762901904892714e-8
2.1478365230911984e-8
2.7908429719481805e-8
3.302264059802686e-8
3.7883184826228344e-8
4.370361816398967e-7
2.1535400201594822e-7
1.9019378333579373e-8
-8.205527909686854e-11
-6.876882961521367e-10
1.206773804486481e-9
3.6411232471440735e-9
6.667668744129005e-9
1.0918732711309166e-8
1.491944857846961e-8
2.047459301746655e-8
2.6927086169746482e-8
3.212814801513244e-8
3.693039949852255e-8
5.84059539457635e-7
1.2086826051917589e-7
1.4712717329052903e-8
1.7970688340980997e-9
1.1808128918738538e-9
3.117239261997443e-9
5.898327124319508e-9
9.708097125114801e-9
1.354875545448469e-8
1.8720222125791774e-8
2.5094358583937074e-8
2.990660450520012e-8
3.4255080808468646e-8
5.846867360998668e-7
1.0083712512676888e-7
9.112316934535218e-9
3.75659187234735e-9
1.567756176432019e-9
3.094338015847293e-9
5.266928702759539e-9
7.491819250760655e-9
1.0637628593978299e-8
1.4457528547580085e-8
1.7451381076711288e-8
2.0301430554359885e-8
2.430316615108241e-7
1.1399490247766447e-7
1.0228014753857449e-8
1.7348687982533215e-9
2.379485067443053e-9
4.246689428660931e-9
6.127470275459821e-9
8.929701729152353e-9
1.215033587863501e-8
1.485277748221604e-8
1.7389534449436684e-8
3.5836889914858824e-7
4.816149742376654e-8
6.33829274426574e-10
1.123764149854922e-9
4.263626633205145e-9
6.212547822831682e-9
9.573151900352246e-9
1.3017793918971275e-8
1.5994430649950558e-8
1.8823903976015742e-8
9.865501375429285e-7
-6.301421771670243e-8
-5.008841800322943e-9
2.196341694760596e-9
5.316630455872806e-9
7.426243207400146e-9
1.0450369378732284e-8
1.2939646325159362e-8
1.5595178152744673e-8
5.682163563460854e-7
-8.655036444513994e-9
8.479259015756526e-8
2.7960679146530517e-9
4.5379750275410895e-9
7.947301443014459e-9
1.055790736584293e-8
1.408744279320856e-8
1.4682325855197857e-6
-6.316032484966144e-8
-1.92954979583396e-8
1.3011579509503166e-9
3.2102315697335165e-9
5.855048947075518e-9
1.0508076185600456e-8
1.0123865479398047e-6
3.777626042178144e-8
1.0815686615077153e-7
4.7703156864542876e-9
1.2275312340147196e-8
2.4024213907003782e-8
3.0397575172321976e-6
-2.892840117371707e-7
-1.3526869451476894e-7
2.2721385416061633e-8
6.831586153184716e-8
2.151004827869549e-6
1.673712481170894e-7
8.27068044713712e-8
2.190194317732515e-7
2.299329778075036e-6
2.1125297714012516e-6
1.8563851824803087e-6
4.624834098638737e-6
6.228212179549018e-6
0.00001278052455333763
6.668548558921268e-7
2.9797191492517043e-7
5.390010621491635e-8
6.262249678176007e-9
-4.673387363389977e-10
-2.443209047728288e-9
-1.8685334024334225e-9
-8.180915028214763e-10
6.358865616875165e-10
2.0361393689450542e-9
3.612312439619694e-9
5.7006149512496e-9
7.614683494286165e-9
1.0273908117730537e-8
1.3177433984472115e-8
1.5468907431883638e-8
1.762258571250282e-8
5.023474693278142e-7
2.1663142508407827e-7
4.2200882322693166e-8
1.1122594889402587e-8
-1.0513738800887232e-9
-2.035853190685107e-9
-8.629881160205991e-10
1.0697138511948225e-9
2.914396608339222e-9
5.09540795885323e-9
7.988921097671851e-9
1.071044187153174e-8
1.4567986614878546e-8
1.8793922549793093e-8
2.2040429460365512e-8
2.5348915367003865e-8
3.188427587385193e-7
1.494416160617632e-7
4.605218572841969e-8
2.833733013677309e-9
-1.5912431949669928e-9
-8.505433268337944e-10
9.910461978825699e-10
2.9121820353091635e-9
5.202293590720235e-9
8.349570400144731e-9
1.1309618079495866e-8
1.5413555026891197e-8
2.0030790823280024e-8
2.369505229151303e-8
2.7149296133608352e-8
2.6301447212402303e-7
1.4308180626093842e-7
1.4156586539226916e-8
-4.14732980486103e-12
-5.250717079296768e-10
8.478363401832981e-10
2.5839542926298316e-9
4.729104012260571e-9
7.746386853191273e-9
1.0591573450675967e-8
1.454766255429795e-8
1.910558041326382e-8
2.278043603662432e-8
2.617439615540235e-8
3.5983046906770564e-7
8.918543075783766e-8
1.1015157929278225e-8
1.318160986199371e-9
8.35836202430084e-10
2.307637381043019e-9
4.344889202316877e-9
7.185167183330022e-9
1.0007986045866488e-8
1.3867195552531113e-8
1.851914692148614e-8
2.2120496728349078e-8
2.5410855462136867e-8
3.4470586365458775e-7
7.220917658721095e-8
8.274499326531744e-9
1.9514069653781146e-9
1.2821898318573823e-9
2.476470623440342e-9
4.2243120960941405e-9
6.004216117823217e-9
8.520917658074102e-9
1.1548621495093997e-8
1.3942644303018528e-8
1.61972150352475e-8
1.6692980072063447e-7
8.599454898052783e-8
5.325803325722357e-9
1.2106287755464353e-9
1.9155600124139556e-9
3.402316691220374e-9
4.925511914529567e-9
7.175356526095312e-9
9.768319416461703e-9
1.1938558243466917e-8
1.3977457150881053e-8
2.292460274872378e-7
4.427577679357085e-8
2.5867917718787544e-9
1.2750542825539984e-9
3.1972685721367143e-9
4.678681818232207e-9
7.165859210490408e-9
9.753458886487788e-9
1.1989982132204751e-8
1.4111604922771998e-8
5.128248866379772e-7
6.674712342790388e-9
1.7383266431442544e-9
1.9795391836124616e-9
3.847834616405249e-9
5.586802031391185e-9
7.931048818031923e-9
9.863133321935786e-9
1.1817647754382618e-8
3.051949173350232e-7
2.7266328332330114e-8
3.233748343018689e-8
2.5343506374689543e-9
4.258637586627271e-9
6.387908599374929e-9
8.29299479025468e-9
1.0483185868032412e-8
7.010422586445758e-7
-1.4598475949541924e-8
-6.030499899305343e-9
2.5033997781201317e-9
4.1270132700537445e-9
5.752374843941126e-9
8.2578760320911e-9
5.648739107982609e-7
4.1814926876275235e-8
4.979786561523359e-8
4.344713006088709e-9
7.880288389667794e-9
1.3081178859008225e-8
1.3279587031131471e-6
-8.988624618153517e-8
-6.25932365805082e-8
1.0676479731572212e-8
2.882220587229492e-8
7.896088627684865e-7
8.338494300982469e-8
3.871838513566508e-8
8.937979503374085e-8
9.376743692650574e-7
8.858833458952654e-7
7.683451915338481e-7
1.9175288646593194e-6
2.50144645630877e-6
5.071616350731258e-6
4.1038820278943037e-7
1.871788689864342e-7
3.478083074801598e-8
4.1243047069056724e-9
-2.5547345165651413e-10
-1.5600754858254755e-9
-1.2137799747638202e-9
-5.327319783498002e-10
4.141424173055822e-10
1.3271333275530479e-9
2.3549444242075414e-9
3.717467307343868e-9
4.966551249129406e-9
6.70192072085403e-9
8.597667012271638e-9
1.0093973468598948e-8
1.1500867188510455e-8
3.214775550248684e-7
1.4142021363435135e-7
2.796563391957614e-8
7.428686461156154e-9
-6.47753246051311e-10
-1.3687970009439863e-9
-5.886026587799235e-10
7.123297963005837e-10
1.96057568784475e-9
3.4287953730934175e-9
5.385760725481526e-9
7.221421292591894e-9
9.81976783822778e-9
1.2668419711996464e-8
1.4848927605791056e-8
1.7024455029348497e-8
2.1330306348200585e-7
1.0205781349345626e-7
3.2112965676259634e-8
2.25218534712984e-9
-1.1004836201943532e-9
-6.069071335789671e-10
6.910793400051848e-10
2.0470693903348928e-9
3.6622118252467336e-9
5.8834535137941204e-9
7.971613901838648e-9
1.086717113112154e-8
1.4125262118833827e-8
1.6710526143745234e-8
1.9140573094004053e-8
1.7929669165774775e-7
9.68239302302022e-8
1.0548667109745386e-8
1.640028656777452e-11
-4.061896547277947e-10
6.082491051770734e-10
1.8679060077594616e-9
3.416181852671049e-9
5.598120916413159e-9
7.657907738889794e-9
1.0525546428611215e-8
1.3811421723767193e-8
1.64648496332356e-8
1.892141202812309e-8
2.2541301106421764e-7
6.505534674568836e-8
8.13362755382139e-9
9.349021043670777e-10
6.072693272446199e-10
1.6899958907472564e-9
3.1684146700070655e-9
5.2577274536008775e-9
7.312380803280001e-9
1.0152270868978212e-8
1.3520197330976574e-8
1.6174816567096974e-8
1.8617093326362407e-8
2.1209323797664673e-7
5.408516027681395e-8
7.173210075742433e-9
1.1987060247817096e-9
1.0326782150853404e-9
1.9722503581106728e-9
3.3700477932945556e-9
4.785156860448066e-9
6.790246016303927e-9
9.182996023854174e-9
1.1092658123211642e-8
1.2884585786515217e-8
1.2330195005502422e-7
6.518020771017713e-8
3.7323335869534695e-9
8.974789120929032e-10
1.5303479368239883e-9
2.7131564143005187e-9
3.934851940524598e-9
5.73097345488882e-9
7.807371925425781e-9
9.543187677531561e-9
1.1173767221996885e-8
1.5371885743606951e-7
3.798064579599513e-8
2.845807638329459e-9
1.1703911152158032e-9
2.4176481983048514e-9
3.5564427670312863e-9
5.4136745107069474e-9
7.394246102996373e-9
9.106532990325691e-9
1.0730123530510762e-8
2.755920312599157e-7
2.931255025197754e-8
3.862018694415395e-9
1.7119494319396517e-9
2.8580629281885005e-9
4.239316108142597e-9
6.050528565015789e-9
7.551869014899525e-9
9.021628626323845e-9
1.8122835554054626e-7
3.500648375558387e-8
1.4133280303063806e-8
2.1310340235837136e-9
3.5473394001640226e-9
5.094828073663586e-9
6.5355330154596895e-9
8.075957362149726e-9
3.4466642447602804e-7
5.298983168463369e-9
-1.1582138483044696e-9
2.454698267353712e-9
3.772101684502457e-9
4.8824911318931054e-9
6.400001207825047e-9
3.355641748291807e-7
3.635247762130342e-8
2.3994860795196542e-8
3.784834262695912e-9
5.577123250132068e-9
8.112596671656878e-9
6.289482864697285e-7
-2.1077360965164324e-8
-2.6362300852916916e-8
6.333620016315013e-9
1.333145336111857e-8
2.908930882560028e-7
5.625129658749717e-8
2.4782591101346754e-8
3.9362446008653793e-8
4.1258889973046697e-7
3.910322241740329e-7
3.2847799942638964e-7
8.05968723095511e-7
9.99961149251574e-7
1.98848592164514e-6