3.028366968984476
-0.5797170226204252
0.09743671786137348
0.00684643981670628
0.012230844091408675
1.5226651359587822
-1.3822072053590746
0.35728086439953705
0.003005476000888933
2.881630021614914
-2.085004359405846
0.3060078462179522
4.295951259039822
-1.9665556167813567
2.364832854806841
2.4235219035617885
-0.35293483927230057
0.05575600515983444
0.004669549904139001
0.00901006126403881
1.124902553640545
-0.9526018090184643
0.16093084977278388
0.0003638296814577241
2.14298989018207
-1.7488174339731422
0.398713226813454
3.993188221861233
-1.9236329671663086
2.3638105746541
1.841637432325593
-0.16698854445627326
0.02930113143140801
0.002716837780233535
0.005493194265752527
0.7747903049061441
-0.6516792542933041
0.06433577738775711
0.00009008171397269399
1.624484136703506
-1.4150808154935262
0.2937872062704825
3.4148393745347203
-1.5059605136583536
2.155704503523257
1.3279746676294706
-0.05392571432949376
0.013085345912740801
0.00146624601989908
0.0028164998917062528
0.5451578840151069
-0.44790155128041687
0.023196897304011026
0.00004467753305688097
1.2142914655290558
-1.0660382763279637
0.15009697542160386
2.6640207938905673
-0.9744489052622758
1.8469598954962105
0.8732044065534755
0.009866592710127634
0.00533632762846608
0.000767409848681599
0.0011710410980838386
0.37571054699115086
-0.3002638208846762
0.008659052814835798
0.000014018379844160522
0.863406488566887
-0.7388463850535869
0.049183699491458156
1.9172467065287755
-0.5360086022271671
1.5254655641953347
0.5296377581141072
0.023006125070981126
0.0023513545215467662
0.0004037454842889867
0.00041251477860584625
0.3057830180775572
-0.18084064915834022
0.003241912916408144
-5.315577423807358e-6
0.5697962339292755
-0.48036852423357224
0.011849417368355908
1.30844702041038
-0.3023819854255578
1.198273697622495
0.2973133332497325
0.015889455296487606
0.0010978997062167908
0.00021361865864029698
0.00013856279607774605
0.26318607674873296
-0.09498341107913627
0.0012717727711979113
-4.1292961803150525e-7
0.35284289062130014
-0.2939506548080267
0.0034279955227097254
0.8475189125634947
-0.207934970956557
0.8764611172694436
0.15689593173633917
0.008950040808833049
0.0005243535880665686
0.00011395064691203373
0.00004398094678737949
0.21050000548226075
-0.0396892880515328
0.0005394937218025411
0.00003181124768058735
0.20797180842895932
-0.16653370417638536
0.0014296221779959409
0.5323162354996556
-0.14136727549811245
0.6473722611630675
0.07708588727327037
0.0036435425073019076
0.00025301796678032726
0.000056405506782666226
0.00003688603131137816
0.14495481896772497
-0.011351387997833029
0.00025495353289272174
0.0000442809303760406
0.1167556165795941
-0.08680254273262013
0.0006897440566132736
0.3355427189208202
-0.08505210363152194
0.49144570891780776
0.035993908635109054
0.0008768826028000981
0.00011748299824361446
0.000026193637622233558
0.000028801826223420766
0.09002802622310067
-0.0012033738083200905
0.000122860960113348
0.00003720456578590751
0.06253311119058812
-0.041740833090165956
0.000356744831380259
0.20672648159534035
-0.03647346720277267
0.37626257242370464
0.016040551065833897
0.00036824178811887816
0.00005318588418248088
0.000012706396987329332
0.000020290195594657293
0.049762268841415325
0.0005881408498039194
0.00005764795823181171
0.00002385819860830743
0.03202311248818333
-0.018741897934023043
0.00017966863443340977
0.12208619655129112
-0.008120688781163279
0.2794173434544855
0.006609276585452291
0.00022747492535102096
0.000023776009964608908
5.793842570169044e-6
0.000012482650088488588
0.025502124537553208
0.0006048242076867336
0.00002739658943359807
0.000015043448545039168
0.01606386461353181
-0.008274285916549311
0.00008271778267104905
0.07231410445870137
0.0005311058361382853
0.18439108155713982
0.0026752184852915227
0.00009544450620426223
0.000010879947368178193
2.7736590731561377e-6
6.86489002863113e-6
0.012963137424806684
0.00021027590218508443
0.00001362959670946692
9.202954380119815e-6
0.008178504252211956
-0.003915536816847654
0.00003441783271574298
0.04407662133745964
0.0012091988200050796
0.11414235755762461
0.0011493647591003476
0.000015062036826373686
4.722905074225243e-6
1.3570325165948116e-6
3.954760003251559e-6
0.006004136902976818
0.000014872494381416906
6.703659273188949e-6
5.29307239552754e-6
0.004300096479717692
-0.002039452375418426
0.000012611696719009163
0.02844847239455069
0.0006502073999349802
0.06815130879439252
0.000490939346404392
4.917424456810989e-6
1.9231138715820763e-6
7.537806569048542e-7
2.4013034319938e-6
0.0025215272749483752
-0.00002419042997441056
3.2215910931784008e-6
3.006694348936922e-6
0.0021799299497343473
-0.0010748205441429058
3.1233552739115018e-6
0.018715720146184625
0.00020005970541922349
0.040668201022362786
0.00021267116658531555
4.125799267086253e-6
8.482481201922825e-7
4.654028980140555e-7
1.487312062460755e-6
0.001067518968009395
-0.000014645186886756707
1.518746498273473e-6
1.700808903797043e-6
0.0010071254017186265
-0.0005139871971236367
-6.08772586248828e-7
0.011472516382665776
0.00005232653598817661
0.024513506497237037
0.00009221638249033346
1.934564874820551e-6
4.108071258646025e-7
3.132459258723757e-7
9.459592327857232e-7
0.00044964265549422974
-9.976714403882418e-6
7.030319196217311e-7
9.718145038348797e-7
0.0004276398311505639
-0.00021269832346254314
-1.546265094895109e-6
0.005799297466180623
-2.0123713517981095e-6
0.014512621119933788
0.0000402508770658366
1.5088615253472153e-6
1.8826816901604215e-7
2.313207883126877e-7
6.923114427127967e-7
0.00018071920803336931
-3.6234754521306544e-6
3.453806706599701e-7
5.627798565706888e-7
0.00018266220603633065
-0.00008362484308332986
-1.0569400146247115e-6
0.002490256346076715
4.561147846616757e-6
0.007491491707842216
0.000018164605671763063
9.987079700792767e-7
8.832450876751189e-8
1.6674817026434907e-7
5.231194923712078e-7
0.00007359624797351383
-1.1593741129444351e-6
1.8506493949380802e-7
3.728297203003539e-7
0.00007587931737893899
-0.00003148674467921519
-4.3049889413426553e-7
0.001152865935180906
7.411940558144821e-6
0.00364284559849117
9.35465436122372e-6
6.938465273948474e-7
4.441194676743204e-8
1.2404354303299636e-7
3.7898623260709903e-7
0.000029426494817050712
-3.281596343594272e-7
1.0246966854385418e-7
2.3644100589311264e-7
0.000029635217548781524
-9.66324114459143e-6
-1.5633787567898982e-7
0.0004645381489304341
5.207734707113364e-6
0.001850315713123717
5.307250904217867e-6
4.888592629960315e-7
2.4667738447979432e-8
9.121255200882686e-8
2.7601323654252204e-7
0.000011838836631083242
-8.0109502907477e-8
6.310330847895479e-8
1.6442192618844457e-7
0.000012190990759009915
-2.8530697964256806e-6
2.020451571264979e-8
0.00019272222254291722
2.4350349295505332e-6
0.0007899185555493788
3.1857367225250523e-6
3.5585647188402644e-7
1.4181144259889328e-8
6.611524565445616e-8
1.894878989491549e-7
5.264058825222524e-6
-1.2769429511879812e-8
4.310990838451223e-8
1.180557705668457e-7
5.116765164819672e-6
-5.349715394876721e-7
5.0529063043036975e-8
0.00007636875695273385
9.710253442884022e-7
0.0003326861441510927
1.992593946811519e-6
2.429257215246109e-7
8.909997071853415e-9
4.719386914320956e-8
1.2889029779429326e-7
2.6060613243272078e-6
1.7024609482209186e-8
3.155454396724595e-8
8.780304471480124e-8
2.37129868707746e-6
-1.1144867066757768e-7
4.134742580927006e-8
0.00003084785745258991
4.2095477602175803e-7
0.00013165304974768004
1.264258999792319e-6
1.6509973618476307e-7
5.7942658428876124e-9
3.357228563546839e-8
8.782114921718215e-8
1.3793019708668495e-6
1.9381542927936873e-8
2.317575931329499e-8
6.446443146585694e-8
1.1786449746018244e-6
-3.5739768496613643e-8
2.9156823998057265e-8
0.000011929017042997505
1.605056956041982e-7
0.000053052001857964154
8.156991713150143e-7
1.1404073227617188e-7
3.867588893476478e-9
2.3921533170563793e-8
6.124478163987319e-8
7.790015150310385e-7
1.774507447606403e-8
1.7038850012591585e-8
4.721307341349186e-8
6.431499394546437e-7
-4.7914945051227016e-9
2.168105628377699e-8
4.390985962533536e-6
6.590645981328486e-8
0.000020600934640614326
5.289874011171024e-7
7.934441927718711e-8
2.6211733934488687e-9
1.693228006237033e-8
4.298041311414066e-8
4.499031426001503e-7
1.4293707732085146e-8
1.2433307459514834e-8
3.436319287446725e-8
3.6671857432022446e-7
5.8099487457168e-9
1.626835457050159e-8
1.5808427298194083e-6
2.3623239127098282e-8
7.846861056477561e-6
3.481138758462659e-7
5.528788786321828e-8
1.7905772590709306e-9
1.196047578716127e-8
3.0262632118842904e-8
2.6905628295529595e-7
1.1178608634285634e-8
9.132179727619615e-9
2.523410311824381e-8
2.17623459122118e-7
9.73561989177689e-9
1.2360693957002946e-8
5.770253040275844e-7
8.848414543909739e-9
2.9890160633911675e-6
2.310644036539912e-7
3.703624277195331e-8
1.2283601990459216e-9
8.423238431104033e-9
2.1282604400208594e-8
1.6506900898629065e-7
8.457009138745491e-9
6.6399923516177455e-9
1.8377391200673502e-8
1.3466000380693803e-7
9.988317542371042e-9
9.392891846498906e-9
2.1792542003466806e-7
1.0058606454610723e-8
1.2519589431742068e-6
1.5234394225811794e-7
2.524471261325627e-8
8.376344686347864e-10
5.858250326253693e-9
1.480886936581662e-8
1.0518645786868249e-7
6.419514461031668e-9
4.873955648408944e-9
1.3510245675248859e-8
8.701150920183841e-8
7.914056642296817e-9
7.195169284437822e-9
1.1078132031989637e-7
9.534771185148737e-9
5.414129900571709e-7