0.00008932956988969889
0.00002143133031772492
5.139271468940234e-6
1.571067981683919e-6
2.228925618936185e-7
7.218746975787564e-8
5.511395417902812e-8
5.870080107489501e-8
5.332394782284011e-8
8.64131143712367e-8
0.00003004654180562195
0.000014331299484741996
3.6200806578742522e-6
3.7034872356339206e-7
6.040669126704598e-8
2.756898149589456e-8
2.1560202123508925e-8
1.519724326417117e-8
1.986108023192529e-8
0.00001919116726963531
7.257541132689081e-6
7.688781267920624e-7
1.0283577869239371e-7
2.2266497319894736e-8
1.0844874326077759e-8
6.043173951488738e-9
5.814845913828407e-9
0.000012723396644050109
4.5249729180647685e-6
7.161223579064054e-7
8.194770250261766e-8
9.966813784042428e-9
3.6736235931383167e-9
2.8580692819162044e-9
9.33976966820808e-6
3.869011495164948e-6
4.825093606901754e-7
1.9221061641938183e-8
2.6099460553340664e-9
1.2414700457861299e-9
7.139675201961751e-6
3.111882977829169e-6
1.4945243974933777e-7
6.952400495000123e-9
1.4152884612196314e-9
5.774511327273264e-6
1.800577296501979e-6
1.3295019146749317e-7
3.6069712608384127e-9
5.159484617368182e-6
1.8267754899183994e-6
1.727505968341005e-8
3.749081535681468e-6
5.211772256402951e-7
2.577143896254354e-6
0.00008164016965053823
0.000020913817928892437
5.0930750513723165e-6
1.560050115908906e-6
2.1983274021129765e-7
6.897911518041355e-8
5.2103388869763326e-8
5.5184937966097216e-8
4.9845174434362065e-8
8.075441642675433e-8
0.00003075806211824913
0.000014969265487908276
3.808993066411311e-6
3.915103213722022e-7
6.273798693540182e-8
2.7784691398897843e-8
2.1368948922963486e-8
1.4865915631577347e-8
1.91128610086495e-8
0.000020413872209613046
7.803142547129628e-6
8.345977869804388e-7
1.1157377820936842e-7
2.372955853118547e-8
1.1287857071417984e-8
6.190099596159912e-9
5.8070380332980696e-9
0.000013852507473536375
4.965406556961379e-6
7.894866067403871e-7
9.051064086878703e-8
1.0793061582943378e-8
3.899713866856349e-9
2.9493086730826235e-9
0.000010319027232320659
4.295755348825396e-6
5.380782490450708e-7
2.1408847695650598e-8
2.8713305759412344e-9
1.3404520764816406e-9
7.967131388432027e-6
3.4854906849183523e-6
1.679207156751425e-7
7.805967719452373e-9
1.5690572814748809e-9
6.490358296477649e-6
2.0304277820374052e-6
1.5023866879858876e-7
4.055036225592258e-9
5.832475714106612e-6
2.0700000476759225e-6
1.9614064210521307e-8
4.2629112616446645e-6
5.950200398458128e-7
2.951042539758399e-6
0.000072100369816883
0.0000196276193924134
4.872320570836787e-6
1.4977708734289296e-6
2.0973428615977571e-7
6.335090034793696e-8
4.715216762240709e-8
4.960921152447623e-8
4.4560632462329277e-8
7.20669193112981e-8
0.000030468399586139395
0.000015198170943999887
3.904775983590763e-6
4.040850585140309e-7
6.34752185546114e-8
2.70996428746434e-8
2.0425591492665324e-8
1.3990940405899332e-8
1.7630585139134146e-8
0.000021184383397585465
8.205910256447058e-6
8.881537492536341e-7
1.1872312402938268e-7
2.4739628201620744e-8
1.144657003193624e-8
6.163457667722852e-9
5.614788623319887e-9
0.000014790807652246833
5.352785887554197e-6
8.559231629672775e-7
9.837223099708076e-8
1.1473785514903735e-8
4.05415680360925e-9
2.9702313461887773e-9
0.000011216225255257064
4.696922391692436e-6
5.914044751428941e-7
2.3507063358934632e-8
3.109487087106437e-9
1.4227025770133027e-9
8.763269369437824e-6
3.850789275741447e-6
1.8628419944916533e-7
8.65721687588608e-9
1.7160165439802015e-9
7.202356614767731e-6
2.263725492349896e-6
1.6800565844221775e-7
4.505689582227541e-9
6.525914295487831e-6
2.3229410608967806e-6
2.204798868563518e-8
4.800225648177097e-6
6.72339856307607e-7
3.3449852681826284e-6
0.0000617781173971603
0.000017672136618089237
4.488107003099511e-6
1.3884998123966343e-6
1.9371207770873676e-7
5.609176863108291e-8
4.096433684767246e-8
4.2789279411143936e-8
3.826410392031139e-8
6.168567197692956e-8
0.000029007732882363553
0.000014901614652258178
3.878407190040893e-6
4.053668733119475e-7
6.23450428079702e-8
2.5495199496454006e-8
1.8778958536164797e-8
1.2649705332385958e-8
1.5586919648774993e-8
0.00002131401476585663
8.393596204641066e-6
9.221014402243412e-7
1.2334439221356614e-7
2.512913993447459e-8
1.1263748212812978e-8
5.947523301801454e-9
5.2519037557242615e-9
0.00001541108151594845
5.6432949632237525e-6
9.08784084912044e-7
1.0481624784809845e-7
1.1930390900062987e-8
4.115648318917032e-9
2.916899933309579e-9
0.000011945032900572049
5.038538467111448e-6
6.38484626466718e-7
2.5356302641513276e-8
3.30335685426803e-9
1.4810265589993108e-9
9.469261639491897e-6
4.183381644729811e-6
2.0338238100969606e-7
9.452300354286427e-9
1.8472560856340349e-9
7.866172112331891e-6
2.486192289084217e-6
1.851786718362022e-7
4.9346237675031956e-9
7.1975070721140025e-6
2.571068249926415e-6
2.446937473099383e-8
5.336398732740889e-6
7.510881290722424e-7
3.7516130550443856e-6
0.00005192983079591552
0.000015331553012593576
3.989707876377302e-6
1.2475596578611915e-6
1.74378450154704e-7
4.8530119566793414e-8
3.470799347218225e-8
3.603002091230669e-8
3.2135384012559883e-8
5.1658315843255296e-8
0.000026402549643862748
0.000014017276272660654
3.711437337144056e-6
3.935801294678001e-7
5.932700844075952e-8
2.3148603865975665e-8
1.665722036222566e-8
1.1055411850988327e-8
1.3351681555025092e-8
0.000020638587922785483
8.294597365661906e-6
9.284662495900073e-7
1.244428230779347e-7
2.4760430508474976e-8
1.0720187331085341e-8
5.555184953872022e-9
4.770993288822732e-9
0.000015571721147296163
5.785590546312524e-6
9.400406165721539e-7
1.0896950092014473e-7
1.2082882714183933e-8
4.068147026185855e-9
2.7960669010532157e-9
0.000012399761454737831
5.277495506643699e-6
6.740787139833722e-7
2.675550929060443e-8
3.428215123160328e-9
1.508101057590151e-9
0.000010007471587776905
4.450388350568688e-6
2.1769836059616514e-7
1.0123519916603304e-8
1.9510972631508077e-9
8.423112671591243e-6
2.680462429492176e-6
2.005251245110905e-7
5.309313767769524e-9
7.799762751797129e-6
2.798133892789491e-6
2.672596259952048e-8
5.838470611778376e-6
8.265348546716838e-7
4.148110325896977e-6
0.000043448797341270504
0.000012999883559394896
3.452931540337238e-6
1.0963550853220735e-6
1.5469358760261215e-7
4.188361534043322e-8
2.9442823124837295e-8
3.047017558442446e-8
2.714779429828252e-8
4.367606753337938e-8
0.000022985394150178995
0.000012596692685446885
3.4081128401708927e-6
3.687196357282124e-7
5.470960847214674e-8
2.0414873233678126e-8
1.4412268835112758e-8
9.487106646916061e-9
1.134524986082772e-8
0.00001909575319107182
7.860966785204264e-6
9.004476687427484e-7
1.2116921608017003e-7
2.3568262655509233e-8
9.847926465231471e-9
5.026018650941393e-9
4.242460551190212e-9
0.00001514398313534055
5.727406015561422e-6
9.411400259497091e-7
1.0988868902877103e-7
1.1859234814667227e-8
3.901306731602036e-9
2.6186657792893044e-9
0.000012464641274718094
5.364676285976335e-6
6.920255146732989e-7
2.7468512667350574e-8
3.456629305703533e-9
1.4958445126613996e-9
0.00001028616488679559
4.6118598692891235e-6
2.2733326581286528e-7
1.0585625631775302e-8
2.012943870367573e-9
8.79960122646466e-6
2.823960446195954e-6
2.1241062127104224e-7
5.588034506843504e-9
8.269300845973664e-6
2.982222740178368e-6
2.862047232611496e-8
6.263115411565389e-6
8.929714696827833e-7
4.507411734691001e-6
0.00003632624283909316
0.00001098118862571756
2.9442639865593966e-6
9.503678031150173e-7
1.3594496207253528e-7
3.6316116120055746e-8
2.5298612317263168e-8
2.617607106384761e-8
2.3304726340792812e-8
3.7630116531307594e-8
0.000019384124866610676
0.00001084805090516118
3.0045334865046486e-6
3.330538861799518e-7
4.899915463118752e-8
1.7675604616419835e-8
1.2337988470556687e-8
8.119755716360768e-9
9.741865648423488e-9
0.000016823570932732265
7.103199973464449e-6
8.354705870977168e-7
1.1316106729035884e-7
2.1603343525579466e-8
8.72944296659444e-9
4.409488131380417e-9
3.7074568478080737e-9
0.000014066607210243704
5.4314474770574826e-6
9.050952961483262e-7
1.0675579318629519e-7
1.121401770398451e-8
3.6102521479328453e-9
2.386833822751278e-9
0.000012039282508055153
5.2530985403555064e-6
6.860235675566386e-7
2.725535776192385e-8
3.362591991510666e-9
1.434822916715843e-9
0.000010210371735934233
4.624478625288836e-6
2.3015596014446417e-7
1.0741588671462304e-8
2.015042826198315e-9
8.91280569713916e-6
2.8903955553629214e-6
2.188876185179544e-7
5.72018177500788e-9
8.530377663075078e-6
3.0965349767795013e-6
2.9903235927472694e-8
6.5556535357070585e-6
9.42903962331743e-7
4.793373090899103e-6
0.00002970934426628528
9.285331262610155e-6
2.4847407912320794e-6
8.100043633671794e-7
1.1686464127692956e-7
3.0730736402480266e-8
2.126407721921031e-8
2.1942049540726105e-8
1.9470122872730617e-8
3.144025823067578e-8
0.00001626582894574451
9.103398868878692e-6
2.5652709520303398e-6
2.908055739337401e-7
4.270505378768617e-8
1.511083343652469e-8
1.0461274008999073e-8
6.8740981200358066e-9
8.260702422236782e-9
0.000014220344900327642
6.125345897023083e-6
7.390992241621565e-7
1.0099448445334927e-7
1.9066923146475945e-8
7.485948968584971e-9
3.749404998271132e-9
3.1487788961688195e-9
0.000012423071813582656
4.901646218637945e-6
8.302424940941588e-7
9.924436414431862e-8
1.0162413480535879e-8
3.2026619306844294e-9
2.0912632120105465e-9
0.000011087212077119203
4.915550854850643e-6
6.515100306791267e-7
2.594307575398189e-8
3.1319520760149485e-9
1.317760777416978e-9
9.709245157847281e-6
4.451633865529444e-6
2.241986662160012e-7
1.0499910411444357e-8
1.940021231428967e-9
8.685733709473878e-6
2.853294811933435e-6
2.179119882323888e-7
5.652899414441857e-9
8.5029263932331e-6
3.111757460270204e-6
3.029157475943204e-8
6.654095501791118e-6
9.675417121322726e-7
4.962344121931612e-6
0.0000231933787007128
7.689746370235805e-6
2.0610872732609873e-6
6.703019996600272e-7
9.642265879989614e-8
2.449649361063963e-8
1.6656920978533855e-8
1.7002995790235813e-8
1.49540321792172e-8
2.4005209120465766e-8
0.000013875701153967606
7.658412984578444e-6
2.1585146355959707e-6
2.470101319701192e-7
3.626882631268492e-8
1.2693107437247742e-8
8.652491885643146e-9
5.599383356895395e-9
6.584766668809194e-9
0.000011839966198595215
5.121509288788164e-6
6.27377957140107e-7
8.651061470428536e-8
1.631931190672532e-8
6.278804103961836e-9
3.1087863570062484e-9
2.56828878590352e-9
0.00001049798754986605
4.2116089191000264e-6
7.248862713684688e-7
8.800703530619996e-8
8.831173481594808e-9
2.7246386315180304e-9
1.7480736514840868e-9
9.701405169708674e-6
4.371414725903184e-6
5.888096356289934e-7
2.354600260069064e-8
2.781329708493353e-9
1.1521985066834632e-9
8.782944838104806e-6
4.08237783293463e-6
2.0847737134272175e-7
9.812537794741085e-9
1.782047897497308e-9
8.078876621050431e-6
2.694546593412835e-6
2.0790401671209225e-7
5.350329303828734e-9
8.123878833851998e-6
3.002614529664298e-6
2.9525365723126174e-8
6.499930150120459e-6
9.578894887042348e-7
4.967411263621957e-6
0.000017787376061578478
6.1083154814707015e-6
1.6729423918963119e-6
5.403587633384607e-7
7.720305035974731e-8
1.9130047169325365e-8
1.2745887772824663e-8
1.2909435570155801e-8
1.1337677202716678e-8
1.8127314834909644e-8
0.000011759414186438853
6.546118211446603e-6
1.8178537339754317e-6
2.0610637729090685e-7
3.0184369058543585e-8
1.0466320129260117e-8
7.022025121715259e-9
4.466330182882779e-9
5.1044935564181365e-9
0.00001006742908427549
4.292515504094455e-6
5.230161450145877e-7
7.247359384184865e-8
1.3786441119849645e-8
5.280983425384743e-9
2.589565236809557e-9
2.088767406865049e-9
8.716609059334675e-6
3.505871799472375e-6
6.0915271528171e-7
7.495457656832403e-8
7.469495066497284e-9
2.273940351699817e-9
1.4370245678030186e-9
8.142150923081057e-6
3.710064860517963e-6
5.06562459936945e-7
2.0389741339074597e-8
2.3723373277468775e-9
9.717023622782267e-10
7.556132271023374e-6
3.556204389858117e-6
1.8418103608247885e-7
8.728682297006377e-9
1.5606957793779552e-9
7.136641413125011e-6
2.418390795817313e-6
1.887304044143913e-7
4.823802679323518e-9
7.385001543913024e-6
2.7603807481068353e-6
2.747903383379548e-8
6.061191968611952e-6
9.075151922427242e-7
4.769978909127098e-6
0.000013870996991246944
4.699040933322219e-6
1.3296636709129595e-6
4.334314480846343e-7
6.195558080215709e-8
1.5279294246084537e-8
1.0147162610109865e-8
1.0321363201430955e-8
9.08035896160509e-9
1.4593423152394961e-8
9.338547175374346e-6
5.47918580936214e-6
1.524665151808877e-6
1.710396880642146e-7
2.4785703343371668e-8
8.426353787871286e-9
5.617600092101055e-9
3.5674442646098087e-9
4.077297592079003e-9
8.701386655792089e-6
3.692048458987688e-6
4.4254631558866516e-7
6.108069545764601e-8
1.164642267463899e-8
4.4718492470397e-9
2.1823967731019187e-9
1.742429593139412e-9
7.405315635457138e-6
2.937205742343946e-6
5.082037492890123e-7
6.27263124943379e-8
6.3074040027573474e-9
1.920684888605914e-9
1.208572320347058e-9
6.762697529249455e-6
3.0781534243275485e-6
4.219379180456509e-7
1.7101583429071934e-8
1.98987827820983e-9
8.144769910314774e-10
6.286084599464107e-6
2.975423631795945e-6
1.5556123769190695e-7
7.429258332565207e-9
1.3175749583214863e-9
6.023650939123108e-6
2.0659253426749605e-6
1.628564211918213e-7
4.151123408329613e-9
6.378718354346893e-6
2.4096934041318095e-6
2.4308472007431172e-8
5.3670787941987035e-6
8.171466139739805e-7
4.360873262073698e-6
0.000010645505496126501
3.6090445220672777e-6
1.0328036609242205e-6
3.470555968565549e-7
5.012427538209902e-8
1.1873114556561335e-8
7.697711445125572e-9
7.76914689026901e-9
6.810610197887224e-9
1.0893576087630964e-8
7.020867797478773e-6
4.260264746558016e-6
1.2415417931499746e-6
1.4260686475780796e-7
2.0295401719151926e-8
6.579287027317619e-9
4.303190848639941e-9
2.719930965246738e-9
3.0953622137462014e-9
7.089525284545818e-6
3.131423505816119e-6
3.805269475668375e-7
5.2112446057821024e-8
9.688815594837049e-9
3.6303818916465133e-9
1.7519077930047895e-9
1.3878541261310394e-9
6.43832724049694e-6
2.5448758795880868e-6
4.3520234572654623e-7
5.3096315056586995e-8
5.361750840507368e-9
1.6334814775507513e-9
1.0171256500509808e-9
5.790491755074752e-6
2.603038507938025e-6
3.5328941339231315e-7
1.4341853509109968e-8
1.6907467377481862e-9
6.948170131777001e-10
5.25551693501496e-6
2.4726824733348524e-6
1.2906214987515503e-7
6.191059286056244e-9
1.1009839495792762e-9
4.992728298051148e-6
1.714100883287944e-6
1.356414458840011e-7
3.469815258007007e-9
5.31244010742995e-6
2.018018058863223e-6
2.056385395905167e-8
4.5367691196658185e-6
6.997442184685179e-7
3.787257296458111e-6
8.195864377028983e-6
2.801902711871352e-6
7.899008654917217e-7
2.702215141504351e-7
4.009538506123562e-8
9.355737968293861e-9
5.962637669614238e-9
6.0037522176187865e-9
5.2631046086953375e-9
8.431794620336955e-9
5.470722023862423e-6
3.198852823403885e-6
9.612522197225784e-7
1.1602116083772702e-7
1.6492867162984324e-8
5.186618458698499e-9
3.3435773440252584e-9
2.103622193493726e-9
2.392504804933914e-9
5.241593147157055e-6
2.425261796595058e-6
3.124902418502275e-7
4.30904129454426e-8
7.763275598361992e-9
2.7762571726521835e-9
1.3260978451006518e-9
1.053380190983418e-9
5.276315553904538e-6
2.1679424687747043e-6
3.7416722193073404e-7
4.535520242580321e-8
4.449009328870651e-9
1.3354436292420301e-9
8.220284077381931e-10
5.032523140336948e-6
2.2671353242990214e-6
3.0574828861077034e-7
1.2297742975412724e-8
1.4489847844553506e-9
5.943987289207001e-10
4.556398385568226e-6
2.1254172070809262e-6
1.0969394019754057e-7
5.240056918861155e-9
9.418733418065777e-10
4.244149839664003e-6
1.4397474722444575e-6
1.1322108368260282e-7
2.9212152914262234e-9
4.428880760875844e-6
1.6755046539539416e-6
1.7083668241022897e-8
3.7591833136837282e-6
5.807655283376295e-7
3.1640499508712867e-6
6.326095046955701e-6
2.118779878617298e-6
6.04885125752667e-7
2.026590405127566e-7
3.0154151496392785e-8
7.09294483333913e-9
4.530228622129618e-9
4.563419268344317e-9
4.009394331148932e-9
6.412693310398918e-9
4.2234704977713416e-6
2.510252361173284e-6
7.246221459670038e-7
8.721337275093596e-8
1.2560357838256668e-8
3.97588763235646e-9
2.5516513372065384e-9
1.603750512080778e-9
1.8138437261357706e-9
4.0334361689155055e-6
1.7924718774962624e-6
2.3380937500277584e-7
3.310576375198837e-8
6.071924562545067e-9
2.141151241874538e-9
1.0194087553529226e-9
8.023003501289707e-10
3.863100725734522e-6
1.6504422426665082e-6
2.972069482663371e-7
3.710777831527389e-8
3.480738386695586e-9
1.0104034964464038e-9
6.155380233975332e-10
4.0268913818141625e-6
1.8844403286793273e-6
2.6059171410590596e-7
1.040181852071503e-8
1.1765683638265906e-9
4.723103899007792e-10
3.902790112485341e-6
1.8452034560891949e-6
9.552521940135814e-8
4.52535125944658e-9
8.07842493368913e-10
3.7037131094925897e-6
1.2538393254657144e-6
9.800148114860995e-8
2.5214836899579866e-9
3.833008711449365e-6
1.4384692407232311e-6
1.4513730886386887e-8
3.1902726827846896e-6
4.867552470417166e-7
2.6339057531031575e-6
4.947343971646174e-6
1.629977703985627e-6
4.6512778102077484e-7
1.5724347504755384e-7
2.2967122539539588e-8
5.460493528610879e-9
3.5186302150419837e-9
3.550790028049164e-9
3.118704065926596e-9
4.990755614650624e-9
3.1759841905446127e-6
1.912562028320433e-6
5.632911289864527e-7
6.584979377499089e-8
9.509200196109922e-9
3.0554235480563643e-9
1.968707726175845e-9
1.2360127196220923e-9
1.405703058239611e-9
3.197409805041573e-6
1.4265957648792108e-6
1.7698918691924696e-7
2.503100878230287e-8
4.73104122767274e-9
1.6916178107328204e-9
8.003672243509818e-10
6.308918979173455e-10
2.964506192170128e-6
1.2101285638057041e-6
2.1875586504792546e-7
2.8314625568229404e-8
2.708408671497501e-9
7.786012080849651e-10
4.741009045620806e-10
2.906361654502992e-6
1.3865355140913422e-6
1.9903373612525836e-7
8.133916692981965e-9
8.927435738633874e-10
3.523090460891779e-10
2.972702525543731e-6
1.4569101340510745e-6
7.819145408990641e-8
3.731413726744216e-9
6.424178235535562e-10
3.0344110466744662e-6
1.0622453867424024e-6
8.425630805695369e-8
2.1177147815770636e-9
3.3059433347434246e-6
1.2514626645077508e-6
1.2609963623893226e-8
2.7860491112861862e-6
4.2371697438942654e-7
2.270834548178863e-6
3.907231617322134e-6
1.2534683180013362e-6
3.5446202589533987e-7
1.2106902844816106e-7
1.812633659098343e-8
4.27320002192987e-9
2.74086196895487e-9
2.7723384041865483e-9
2.4425609810168652e-9
3.912570504421411e-9
2.427972163402312e-6
1.4387831781556424e-6
4.2848516851549535e-7
5.210013376680958e-8
7.407419275377485e-9
2.3307928381740003e-9
1.502769916285538e-9
9.482915488495902e-10
1.0849301161340025e-9
2.33652102756476e-6
1.0767367202347003e-6
1.406921390369105e-7
1.949971841189757e-8
3.5567510884284104e-9
1.262956136254572e-9
5.994898216529227e-10
4.748924963407253e-10
2.3693262024630834e-6
9.836367209256084e-7
1.7113856560125e-7
2.1324816514349837e-8
2.09908243649557e-9
6.170400445876885e-10
3.7436433318103305e-10
2.2930260760542665e-6
1.0451915378440028e-6
1.45425938560344e-7
6.052016362276179e-9
6.958806707948554e-10
2.799297421775747e-10
2.156675011385252e-6
1.0447601704625427e-6
5.685645482910834e-8
2.793968751958658e-9
4.756907438244646e-10
2.195202703457359e-6
7.905772703526036e-7
6.460834983941113e-8
1.614062959674604e-9
2.5411440041433265e-6
9.925431473572795e-7
1.0313390315476109e-8
2.294152074044503e-6
3.6104896065165506e-7
1.9650749801683418e-6
3.1263133435502515e-6
9.76719983272962e-7
2.7435263504581945e-7
9.24002340567984e-8
1.3691106842883046e-8
3.3259266921908824e-9
2.1645290191644094e-9
2.198385979827562e-9
1.9428015050725768e-9
3.1149617072717976e-9
1.8506367459106541e-6
1.0956135630786365e-6
3.2155856132142645e-7
3.8343404832463714e-8
5.5767488430970176e-9
1.7867768893897261e-9
1.1593671731006722e-9
7.365828864254171e-10
8.507598991865487e-10
1.8017035119721094e-6
8.058223817762219e-7
1.0292433659662653e-7
1.4684276485151415e-8
2.7178724216084546e-9
9.630356430386379e-10
4.5981945558052355e-10
3.678145555813881e-10
1.7022532440799135e-6
7.207737890428079e-7
1.3160649399420223e-7
1.6595527590836695e-8
1.5551152976193881e-9
4.520680635363601e-10
2.77906577584515e-10
1.78146384384526e-6
8.451333327780123e-7
1.1758584161883312e-7
4.701360100539612e-9
5.312670412468139e-10
2.1417036658091456e-10
1.764240595101207e-6
8.357201357577125e-7
4.357145410970633e-8
2.111517181643793e-9
3.7614514131478244e-10
1.6855218565009885e-6
5.802040512055288e-7
4.659178409665453e-8
1.2140458121950593e-9
1.8232929939969799e-6
7.089892359259348e-7
7.545863671048331e-9
1.6592148715242052e-6
2.6980185825652696e-7
1.5313114512567113e-6
2.5297142744798505e-6
7.71972527246707e-7
2.1402918350433712e-7
7.211935672842977e-8
1.0748884562208527e-8
2.6378385693854446e-9
1.7358111359406822e-9
1.7697747218067015e-9
1.567813755724857e-9
2.516290396737768e-9
1.4321067457162672e-6
8.366118919002602e-7
2.45641657260496e-7
2.954477860384553e-8
4.262468643510755e-9
1.3866870341954068e-9
9.082462517790059e-10
5.800660821216394e-10
6.761822019446049e-10
1.352804784293331e-6
6.098285294471403e-7
7.876080270522813e-8
1.102551346889923e-8
2.0646402959962172e-9
7.373050332966272e-10
3.518960567499362e-10
2.83219784630327e-10
1.3190041237441818e-6
5.477598069620814e-7
9.688364042647532e-8
1.2457725149482885e-8
1.207522055982342e-9
3.4913602460783664e-10
2.1407375160222292e-10
1.287537649272002e-6
6.012485328332947e-7
8.641401329036813e-8
3.5895093641323937e-9
3.9740710389184837e-10
1.587850902703551e-10
1.2832296745037173e-6
6.364953487024852e-7
3.4688293258961236e-8
1.659260794179107e-9
2.848408223901484e-10
1.3466274221112225e-6
4.770433834514776e-7
3.7943984788509714e-8
9.553072896862285e-10
1.4895811023957028e-6
5.644873079437625e-7
5.761050756853573e-9
1.2635342278401138e-6
1.9595347752153229e-7
1.097069441330464e-6
2.0621641678251702e-6
6.185565583339343e-7
1.6938200182715057e-7
5.655073079232648e-8
8.344550892996699e-9
2.10491705055112e-9
1.4062890950107634e-9
1.440459281328741e-9
1.2792004130674474e-9
2.0555454948756006e-9
1.1228431196590822e-6
6.467886255097548e-7
1.881562415473483e-7
2.223721859848124e-8
3.25529388342917e-9
1.0794644511865135e-9
7.172382061355326e-10
4.6225063239097755e-10
5.44417659275472e-10
1.035497473867882e-6
4.6293172430150205e-7
5.8686251617896504e-8
8.31279311090029e-9
1.5528302706784625e-9
5.625818699625339e-10
2.719841936052127e-10
2.2166271331672701e-10
9.796657884065927e-7
4.057332789810209e-7
7.328871842331948e-8
9.253558332230864e-9
8.889764522741329e-10
2.618748744613941e-10
1.6228864146958286e-10
9.832956781985144e-7
4.651968171103691e-7
6.487522563117037e-8
2.6309815994743723e-9
2.9959239982217084e-10
1.2041945261095258e-10
9.718073990482635e-7
4.624703185138605e-7
2.4571558775585352e-8
1.2158781342362091e-9
2.1041486161701724e-10
9.472395647158487e-7
3.3639931343663804e-7
2.7704107495244622e-8
7.013660878642334e-10
1.0886702910750037e-6
4.312616137890604e-7
4.543658777409641e-9
1.0144711672075594e-6
1.6164928443191088e-7
8.831661280965839e-7
1.685149729517817e-6
5.013546610770615e-7
1.3569031873266056e-7
4.488852835109962e-8
6.608237383485323e-9
1.6972232911009396e-9
1.1490623052553848e-9
1.180982029234074e-9
1.0501775180992687e-9
1.6895395476156116e-9
8.932237941774663e-7
5.071445343472103e-7
1.4584186066662725e-7
1.7134995118432523e-8
2.5149899402485177e-9
8.537359550985404e-10
5.745991087078215e-10
3.7258898691062925e-10
4.4267163146627835e-10
8.02515898290175e-7
3.5429123127069193e-7
4.468652096866513e-8
6.277712363069363e-9
1.1866083382156862e-9
4.3770241373239297e-10
2.1266708604091213e-10
1.7534198553571328e-10
7.433044225646574e-7
3.078689032328026e-7
5.466332054534948e-8
6.922079567613338e-9
6.77720683963407e-10
1.993135014318096e-10
1.2517086599524574e-10
7.350824976150702e-7
3.4049287821022957e-7
4.789038862118534e-8
1.9865261351733254e-9
2.2345764059928587e-10
9.059779837470679e-11
7.107853347441686e-7
3.474517249773287e-7
1.8898215402554543e-8
9.089021460024494e-10
1.5781462286744855e-10
7.323926574856986e-7
2.5989055256217727e-7
2.0721069414879533e-8
5.285796042503373e-10
8.127564271269529e-7
3.0962026951967045e-7
3.241412138793346e-9
7.056004564979598e-7
1.134817155243004e-7
6.54987207664798e-7
1.3728336789453298e-6
4.092790722351782e-7
1.0974778770989778e-7
3.600066029058247e-8
5.268067238579968e-9
1.3743732962505945e-9
9.407230301005935e-10
9.690780104394781e-10
8.622534172314249e-10
1.3884920372497614e-9
7.200300762508678e-7
4.034825743937235e-7
1.1473982305388404e-7
1.332930597026727e-8
1.9663326141026814e-9
6.818833210283912e-10
4.640124503894084e-10
3.0272035254475144e-10
3.6173072059974183e-10
6.309528292507935e-7
2.753066126729418e-7
3.431293130558792e-8
4.805249077814989e-9
9.153351201169689e-10
3.428375069139647e-10
1.6852987822568347e-10
1.4007599545756428e-10
5.714237919417974e-7
2.339843820548988e-7
4.134504301028885e-8
5.230492930939477e-9
5.126085684556552e-10
1.5361216421942732e-10
9.741469749119706e-11
5.520734166202048e-7
2.561812261264832e-7
3.605631940180691e-8
1.4709809474587524e-9
1.6801004690897082e-10
6.852083689208945e-11
5.372596175035805e-7
2.6013331128490205e-7
1.380231567036722e-8
6.721739427128086e-10
1.1815007983855866e-10
5.347577036759884e-7
1.8623527184592053e-7
1.5078176934369073e-8
3.884445220121022e-10
5.906117520598344e-7
2.31867171592009e-7
2.451493129143913e-9
5.451617050433453e-7
8.716007306117263e-8
4.794496887242883e-7
1.1089969747938364e-6
3.346361867998766e-7
8.922170104122621e-8
2.9047347914738028e-8
4.221453449123419e-9
1.112484207478604e-9
7.672542728648623e-10
7.912663023457578e-10
7.036649966392989e-10
1.133849798196813e-9
5.858477000113221e-7
3.250819125624413e-7
9.147145199388471e-8
1.0497859110269987e-8
1.5544113581552246e-9
5.485693297656242e-10
3.76874723112992e-10
2.4657421567932096e-10
2.953759795056278e-10
5.033936349447667e-7
2.1715541773769044e-7
2.6710635202631255e-8
3.7244365274514173e-9
7.129096090352707e-10
2.7248386418753925e-10
1.3484923876916226e-10
1.1270621716329794e-10
4.452253512341671e-7
1.8026274770666557e-7
3.162089871206231e-8
3.9620033912550735e-9
3.9416165666029877e-10
1.194519854481939e-10
7.648638508710173e-11
4.2168254134106693e-7
1.9442908583607183e-7
2.7071095728849982e-8
1.105095218636276e-9
1.273715520044298e-10
5.22469989919944e-11
4.0352823141298876e-7
1.933843838701026e-7
1.025670927430799e-8
4.999659844484901e-10
8.765633761895061e-11
3.9639064678594343e-7
1.392535649808608e-7
1.1277955608328338e-8
2.8621142186583414e-10
4.4309399353669083e-7
1.7175987713817405e-7
1.7769969329445613e-9
3.922536735988451e-7
6.155661519163143e-8
3.491536718181203e-7
8.840583134051272e-7
2.72404026791554e-7
7.251341586344678e-8
2.3473459012666e-8
3.3891422736065523e-9
8.956045627158827e-10
6.198278402145277e-10
6.389976691472644e-10
5.674314032954798e-10
9.145983411411666e-10
4.785189905012082e-7
2.64117207603329e-7
7.369209098983957e-8
8.367730173225546e-9
1.2404977427412764e-9
4.429681266737548e-10
3.0589691664000986e-10
2.002261849801723e-10
2.3960976618101074e-10
4.063855576428277e-7
1.7365871542815023e-7
2.11055122998279e-8
2.927599561781692e-9
5.625756865942246e-10
2.1839924975085528e-10
1.0865029515714731e-10
9.097234557459403e-11
3.521537234515028e-7
1.4107906291188486e-7
2.4524951547820505e-8
3.045698345819308e-9
3.067783335598715e-10
9.40417582255688e-11
6.069622681638697e-11
3.267485374948316e-7
1.4932541777511686e-7
2.05967081109216e-8
8.399948506513517e-10
9.773948993340576e-11
4.042860622482626e-11
3.067391409886367e-7
1.461015716095589e-7
7.71428989674921e-9
3.738009966202079e-10
6.619525106915178e-11
2.98245825188164e-7
1.0402885811097275e-7
8.34817737217372e-9
2.1374784580780587e-10
3.2755171673375354e-7
1.2583344312845713e-7
1.3087499542565507e-9
2.869692083030808e-7
4.563603999703477e-8
2.5739368161838473e-7
6.926844860148012e-7
2.1952663689985075e-7
5.859018422727042e-8
1.8901703860702273e-8
2.713161888577684e-9
7.135487737750522e-10
4.933970627128715e-10
5.07768392015952e-10
4.498701228000612e-10
7.250121482356668e-10
3.900129266964917e-7
2.1519257942694436e-7
5.971843435096517e-8
6.725685192133994e-9
9.957044903540434e-10
3.571332944690673e-10
2.4682619128041065e-10
1.6120917712877e-10
1.920369925706964e-10
3.3038461256084934e-7
1.4028859883692413e-7
1.6887729177201948e-8
2.330730037198734e-9
4.4842202024196e-10
1.7593006940855124e-10
8.774558711924031e-11
7.327903981907908e-11
2.82155314530367e-7
1.1202235724860382e-7
1.930582176606733e-8
2.376030931781058e-9
2.4163573643717847e-10
7.480654458087922e-11
4.846099801812461e-11
2.5696035060938906e-7
1.1643705453805342e-7
1.5911875441035766e-8
6.46884175993106e-10
7.604661336330557e-11
3.1637723042449885e-11
2.3687044252897355e-7
1.1198529838137569e-7
5.8681462179461535e-9
2.8294572152308477e-10
5.0532298244200836e-11
2.269753754198501e-7
7.833809270893181e-8
6.241054820279042e-9
1.6058079014001387e-10
2.445576490255515e-7
9.355156463620437e-8
9.683278667783475e-10
2.1259484887356973e-7
3.354156511106489e-8
1.8701294855321062e-7
5.318440118370243e-7
1.7427817598228203e-7
4.682395618673901e-8
1.5092512401839105e-8
2.1563780762606114e-9
5.603073534896059e-10
3.853780610905566e-10
3.9538852300501553e-10
3.492579514985661e-10
5.625174004362958e-10
3.1532629533159176e-7
1.747857530032404e-7
4.841068446528795e-8
5.425649779592553e-9
8.001584485635601e-10
2.860276963677536e-10
1.9699953176791655e-10
1.2806189476706675e-10
1.5135576092315889e-10
2.689159402081039e-7
1.1388237654325824e-7
1.3627581851320797e-8
1.872640291455107e-9
3.5963051995992177e-10
1.4175708191856843e-10
7.065750598487414e-11
5.861921087959961e-11
2.2804127886215301e-7
8.995761211484356e-8
1.539172291291815e-8
1.8786364713061503e-9
1.922653096957777e-10
5.98997639730839e-11
3.8784471832774367e-11
2.0477034978178382e-7
9.208842537694256e-8
1.247891331985726e-8
5.053959080688511e-10
5.993672423135774e-11
2.5023839285011766e-11
1.8575403090116226e-7
8.714321448506678e-8
4.528675542206465e-9
2.1725709781957513e-10
3.9086557935606575e-11
1.751915222191094e-7
5.988524235032052e-8
4.733428524701635e-9
1.2212554319762512e-10
1.8527215587260572e-7
7.042373830560113e-8
7.22766609779878e-10
1.5883959373112855e-7
2.4739777264314868e-8
1.3677073997179792e-7
3.994065747229668e-7
1.3575767724141647e-7
3.6854381412027967e-8
1.1900355634306785e-8
1.6951357649807135e-9
4.323444389189627e-10
2.9449492804753164e-10
3.008543707628305e-10
2.64819312853007e-10
4.260483635734477e-10
2.5155526756504927e-7
1.407166727012564e-7
3.903806324638069e-8
4.369708852107109e-9
6.406262047285398e-10
2.2653172918386152e-10
1.5486100953357878e-10
9.998049408599319e-11
1.169078492781421e-10
2.178410572891626e-7
9.236146095883067e-8
1.1030526538806628e-8
1.510886136726004e-9
2.8880616142471414e-10
1.1366492623653187e-10
5.645543885392894e-11
4.6373508800551135e-11
1.8489257640721772e-7
7.269385341186888e-8
1.2376118955458995e-8
1.5004718956677973e-9
1.5390591764730787e-10
4.8061511082785696e-11
3.0980693284638567e-11
1.6466495564315378e-7
7.364298703257599e-8
9.91164140541211e-9
3.9983045535988624e-10
4.7713718162418616e-11
1.9943240711836745e-11
1.4754891217143433e-7
6.877297108245838e-8
3.5454460972047698e-9
1.6923355867359002e-10
3.064084054309819e-11
1.3718283900799238e-7
4.646195847527458e-8
3.6458981690576886e-9
9.423598692455567e-11
1.426013536456686e-7
5.3781868351302636e-8
5.468902216250988e-10
1.201636203400865e-7
1.8496684670355492e-8
1.011032677994187e-7
2.9322276395507596e-7
1.0348236875631688e-7
2.8476928259642933e-8
9.23693681210363e-9
1.3144555742147199e-9
3.273310478258148e-10
2.198993371130525e-10
2.2345874884756565e-10
1.9593823064434813e-10
3.1474903049657213e-10
1.971403349535484e-7
1.1172546797237784e-7
3.115227631181948e-8
3.4957142804702494e-9
5.086947321628588e-10
1.7676661311560408e-10
1.1952591696941563e-10
7.651303117210306e-11
8.832162726614466e-11
1.7464202726316102e-7
7.440375312128548e-8
8.90504124955104e-9
1.2174234527557272e-9
2.3105723588797468e-10
9.026679895765601e-11
4.456651285081598e-11
3.6159858119758514e-11
1.4950683305063255e-7
5.878561358489629e-8
9.983897684908631e-9
1.2048246760591268e-9
1.2334706799757024e-10
3.8454304879530744e-11
2.4596297421513704e-11
1.3292643171878013e-7
5.926111400841683e-8
7.93917469633644e-9
3.191375622379252e-10
3.8197447288357347e-11
1.5944510901878164e-11
1.1821131353567094e-7
5.483827405336826e-8
2.8092001680829476e-9
1.3344874710579839e-10
2.4265204989321966e-11
1.087253538443635e-7
3.653649358594249e-8
2.8481284473086865e-9
7.368081676234707e-11
1.1133272675632863e-7
4.169094009021999e-8
4.198248404548029e-10
9.221482658528283e-8
1.4026397213165263e-8
7.57691311089065e-8
2.1060165988388592e-7
7.7081497784739e-8
2.155700730475597e-8
7.043310225767532e-9
1.0037088703305368e-9
2.4313835280494846e-10
1.6050731677564876e-10
1.621170640716864e-10
1.4158931741009587e-10
2.2703382710058277e-10
1.5125596681553933e-7
8.711981399833386e-8
2.4492364639837107e-8
2.765094349278466e-9
3.990746179050813e-10
1.3554827812870764e-10
9.040430805797511e-11
5.7320650230111884e-11
6.523656147127771e-11
1.3789445805285274e-7
5.922512688551879e-8
7.130752808793072e-9
9.744149079092217e-10
1.8329985088659879e-10
7.071519628469197e-11
3.463997602228652e-11
2.772715938582191e-11
1.1988989075948033e-7
4.729577221773861e-8
8.034722511658156e-9
9.674792432252767e-10
9.847267220141802e-11
3.0537358251603455e-11
1.9336001165729946e-11
1.0709877725812423e-7
4.77248733527234e-8
6.380868696818889e-9
2.557470805768889e-10
3.0594639911608744e-11
1.2725260641023425e-11
9.504520561694658e-8
4.397788985100666e-8
2.2432112311202847e-9
1.0612803151641861e-10
1.9333158546684442e-11
8.684786255949004e-8
2.9017981922404622e-8
2.2501143053811816e-9
5.819875452850027e-11
8.791939584249172e-8
3.2727060384285685e-8
3.266508084550163e-10
7.175841786385341e-8
1.0791248850372964e-8
5.7604557965294383e-8
1.482390015665082e-7
5.6107165448896496e-8
1.5972562402656907e-8
5.270528413042016e-9
7.541021140556208e-10
1.7734095978078451e-10
1.1470432058887771e-10
1.150962945106656e-10
1.0013273342529413e-10
1.6025167905337777e-10
1.1338031863441043e-7
6.650956270202209e-8
1.8906667952662838e-8
2.154614226167726e-9
3.0838495845707075e-10
1.019888741569578e-10
6.695542414539903e-11
4.2031013244446714e-11
4.7148672482033126e-11
1.0681202780618421e-7
4.6378171920383014e-8
5.6364691571749735e-9
7.709879431957759e-10
1.4360163584120447e-10
5.447596958599775e-11
2.6440712767094464e-11
2.087531403877886e-11
9.487351338398378e-8
3.765926167581728e-8
6.4156663082411505e-9
7.727522854087992e-10
7.794419785942816e-11
2.3969964271520644e-11
1.500384599823142e-11
8.564954330551208e-8
3.8247037365309945e-8
5.116875884944242e-9
2.046670948407152e-10
2.4390845660130298e-11
1.009012571108193e-11
7.625556175832748e-8
3.52739905527545e-8
1.795986150815366e-9
8.471239770495919e-11
1.5419919313392725e-11
6.955658328123712e-8
2.317104449335228e-8
1.790544767369276e-9
4.624478850070278e-11
6.995025584596123e-8
2.592672736021019e-8
2.568843705770971e-10
5.645861075281834e-8
8.408781148799592e-9
4.43998104175557e-8