0.00023442356830194125
0.00005796426849520436
4.905796812803923e-6
8.314036015113195e-7
9.68734774324662e-8
3.645200580562822e-8
4.1107481505158806e-8
3.941641320927895e-8
3.800877367922237e-8
4.115980582717435e-8
8.199548259911972e-8
7.837187117904261e-8
9.401901936627563e-8
0.00007183549740619167
0.000016613877857394563
3.0097401100887684e-6
2.6280023822968385e-7
6.388506926864611e-8
6.264143298267196e-8
5.0992381892318654e-8
5.1922093740729445e-8
6.060370352746514e-8
1.0616880193572849e-7
1.1805235713357432e-7
1.2869276413229118e-7
0.0000221823173504521
7.401481426688284e-6
4.2887135401690285e-7
3.9305778792639565e-8
1.9023762043630398e-8
1.105130398281745e-8
8.922078975397434e-9
9.181412417681815e-9
1.3423496503822248e-8
1.4497240915953619e-8
1.580357663624614e-8
0.00001198114268110518
3.032437325930977e-6
2.2921151662535952e-7
1.8879017112762494e-8
5.030659533975088e-9
3.5156793363147408e-9
2.6914923862566635e-9
3.8352019716875324e-9
3.7356953962763745e-9
3.940358093633393e-9
8.299902566533732e-6
2.3391373593042202e-6
1.1293045863500754e-7
4.65333560968326e-9
1.8768692297318624e-9
9.841679388318227e-10
1.3189571927973681e-9
8.146142159716975e-10
4.975490820707498e-10
6.363121660314889e-6
1.6246419784108994e-6
6.938730084396513e-8
5.691312724939888e-9
2.0105654639691055e-9
1.7776070163853748e-9
1.0839087706493888e-9
8.399076313918545e-10
5.274199907357821e-6
1.9140270589642626e-6
1.1680907000138008e-7
6.2718202324902355e-9
2.8362133809467167e-9
1.8477250707677867e-9
1.2031608904556508e-9
4.580834328095888e-6
1.1619542410621246e-6
3.378833113179563e-8
6.230143621581193e-9
2.6086676459358023e-9
1.6228771474673775e-9
4.6753084118548655e-6
1.5102005690651623e-6
6.814550042645314e-8
1.0875334313543655e-8
4.518418097111805e-9
4.425706153764622e-6
1.1606669324971705e-6
1.159462852675239e-7
3.453940806774039e-8
4.175590110996889e-6
1.6159982260340257e-6
6.57538990139072e-7
2.8818659662344027e-6
2.0704531369626455e-6
2.508652848762274e-6
0.00020057333123441024
0.00005224456654602191
4.614287042232412e-6
7.88016547444155e-7
9.091042360040621e-8
3.365597279165682e-8
3.777259967008197e-8
3.593507963943068e-8
3.4860267668326034e-8
3.801246119140866e-8
7.503663008091387e-8
7.264977349633546e-8
8.663356710696324e-8
0.00006831707035530195
0.00001653113815256262
3.0323747887752532e-6
2.632774320350768e-7
6.154709614212529e-8
5.9565217511151486e-8
4.80944701776614e-8
4.8915347408308003e-8
5.712400100430807e-8
9.967475402107508e-8
1.1109392797199291e-7
1.2075213381145767e-7
0.00002311367053000172
7.855091109073514e-6
4.5970028896763986e-7
4.1325636998947134e-8
1.9339962262121027e-8
1.1066488960633542e-8
8.811955926986795e-9
8.977125088451199e-9
1.2963047843216147e-8
1.3945287975552774e-8
1.522903099573255e-8
0.000012975184804188524
3.323923278938514e-6
2.5251660865494855e-7
2.0513585083654666e-8
5.320879849272194e-9
3.6760472020908134e-9
2.7572770485564285e-9
3.89476268294772e-9
3.7543281979186254e-9
3.942274357138969e-9
9.178729636585834e-6
2.6039796155384705e-6
1.261961891198629e-7
5.159354669948381e-9
2.059449321686691e-9
1.067538699124217e-9
1.419419271691129e-9
8.58256546076963e-10
5.053676191837045e-10
7.12411845469845e-6
1.8265238168405826e-6
7.824657633303375e-8
6.403023120598084e-9
2.2475851474784836e-9
1.9765453312366295e-9
1.1962796886050794e-9
9.212052580151608e-10
5.950448066771539e-6
2.1649237747771187e-6
1.32384202630824e-7
7.094850959828228e-9
3.1847147401122053e-9
2.06403975019687e-9
1.335474838574461e-9
5.195195547025834e-6
1.3217324334712478e-6
3.849998414121792e-8
7.074687861034248e-9
2.9512924660163367e-9
1.8279004123781135e-9
5.335009389993951e-6
1.7267611195029891e-6
7.796867709586803e-8
1.2435306004700219e-8
5.160293573639978e-9
5.0690779746210575e-6
1.3316870884661742e-6
1.3312500510751716e-7
3.967571191413137e-8
4.796731449893665e-6
1.8587965068825765e-6
7.5696076111937e-7
3.318886718547058e-6
2.386633596569835e-6
2.894762588088399e-6
0.00016950995836383703
0.000045501492998091485
4.175386732059008e-6
7.192492897930123e-7
8.2129701637063e-8
2.9781067429540657e-8
3.325165265504893e-8
3.1453409629218284e-8
3.060772947438435e-8
3.3520864180570413e-8
6.57875047003736e-8
6.42478201621911e-8
7.621082224712882e-8
0.00006226651999904101
0.000015856455643390855
2.95708835214759e-6
2.5558751057016953e-7
5.6943089202595525e-8
5.420092477494223e-8
4.336239103610426e-8
4.4013655652384226e-8
5.1398423278555454e-8
8.931086103655542e-8
9.971293522617315e-8
1.0808451479812008e-7
0.00002339419411375715
8.1321756059923e-6
4.821294426194394e-7
4.241275563736597e-8
1.9063357809998895e-8
1.0719627502129376e-8
8.396445308377747e-9
8.445920551286122e-9
1.2017321810425555e-8
1.2856101541751765e-8
1.4083620707982485e-8
0.00001376488404828265
3.578510054924376e-6
2.735663212184625e-7
2.1888002315956165e-8
5.505405288400156e-9
3.75501554368279e-9
2.7504383459035437e-9
3.848552504200271e-9
3.6625937470716506e-9
3.824670909287431e-9
9.988078695505134e-6
2.8560869592673815e-6
1.390590466162964e-7
5.6375990172818355e-9
2.2239593566149423e-9
1.1389181124611892e-9
1.5012457438110107e-9
8.870367603647505e-10
5.010311959700851e-10
7.86688329267543e-6
2.0276717439849356e-6
8.724770455540546e-8
7.118223085223232e-9
2.4799597002984084e-9
2.1689339741400795e-9
1.3031149130718934e-9
9.971303277677986e-10
6.6390736171149635e-6
2.4241488400285377e-6
1.485577761738539e-7
7.941922632348027e-9
3.537825036765757e-9
2.280854752055962e-9
1.4668876401526685e-9
5.835605423442708e-6
1.4888716465627148e-6
4.3429455894198906e-8
7.956999928161446e-9
3.3084818874920253e-9
2.0409601340703493e-9
6.02569700025891e-6
1.9538269940851096e-6
8.83020771204038e-8
1.4083183915747221e-8
5.84165932793617e-9
5.746427895516484e-6
1.5129749008588384e-6
1.5141515117330085e-7
4.516778705329074e-8
5.458998233183891e-6
2.1193613580225508e-6
8.640733810565676e-7
3.7905154691858886e-6
2.72914249362712e-6
3.3146534469406577e-6
0.00014175789256550025
0.00003870132144929318
3.6520071303666375e-6
6.35333589581966e-7
7.198968977428339e-8
2.548087060918295e-8
2.8306090012623634e-8
2.6727122579715028e-8
2.5983330364130753e-8
2.8452889885608496e-8
5.584258179430187e-8
5.4566043281960246e-8
6.456392195419483e-8
0.000054454002227172796
0.000014598119610062441
2.7818800488842266e-6
2.402190933008612e-7
5.064242758180784e-8
4.7261128755974473e-8
3.747301234613813e-8
3.7924658377426096e-8
4.424949929792296e-8
7.660958212597565e-8
8.556218016553971e-8
9.259092577126513e-8
0.000022846302636588032
8.164072316140518e-6
4.924035261521762e-7
4.232822157996868e-8
1.815385236032917e-8
1.0019606549084975e-8
7.707912151910585e-9
7.638391523451021e-9
1.0697788579337524e-8
1.1360106406807868e-8
1.25082112129946e-8
0.000014229922620236798
3.7667599008781435e-6
2.9026530840026245e-7
2.2849200850187373e-8
5.554231999388106e-9
3.738021975506207e-9
2.6680612995786805e-9
3.7000253511102297e-9
3.469829225976297e-9
3.59909715717933e-9
0.000010651973314519203
3.075581080115313e-6
1.5060507384135104e-7
6.049898649887569e-9
2.3560713378412128e-9
1.1923846621712743e-9
1.5573497247271298e-9
8.991841576568382e-10
4.862666106836547e-10
8.541255383783003e-6
2.2155767212427636e-6
9.583871686364577e-8
7.795068807894665e-9
2.6938316442282378e-9
2.3433644921252404e-9
1.3986378617990314e-9
1.0640052549748826e-9
7.2979023638053185e-6
2.676019434038679e-6
1.6444305554696732e-7
8.771823206033671e-9
3.876842158190075e-9
2.4872005043020435e-9
1.5915271118324533e-9
6.4665072244704216e-6
1.6559712236942551e-6
4.8408332668945275e-8
8.842033864663175e-9
3.6664367592162166e-9
2.25447991411738e-9
6.7272335800203085e-6
2.1868270360304964e-6
9.894393294735247e-8
1.578216759740231e-8
6.5467006718324855e-9
6.447077779588692e-6
1.701680575602129e-6
1.7048436930053335e-7
5.0903878765581145e-8
6.150403023614696e-6
2.3918919022376685e-6
9.762674857611753e-7
4.284655900745142e-6
3.0886958843383423e-6
3.756585253744421e-6
0.00011671357132069097
0.00003262714269903329
3.126997215114112e-6
5.50345508367066e-7
6.229693480887311e-8
2.153590052993997e-8
2.381982113123309e-8
2.2504139129815253e-8
2.1830217344773896e-8
2.383159797976996e-8
4.694217235583475e-8
4.559885330172089e-8
5.405951084988656e-8
0.00004624577821511675
0.000012904173421746009
2.5255012836432143e-6
2.1941545209115965e-7
4.3788204208660485e-8
4.005560543531652e-8
3.156427401994393e-8
3.185137302559282e-8
3.710892176296548e-8
6.411324652874674e-8
7.152982785518683e-8
7.743328687767933e-8
0.000021384254410691838
7.89466403730768e-6
4.871186737964151e-7
4.0947204483081804e-8
1.668781344177101e-8
9.052450957647438e-9
6.850569216499241e-9
6.687810178855591e-9
9.242973532036245e-9
9.735348979347086e-9
1.0793656638934326e-8
0.000014242129007160362
3.854442479876313e-6
3.0009789221239073e-7
2.323624684873244e-8
5.44650586053321e-9
3.6201123016688875e-9
2.519614863784689e-9
3.4721756787760474e-9
3.2084351773654308e-9
3.3015700038467553e-9
0.000011076774216781104
3.2367267221630657e-6
1.5963513967071194e-7
6.3500698514892706e-9
2.4389159800045974e-9
1.2216030498244668e-9
1.5808815502561566e-9
8.947214493640472e-10
4.6531421853746997e-10
9.079761423862614e-6
2.3737986018886883e-6
1.03354665508556e-7
8.379184491029332e-9
2.8705017544203147e-9
2.4850229001783433e-9
1.4759497863030074e-9
1.1176631690652308e-9
7.876537117746253e-6
2.903088728669088e-6
1.789936646868243e-7
9.528534220288481e-9
4.179252237962832e-9
2.670734650627898e-9
1.7035784199435789e-9
7.047523599202404e-6
1.8128180891028577e-6
5.313536449030573e-8
9.679296405378377e-9
4.008115893994082e-9
2.460473927078722e-9
7.3974213514476245e-6
2.4118703028310424e-6
1.092866801021482e-7
1.7448552120084823e-8
7.2483920762415405e-9
7.130613691781698e-6
1.8878195667281565e-6
1.8941949873061726e-7
5.664336435917667e-8
6.83803120628932e-6
2.6654814054757428e-6
1.0895829338118033e-6
4.784857450540864e-6
3.4548869116941132e-6
4.209555537059475e-6
0.0000937433370621006
0.000027468622455052395
2.6591200909884827e-6
4.7432426629725525e-7
5.404907838908386e-8
1.8359667884403826e-8
2.0232127871654775e-8
1.905682314232726e-8
1.855753081090552e-8
2.0292464694233765e-8
3.9846490413789513e-8
3.876117286869801e-8
4.610203195951388e-8
0.00003901807161676773
0.000011051422216271243
2.2254429031978383e-6
1.9638057692063417e-7
3.7607036099743336e-8
3.390202035547972e-8
2.6690709184929094e-8
2.6907710646315582e-8
3.132769890838156e-8
5.412225939905869e-8
6.03492825223644e-8
6.544246012443986e-8
0.00001911008257289054
7.308118441672327e-6
4.6427304967176786e-7
3.831875745625114e-8
1.4858722476768523e-8
7.959847625976488e-9
5.965085224548449e-9
5.762201804949366e-9
7.920598139381342e-9
8.294108234208927e-9
9.25592447441872e-9
0.000013697002895999742
3.807237123196449e-6
3.0041414670001077e-7
2.290309607747199e-8
5.173305748533265e-9
3.404469900741741e-9
2.3215107587088553e-9
3.194246175839569e-9
2.917368279068845e-9
2.974809012716386e-9
0.00001115916242631346
3.309643045103416e-6
1.647149891776214e-7
6.484684080202942e-9
2.4538633070044e-9
1.219528388894244e-9
1.5640826474526639e-9
8.733015285099492e-10
4.4205107437402494e-10
9.400684966323182e-6
2.481666599248263e-6
1.0893079818208577e-7
8.80161341185945e-9
2.9866678725316717e-9
2.5750236384007238e-9
1.5256996406428174e-9
1.1519554452062741e-9
8.309083955730595e-6
3.081976020036415e-6
1.9081494689846566e-7
1.0139660046421609e-8
4.414599343812489e-9
2.8138063209887778e-9
1.7935190029179287e-9
7.524172529872176e-6
1.9460467748497296e-6
5.723431300210941e-8
1.0401685404607222e-8
4.308140886545572e-9
2.644972793793282e-9
7.984623164298284e-6
2.6127989027768536e-6
1.1861427035165587e-7
1.897182848285031e-8
7.903858577223501e-9
7.75105189635546e-6
2.0596055233500795e-6
2.070475453243969e-7
6.203997545304859e-8
7.479731812440414e-6
2.9237186422524875e-6
1.1973177025344642e-6
5.261620167119021e-6
3.806465571844059e-6
4.647852356792438e-6
0.00007349251028989456
0.000022822659038814372
2.246943669158537e-6
4.058620752554566e-7
4.6576667545853605e-8
1.565355534908427e-8
1.7184894141718847e-8
1.6076896816159313e-8
1.5788327674900242e-8
1.7434419727795163e-8
3.378413554898764e-8
3.347109613483863e-8
3.9626870737653776e-8
0.000033209414786301944
9.334873544814152e-6
1.9218531609611995e-6
1.7329995224834962e-7
3.2522687032437804e-8
2.913001274853988e-8
2.297226441574959e-8
2.3200087949666415e-8
2.704884523606142e-8
4.675378904031245e-8
5.227237018349924e-8
5.662673473097931e-8
0.000016376499713216648
6.460373535637458e-6
4.245729644018228e-7
3.467473300038117e-8
1.2906546985681094e-8
6.86757652654426e-9
5.143476809653517e-9
4.955855423288542e-9
6.834560493391077e-9
7.155316641670818e-9
7.999121629724237e-9
0.00001256877228066283
3.6016365795303356e-6
2.890784018215499e-7
2.1758070074678036e-8
4.739197490560001e-9
3.096994168229544e-9
2.0841759649765315e-9
2.875566205969352e-9
2.6095549867154437e-9
2.633941625355121e-9
0.000010807760728594565
3.26450336041064e-6
1.6433583566873657e-7
6.400291202077138e-9
2.382884180723697e-9
1.178088116729601e-9
1.4971033407337898e-9
8.308499508109649e-10
4.1537689052012493e-10
9.415849631906526e-6
2.5158469667045256e-6
1.1155777923082723e-7
8.981926446573712e-9
3.0150905087146996e-9
2.590193320653166e-9
1.5348299764984794e-9
1.1571662635737217e-9
8.518402112405455e-6
3.1845758529221953e-6
1.9819697762476108e-7
1.0515222461358426e-8
4.543761120144833e-9
2.8922463014888853e-9
1.8464973969228048e-9
7.82930724195838e-6
2.038720378229961e-6
6.021805350267028e-8
1.0921199250627106e-8
4.531504811210355e-9
2.7872162801705193e-9
8.42142003441045e-6
2.7680891534583754e-6
1.2596774693280558e-7
2.0203718619152447e-8
8.454457934906414e-9
8.246275016841134e-6
2.201095264218839e-6
2.2180177870784826e-7
6.663718888156169e-8
8.01917183801523e-6
3.1452964557934303e-6
1.2909464839140338e-6
5.677786035475436e-6
4.1172249163340295e-6
5.040370914221846e-6
0.00005705015937976962
0.000018271315689978924
1.8536027958904514e-6
3.3666878639445313e-7
3.858924107941042e-8
1.28088048071319e-8
1.4009279969462032e-8
1.305666999473845e-8
1.2840044220270776e-8
1.4247205309586649e-8
2.7519120052383113e-8
2.7562229501433608e-8
3.225089567528847e-8
0.000027927213804437078
7.891658814507773e-6
1.6355735966798439e-6
1.4979956479171075e-7
2.7669817437260794e-8
2.4604497189518824e-8
1.9305470853172554e-8
1.9518041122251736e-8
2.2788665428871795e-8
3.931996906258635e-8
4.410597678953293e-8
4.752643321765008e-8
0.000013717123904201448
5.493308647323377e-6
3.72463199374591e-7
3.037586654695747e-8
1.0999481260403515e-8
5.811835301820263e-9
4.35725618370579e-9
4.201203523014631e-9
5.796685775401011e-9
6.081942068091742e-9
6.776526560672055e-9
0.000010979196210128526
3.2425316155826455e-6
2.656167903966457e-7
1.9827641117664482e-8
4.169910402660484e-9
2.707397384674335e-9
1.805583906142331e-9
2.495062146481795e-9
2.254876971652055e-9
2.2525188087924237e-9
9.985237546015378e-6
3.0813064113495007e-6
1.5731036948191488e-7
6.060599825464916e-9
2.21579315661151e-9
1.090842302565596e-9
1.3714795316910817e-9
7.594838926933005e-10
3.778438376393119e-10
9.051655927695719e-6
2.4545011952621924e-6
1.1021778148883325e-7
8.840696033351552e-9
2.929500478748201e-9
2.506980283440069e-9
1.4878776441957403e-9
1.1208296703567536e-9
8.425969395057519e-6
3.1809087370309677e-6
1.9926897795665495e-7
1.0556123029057409e-8
4.5223435354213696e-9
2.876521093813892e-9
1.8424526974781964e-9
7.88871008548502e-6
2.071568927592218e-6
6.152175442818245e-8
1.1133643023396378e-8
4.633739111176259e-9
2.8589884891714657e-9
8.629082926455548e-6
2.852170038377819e-6
1.3019193490471155e-7
2.0959147448357614e-8
8.8228404472298e-9
8.541176725564269e-6
2.292589941595804e-6
2.3171677039510632e-7
6.985100499266558e-8
8.385590059145892e-6
3.3029404825019833e-6
1.3594189186781052e-6
5.984977380003583e-6
4.352622235732911e-6
5.345595065604943e-6
0.00004416661970991552
0.000014075861855185208
1.4775964804442804e-6
2.682104631037383e-7
3.050520115752429e-8
9.853495959555067e-9
1.0712755004653856e-8
9.926080867729524e-9
9.749389804877745e-9
1.0774669289163209e-8
2.0895097458626847e-8
2.0750230633607162e-8
2.429943678382652e-8
0.000022307866331174318
6.630582956060432e-6
1.3661907896863807e-6
1.2492293110078096e-7
2.2227776920531737e-8
1.935900340710624e-8
1.496115483998646e-8
1.5060774672676197e-8
1.7553512408154174e-8
3.0075235446818345e-8
3.3699065137265865e-8
3.626496988109267e-8
0.000011569610617479198
4.593947234358251e-6
3.159327374806663e-7
2.5874761671728317e-8
9.222175802974827e-9
4.8007819470461705e-9
3.5572830831561126e-9
3.4030694374987153e-9
4.6177157854793224e-9
4.825785844678373e-9
5.3757218855656275e-9
9.226089633458895e-6
2.781399877886889e-6
2.3260620761163542e-7
1.733736102297356e-8
3.5371116413792024e-9
2.27535027995546e-9
1.4998564070232243e-9
2.0601707594022404e-9
1.847025066107738e-9
1.8330211152619965e-9
8.76634482245899e-6
2.765639228873248e-6
1.4347350079851725e-7
5.4769222516664265e-9
1.964609175990971e-9
9.622882970992834e-10
1.1947043764439786e-9
6.596574500159952e-10
3.2648275581787164e-10
8.288201127226848e-6
2.286082437631318e-6
1.0421051677193451e-7
8.328657622488094e-9
2.7174918640562513e-9
2.3147160151304234e-9
1.3766750344859934e-9
1.036424906357476e-9
7.976267444691332e-6
3.0467639661657518e-6
1.92415692774643e-7
1.0179321703658719e-8
4.316456192722873e-9
2.7441203596379846e-9
1.7658733698662097e-9
7.636677421796182e-6
2.026235180968457e-6
6.058697794080478e-8
1.0939030461687958e-8
4.572055684407314e-9
2.8334748837648277e-9
8.527809330464612e-6
2.8381959088348752e-6
1.3005701288406912e-7
2.1039162099012407e-8
8.924797126451041e-9
8.554637394318432e-6
2.312233957067548e-6
2.345872643152862e-7
7.101900901984133e-8
8.499134561020703e-6
3.365367603908443e-6
1.3899333345279762e-6
6.1269102385165095e-6
4.472034698062321e-6
5.514093504857625e-6
0.000034116032130802396
0.000010865371879746417
1.1587000188247251e-6
2.117500429569422e-7
2.3971789765036906e-8
7.580045138891237e-9
8.193386868781863e-9
7.601471787104255e-9
7.458271078688668e-9
8.250598123179169e-9
1.5905262142553465e-8
1.5832783578019893e-8
1.868677485784818e-8
0.000017170550202614965
5.399808935747685e-6
1.1171458338386543e-6
1.0099724358212087e-7
1.734022150320524e-8
1.481455589233089e-8
1.138774017173555e-8
1.139485510087268e-8
1.3248863952195561e-8
2.2623032789764163e-8
2.5297343218575414e-8
2.7345109351098382e-8
9.910872659432919e-6
3.887734291630289e-6
2.6399756035210373e-7
2.167459471991927e-8
7.676504794090752e-9
3.9466858731601444e-9
2.8676959000036564e-9
2.7013629923191834e-9
3.6000940391686962e-9
3.729062309941984e-9
4.184232830074971e-9
7.687780602432922e-6
2.3151968486899654e-6
1.9618999935656795e-7
1.47230188436643e-8
2.9624399897543105e-9
1.8896887110545165e-9
1.2318763605415703e-9
1.678289794627163e-9
1.4931870962945985e-9
1.48564385667521e-9
7.37465255412545e-6
2.3646220095312725e-6
1.2451009296833837e-7
4.735998414524503e-9
1.6746270174396587e-9
8.167008852163236e-10
1.0037022355521169e-9
5.54210490175074e-10
2.7504319034910595e-10
7.209723751068825e-6
2.0223627318253763e-6
9.368612827291621e-8
7.471044597288228e-9
2.3985630111268636e-9
2.033879442673818e-9
1.2141849145611074e-9
9.149213557420007e-10
7.177352879920725e-6
2.7775182452986864e-6
1.770737388027468e-7
9.36330902255329e-9
3.928314956436953e-9
2.499209467676569e-9
1.6200571741375116e-9
7.04659651411946e-6
1.8923315744288746e-6
5.705480959738801e-8
1.0281615541403403e-8
4.324722221768939e-9
2.69844419225811e-9
8.062060901191516e-6
2.705506323485228e-6
1.245793374340321e-7
2.0283301478462036e-8
8.69168117495586e-9
8.21914673370227e-6
2.2405186844513775e-6
2.283886036469764e-7
6.951964863228618e-8
8.285323990148203e-6
3.3022018224507684e-6
1.3697650531459768e-6
6.047052019102405e-6
4.433702499138919e-6
5.493806742762561e-6
0.0000264718708342959
8.450702129993453e-6
9.020426110957051e-7
1.6763119362278893e-7
1.899307977862994e-8
6.005459759389007e-9
6.501607027446543e-9
6.031909712431517e-9
5.9312084505782734e-9
6.574645869080465e-9
1.27261804381503e-8
1.2713409995217122e-8
1.4866123141708457e-8
0.000013324342573917165
4.198177392153463e-6
9.001201631327004e-7
8.134106810754856e-8
1.3807307255907746e-8
1.179164765267707e-8
9.104180208283767e-9
9.14336698449366e-9
1.064645749304474e-8
1.8272444990270168e-8
2.0503156584256535e-8
2.205696818602473e-8
8.238765309558681e-6
3.323413468714648e-6
2.21999865270486e-7
1.803211301823704e-8
6.2978685490456104e-9
3.23364714259511e-9
2.335230421271255e-9
2.1785393461897253e-9
2.91627107071776e-9
3.0036627980621706e-9
3.4008871904731543e-9
6.576304911125862e-6
1.942651683445264e-6
1.6398059919568268e-7
1.2408874202232332e-8
2.509750067413254e-9
1.5986589882804087e-9
1.0356263280434158e-9
1.409209169260634e-9
1.253192726011084e-9
1.2529525271875785e-9
6.123981819989347e-6
1.964665995454994e-6
1.0418372038876228e-7
3.9842115418013166e-9
1.4062556728656382e-9
6.845275712773373e-10
8.394283312642482e-10
4.6543292883072674e-10
2.3307667640083813e-10
6.027960390885166e-6
1.7088644989824176e-6
8.019032796647472e-8
6.401128536561705e-9
2.0298223393002854e-9
1.7160502902027802e-9
1.0299332223044421e-9
7.783485762343726e-10
6.144464484394867e-6
2.4053390956205708e-6
1.547894290298559e-7
8.196070006238754e-9
3.4087369543938943e-9
2.175032472144845e-9
1.423584887015185e-9
6.173394460217927e-6
1.6781641851742744e-6
5.106249225705201e-8
9.194907948072926e-9
3.901747598710965e-9
2.4571461598843285e-9
7.242286519693963e-6
2.452577357601288e-6
1.1357788346341916e-7
1.8643449156919674e-8
8.090236009411207e-9
7.5170894491135055e-6
2.0692035606188916e-6
2.1211882983913842e-7
6.499839739643462e-8
7.705539384037672e-6
3.094980513535266e-6
1.2905137501145643e-6
5.707005636894628e-6
4.207196435900435e-6
5.244128226426237e-6
0.00002062408758365786
6.446607105437205e-6
6.893138065271087e-7
1.304578509514448e-7
1.4876856745042698e-8
4.543680156566663e-9
4.882131814658532e-9
4.518043077697027e-9
4.4324465518962525e-9
4.903829040772405e-9
9.467618161603862e-9
9.436340532693718e-9
1.1085939376371648e-8
0.000010244410040400685
3.210266106891656e-6
7.162763260953368e-7
6.623764582695289e-8
1.0689328471069224e-8
8.924563836896789e-9
6.847807429627638e-9
6.8601063106307266e-9
7.976357694781046e-9
1.3634960157726713e-8
1.526370387932676e-8
1.6476066065365433e-8
6.337115810727645e-6
2.7204546400916056e-6
1.877500444155868e-7
1.4881507832340122e-8
4.942478134147086e-9
2.5104017598010497e-9
1.8111740398963709e-9
1.6779313211100194e-9
2.2344227051403694e-9
2.286646711791011e-9
2.610732658808324e-9
5.668125896885091e-6
1.68310781806925e-6
1.3991721324378222e-7
1.048982732198727e-8
2.1119592393235844e-9
1.3443297253555166e-9
8.588152292208525e-10
1.1696409284479632e-9
1.0337793386493018e-9
1.0220737047137581e-9
5.22962697160964e-6
1.6509784550100763e-6
8.693960455654906e-8
3.356369938477712e-9
1.1966731231806908e-9
5.812109394962251e-10
7.153462372619093e-10
3.9432780846057675e-10
1.9498450615741812e-10
5.012326249245946e-6
1.4165449064884292e-6
6.66291358335662e-8
5.343039628473126e-9
1.690264315362112e-9
1.4274039231781557e-9
8.587487194657486e-10
6.509903902456566e-10
5.100906381826667e-6
2.0057268528977034e-6
1.2981443657410212e-7
6.8971738121318945e-9
2.85754167036245e-9
1.8304480469960002e-9
1.2079757589580034e-9
5.1806910645018585e-6
1.4199683070639604e-6
4.35377379235092e-8
7.847768993383626e-9
3.3611123386474425e-9
2.137651621328275e-9
6.189494316267933e-6
2.1124869602319827e-6
9.837516458397639e-8
1.6289404843943425e-8
7.1634658445472045e-9
6.527720362533197e-6
1.813868421930519e-6
1.8703913813511198e-7
5.7727903355901617e-8
6.8022390334264585e-6
2.754436832433502e-6
1.1550217155324797e-6
5.116743077133048e-6
3.7946578803102376e-6
4.760947793914495e-6
0.000016272137893820168
4.975772594587238e-6
5.318002754110091e-7
1.0052874016820379e-7
1.1690158644597817e-8
3.5267162482538797e-9
3.782532275000305e-9
3.5058233183251724e-9
3.4407307184618617e-9
3.80712400047626e-9
7.367794297008022e-9
7.338108997591267e-9
8.608469155469877e-9
7.863737853040652e-6
2.4980488337161643e-6
5.537777804443453e-7
5.32714975588812e-8
8.386994848689074e-9
6.908258607805137e-9
5.2923360482214714e-9
5.304884399700706e-9
6.170710529749198e-9
1.0549367137807144e-8
1.182931581751985e-8
1.2737585608691804e-8
4.7783943873116166e-6
2.0580040165911885e-6
1.5270160506923789e-7
1.2035017112050515e-8
3.826205229495842e-9
1.9191196853618473e-9
1.386172255180065e-9
1.288840880329051e-9
1.7156713626305239e-9
1.774327507726618e-9
1.996281334260705e-9
4.524138819434241e-6
1.4274115283030156e-6
1.1966574878868396e-7
8.727348054289423e-9
1.6939870267342652e-9
1.073374019161141e-9
6.773088032064064e-10
9.296796905983368e-10
8.147529721865022e-10
7.835987419810767e-10
4.546502368960755e-6
1.4344228144188016e-6
7.476353414108447e-8
2.868866378862523e-9
1.0253483875263954e-9
4.976389928221713e-10
6.123428367464551e-10
3.351743075093322e-10
1.630038616996087e-10
4.312909107322048e-6
1.2027641785701762e-6
5.59349894814304e-8
4.50608069556815e-9
1.44021290909901e-9
1.2184748376210315e-9
7.319800972082925e-10
5.562821266560702e-10
4.277172346229655e-6
1.670053646028114e-6
1.078524725210274e-7
5.7534163721392424e-9
2.3952243460700873e-9
1.5400055946973016e-9
1.0194030930179107e-9
4.2971545903092025e-6
1.1763942095377953e-6
3.6136715195493483e-8
6.5344666153867404e-9
2.8167885261970764e-9
1.8045329122460209e-9
5.134180586521289e-6
1.7567278999377675e-6
8.206587379338203e-8
1.3677459760297625e-8
6.075812604361346e-9
5.448845314375718e-6
1.5222529600355411e-6
1.5763495177009208e-7
4.893617821939443e-8
5.734937869286615e-6
2.336443581625113e-6
9.842935780789929e-7
4.36578635640256e-6
3.2543401770048745e-6
4.106467358015676e-6
0.000012986914321360611
3.850211180246242e-6
4.0646598169303976e-7
7.648598107049336e-8
8.885006239761669e-9
2.6952946531984423e-9
2.892503659637066e-9
2.689717983528593e-9
2.6289934254805492e-9
2.899938927463484e-9
5.63396535884902e-9
5.5797540348686195e-9
6.5709135496020594e-9
5.982204310475402e-6
1.8962136053789802e-6
4.173907377985272e-7
3.994466950782537e-8
6.347669467997381e-9
5.2372066740574245e-9
4.021884403225354e-9
4.023255013798104e-9
4.673918479438427e-9
8.009195225620563e-9
8.951905770034986e-9
9.67686887660907e-9
3.7600248035207998e-6
1.5629373403105795e-6
1.1474839674989918e-7
9.268140589088342e-9
2.9539110300812953e-9
1.4798699046252848e-9
1.0589882656956154e-9
9.789722865315383e-10
1.3049957247627084e-9
1.334777862525242e-9
1.5211274585673618e-9
3.3148852682747577e-6
1.0829042845030869e-6
9.568138853794762e-8
6.955456309312871e-9
1.2896814457609565e-9
8.0776275713115e-10
5.084976814825075e-10
6.959162796065847e-10
6.040363408075277e-10
5.870059116883089e-10
3.6678693604289153e-6
1.212355380974403e-6
6.419333874153054e-8
2.3928499374426225e-9
8.294614556354285e-10
4.0211509761746294e-10
4.862145146074362e-10
2.667569755937333e-10
1.310386665362919e-10
3.7397076688408194e-6
1.0493363066928628e-6
4.859783818102051e-8
3.889752578808548e-9
1.2471204931283725e-9
1.0557330509416229e-9
6.327066147136034e-10
4.803698156658993e-10
3.7212764209132445e-6
1.4426545866345376e-6
9.246951563789359e-8
4.923991533400432e-9
2.062972234569537e-9
1.3253832544932358e-9
8.738721295310696e-10
3.6786647508276192e-6
9.970914570566453e-7
3.043249134804599e-8
5.51813355687834e-9
2.374599401195384e-9
1.520117689329166e-9
4.309765299217603e-6
1.4663712801966453e-6
6.837325466605436e-8
1.139213367732194e-8
5.062157525870808e-9
4.52986487889391e-6
1.261980602797393e-6
1.3065754241873366e-7
4.0599531555615205e-8
4.749716661372686e-6
1.9356203398813843e-6
8.16251239990696e-7
3.6202730045388745e-6
2.7028334278868774e-6
3.4175441184228135e-6
0.000010490528926874312
3.0231482337397684e-6
3.148437127112696e-7
5.947828052046523e-8
6.849508195329793e-9
2.101173453324092e-9
2.2605749793749844e-9
2.104818687483728e-9
2.0549593266907016e-9
2.2631242045313475e-9
4.40517952435307e-9
4.353621053635561e-9
5.127681785939359e-9
4.626938988187304e-6
1.451255721859654e-6
3.2405470290751195e-7
3.038634358134614e-8
4.900107387393999e-9
4.067805888716971e-9
3.1240583409565935e-9
3.1288316076584793e-9
3.6366789548249217e-9
6.23012038195206e-9
6.976639658638293e-9
7.529601986276232e-9
2.8460493050245842e-6
1.231256191579487e-6
8.691425384397636e-8
7.074752397691097e-9
2.2894998582714686e-9
1.1446364373354485e-9
8.225243877077023e-10
7.610065370692649e-10
1.0139958948315885e-9
1.0432737017850312e-9
1.1841376414089808e-9
2.597097820468858e-6
7.981429400991182e-7
7.14097159261348e-8
5.410953349349791e-9
1.0058988728981885e-9
6.276346083563123e-10
3.965949278586659e-10
5.39247388793927e-10
4.764705033165643e-10
4.683755197701461e-10
2.6587696911159924e-6
9.091706157687187e-7
5.026000506240513e-8
1.8687566464122532e-9
6.27663402758204e-10
3.0295877537650085e-10
3.6130821654318265e-10
2.0096605066269744e-10
1.018859529697774e-10
2.9407913309393726e-6
8.625032140878978e-7
4.117972163113122e-8
3.2444257206191915e-9
1.010358270210747e-9
8.5055249002914e-10
5.123267845072154e-10
3.871726956984101e-10
3.166180464793584e-6
1.2476589008674436e-6
8.031842668493571e-8
4.23795956671551e-9
1.7569132927714168e-9
1.1224576589930401e-9
7.388388593490114e-10
3.2067288693528e-6
8.709856388883071e-7
2.649363157208277e-8
4.782493021391211e-9
2.0420556488572832e-9
1.2975937996606833e-9
3.7553927542786127e-6
1.272244849164474e-6
5.905470415112177e-8
9.766810757834864e-9
4.2969709990804384e-9
3.907216611817188e-6
1.0802351686687617e-6
1.1130015038231646e-7
3.440059779242387e-8
4.041939554554354e-6
1.6364972990587311e-6
6.873359870652288e-7
3.044017023496923e-6
2.26390595855227e-6
2.851665774964197e-6
8.55125493038178e-6
2.401902959344421e-6
2.45221753452701e-7
4.6162669206126604e-8
5.416503685700284e-9
1.6543263646819444e-9
1.7825012091764526e-9
1.6654479488681012e-9
1.622965451583226e-9
1.7833071485004318e-9
3.482948350528201e-9
3.4270312639562627e-9
4.045558383771585e-9
3.5953379391474623e-6
1.1088973429954598e-6
2.466731063776011e-7
2.3959214370449368e-8
3.806590234160969e-9
3.1584301011173976e-9
2.4362586871121878e-9
2.4435751655030088e-9
2.84027806183842e-9
4.875092897264103e-9
5.4540755505115215e-9
5.896181054201803e-9
2.1486710984966356e-6
9.166107704261489e-7
6.868269877575807e-8
5.436822255425995e-9
1.7297550034240927e-9
8.67455185379097e-10
6.249590435493588e-10
5.804525958381469e-10
7.793524006042565e-10
8.033452095741907e-10
9.099941796404614e-10
2.018254444030305e-6
6.470927408799383e-7
5.507551431623555e-8
4.112837051098003e-9
7.810426731129806e-10
4.90033556913816e-10
3.0626544656473904e-10
4.204043462419271e-10
3.672962845740595e-10
3.530176733935042e-10
2.0759865298370797e-6
6.706176565033981e-7
3.6589240919598056e-8
1.4208574068970239e-9
4.918174442038187e-10
2.3645274423149955e-10
2.853451069171927e-10
1.5812791293555317e-10
7.956698557165161e-11
2.110404545919679e-6
6.256991263216761e-7
3.0895975463086315e-8
2.4604897829994883e-9
7.425906865001446e-10
6.1946468143174e-10
3.767684343967978e-10
2.855359666600857e-10
2.3706804737527423e-6
9.665951630824732e-7
6.389533744951899e-8
3.36830992072127e-9
1.358947086592566e-9
8.67205802207085e-10
5.783245504580335e-10
2.5693244406527908e-6
7.200600943159289e-7
2.2265944367005176e-8
3.979015307686986e-9
1.7039198407627459e-9
1.0845105537992122e-9
3.187823768708777e-6
1.0946250245759549e-6
5.099742006334395e-8
8.434189536850609e-9
3.709303326498818e-9
3.3914272669122196e-6
9.428937445578964e-7
9.716957861231737e-8
2.998154654514224e-8
3.534246026833054e-6
1.4298418813698271e-6
5.994417956073452e-7
2.654671404092821e-6
1.9689972859473025e-6
2.4716929988603544e-6
7.004252592662222e-6
1.9344244711074025e-6
1.9370214870956758e-7
3.616053851254866e-8
4.2143334411615645e-9
1.3181797548148124e-9
1.4264670169509646e-9
1.3370892211756497e-9
1.3007623710850438e-9
1.4263555381228766e-9
2.7941297582304885e-9
2.738491476764017e-9
3.240036664238145e-9
2.8361522440696532e-6
8.571202162954696e-7
1.8870081523457151e-7
1.79709941693575e-8
2.9636616773936314e-9
2.4903656792962283e-9
1.929865544300321e-9
1.9377648770766903e-9
2.2526131358954604e-9
3.874639597184368e-9
4.331459217847759e-9
4.688710662151609e-9
1.6351631092221174e-6
6.972566164202798e-7
5.047415463038325e-8
4.122427745380203e-9
1.3242757490852e-9
6.677293513918785e-10
4.847720431094117e-10
4.5243836982344437e-10
6.098495936505112e-10
6.307556425007119e-10
7.142875674550492e-10
1.4777952845640398e-6
4.733878447708561e-7
4.253314952642023e-8
3.1127103949113472e-9
5.781796918984437e-10
3.6438377766526625e-10
2.3080726711075825e-10
3.157352369819737e-10
2.791078761371596e-10
2.7366245337992706e-10
1.6278088174708919e-6
5.462266453529519e-7
2.9040229644333897e-8
1.0871936042640612e-9
3.7735386428966133e-10
1.8325015002757777e-10
2.187195623032331e-10
1.2294755624951447e-10
6.335785488896647e-11
1.693498430329455e-6
4.781556236655524e-7
2.2664534157341778e-8
1.8503949669828156e-9
5.797190265798153e-10
4.866757997205676e-10
2.962102259357612e-10
2.2794824301073885e-10
1.7298099407644754e-6
6.918797988300592e-7
4.5914645132530164e-8
2.4789415974779063e-9
1.010266727411061e-9
6.558726011263347e-10
4.4446697975150564e-10
1.8364223722701522e-6
5.215548332217308e-7
1.6495135794211427e-8
2.9746776570434214e-9
1.308964936723257e-9
8.5375022867207e-10
2.3682439651260167e-6
8.324547980429919e-7
3.946351642358104e-8
6.680072274999061e-9
3.027395946340331e-9
2.6447709814331283e-6
7.56046809469455e-7
7.907523450303664e-8
2.4759547383171668e-8
2.8882939233476334e-6
1.1906069324199666e-6
5.044375322713432e-7
2.2434543313794757e-6
1.679694217406302e-6
2.1275894377516675e-6
5.734341224285119e-6
1.5749562839855612e-6
1.550694074494483e-7
2.873649261816084e-8
3.3704817416387912e-9
1.0656603544777139e-9
1.157027203331734e-9
1.0871617059826581e-9
1.0565579373421335e-9
1.1569508901394768e-9
2.2707034321654577e-9
2.2193549266226704e-9
2.630236171385944e-9
2.2703579148060115e-6
6.70833378219933e-7
1.4609140575572208e-7
1.4044863464459999e-8
2.347524121209587e-9
1.994336904575539e-9
1.5517458415670908e-9
1.5597534162043726e-9
1.8138050556425812e-9
3.1259533236463443e-9
3.492289901389418e-9
3.783778054741239e-9
1.2519379061781623e-6
5.268716965632981e-7
3.870885544475377e-8
3.1298795795371616e-9
1.0245980811661961e-9
5.186546579466256e-10
3.7797262753702213e-10
3.5500518552999804e-10
4.821295320097733e-10
5.002240737547258e-10
5.640446078242854e-10
1.1316001195651334e-6
3.6056638104024037e-7
3.1491724635896684e-8
2.392897187705364e-9
4.4626690078821906e-10
2.794146081428044e-10
1.7715389759755848e-10
2.4369828060157986e-10
2.1487364848913846e-10
2.0945054927598e-10
1.1717037730229167e-6
3.930097750529767e-7
2.200326165597928e-8
8.28679641350599e-10
2.797847489490373e-10
1.3527173012029077e-10
1.6301660282003957e-10
9.182645099647954e-11
4.8240883142508995e-11
1.282731802206975e-6
3.832699394663327e-7
1.8477658482283615e-8
1.4497915255536294e-9
4.4834601914895855e-10
3.783007749815083e-10
2.3136981792845594e-10
1.7709803361167492e-10
1.423369384400702e-6
5.623056263272447e-7
3.628723003355101e-8
1.9326195235458845e-9
8.053304039737624e-10
5.243705543767433e-10
3.551363877596071e-10
1.4470627021318569e-6
3.951685947302259e-7
1.2203306252662151e-8
2.238167063185644e-9
9.924557756939756e-10
6.55356592982657e-10
1.729293147549682e-6
5.969269572910338e-7
2.8276763535986418e-8
4.853252571067934e-9
2.2488235756984324e-9
1.8804940149812599e-6
5.378836558543755e-7
5.6753331402358135e-8
1.805448022264498e-8
2.0678433647114426e-6
8.648513248756807e-7
3.713097704150395e-7
1.655612510994651e-6
1.2588923021376225e-6
1.622562374839857e-6
4.6664255858238444e-6
1.2903509942645422e-6
1.2553930715402627e-7
2.306107883136458e-8
2.691417739286155e-9
8.68659212967823e-10
9.469789965372547e-10
8.912334223182258e-10
8.661232229415439e-10
9.479382560612588e-10
1.8619178781440817e-9
1.817512886345664e-9
2.1556774194719103e-9
1.8403167499873955e-6
5.324433829298283e-7
1.1426931799573637e-7
1.0823757658436525e-8
1.8740024309574217e-9
1.6148347201333494e-9
1.2622346759257918e-9
1.2706802377086396e-9
1.4783395404632088e-9
2.551480935688027e-9
2.849690385376097e-9
3.0887001300945966e-9
9.695770866824776e-7
4.0308412442801084e-7
2.899470217503719e-8
2.3801692642912696e-9
7.930030875446163e-10
4.0624652760150427e-10
2.9861605531333333e-10
2.825412439586594e-10
3.8611520608026143e-10
4.023772072975157e-10
4.521126936936026e-10
8.493114837636944e-7
2.671462798107427e-7
2.3728548540062756e-8
1.7627534450163917e-9
3.352470757031175e-10
2.1198469180198418e-10
1.3551539181341544e-10
1.8612686311290117e-10
1.6603515170591126e-10
1.6303030660444343e-10
8.982334806297127e-7
3.00832246794577e-7
1.6122952061826817e-8
6.151242446342982e-10
2.1260123080632955e-10
1.0284383365609809e-10
1.2252212759987216e-10
6.934724424549879e-11
3.626897934426437e-11
9.365327914074881e-7
2.6948929425863727e-7
1.3216650613539337e-8
1.0727565420535888e-9
3.256522571893582e-10
2.713368972090467e-10
1.654261052164186e-10
1.2702211524633809e-10
1.0090144547585552e-6
4.1545722200757964e-7
2.7815033967714402e-8
1.4678832992460895e-9
5.876442138525395e-10
3.767983772323994e-10
2.550496204072698e-10
1.1218814658083447e-6
3.190218134582616e-7
9.91417493806385e-9
1.7646838498344563e-9
7.61677934495522e-10
4.915916151155307e-10
1.4258993716295728e-6
4.909660921959934e-7
2.28810379595152e-8
3.8071562471042375e-9
1.7020894352836478e-9
1.5219391234361222e-6
4.2340673711718984e-7
4.3795539030920315e-8
1.36501153772969e-8
1.590260110582923e-6
6.477439145859547e-7
2.739295594129909e-7
1.2139942627861144e-6
9.111715659093934e-7
1.1609175464060529e-6
3.7550164792317777e-6
1.0578629935420865e-6
1.0237587428293171e-7
1.865887449679491e-8
2.175121961720627e-9
7.118341931639548e-10
7.781429463546956e-10
7.325728392892115e-10
7.125445601525181e-10
7.802040645416009e-10
1.5317799769165025e-9
1.4961563223170192e-9
1.7747083164278961e-9
1.5045512362811718e-6
4.2817996043973824e-7
9.047400249405369e-8
8.519333960519304e-9
1.5123727475500979e-9
1.3195819734785226e-9
1.03445283078518e-9
1.0425647344533594e-9
1.2136512020704771e-9
2.0966690810045265e-9
2.341953737811234e-9
2.5387448190523838e-9
7.621348094230218e-7
3.118503418439647e-7
2.2199312273873415e-8
1.8252547576219606e-9
6.254358339109689e-10
3.2255584192434884e-10
2.38641094462507e-10
2.2748469348654382e-10
3.1253809119169327e-10
3.2686026933082046e-10
3.6620730553661813e-10
6.464769238006365e-7
2.0261522326220827e-7
1.7683545629704872e-8
1.3404952279657103e-9
2.5658810591109904e-10
1.6254453908823435e-10
1.0519683548633488e-10
1.450489988357166e-10
1.300973118125469e-10
1.2842270123794355e-10
6.676651713304303e-7
2.1983630584089085e-7
1.2102124192794668e-8
4.60701184173636e-10
1.5787842633705083e-10
7.687589245208147e-11
9.282728894735663e-11
5.283819276822913e-11
2.813455377883546e-11
7.011704401970673e-7
2.085351577527691e-7
1.0075110470784869e-8
7.969389043457299e-10
2.464702763924967e-10
2.0773714256789314e-10
1.277147058102376e-10
9.781400038257746e-11
7.756052688129377e-7
3.070529113910251e-7
1.9995925860745238e-8
1.0819680460095917e-9
4.47892170435468e-10
2.925113207893086e-10
1.9855135891309296e-10
7.958276261275736e-7
2.2110056820404577e-7
6.989849149386702e-9
1.2806173921568724e-9
5.701289118779633e-10
3.751564794473905e-10
9.954098842581664e-7
3.517900331190837e-7
1.683910749683023e-8
2.886057164303326e-9
1.3248271181475963e-9
1.130830864277644e-6
3.2809223283286316e-7
3.45658266005308e-8
1.0886066067799048e-8
1.2657989894879459e-6
5.261599419057674e-7
2.2372798517416398e-7
9.969434653742888e-7
7.481730548352264e-7
9.493458694059995e-7
2.9746895072195122e-6
8.626954599691073e-7
8.365615384236342e-8
1.5155364188329024e-8
1.7604497584192558e-9
5.825132622620853e-10
6.37875991444017e-10
6.000025514116916e-10
5.845863850709021e-10
6.409576705202658e-10
1.256070936783844e-9
1.2296602015751687e-9
1.4576359900358941e-9
1.2337732816964842e-6
3.477620935850403e-7
7.247246891545066e-8
6.759476877512585e-9
1.2272263419866539e-9
1.081077496235874e-9
8.490681691166962e-10
8.565070438574365e-10
9.975485755871337e-10
1.7237670565078691e-9
1.925989206922325e-9
2.0873263226253466e-9
6.078524490415611e-7
2.4484392896896363e-7
1.7159672530008927e-8
1.4189132918634094e-9
4.971026190600613e-10
2.5879541918083455e-10
1.9261365940887604e-10
1.8456014320363865e-10
2.542929216179333e-10
2.665760827063083e-10
2.9799868369519883e-10
4.992545657210965e-7
1.5422233091710438e-7
1.3400130206053347e-8
1.0144217864423324e-9
1.980608510204043e-10
1.2657161142279682e-10
8.252874439063711e-11
1.1372399976722741e-10
1.0244806668266824e-10
1.0179296726098203e-10
5.017602701650401e-7
1.6586597455748876e-7
9.022751128596674e-9
3.4259184443858513e-10
1.194789263360766e-10
5.8051486532346624e-11
7.005975857894757e-11
3.99194346242063e-11
2.1450654368727772e-11
5.257157455117902e-7
1.5185393060056514e-7
7.2825097987381e-9
5.924998509740208e-10
1.8297897725397094e-10
1.5347116606184486e-10
9.389078936624879e-11
7.264282735404677e-11
5.561834905180502e-7
2.2466312076607554e-7
1.4992303351242782e-8
7.979626896134701e-10
3.231203720361176e-10
2.098017844981548e-10
1.435178549198681e-10
6.023574481108514e-7
1.715046484969031e-7
5.340500546948374e-9
9.547601514262723e-10
4.1900507813452443e-10
2.759414404096603e-10
7.68545040137882e-7
2.6488298412095223e-7
1.2384066191617201e-8
2.0932107351452952e-9
9.607999503039573e-10
8.225747032831905e-7
2.302801505725786e-7
2.4065956211350266e-8
7.630091905848958e-9
8.724918841176458e-7
3.613679330233938e-7
1.5504588511779404e-7
6.894332516717208e-7
5.259084719920794e-7
6.816152727933601e-7
2.3120200860368848e-6
6.959323438731858e-7
6.810490622057563e-8
1.2291377830556813e-8
1.4209086383215597e-9
4.732182775507626e-10
5.185363416205725e-10
4.867574551317365e-10
4.753653914635474e-10
5.223311810975325e-10
1.0206992091476708e-9
1.0029744175127816e-9
1.1870658358636401e-9
1.0086421144135999e-6
2.8384838067121235e-7
5.8517095766545416e-8
5.401623121610268e-9
9.960804781348173e-10
8.831489280795992e-10
6.937144575077953e-10
7.000912130886004e-10
8.157751400838214e-10
1.4090645558579954e-9
1.5752468800617892e-9
1.7058978406809412e-9
4.907603829202195e-7
1.9499653191921686e-7
1.3440818770446831e-8
1.1147434972891644e-9
3.992272959214675e-10
2.0918096953181567e-10
1.5610376915073633e-10
1.501343109242756e-10
2.070912540226661e-10
2.1740396198485538e-10
2.4254963354775315e-10
3.9111366817737286e-7
1.1896645240062383e-7
1.0230737777526972e-8
7.763012130581561e-10
1.5489067610547775e-10
9.92142511565232e-11
6.533296658369532e-11
9.01342512367119e-11
8.154172136472357e-11
8.137173847329383e-11
3.828208520925989e-7
1.2519317371834717e-7
6.74255736457823e-9
2.584639710449959e-10
9.026081555286359e-11
4.406241833993675e-11
5.369422683983182e-11
3.071665569567488e-11
1.6472176629177567e-11
3.91254219419328e-7
1.1265632124930934e-7
5.443048065388207e-9
4.3681748515724255e-10
1.3529543741261846e-10
1.1412722197560065e-10
6.997562724816203e-11
5.3952362169407506e-11
4.1650809732999657e-7
1.6825265179568536e-7
1.1039441567088967e-8
5.863299486652677e-10
2.420354591414629e-10
1.5750984581810687e-10
1.072046852646984e-10
4.43320571415251e-7
1.228918281491984e-7
3.818025059996362e-9
7.011532214645401e-10
3.11302927024981e-10
2.04236266636849e-10
5.425064168483014e-7
1.885709695515621e-7
8.994271067972266e-9
1.545234096132042e-9
7.098969220454997e-10
5.999347535724406e-7
1.7350491648696427e-7
1.83183167795277e-8
5.78268264523104e-9
6.703191765953585e-7
2.795683394281237e-7
1.190761270014705e-7
5.310275238223719e-7
3.989920433710026e-7
5.068829648664914e-7
1.7591374472715073e-6
5.526512282347127e-7
5.493016333303163e-8
9.901656532070836e-9
1.1384823211902684e-9
3.7957813158155e-10
4.1567768411196436e-10
3.8902934377730063e-10
3.8098980132032794e-10
4.1978737628549724e-10
8.172517002220113e-10
8.070333558851807e-10
9.531531073279408e-10
8.171919542344551e-7
2.3147989608421056e-7
4.7409025705935757e-8
4.335385547260171e-9
8.04512552373026e-10
7.149728298739897e-10
5.608113275822726e-10
5.659829449675761e-10
6.597536899841471e-10
1.1383191388968574e-9
1.273525259452296e-9
1.377801916269621e-9
3.992910593127502e-7
1.5711617507351628e-7
1.0672385286397184e-8
8.855737168633179e-10
3.2219731096327043e-10
1.694094051826221e-10
1.265178806492939e-10
1.2180826000123283e-10
1.6775263146704824e-10
1.7611730221781913e-10
1.9634320576145478e-10
3.1089045155073944e-7
9.321422247893694e-8
7.92074753908151e-9
6.024767803754872e-10
1.223940979646709e-10
7.878007797143986e-11
5.219173944322448e-11
7.190331888845541e-11
6.516692997861262e-11
6.529956711734476e-11
2.9610538782631544e-7
9.56064500468485e-8
5.110376860121355e-9
1.9658961430822796e-10
6.936181401926168e-11
3.397979927333064e-11
4.156253654031988e-11
2.371304399920093e-11
1.2673859244558061e-11
2.957678137599468e-7
8.472151242631982e-8
4.05590269132962e-9
3.257548805632321e-10
1.0185131151172287e-10
8.58824753492003e-11
5.247103725125926e-11
4.0439283266271977e-11
3.1057058317659933e-7
1.2406114178699043e-7
8.107712898087319e-9
4.3482439188778727e-10
1.7896463943179383e-10
1.1605465203233343e-10
7.885314511393781e-11
3.240341600050487e-7
8.990543471846758e-8
2.816698566836693e-9
5.10971602108734e-10
2.2422310259778474e-10
1.4716683832503968e-10
4.01251904520942e-7
1.4041104262153665e-7
6.641586431068896e-9
1.1203952717894539e-9
5.109878992549255e-10
4.450722636365009e-7
1.2655972681754913e-7
1.3184015410984628e-8
4.1394721237454675e-9
4.806387738299768e-7
1.9712404682314306e-7
8.374235177046485e-8
3.714664316767203e-7
2.8026424354443327e-7
3.594038261101398e-7
1.3090339478950812e-6
4.3038334992467246e-7
4.367901322786693e-8
7.884603451732185e-9
9.013643585761547e-10
2.992129200690426e-10
3.2708623135090693e-10
3.0497243033865095e-10
2.9956420876603273e-10
3.310998752969899e-10
6.418586246163421e-10
6.374589969337175e-10
7.50885095698455e-10
6.526599534940511e-7
1.8751234853834871e-7
3.83352729502507e-8
3.478539384278543e-9
6.432501408162387e-10
5.705888830879236e-10
4.462577629288684e-10
4.501725024456684e-10
5.248795615688225e-10
9.040914847955832e-10
1.0123748530402668e-9
1.0938720823589984e-9
3.2553272146909193e-7
1.2749372314139226e-7
8.564192921591265e-9
7.09144740981003e-10
2.600375545075417e-10
1.3680051347358912e-10
1.019589908462975e-10
9.801828584980687e-11
1.344750768478758e-10
1.4102061950945606e-10
1.572514699373961e-10
2.5005046029998156e-7
7.408516348509041e-8
6.223884352964278e-9
4.734617106750871e-10
9.762403822274082e-11
6.301596370436666e-11
4.1852994327632217e-11
5.756722951671447e-11
5.2184891686358206e-11
5.24073445383817e-11
2.3246585611364468e-7
7.415971641714049e-8
3.928175380077518e-9
1.515253227664547e-10
5.398673960608733e-11
2.6476135853443025e-11
3.2585349128560906e-11
1.8539476147097134e-11
9.835295823552412e-12
2.2688590236300447e-7
6.442073888103634e-8
3.0504027559577413e-9
2.455409734322412e-10
7.741903684187841e-11
6.544071924305779e-11
3.990433889770449e-11
3.07200845617067e-11
2.3342975085340747e-7
9.249931714727493e-8
6.027912002194001e-9
3.2290961103797787e-10
1.3347195109340717e-10
8.671099003538361e-11
5.878544103339056e-11
2.4068443508456295e-7
6.659550143228913e-8
2.0737762550985303e-9
3.755657613681174e-10
1.649906821649008e-10
1.0839672315639095e-10
2.9541334508110185e-7
1.0259991192165106e-7
4.827584784891896e-9
8.159932094046016e-10
3.7322341476475107e-10
3.222539818780711e-7
9.092172122917898e-8
9.489975685326798e-9
2.994312792845797e-9
3.4488069387726787e-7
1.423199630905023e-7
6.080093852627665e-8
2.7025645905846047e-7
2.0502234725010157e-7
2.6389987601494415e-7
9.529194797632188e-7
3.278373302368815e-7
3.4109325945491996e-8
6.181667389038881e-9
7.026893747873861e-10
2.3098160439050774e-10
2.517675692949636e-10
2.3376206277967784e-10
2.3028553549484597e-10
2.553405410431841e-10
4.92826853948495e-10
4.923488491173564e-10
5.782429352967686e-10
5.115881750305789e-7
1.5007529965082388e-7
3.077604140228123e-8
2.7774774658811355e-9
5.068796116298819e-10
4.4691854364213797e-10
3.480502596637101e-10
3.5077791772836123e-10
4.0901501368034575e-10
7.029838050039608e-10
7.879008567124245e-10
8.500919811740422e-10
2.643557764644096e-7
1.0360080846474328e-7
6.914452707621792e-9
5.698949849170172e-10
2.088258924123445e-10
1.0958285872543181e-10
8.130121850265783e-11
7.785416020380652e-11
1.0618439095654441e-10
1.1107492128889839e-10
1.2401827507258646e-10
2.0253931882219373e-7
5.953053804904785e-8
4.953223281219874e-9
3.760526525407278e-10
7.82919809060958e-11
5.0575560809709476e-11
3.3557721434938824e-11
4.605711078044826e-11
4.1653139082677583e-11
4.1839607222989534e-11
1.8496091562477282e-7
5.838267594506275e-8
3.064436615324528e-9
1.1844356252775967e-10
4.2533858672088466e-11
2.0867702347908026e-11
2.5828645905801693e-11
1.4603044254499537e-11
7.631910185967745e-12
1.7671079792876422e-7
4.968258714034431e-8
2.3283910210361426e-9
1.875164630124556e-10
5.966073988316537e-11
5.05633233395769e-11
3.0702607798822684e-11
2.3555332168289903e-11
1.7811610947437122e-7
6.994754360159076e-8
4.534652256316571e-9
2.4250424379834054e-10
1.0093056790796107e-10
6.545355718806987e-11
4.4031930639619236e-11
1.808755726642848e-7
4.9727670305437554e-8
1.536538159268886e-9
2.7891496953475276e-10
1.219739366341482e-10
7.957468802216741e-11
2.1835253539209928e-7
7.528712009074465e-8
3.536295594908909e-9
5.963172591498676e-10
2.70826351707783e-10
2.3544446578020392e-7
6.629331203649783e-8
6.91043394028623e-9
2.172299471265294e-9
2.5122139743382654e-7
1.0343941289121608e-7
4.404776503515275e-8
1.9576667145656598e-7
1.478359978718763e-7
1.8923658407371078e-7
6.794675644516986e-7
2.439731262227508e-7
2.6088824320906733e-8
4.758820658856234e-9
5.381892689413135e-10
1.7426605569336516e-10
1.8919895907247395e-10
1.7490352761673215e-10
1.7275079630750454e-10
1.9211922347338197e-10
3.6925555215917865e-10
3.7097823371034585e-10
4.3439992007562145e-10
3.9232425548111825e-7
1.1813962907550762e-7
2.4417039869431326e-8
2.1976995771943508e-9
3.9233590595964415e-10
3.4248236621488805e-10
2.6529083935797166e-10
2.669952531776823e-10
3.112750135974355e-10
5.33629585842097e-10
5.986020985531848e-10
6.448944748011642e-10
2.126148543896682e-7
8.38141326139164e-8
5.586321574402471e-9
4.573498232711906e-10
1.6606954094525648e-10
8.668815902970627e-11
6.388563801624671e-11
6.080384112954885e-11
8.230090893748675e-11
8.577007303748938e-11
9.599641805651743e-11
1.6428568939169416e-7
4.811974758453874e-8
3.976350317708002e-9
3.007363514405125e-10
6.282757447528631e-11
4.0542683499851454e-11
2.678182809281266e-11
3.6660292920566286e-11
3.3008521440124803e-11
3.3106322207064244e-11
1.4856684097694423e-7
4.6518659398032444e-8
2.4226459031328424e-9
9.369172883365478e-11
3.3838257747330605e-11
1.6593040028208398e-11
2.0617240630008086e-11
1.1560957724874418e-11
5.931640867335012e-12
1.3956280485406554e-7
3.887024834955083e-8
1.804176547715827e-9
1.4528170610958256e-10
4.6639723140406686e-11
3.960850799777858e-11
2.392321366351892e-11
1.8289055131988786e-11
1.379785918564905e-7
5.373358325725009e-8
3.4606103466842033e-9
1.8478691045779618e-10
7.738138264321082e-11
5.0014283304913334e-11
3.3360813882929315e-11
1.3778108832647097e-7
3.758917365929862e-8
1.1532870376089427e-9
2.0946160158872515e-10
9.093148374662461e-11
5.885215648389699e-11
1.6356947039242693e-7
5.59659644541912e-8
2.6197429652227686e-9
4.3936524265618437e-10
1.9765854749664202e-10
1.738948443363953e-7
4.8748840932634445e-8
5.065071715133273e-9
1.5837202361598357e-9
1.8419394566983974e-7
7.541608567197087e-8
3.196397176392952e-8
1.418702090027107e-7
1.0660338590399771e-7
1.358105547801324e-7
4.754966812938342e-7
1.7742873390306016e-7
1.9518916318667044e-8
3.592199977399571e-9
4.0465518383669277e-10
1.2845605765800918e-10
1.3877967286404635e-10
1.2774603329684023e-10
1.2644722381979515e-10
1.4099224952336006e-10
2.699702486140896e-10
2.725896109863114e-10
3.183035209519661e-10
2.9385525776762473e-7
9.115994698095649e-8
1.907283454881681e-8
1.7176102872004212e-9
2.977329399879519e-10
2.563893609126674e-10
1.9738551472206225e-10
1.982929974362702e-10
2.3109192990438993e-10
3.950705761467021e-10
4.434985930184765e-10
4.771238223235418e-10
1.6851801936192467e-7
6.713628364960277e-8
4.491899639357323e-9
3.647478165428363e-10
1.302637891370139e-10
6.748722915532008e-11
4.9324578777631244e-11
4.657402882913796e-11
6.248809707207003e-11
6.480865859748087e-11
7.27894200301188e-11
1.3266133021754544e-7
3.8909392500146254e-8
3.2033960210491326e-9
2.409977520396385e-10
5.0202988046464937e-11
3.230934349034449e-11
2.1188069852282093e-11
2.892395808234774e-11
2.5884741822920095e-11
2.587745554591533e-11
1.198536710881041e-7
3.734527564150527e-8
1.9337696520559615e-9
7.471682220498239e-11
2.7063648653800717e-11
1.3253249669594199e-11
1.649933263997045e-11
9.16722552638004e-12
4.6069468645492855e-12
1.1134664169083779e-7
3.078513898897349e-8
1.4169800953557095e-9
1.140048285849839e-10
3.6881698661486614e-11
3.136180825907159e-11
1.8842156077529552e-11
1.4347147689206184e-11
1.0835156120402145e-7
4.187843822899379e-8
2.679597239090186e-9
1.428611374815953e-10
6.01153033502009e-11
3.871295749556935e-11
2.558950667099788e-11
1.0654484431263373e-7
2.881457150522633e-8
8.782054556910149e-10
1.5940416923000223e-10
6.865408238592806e-11
4.404360104060364e-11
1.2424154628278703e-7
4.223976649582301e-8
1.9674705663298868e-9
3.2770274157005593e-10
1.4580120999224752e-10
1.3030505353268098e-7
3.623070380629763e-8
3.748673483579463e-9
1.1655085938221985e-9
1.3619010719440343e-7
5.546195066424585e-8
2.340146208081854e-8
1.0376717118611765e-7
7.75602849526093e-8
9.824952326340632e-8
3.273466162748957e-7
1.2628361791079103e-7
1.428441442434959e-8
2.6583299129239045e-9
2.9880911427490755e-10
9.262583804501042e-11
9.949607714703595e-11
9.121885995929757e-11
9.044582116915623e-11
1.010694321278297e-10
1.9290116678323296e-10
1.9559931787329786e-10
2.2784459960265465e-10
2.149489856384765e-7
6.879893389029898e-8
1.4629305073417998e-8
1.3227803597884577e-9
2.2142848059133116e-10
1.8753570403377521e-10
1.4343712003763337e-10
1.4379333400609668e-10
1.6748169772409655e-10
2.855212479922133e-10
3.2071059406328794e-10
3.445937345003679e-10
1.3109173253690557e-7
5.2993756043611066e-8
3.5764809564557778e-9
2.878473028098377e-10
1.0047832791102504e-10
5.15784156085498e-11
3.735208565198983e-11
3.4945043229071425e-11
4.6451681964265785e-11
4.7904892393681436e-11
5.4042671458377476e-11
1.0606401759361493e-7
3.129037751466456e-8
2.5755003129642964e-9
1.9254613223157874e-10
3.9762203330174336e-11
2.548987630521407e-11
1.6559775193611737e-11
2.2550401778748733e-11
2.0035068717630188e-11
1.9933209445018966e-11
9.655704137310909e-8
3.004955111868241e-8
1.5510061925181346e-9
5.978051827393478e-11
2.165225429841458e-11
1.0581459402181477e-11
1.3174274723824086e-11
7.251778918175232e-12
3.56793556013248e-12
8.932368835401731e-8
2.457789953506241e-8
1.1241650785654495e-9
9.032847105345041e-11
2.938399448864209e-11
2.5002653512840762e-11
1.4946614941473002e-11
1.133508630847666e-11
8.596263107641776e-8
3.302393579238642e-8
2.1013510677913885e-9
1.1181584765819246e-10
4.722596023043353e-11
3.0290254233580894e-11
1.9845559052177732e-11
8.346266848368626e-8
2.2401965882496354e-8
6.783200932976087e-10
1.2300999833271123e-10
5.252154586569767e-11
3.33839105621338e-11
9.574906173744572e-8
3.233986510223845e-8
1.499242603828721e-9
2.4774475115269074e-10
1.089180773409559e-10
9.909044316416551e-8
2.733351126340362e-8
2.813180572772757e-9
8.690449840441829e-10
1.0211109786486312e-7
4.128100842228424e-8
1.733398998061386e-8
7.674912272860093e-8
5.708113132460032e-8
7.190946363405174e-8
2.2222695280982727e-7
8.816120733758408e-8
1.0235159701057506e-8
1.9298524780086907e-9
2.1694499849875626e-10
6.54758824379255e-11
6.988174141033968e-11
6.383543185061049e-11
6.337627769060318e-11
7.094460827628914e-11
1.3504218428249627e-10
1.374071873511225e-10
1.5973151762373543e-10
1.5373724234771523e-7
5.0741377654384537e-8
1.1000957554941449e-8
1.0023673473303105e-9
1.6150650943378444e-10
1.3421759324902477e-10
1.0198535428502568e-10
1.0200996090134881e-10
1.1872992728118607e-10
2.0187085739741515e-10
2.2685477066626715e-10
2.43490841700852e-10
9.978834513973398e-8
4.106321981867995e-8
2.807627322408983e-9
2.2398559901899268e-10
7.606025398751911e-11
3.864191250285326e-11
2.7721530146528134e-11
2.567948559355632e-11
3.3825580878029094e-11
3.467082814507706e-11
3.931206708580817e-11
8.356586572576453e-8
2.4896142312320628e-8
2.0554255495512934e-9
1.5264057293748489e-10
3.1093843206329187e-11
1.9837095489272162e-11
1.2750609866749967e-11
1.7330302399284275e-11
1.5276621036075594e-11
1.5104554869417825e-11
7.725215641624426e-8
2.4096988468187314e-8
1.2431508241162376e-9
4.773908523818495e-11
1.7239795718837072e-11
8.403977160462183e-12
1.0446156696725274e-11
5.7005668555095055e-12
2.749390243754115e-12
7.164956260616954e-8
1.9679166060362463e-8
8.96891595106521e-10
7.193450673393002e-11
2.3467935207094083e-11
1.9968857487157032e-11
1.1887003952194615e-11
8.980216983322197e-12
6.859776949584239e-8
2.6248302846291292e-8
1.663201747134004e-9
8.831134355271579e-11
3.738025592237345e-11
2.3880327468856677e-11
1.5520505413546223e-11
6.601685125348441e-8
1.7612622625588782e-8
5.303032732462975e-10
9.604959297750419e-11
4.067123109316004e-11
2.5614900079641108e-11
7.472150381130425e-8
2.5091803751860184e-8
1.1580583839780655e-9
1.8989927750894515e-10
8.248162588075785e-11
7.639879370638633e-8
2.0914148832565693e-8
2.1415095329545437e-9
6.571965629187553e-10
7.766890203905813e-8
3.117441531671444e-8
1.302275890253404e-8
5.7575528557662015e-8
4.258243319813066e-8
5.3314402458515325e-8