0.000037825676684126916
0.000010552096305182836
1.6533519287530494e-6
-2.8905418580938905e-7
-6.048404123125172e-7
-5.363145487360408e-7
-3.2852626254629674e-7
-3.526652600678306e-8
3.398883026154424e-7
8.528551194060378e-7
1.649255794468476e-6
2.8221824765319844e-6
3.878799058298748e-6
0.000018724324349947202
0.000010107479223756638
3.37732457010561e-6
7.20585752943603e-7
3.6118837317405915e-10
-9.06540409050496e-8
-2.905364687683569e-9
1.5497995595902216e-7
3.8945791324416275e-7
7.690092106315224e-7
1.3469789808930012e-6
1.9143273916967e-6
0.000012169481175838384
7.872247853458349e-6
3.395077106647785e-6
1.0320712011682983e-6
2.1073822195754975e-7
4.930630024501464e-8
1.0291712566739413e-7
2.4553113052900783e-7
4.929376425426442e-7
8.804935504109897e-7
1.2852611792189823e-6
8.817507869192578e-6
6.197783892665728e-6
3.018605512707401e-6
1.0544741123543767e-6
2.797321181401729e-7
1.12325019214692e-7
1.6943614384327077e-7
3.382958334905621e-7
6.175615159855871e-7
9.281164673025213e-7
6.763388440441191e-6
4.9599784573893735e-6
2.5545280249794452e-6
9.357746999606397e-7
2.7090892993104704e-7
1.4673426220470268e-7
2.415360529465349e-7
4.4890625285815615e-7
6.975017129930971e-7
5.36139623072148e-6
4.009725867070054e-6
2.090432893122659e-6
7.548196694698556e-7
2.3261135109021533e-7
1.8978601990318754e-7
3.3729480952850944e-7
5.432990089238653e-7
4.3331810755209815e-6
3.2513093801483953e-6
1.651463717604642e-6
5.594606145518421e-7
2.0912261666992275e-7
2.6695343300291914e-7
4.4107367348684717e-7
3.5408293344823484e-6
2.6246667425959803e-6
1.2438702632546633e-6
3.908987504391151e-7
2.400626914758862e-7
3.766118566391431e-7
2.9077086861541728e-6
2.0889763738364522e-6
8.759896793920237e-7
3.011840288188545e-7
3.4425603090145326e-7
2.3907382344633277e-6
1.6219214581630411e-6
5.827580083320423e-7
3.56451695841205e-7
1.9826349621154335e-6
1.2221575736926566e-6
4.822385829999061e-7
1.6974326063816347e-6
9.125474274213226e-7
1.3048764735330597e-6
0.000037268757831962436
0.000011105774777045337
1.8335060799263034e-6
-2.3266318153230038e-7
-5.775189783678189e-7
-5.184873458806729e-7
-3.1836959725715913e-7
-3.3775390045407625e-8
3.312852536490111e-7
8.313527483187158e-7
1.6086793374198828e-6
2.754711259668041e-6
3.790054375549449e-6
0.00001995996972398076
0.00001090892201981087
3.682179543881898e-6
7.970166616060894e-7
7.539926551711381e-9
-9.537993600221008e-8
-2.88840701602059e-9
1.6549244435061124e-7
4.1584054276828605e-7
8.211623419434971e-7
1.4384452594994964e-6
2.0445490916122917e-6
0.000013238604307414699
8.621194561402995e-6
3.7396075701177256e-6
1.1431532753338791e-6
2.3510188742761195e-7
5.496159548778295e-8
1.1296970454093702e-7
2.6916369947047474e-7
5.402165176848554e-7
9.646762865620142e-7
1.4076241999019172e-6
9.70504843428737e-6
6.852455741756278e-6
3.3510662733014988e-6
1.1750182937764742e-6
3.128338175843572e-7
1.25779612425888e-7
1.8934485164993309e-7
3.7761401385146494e-7
6.887062723986994e-7
1.0338503934549034e-6
7.5055190149629275e-6
5.523309890888324e-6
2.854057929195886e-6
1.0490564285533778e-6
3.051849987384335e-7
1.663154979624135e-7
2.736133064418671e-7
5.075827232144465e-7
7.869195529966096e-7
5.988135207466127e-6
4.491409833924899e-6
2.348395132942047e-6
8.509736697438443e-7
2.6416106862043847e-7
2.1692446054156207e-7
3.847490652285406e-7
6.177699003180274e-7
4.865744035983271e-6
3.659785404282038e-6
1.863685534243715e-6
6.336886684752159e-7
2.38555300714638e-7
3.047244996920144e-7
5.019900067963185e-7
3.993375781768042e-6
2.965845258748741e-6
1.4084353823774793e-6
4.431975122608639e-7
2.7135996223280323e-7
4.252606842329591e-7
3.290575505440158e-6
2.36743635242567e-6
9.921105266355649e-7
3.361278778985262e-7
3.8196400526866523e-7
2.7121909586301934e-6
1.8384874969011524e-6
6.500542521685333e-7
3.8557232706601844e-7
2.2460760451522955e-6
1.3692819720528936e-6
5.120651659383219e-7
1.8963758545985984e-6
9.790613922087773e-7
1.4067342119124937e-6
0.00003550726458111139
0.000011367213849837654
1.9792841601800936e-6
-1.6532054095432793e-7
-5.33406387033786e-7
-4.862091957958988e-7
-2.9938983214941726e-7
-3.137518793827259e-8
3.133988294037267e-7
7.865481479842705e-7
1.5229469550865645e-6
2.609786678662526e-6
3.5944840851943985e-6
0.000020767581065965407
0.00001152312991570307
3.938268576214877e-6
8.677235185003619e-7
1.779677302585262e-8
-9.726016850298191e-8
-2.6855033703549566e-9
1.7227824010001206e-7
4.328479040228127e-7
8.548755471492189e-7
1.4977518966103148e-6
2.1293418125685003e-6
0.000014119953125826965
9.270750281913916e-6
4.050227961423718e-6
1.2469567133475976e-6
2.589677463118704e-7
6.044246830933303e-8
1.214047853344962e-7
2.8874432737884724e-7
5.793993141342189e-7
1.0344964473595864e-6
1.5092151578442038e-6
0.00001050025457223361
7.4548890792428014e-6
3.6640229663987904e-6
1.2908205101898996e-6
3.4509738073885483e-7
1.3847235555026777e-7
2.0746074242870735e-7
4.132704629879129e-7
7.532188169838284e-7
1.12972842493166e-6
8.201894338535476e-6
6.061171293362769e-6
3.144577354832236e-6
1.16050670142905e-6
3.3913335858702724e-7
1.8524425616844798e-7
3.0420613166337915e-7
5.634694022473377e-7
8.720283238005045e-7
6.594751088263788e-6
4.963664264191004e-6
2.604493171791185e-6
9.475902225968844e-7
2.959210519779237e-7
2.43713669979668e-7
4.313640564155215e-7
6.908392164639208e-7
5.393522530058191e-6
4.069095126691709e-6
2.078845987363388e-6
7.09691795511868e-7
2.6842250302429755e-7
3.4255468806631523e-7
5.629123414947542e-7
4.451366544167877e-6
3.3147506124478225e-6
1.5783333698254885e-6
4.972496941602339e-7
3.0305567514119975e-7
4.7438552049501813e-7
3.6854272717899605e-6
2.6567119933281064e-6
1.1131060327110855e-6
3.7177281167027335e-7
4.198949788573106e-7
3.0477661293838335e-6
2.064928411056912e-6
7.192754005341605e-7
4.139255480479901e-7
2.5214549971254172e-6
1.5214988506953613e-6
5.395851957484818e-7
2.102175842115589e-6
1.0431309206749552e-6
1.50703512369332e-6
0.000032584602358027856
0.000011241246919155744
2.06768840155607e-6
-9.32907613834651e-8
-4.751535456304138e-7
-4.411266923106251e-7
-2.7251210019562866e-7
-2.821696352666123e-8
2.8694480425990693e-7
7.202264635711743e-7
1.395381337833746e-6
2.3928414145661436e-6
3.299041185701097e-6
0.000020981767130275452
0.000011850399569078606
4.111543238233044e-6
9.255527489457908e-7
3.110037405039398e-8
-9.544735110976902e-8
-2.267291134083729e-9
1.739022957258752e-7
4.3687295858741703e-7
8.630263819809846e-7
1.5124232102199866e-6
2.15097478432188e-6
0.000014691252795114788
9.74356914036384e-6
4.294794008593295e-6
1.3342071401622482e-6
2.806194352043993e-7
6.534202431750441e-8
1.2715295620777964e-7
3.0168894514999125e-7
6.053115444066983e-7
1.0807408229979456e-6
1.576643089670648e-6
0.000011119038177359253
7.94799961011671e-6
3.930761055999154e-6
1.3929722697480067e-6
3.7423324974891574e-7
1.493295186155297e-7
2.2197347271873876e-7
4.416505841570008e-7
8.045542218980765e-7
1.206018775577007e-6
8.79216731293769e-6
6.530839121381259e-6
3.4049048722516222e-6
1.2626296907533595e-6
3.7052380756208265e-7
2.020644595653869e-7
3.308009269908646e-7
6.119499565690848e-7
9.457805997789294e-7
7.136490817341542e-6
5.394108217826042e-6
2.842334777782425e-6
1.0387868644190764e-6
3.259094415569541e-7
2.6830393518795997e-7
4.7385370601908044e-7
7.573341264753375e-7
5.882432930553754e-6
4.454152768899132e-6
2.284252498346416e-6
7.830929786264661e-7
2.9694873968898163e-7
3.780662409589468e-7
6.199833172497454e-7
4.887666622587103e-6
3.6512677218381884e-6
1.7441253580350899e-6
5.50171004544429e-7
3.333013042866844e-7
5.210392508117371e-7
4.070169053571012e-6
2.941456170764515e-6
1.2330834712926704e-6
4.062867457763299e-7
4.5575733930365076e-7
3.3809731094289943e-6
2.291543749185429e-6
7.877749366632442e-7
4.3973949533466427e-7
2.7992735269320237e-6
1.6746347927558643e-6
5.632545952764031e-7
2.3101104067362186e-6
1.1023720408070911e-6
1.601721062475445e-6
0.00002880935653892887
0.000010639583478163318
2.0731644798812386e-6
-2.54655865817544e-8
-4.085285346052567e-7
-3.8746252841221543e-7
-2.4022118356341203e-7
-2.4613116961818588e-8
2.542738204526629e-7
6.382763055276397e-7
1.237254874256957e-6
2.122939711529916e-6
2.9294726957929052e-6
0.00002043059157735103
0.000011805739032361581
4.169408287801792e-6
9.622316373506047e-7
4.6987650289475996e-8
-8.920103369872123e-8
-1.6151876094453092e-9
1.6897621132795246e-7
4.2442812598350115e-7
8.387291291447398e-7
1.4703997204267066e-6
2.092311825349006e-6
0.000014837906618004929
9.95543591634051e-6
4.435025573399294e-6
1.3932233947021912e-6
2.9771320482110645e-7
6.913543938427174e-8
1.2911816599170752e-7
3.053827154785126e-7
6.127207216840654e-7
1.0940960367731525e-6
1.5963772862390313e-6
0.000011462315137510047
8.261742969464666e-6
4.117660601664574e-6
1.470022490403248e-6
3.97261389199001e-7
1.5702291493962934e-7
2.3071843554601579e-7
4.5844660743247936e-7
8.349235598471438e-7
1.2511606752302703e-6
9.200684398832015e-6
6.877796347902963e-6
3.6075838737109446e-6
1.3455829132280213e-6
3.964123814527847e-7
2.1484746596084361e-7
3.5006521560854486e-7
6.469296947096047e-7
9.989253391611395e-7
7.555442147754836e-6
5.740330309707636e-6
3.040309506263888e-6
1.1168490047764293e-6
3.5150736149776406e-7
2.8814275752543786e-7
5.076843044083222e-7
8.101807500965116e-7
6.287553372367433e-6
4.782021919507062e-6
2.4635622013245348e-6
8.483498654889062e-7
3.217458354907054e-7
4.0796599734337334e-7
6.679136881766377e-7
5.267232630953025e-6
3.950100990152842e-6
1.8941529085004113e-6
5.982987876202348e-7
3.596641203167743e-7
5.613864756984116e-7
4.417554236130777e-6
3.202746617690838e-6
1.3444959614925017e-6
4.373471614924245e-7
4.869084298330582e-7
3.6908686179917346e-6
2.504781215439221e-6
8.515183675297986e-7
4.613015200734776e-7
3.063479158015647e-6
1.8201711901665265e-6
5.817051971322158e-7
2.509396181951407e-6
1.1540175769339683e-6
1.6877018269147537e-6
0.000024696354795073805
9.600292132831836e-6
1.9705928697522916e-6
2.6503182275055703e-8
-3.4102486942412845e-7
-3.3096342838359823e-7
-2.0596411244835753e-7
-2.0938189024977856e-8
2.1891492679528931e-7
5.495520009867607e-7
1.0656781572627575e-6
1.8293376432219416e-6
2.525940680299078e-6
0.000018985513821317388
0.000011269871566903457
4.075954338850159e-6
9.70067772642863e-7
6.408962122577266e-8
-7.855000597819271e-8
-7.955060468576977e-10
1.5691835921547661e-7
3.94052699188371e-7
7.790261224587669e-7
1.3663597966240875e-6
1.9455101594063996e-6
0.000014433739296475208
9.838115824721441e-6
4.440636890416896e-6
1.4131808245573851e-6
3.076809345480875e-7
7.120602899334372e-8
1.2613792494407947e-7
2.9707769778018317e-7
5.961343222425771e-7
1.0647944693152596e-6
1.5542439334702597e-6
0.00001145216398807429
8.332927678540303e-6
4.189432352857395e-6
1.5086614069154391e-6
4.105924336471094e-7
1.602108402926185e-7
2.317817600512314e-7
4.5987764364567435e-7
8.37473834790978e-7
1.2549472710182573e-6
9.349358571954223e-6
7.040206079044132e-6
3.7197848338810645e-6
1.397297212222001e-6
4.133045867597332e-7
2.2165662819631792e-7
3.5880796890894e-7
6.62541216257492e-7
1.0224706071260166e-6
7.78280994336844e-6
5.950572651458048e-6
3.171552372113223e-6
1.1720961783022708e-6
3.6956631121335384e-7
3.003906161453507e-7
5.278285404830871e-7
8.414657014358869e-7
6.5531601968080095e-6
5.011238050573955e-6
2.5959236433553e-6
8.983635629441822e-7
3.3988612319777216e-7
4.283154338447997e-7
7.00338904222076e-7
5.545394990492718e-6
4.1786008192042025e-6
2.013192048922886e-6
6.368609019682563e-7
3.790759120153448e-7
5.905940506879687e-7
4.692015265693202e-6
3.4155975337294637e-6
1.4372993743121056e-6
4.61868009202668e-7
5.098400182219475e-7
3.949582986228212e-6
2.6866224698019296e-6
9.051239006570296e-7
4.7615519314353e-7
3.2930681918361983e-6
1.9470153481060404e-6
5.928087016061307e-7
2.6858798791632855e-6
1.193811726633283e-6
1.758822471699407e-6
0.000020789861256848283
8.284712355108055e-6
1.7735582796010686e-6
5.5022625498567754e-8
-2.801887587123958e-7
-2.774657604030182e-7
-1.732491911334969e-7
-1.7528188830128304e-8
1.8465873945363293e-7
4.635735128714937e-7
8.991597962696359e-7
1.5439002286655876e-6
2.132634976514009e-6
0.000016828241796882584
0.000010249029701595493
3.7953556079476843e-6
9.331320923389175e-7
7.767414514740097e-8
-6.513227179922293e-8
3.55155653726568e-11
1.3916698267773282e-7
3.493673168687471e-7
6.909658834621981e-7
1.2124557537450472e-6
1.7274564497415552e-6
0.0000133753070376141
9.28133005360896e-6
4.262786692443833e-6
1.3815950631760238e-6
3.082555086750204e-7
7.106363322411387e-8
1.1761127581339172e-7
2.754110198656074e-7
5.527601344409641e-7
9.877309338428261e-7
1.4425616241852913e-6
0.000010962568396868005
8.087202844888666e-6
4.117295584127089e-6
1.499707136207417e-6
4.1140748778435277e-7
1.5738085947240098e-7
2.2273290493662837e-7
4.411293369214052e-7
8.034934772276536e-7
1.2044321036277363e-6
9.172031476021924e-6
6.974384893994499e-6
3.717434883396292e-6
1.4073034836026429e-6
4.17587620885253e-7
2.2039956396784985e-7
3.536679337660229e-7
6.526725856655769e-7
1.0071622436162717e-6
7.768806214692178e-6
5.982008321369632e-6
3.2100329692134665e-6
1.1940369117488064e-6
3.767927074077967e-7
3.025708726124103e-7
5.300336246870777e-7
8.445094023267185e-7
6.62635367984689e-6
5.097618326606216e-6
2.6574698869135756e-6
9.248990374697829e-7
3.483890033767745e-7
4.35455959869515e-7
7.113255375354572e-7
5.671302245067529e-6
4.298133718324121e-6
2.082857089684856e-6
6.601818345325312e-7
3.881909330877096e-7
6.034261427732591e-7
4.8505665379168935e-6
3.5493123558750482e-6
1.4990323710779581e-6
4.7616548571317087e-7
5.2049325531964e-7
4.1224243907201155e-6
2.814399965236199e-6
9.419127133070376e-7
4.815145939757286e-7
3.461361766869637e-6
2.0411218284907898e-6
5.943304938026666e-7
2.8215296838333133e-6
1.2169951772277773e-6
1.8083073762320936e-6
0.00001744039145885895
6.950135880392858e-6
1.5182965397638128e-6
6.169979402399767e-8
-2.296866710943311e-7
-2.3064820974560862e-7
-1.443711774706819e-7
-1.455931310365274e-8
1.5418125904921207e-7
3.8707052149214946e-7
7.50888476779231e-7
1.2895373843876162e-6
1.7817346644814529e-6
0.000014298795055577451
8.892845763519297e-6
3.367492677261844e-6
8.519109040644878e-7
8.270940824020482e-8
-5.19326581343872e-8
6.356690001295955e-10
1.1878573037540457e-7
2.980930702911375e-7
5.897262209559094e-7
1.035140794779221e-6
1.4754845508032314e-6
0.000011819094997763375
8.34327045118045e-6
3.894448635578503e-6
1.2847409075053564e-6
2.9396961685875145e-7
6.782574400414059e-8
1.046448133343947e-7
2.4337722565741297e-7
4.885447286395347e-7
8.733690059096222e-7
1.276295364287769e-6
9.988998162383448e-6
7.467242862119782e-6
3.8533798797021715e-6
1.4236094338858334e-6
3.952039058872926e-7
1.480117470883366e-7
2.0368119366556407e-7
4.0242615415468554e-7
7.332210728045793e-7
1.099639333248186e-6
8.566811986858411e-6
6.591937472690031e-6
3.5564940445593227e-6
1.362324081754018e-6
4.0624509393961017e-7
2.0928890041178954e-7
3.3150062786422594e-7
6.114565572403003e-7
9.43860534951185e-7
7.419784819099776e-6
5.774110070260166e-6
3.130822364101473e-6
1.1750482852503149e-6
3.7013451996806334e-7
2.911391944565311e-7
5.079408173623096e-7
8.093488883784534e-7
6.453710868079281e-6
5.008385465586587e-6
2.632584811665846e-6
9.217669551708525e-7
3.4407581164412043e-7
4.251025511429667e-7
6.940660742083473e-7
5.611923287736358e-6
4.282827552565334e-6
2.0888622802012707e-6
6.630806457158205e-7
3.8423212928660645e-7
5.95748357334686e-7
4.860975044690525e-6
3.5768502130283537e-6
1.5170527481730246e-6
4.769188685410903e-7
5.158584255939206e-7
4.174418235073942e-6
2.8629048363084347e-6
9.544000127354105e-7
4.748598730590308e-7
3.5371788209227836e-6
2.085672457189191e-6
5.837770737505547e-7
2.894256073883902e-6
1.217757041445047e-6
1.8277261814936405e-6
0.000014589016942119157
5.854049877631161e-6
1.2691008109098417e-6
5.576992232106677e-8
-1.8849697704441755e-7
-1.9054250613299934e-7
-1.1945322891544135e-7
-1.1983928775239998e-8
1.278965357479997e-7
3.2109512202790764e-7
6.230520674653496e-7
1.07029179925629e-6
1.4794016349394095e-6
0.000011928317491197336
7.44771541928885e-6
2.854643166835848e-6
7.362861058083145e-7
7.738657740922882e-8
-4.165793657244146e-8
8.521547705287256e-10
9.975069684398565e-8
2.502429910979831e-7
4.950633081602058e-7
8.689880047844863e-7
1.2386673860746303e-6
9.999366215304311e-6
7.154369036179972e-6
3.391027751305321e-6
1.1381394761622384e-6
2.6639828705278e-7
6.158093325004234e-8
8.938879867082089e-8
2.0653154686515777e-7
4.145997219433727e-7
7.414138876261164e-7
1.083929558057098e-6
8.677113820232736e-6
6.574065212084925e-6
3.437871166344911e-6
1.2868796417243263e-6
3.6107452135386403e-7
1.3262950329142286e-7
1.7752939437183476e-7
3.498726561886859e-7
6.376924726948963e-7
9.569153501645271e-7
7.6283658586790554e-6
5.935355519577928e-6
3.2374005194495653e-6
1.2536330252000527e-6
3.7591746178420856e-7
1.89235766406384e-7
2.9560923653556524e-7
5.449888429225143e-7
8.416754651148133e-7
6.743617574495885e-6
5.298734438147009e-6
2.9026346851056855e-6
1.1004978376119696e-6
3.465935367500723e-7
2.663922394537122e-7
4.6248629748534265e-7
7.371288467235755e-7
5.974476191894103e-6
4.680783049428855e-6
2.4856047498235567e-6
8.779455270573113e-7
3.242658641724029e-7
3.9429157041923535e-7
6.434868789777223e-7
5.290756126112495e-6
4.076298946213605e-6
2.0078924806246365e-6
6.396797432893585e-7
3.629867879185189e-7
5.606024983312478e-7
4.666701597664036e-6
3.4654998875809674e-6
1.4809931292245267e-6
4.6020067251965e-7
4.906714760112068e-7
4.0765538585646e-6
2.8161768899226935e-6
9.373905084610165e-7
4.5361568389090096e-7
3.5016236510834044e-6
2.06921420137634e-6
5.595797754155024e-7
2.8855848249796833e-6
1.1902883241726597e-6
1.8070889632753e-6
0.00001190834059424027
5.029530047399046e-6
1.0816393729159137e-6
5.260851234055642e-8
-1.5192274756226331e-7
-1.5464830456171272e-7
-9.708811675772481e-8
-9.651470747507295e-9
1.043694998655219e-7
2.62046349833485e-7
5.086879430660498e-7
8.742510489696845e-7
1.2092667462260495e-6
0.000010115934114507688
6.2287438560127386e-6
2.3724666315780487e-6
6.112808180090484e-7
6.35821882122479e-8
-3.5495946819064374e-8
7.226630622479624e-10
8.463533412334156e-8
2.1229359739862223e-7
4.1990313038536444e-7
7.369018025252303e-7
1.0500793124366982e-6
8.319570516559977e-6
5.9570809079061385e-6
2.8389276347983918e-6
9.617316849824619e-7
2.2835053796781793e-7
5.322724099227171e-8
7.509317090176553e-8
1.7279069075224587e-7
3.4678199531032293e-7
6.200974133101682e-7
9.064943260919004e-7
7.258418793217046e-6
5.539942619889435e-6
2.925205290930862e-6
1.1078322828834416e-6
3.1441693529078057e-7
1.1414205462561472e-7
1.4936383997062417e-7
2.9364968115094746e-7
5.352830442907717e-7
8.034548203599263e-7
6.481388068614839e-6
5.092077887640304e-6
2.807907187210205e-6
1.0997982725939064e-6
3.3183408353285087e-7
1.634197140566603e-7
2.517747115349241e-7
4.639418807298221e-7
7.16853595131572e-7
5.839726259661715e-6
4.6350665050836714e-6
2.5659816517273613e-6
9.8243778304525e-7
3.0905921556276424e-7
2.320049422015775e-7
4.00834524642623e-7
6.391771425678707e-7
5.273695723111527e-6
4.170737195954184e-6
2.235744313477115e-6
7.955373341638152e-7
2.907506245957761e-7
3.481406818731982e-7
5.680381143320213e-7
4.752771506117069e-6
3.6925902396475443e-6
1.8345178938715077e-6
5.866815416582567e-7
3.2670790883160496e-7
5.025546278774645e-7
4.25908368960787e-6
3.1894055362712992e-6
1.3743219882760216e-6
4.235504513556936e-7
4.4503996057214046e-7
3.782119846235209e-6
2.6358567225512045e-6
8.797812972958667e-7
4.1489336611189354e-7
3.305885543813101e-6
1.967235277712486e-6
5.181218939123958e-7
2.770353060445665e-6
1.1303764188360747e-6
1.741473590933265e-6
9.29954429959159e-6
4.226361124168605e-6
9.469018872188591e-7
5.9189839605182834e-8
-1.1704378644313332e-7
-1.215140036728035e-7
-7.6485084660977e-8
-7.532627036627836e-9
8.25690569648942e-8
2.0732504233005047e-7
4.026334547361284e-7
6.923150489390515e-7
9.58285916817061e-7
8.719533818865694e-6
5.354731254638115e-6
2.012977107269868e-6
5.111293073800198e-7
5.0940775012123944e-8
-3.087130353281037e-8
5.539112412149962e-10
7.215602674571387e-8
1.8100817766050643e-7
3.580555928439317e-7
6.284259640334805e-7
8.956256484528933e-7
7.0697368735459674e-6
5.004894836819389e-6
2.365351211940018e-6
7.972007944562079e-7
1.8867923621444293e-7
4.435543818295607e-8
6.388076407340139e-8
1.4716744281920384e-7
2.9526035124221e-7
5.277795215418815e-7
7.711711398545864e-7
6.054974357241794e-6
4.603050113391851e-6
2.428657499805354e-6
9.219026039133238e-7
2.6306462962338203e-7
9.60125347341651e-8
1.2538086196519754e-7
2.462599740279051e-7
4.487441575198332e-7
6.732982963884042e-7
5.381450914895566e-6
4.234931414809546e-6
2.3445034403074102e-6
9.238957620884168e-7
2.8049584670074593e-7
1.3728525520548773e-7
2.1004160730672662e-7
3.8679152632233025e-7
5.975831215319732e-7
4.872763219581782e-6
3.8869105082446684e-6
2.166207828565786e-6
8.359704989488469e-7
2.6364952866246917e-7
1.94885822981252e-7
3.3533340011000223e-7
5.347863956237698e-7
4.447365902779779e-6
3.541959103034394e-6
1.914770520818031e-6
6.869277160646104e-7
2.491738893506855e-7
2.940949990040164e-7
4.796683753147228e-7
4.065117681780481e-6
3.185054485427076e-6
1.5972401244008463e-6
5.131658097482013e-7
2.804523005247453e-7
4.29559517089685e-7
3.703483843868774e-6
2.798507027856977e-6
1.216377012741919e-6
3.7212475613417803e-7
3.8536390303576726e-7
3.3463254979470596e-6
2.3528830568204402e-6
7.88079671997604e-7
3.6366784957627723e-7
2.9750531841033136e-6
1.7820154784510896e-6
4.6093108339813603e-7
2.5320484009907565e-6
1.0290080547308046e-6
1.613727114702321e-6
7.103858758374214e-6
3.2834848023705665e-6
7.908016863192587e-7
6.449375862747375e-8
-8.660029866511436e-8
-9.305930166749895e-8
-5.882569756198514e-8
-5.777455505541777e-9
6.36295182912008e-8
1.5977229882793397e-7
3.1032517893545803e-7
5.336737717972671e-7
7.388600507164757e-7
7.1489398731267445e-6
4.573927990439191e-6
1.7492355954829604e-6
4.476613696374127e-7
4.780818663184021e-8
-2.4103629498154816e-8
6.363158125490691e-10
5.888434332513934e-8
1.4771941624613912e-7
2.923947966577399e-7
5.135446031681205e-7
7.326110888225734e-7
6.12184445872079e-6
4.3339276157749395e-6
2.032473849185891e-6
6.774059583314545e-7
1.5819707859705025e-7
3.705788279530561e-8
5.4713711584353545e-8
1.2641704062237056e-7
2.53673520378932e-7
4.534759527526846e-7
6.626643409757767e-7
5.208072558645434e-6
3.92256260231605e-6
2.049629428920855e-6
7.712891959058881e-7
2.1900774314290544e-7
8.117054826303766e-8
1.0784099793495971e-7
2.120466874139142e-7
3.8622848055049114e-7
5.791445795068063e-7
4.547797988347615e-6
3.5519065786835066e-6
1.9545613130306207e-6
7.674175304322675e-7
2.3345852554862652e-7
1.1596489079227103e-7
1.7841546539751578e-7
3.284111732316838e-7
5.06969461612176e-7
4.065419998132284e-6
3.2306605579393966e-6
1.7970356058757884e-6
6.939164337189159e-7
2.1994388344425094e-7
1.6345652303448837e-7
2.811728713247696e-7
4.4809741521794617e-7
3.6898340435378136e-6
2.9378490071809945e-6
1.5906420814482313e-6
5.726694678418203e-7
2.081655797758707e-7
2.4494144748302586e-7
3.992350098352237e-7
3.375530539305142e-6
2.651642341594688e-6
1.3354226462668628e-6
4.3079280443250144e-7
2.3381284292752036e-7
3.572074999697191e-7
3.0939296106798826e-6
2.349516151643618e-6
1.0274939244333009e-6
3.1364248853491414e-7
3.216717818211318e-7
2.8248422178461416e-6
2.000246677520241e-6
6.735277141511114e-7
3.0600606585753795e-7
2.548611683565057e-6
1.5396261633850296e-6
3.939710565335064e-7
2.2102731744768555e-6
8.994148567412689e-7
1.43456108093985e-6
5.494045290479022e-6
2.4691072622784113e-6
5.954954046532347e-7
5.34585542095378e-8
-6.490449503682201e-8
-7.128715681367653e-8
-4.523590298218373e-8
-4.452240249044187e-9
4.8938709447346266e-8
1.2288174602653154e-7
2.3865177445895836e-7
4.103744430499222e-7
5.68071878034535e-7
5.3721643652503484e-6
3.5781832133529047e-6
1.4373872580014513e-6
3.8671059780905574e-7
4.8771865950264315e-8
-1.6048257268437048e-8
8.316578936689558e-10
4.505539168447405e-8
1.1297907612984183e-7
2.2373617826883388e-7
3.9316356200195285e-7
5.612872584275081e-7
4.992249119821286e-6
3.6554045225878238e-6
1.7526233642589568e-6
5.917643224211053e-7
1.3953973004275546e-7
3.206198349204407e-8
4.457248240671057e-8
1.0252376868178382e-7
2.0588345137711015e-7
3.683849129393312e-7
5.389828672167255e-7
4.476424580056823e-6
3.4048966332203024e-6
1.7828520513734453e-6
6.683292164719149e-7
1.8819394237715804e-7
6.913208537001091e-8
9.190606141789728e-8
1.8087743147641356e-7
3.2959736583857316e-7
4.944804955714639e-7
3.955185057448476e-6
3.0804251505696124e-6
1.684474953280337e-6
6.559324646947588e-7
1.9840901371030868e-7
9.97852174098826e-8
1.5484572933047563e-7
2.8509962548414963e-7
4.399422804667784e-7
3.5071706891453567e-6
2.7673829564293483e-6
1.5271290275179055e-6
5.854739566672581e-7
1.8600580993776315e-7
1.4092601229112098e-7
2.4321359288817114e-7
3.87247861485658e-7
3.139163846952208e-6
2.481743316293934e-6
1.3348244813290188e-6
4.787466601676464e-7
1.758522840177646e-7
2.0916174717583841e-7
3.40713373591169e-7
2.8348809316202133e-6
2.21515699531992e-6
1.1111142029731605e-6
3.586233480875242e-7
1.9661726625780356e-7
3.007220536504204e-7
2.5748602630140096e-6
1.949918463187462e-6
8.51892758667257e-7
2.607458625142695e-7
2.6784179262856466e-7
2.341308071544185e-6
1.6579726675268584e-6
5.589409279298928e-7
2.5314883022203217e-7
2.1155857824215556e-6
1.2817222046381815e-6
3.265241523572833e-7
1.8495578294573926e-6
7.543646868477397e-7
1.2211392197201892e-6
4.219395628802098e-6
1.937437540953468e-6
4.502038165726792e-7
3.636316587497476e-8
-5.0647304237207144e-8
-5.494123489464158e-8
-3.485601160613217e-8
-3.42922296643371e-9
3.772717880926678e-8
9.473013647747139e-8
1.8397948512536516e-7
3.163658029448123e-7
4.3794461263834655e-7
4.099867171867547e-6
2.6435551960184116e-6
1.0645821543968714e-6
2.954639216678499e-7
4.036663304585714e-8
-1.1201676986381184e-8
8.10485994065683e-10
3.4402872102303256e-8
8.620978631291615e-8
1.7067185635818238e-7
2.998204568044399e-7
4.278412172611433e-7
3.693011799842889e-6
2.7724674892182442e-6
1.3787093495039782e-6
4.846054082497645e-7
1.1949895818220426e-7
2.7490050402873675e-8
3.394651363991333e-8
7.700936010102146e-8
1.5465198865959979e-7
2.768706932361266e-7
4.0539162557198163e-7
3.5029889559146016e-6
2.7532512165116312e-6
1.4850954375361584e-6
5.703252208635866e-7
1.6256714176072038e-7
5.70797298817308e-8
7.21344381015257e-8
1.4147643081516128e-7
2.580996147051818e-7
3.8784547225537435e-7
3.2813735901008077e-6
2.6107621469204505e-6
1.4502827752946165e-6
5.697797562541697e-7
1.7151958585405707e-7
8.333674108107097e-8
1.276017374863896e-7
2.3506765441772315e-7
3.6325491677457507e-7
3.0138325104652657e-6
2.400327573440391e-6
1.330427931291507e-6
5.095363948873075e-7
1.6045506920236893e-7
1.2044873704314221e-7
2.0787188379917976e-7
3.3120550070811467e-7
2.734131106102384e-6
2.1628730099105014e-6
1.1599647182800075e-6
4.136884692693757e-7
1.5182327227527195e-7
1.8159646979985585e-7
2.9592235950926945e-7
2.465298360919065e-6
1.9175158000149107e-6
9.554820984300758e-7
3.0693203154660864e-7
1.7013438688631402e-7
2.610200137835485e-7
2.216563072863071e-6
1.6669214935443947e-6
7.228483454920119e-7
2.2163915698438254e-7
2.2983134037105242e-7
1.988174028649261e-6
1.3975510260356287e-6
4.682081833607972e-7
2.1335020056551006e-7
1.7720263467605329e-6
1.0666173181480383e-6
2.703133511881084e-7
1.5324695718626154e-6
6.216269638239496e-7
1.0093448036209215e-6
3.20990718645888e-6
1.4744906073044632e-6
3.5759945607087406e-7
2.9945745668059965e-8
-3.900335382166221e-8
-4.218170218095573e-8
-2.6712283470405166e-8
-2.6308517718970565e-9
2.8884958927350507e-8
7.252726924307146e-8
1.4085026625179355e-7
2.421863885532026e-7
3.3522632854801463e-7
3.2296387535680057e-6
2.0911352121477586e-6
8.135289832134466e-7
2.1647455733504377e-7
2.7466448083405984e-8
-9.285601675945356e-9
5.969553947617342e-10
2.67304472180795e-8
6.698006045941871e-8
1.326096786800419e-7
2.3297198167285665e-7
3.324798935069252e-7
2.83668177206872e-6
2.058483257627272e-6
1.0046839626985385e-6
3.5370013979996224e-7
8.892373055700852e-8
2.1190313158500538e-8
2.6158292283454443e-8
5.907757716448338e-8
1.185324136262892e-7
2.1206608977646755e-7
3.1023624090274e-7
2.5574141126801694e-6
2.010214853673586e-6
1.1014209125481955e-6
4.3459492321874297e-7
1.2777937897550994e-7
4.444851330458599e-8
5.374669892997087e-8
1.0478294798475839e-7
1.9111718403980225e-7
2.8718678271669765e-7
2.4272020731209076e-6
1.974443782310103e-6
1.1278923228309373e-6
4.5638293765510415e-7
1.395882912319193e-7
6.436936541841927e-8
9.51708929850792e-8
1.751385831296027e-7
2.710345467994201e-7
2.334372605855015e-6
1.9084989213193143e-6
1.0857919360322372e-6
4.2490469456839016e-7
1.328257438333949e-7
9.408910821193998e-8
1.6068763950449267e-7
2.5655339495871274e-7
2.2235369343848404e-6
1.7972817543614739e-6
9.821369142938393e-7
3.538224365280967e-7
1.2630893469471995e-7
1.4682802460542016e-7
2.394936647643374e-7
2.0827841364139e-6
1.6430575268874738e-6
8.269086639815168e-7
2.650113726010649e-7
1.4309678604126413e-7
2.1892891231324566e-7
1.9172994952287826e-6
1.450966587867571e-6
6.299164692961271e-7
1.9096566412417258e-7
1.968528302257729e-7
1.7350535059887425e-6
1.2182602179553897e-6
4.051125757810377e-7
1.8330878097497535e-7
1.5391373700907507e-6
9.186540484896836e-7
2.2932920349619626e-7
1.30833046290786e-6
5.219992976760191e-7
8.387272257632127e-7
2.467654445864166e-6
1.108806928335451e-6
2.644963780747678e-7
2.285591195526561e-8
-2.968334008193897e-8
-3.243526153430495e-8
-2.0570408313749e-8
-2.0362561687719295e-9
2.2202339890822742e-8
5.574602434817333e-8
1.0823734266749502e-7
1.8606459483647265e-7
2.5745323456206284e-7
2.3987647428912743e-6
1.591135033447528e-6
6.451434665476028e-7
1.755372875872364e-7
2.2762629353109736e-8
-6.898341424797832e-9
4.351701649190116e-10
2.0144849781026443e-8
5.0491436644807536e-8
9.999082839997834e-8
1.7571509714832687e-7
2.5086361301603893e-7
2.2375451299557127e-6
1.6533226082576958e-6
7.981829448025953e-7
2.7221569411634144e-7
6.571788879791386e-8
1.5438131866709805e-8
2.021091949924449e-8
4.599892828290699e-8
9.234592143557163e-8
1.652785946512009e-7
2.4191080638546155e-7
2.036387924527592e-6
1.5596297187440836e-6
8.274835535955101e-7
3.1772325054808574e-7
9.246212542006155e-8
3.3495939122858617e-8
4.215869016304321e-8
8.237886409783961e-8
1.5014826110117776e-7
2.254134065286265e-7
1.8312286949279852e-6
1.4530441925207306e-6
8.172555805643027e-7
3.3006002304168303e-7
1.026369042192661e-7
4.874088747640291e-8
7.230020836367195e-8
1.328391577394367e-7
2.052733471022502e-7
1.6939005789170307e-6
1.3786558589365971e-6
7.89454560061931e-7
3.142741836275683e-7
9.999111944225211e-8
6.964661709574939e-8
1.1795038317441001e-7
1.8819768462960255e-7
1.6138896200773997e-6
1.3215513234838162e-6
7.371466900274336e-7
2.717758479746647e-7
9.586000233181029e-8
1.0752648484234347e-7
1.7516324666175853e-7
1.5577208126141768e-6
1.256370845016704e-6
6.485705939303281e-7
2.1070713762396005e-7
1.084467654332934e-7
1.6397782268347642e-7
1.4983886705494024e-6
1.161674682834566e-6
5.156907453664628e-7
1.5389908983224677e-7
1.5318127458735683e-7
1.4188274494952917e-6
1.0171459494285524e-6
3.414781017108374e-7
1.486306688836733e-7
1.3067706408098638e-6
7.89418072267498e-7
1.9285499749779256e-7
1.134367646465218e-6
4.4855906315594975e-7
7.185798813626391e-7
1.90967204415605e-6
8.430964072401498e-7
2.0007592811986575e-7
1.5329049646941058e-8
-2.362519572923704e-8
-2.5257405999372424e-8
-1.5982221596784195e-8
-1.5898672463320524e-9
1.7214646340048876e-8
4.322110258351918e-8
8.38992048422109e-8
1.4418827300919166e-7
1.9943300675264312e-7
1.824781583951507e-6
1.1858385323223409e-6
4.7108204674730675e-7
1.2969797956746475e-7
1.789020118326876e-8
-4.8526974147047145e-9
3.833064826612667e-10
1.5208836829393683e-8
3.810777897756091e-8
7.545476514081498e-8
1.3257485779441263e-7
1.8922854326230926e-7
1.636494481904242e-6
1.2174921875475123e-6
6.074969700882126e-7
2.158293230316047e-7
5.382314274454477e-8
1.241954935369938e-8
1.509216214007885e-8
3.4155522966453295e-8
6.858054394359753e-8
1.22772640352623e-7
1.7975221422562757e-7
1.5421522870437673e-6
1.2230478878510332e-6
6.660029437764079e-7
2.5746416115195473e-7
7.362286591188102e-8
2.5624701995846498e-8
3.1922244292928965e-8
6.249751917428915e-8
1.1404111656661194e-7
1.7143857049346668e-7
1.4699079269658326e-6
1.176705737189628e-6
6.561520906745123e-7
2.5873499569503553e-7
7.826347912629414e-8
3.7650304102814885e-8
5.70060174042513e-8
1.0495043813320739e-7
1.62281719526808e-7
1.3628711956342362e-6
1.0886931974335386e-6
6.067213008010438e-7
2.349364050656394e-7
7.469346328323051e-8
5.484116673308502e-8
9.389293861094649e-8
1.4965526966892497e-7
1.2454824065096922e-6
9.937703447699946e-7
5.413287111900149e-7
1.9732023599480634e-7
7.188807641880419e-8
8.31474528882709e-8
1.3527479822897345e-7
1.1471380283312569e-6
9.100239816063919e-7
4.6616792976150316e-7
1.5297290164746657e-7
8.065744022168949e-8
1.2187614047134753e-7
1.0765000951726844e-6
8.344433228108705e-7
3.7438041366777474e-7
1.1316679619259945e-7
1.1137097974514156e-7
1.0264287014961047e-6
7.477266237302353e-7
2.563687569855164e-7
1.0908631020048968e-7
9.803060282285414e-7
6.086172951472068e-7
1.4838609465214338e-7
9.010101254687686e-7
3.6403942810501897e-7
6.039157432215914e-7
1.4968989098974657e-6
6.423542665678679e-7
1.4990194621699613e-7
1.0772943352319478e-8
-1.8765860179905635e-8
-1.9888777854576932e-8
-1.2558795271189125e-8
-1.2566275493437135e-9
1.3485141211849364e-8
3.385593501602274e-8
6.570216016059827e-8
1.1288053420238614e-7
1.5606020083657375e-7
1.3769229328986978e-6
8.983848876466656e-7
3.59839411373455e-7
9.757486646950069e-8
1.2593005524410395e-8
-3.940450639100301e-9
2.633239499859753e-10
1.1525683927437098e-8
2.887893843208661e-8
5.717939578118158e-8
1.0046174123051041e-7
1.4338631452278893e-7
1.250042893878881e-6
9.221001859663364e-7
4.4811972003003304e-7
1.5531265445898735e-7
3.8588557148167354e-8
9.225016306796904e-9
1.143574336914489e-8
2.5812637205390367e-8
5.180761516048414e-8
9.272905339811532e-8
1.3573373280713055e-7
1.1418607538402578e-6
8.852328642026454e-7
4.789533892303553e-7
1.8839910184660796e-7
5.583223061075681e-8
1.9662876654462395e-8
2.3790483071621683e-8
4.635216172461913e-8
8.453542997379106e-8
1.2701834061621228e-7
1.0566582788933517e-6
8.557900751289324e-7
4.909650671151074e-7
2.0069779760691525e-7
6.196206853010178e-8
2.8379012154925853e-8
4.165145058102628e-8
7.661108139621042e-8
1.1855648867147051e-7
1.0151012179228872e-6
8.368266536671456e-7
4.809694237652466e-7
1.8974559188730424e-7
5.916186132955139e-8
4.115930304837708e-8
7.006781595579693e-8
1.1194362361341155e-7
9.835769542593907e-7
8.015606933298391e-7
4.405354281641921e-7
1.5893907287726277e-7
5.621421878646999e-8
6.476213183207447e-8
1.0567782874947058e-7
9.337672877275153e-7
7.389911841654448e-7
3.7255067961734346e-7
1.195011868720725e-7
6.41034780716133e-8
9.784395962671724e-8
8.637711243823813e-7
6.55057852857065e-7
2.8589334583922355e-7
8.696585779302626e-8
8.872399845669052e-8
7.865313433110022e-7
5.575201869132355e-7
1.8827148183111437e-7
8.3621075468259e-8
7.149701279969672e-7
4.3756866103690854e-7
1.0884377367520846e-7
6.449313455205555e-7
2.6480148484201626e-7
4.546191204662006e-7
1.1888559399875526e-6
4.954394025566919e-7
1.1356848716940341e-7
7.0356188923398784e-9
-1.5245181505416586e-8
-1.5849524938770877e-8
-9.981671780421797e-9
-1.0041801804345824e-9
1.0689908666782689e-8
2.6837121615144482e-8
5.2067919174616826e-8
8.94302265718876e-8
1.2358739787064377e-7
1.0518853587781781e-6
6.79200260202947e-7
2.6857757294331234e-7
7.261951885055148e-8
9.466844114921727e-9
-3.001656401746296e-9
1.9241324660417317e-10
8.79231863291151e-9
2.2034397507495272e-8
4.3620687295085566e-8
7.662613388099964e-8
1.0933963255618986e-7
9.347960874215108e-7
6.875120796789275e-7
3.380551981232818e-7
1.1893670088541425e-7
2.9519905932614448e-8
6.868387921747115e-9
8.551449441586033e-9
1.9386250950389214e-8
3.891874655307133e-8
6.966044492881067e-8
1.0196786996539746e-7
8.597010750976812e-7
6.758573855043759e-7
3.6695646155718634e-7
1.420657929596056e-7
4.0879301986791675e-8
1.4361477811096532e-8
1.7836173643652052e-8
3.486227053307646e-8
6.360035448035187e-8
9.559517774758977e-8
8.100651647497184e-7
6.489891417370702e-7
3.6333161584413e-7
1.4453792127195676e-7
4.428343292309255e-8
2.1099614168703658e-8
3.147916172795199e-8
5.789709098614339e-8
8.955914603210148e-8
7.54064153716245e-7
6.063894796768362e-7
3.420717207631548e-7
1.348529495476085e-7
4.319143092168968e-8
3.063268790702468e-8
5.197856918342791e-8
8.292236071078908e-8
7.006739466515689e-7
5.676786971869385e-7
3.1547498308658157e-7
1.1703557053557121e-7
4.178227939066128e-8
4.6854257563183964e-8
7.624783885500283e-8
6.66472468211003e-7
5.389124996925408e-7
2.80715885179929e-7
9.210460663362292e-8
4.6925388342473655e-8
7.064141108441806e-8
6.472502411208089e-7
5.071414536020656e-7
2.2755867047783826e-7
6.760407724400891e-8
6.639424967320328e-8
6.254737957146475e-7
4.523387656944851e-7
1.5233990558297387e-7
6.557516517480527e-8
5.84231194713508e-7
3.538301065802711e-7
8.637967826808914e-8
5.093381351755234e-7
2.024408081169913e-7
3.3268354373031125e-7
9.558008711614173e-7
3.8763366145728056e-7
8.690930616786728e-8
4.518966012271597e-9
-1.246102532270513e-8
-1.2760299375220565e-8
-8.017461429893334e-9
-8.10065813509381e-10
8.5657872022963e-9
2.1503829640637822e-8
4.1712091038100934e-8
7.162689504470427e-8
9.895090004994522e-8
8.123815801318992e-7
5.187037759710216e-7
2.0375554833274068e-7
5.4661684875731425e-8
6.792127371212621e-9
-2.4600429754818764e-9
1.2657697559615445e-10
6.790652908949028e-9
1.7020114521093504e-8
3.368772072150527e-8
5.9165206132700695e-8
8.440007540632677e-8
7.100435407916406e-7
5.203614986319591e-7
2.537358005834892e-7
8.79803140690875e-8
2.158496162230555e-8
5.094952762957692e-9
6.489571313570755e-9
1.4713519168950701e-8
2.9532135289018424e-8
5.285116758379831e-8
7.734670676455586e-8
6.463769140921556e-7
5.022278748604516e-7
2.699621717309395e-7
1.0470466289940141e-7
3.06411817659116e-8
1.0880031999285244e-8
1.3381774500948122e-8
2.612006142936226e-8
4.7643558515125024e-8
7.159521718885707e-8
5.964331609349643e-7
4.774445442909415e-7
2.703972357919957e-7
1.0960875425034925e-7
3.3858688582663395e-8
1.5759032501612222e-8
2.3311674644003172e-8
4.2888923578640466e-8
6.636132587138756e-8
5.599249773823946e-7
4.576619633249157e-7
2.6201621010133376e-7
1.0339395013093866e-7
3.239478904114017e-8
2.2698834172035145e-8
3.865854935551517e-8
6.174816187417554e-8
5.359396150522664e-7
4.364624086467344e-7
2.401816385612182e-7
8.690418843781062e-8
3.080903345339618e-8
3.536068819427733e-8
5.7674740671482234e-8
5.089313291470736e-7
4.03625667098076e-7
2.0438301762896394e-7
6.604630385485906e-8
3.515867215296562e-8
5.3404627924361044e-8
4.7340341641947485e-7
3.6157254924783444e-7
1.599359727064587e-7
4.88570030983013e-8
4.8893814595115986e-8
4.388606396648467e-7
3.1671561694587923e-7
1.0909645654592761e-7
4.720612636835848e-8
4.146137431993906e-7
2.5976659000126766e-7
6.418094756354055e-8
3.898651303911253e-7
1.6011473338612046e-7
2.688427948216157e-7
7.752905839323134e-7
3.0791009128494185e-7
6.758679480428972e-8
2.899024430136258e-9
-1.023739354168511e-8
-1.0344480488472786e-8
-6.485203465880687e-9
-6.568770905995196e-10
6.917785658359461e-9
1.736632511194932e-8
3.368228767659622e-8
5.7830396774290244e-8
7.987532776203519e-8
6.368201097060495e-7
4.017462752455972e-7
1.5611471999042687e-7
4.1278617599123896e-8
4.8585688073801655e-9
-2.0238725194479835e-9
8.409302781585056e-11
5.321099315494686e-9
1.3339504297298274e-8
2.6397089630713448e-8
4.634965315216918e-8
6.609646766951015e-8
5.452100983302251e-7
3.960947754744795e-7
1.9159499034488027e-7
6.611883860190437e-8
1.6182841135914505e-8
3.820781328049603e-9
4.962026545860192e-9
1.129017775871461e-8
2.266093187053029e-8
4.0545843604283705e-8
5.9321265668300857e-8
4.886133023826669e-7
3.780624633411752e-7
2.0311408610744496e-7
7.871028452617084e-8
2.2862607342061287e-8
8.100173928230633e-9
1.0102472555544225e-8
1.975943829124451e-8
3.603964865330547e-8
5.4150433978740205e-8
4.4875556262279977e-7
3.5922498311302287e-7
2.0253474204587175e-7
8.112497717334152e-8
2.4767776275225938e-8
1.1700974615236053e-8
1.7491729791294366e-8
3.219055585014868e-8
4.980614920831805e-8
4.198683376057159e-7
3.400174131127106e-7
1.9201872815535684e-7
7.50218675778336e-8
2.3725546079727503e-8
1.6918793787567205e-8
2.8813824649434894e-8
4.600484962870036e-8
3.935376741053997e-7
3.170189631568591e-7
1.7399089683536645e-7
6.373903338665843e-8
2.2906452952462227e-8
2.6051003240431682e-8
4.243039516547437e-8
3.683989187003917e-7
2.9418723165018977e-7
1.517365554231256e-7
4.9825449982073966e-8
2.585962115840916e-8
3.9028321567481684e-8
3.5014856580476333e-7
2.7292246502806827e-7
1.225019610996505e-7
3.6725971369283444e-8
3.624261448158848e-8
3.3625271106105546e-7
2.436123474643138e-7
8.24610908112088e-8
3.573635704416451e-8
3.15337959014654e-7
1.9189637665060717e-7
4.754753088997078e-8
2.7818458768754663e-7
1.1293973096708065e-7
1.923356365057469e-7
6.314276344539977e-7
2.478770326046201e-7
5.3471996913603605e-8
1.927181073774824e-9
-8.39469320739855e-9
-8.401914066021515e-9
-5.2590633147771156e-9
-5.329270947039607e-10
5.606475792974544e-9
1.4074406504644478e-8
2.7296925823848956e-8
4.686589829093953e-8
6.472869863736855e-8
5.066512015121072e-7
3.1586395283239067e-7
1.2133211976028785e-7
3.1612617013679536e-8
3.5013135130335433e-9
-1.6920855788849405e-9
5.2244469552432695e-11
4.230677754796374e-9
1.0608675619275446e-8
2.0988717707522974e-8
3.684457007330531e-8
5.2524571261577566e-8
4.2469344231148267e-7
3.0580866747535806e-7
1.4674410302631952e-7
5.024045519558182e-8
1.2154866000856804e-8
2.8611959100056837e-9
3.847737409674827e-9
8.793695263432932e-9
1.7648704199249138e-8
3.156976384651905e-8
4.617296123176433e-8
3.7469361754663845e-7
2.881792080272379e-7
1.5383385448803987e-7
5.91396942806155e-8
1.7060076978963007e-8
6.109696454649147e-9
7.734603849206226e-9
1.5145043295105562e-8
2.7618015555893546e-8
4.14846185896393e-8
3.4022888464933953e-7
2.7056769827348225e-7
1.5145347652327576e-7
6.035771441124982e-8
1.8463515674514296e-8
8.819533443215537e-9
1.3233934499533723e-8
2.4356498636198565e-8
3.767639367038538e-8
3.1427116062042193e-7
2.5317950921234133e-7
1.4272241822507294e-7
5.590085604603109e-8
1.7728612989243183e-8
1.2649997960832738e-8
2.1567159252894648e-8
3.4434522705345984e-8
2.9248173879407135e-7
2.3594218019710475e-7
1.2986651746598147e-7
4.750295233148962e-8
1.6957129620984483e-8
1.9369569641489873e-8
3.157763436383983e-8
2.7488709070281783e-7
2.196184251419002e-7
1.1253082170929615e-7
3.648441869073838e-8
1.9142851851024362e-8
2.90448605532755e-8
2.601877142263567e-7
2.0041248067741344e-7
8.855307529234295e-8
2.6776013820941926e-8
2.6890457542271295e-8
2.4347390290566125e-7
1.7424355476367162e-7
5.935931306228454e-8
2.6241008304405753e-8
2.2517128679183465e-7
1.394042953728286e-7
3.5213513650492465e-8
2.077236410159703e-7
8.632052179325548e-8
1.452305455516108e-7
5.134966128534232e-7
2.0140883443427457e-7
4.297003761984178e-8
1.4032027503409307e-9
-6.829843473095462e-9
-6.801999240511563e-9
-4.254022760629888e-9
-4.303794543375703e-10
4.5369154402571655e-9
1.1389562979726539e-8
2.2091441413689847e-8
3.793193912971827e-8
5.239627996669574e-8
4.080684855910728e-7
2.519011175992905e-7
9.574675325218547e-8
2.4592601920581016e-8
2.55369235607619e-9
-1.4240144321022706e-9
3.121607381673974e-11
3.404826002958067e-9
8.539834277360514e-9
1.6892591873938e-8
2.9648049118357873e-8
4.2253556757916994e-8
3.358270224535253e-7
2.3974207731128177e-7
1.1405470165351039e-7
3.8681087513065325e-8
9.237928336631296e-9
2.1716487376392727e-9
3.0295210915382373e-9
6.95380697754546e-9
1.39549675739494e-8
2.4955753352125016e-8
3.648630312504758e-8
2.916283210571137e-7
2.2268451387989954e-7
1.1798447971781477e-7
4.500853523103406e-8
1.291091152876842e-8
4.67320970158919e-9
6.00955573256328e-9
1.1785553139652238e-8
2.1486829226773488e-8
3.2262917240096206e-8
2.612363005247192e-7
2.063834043139104e-7
1.1482120297643925e-7
4.553426446895547e-8
1.3899540282561302e-8
6.711266569241557e-9
1.0150764730590753e-8
1.8688560942225605e-8
2.8899359999992448e-8
2.384471329985132e-7
1.9121713987981925e-7
1.0734331680875027e-7
4.184011231418318e-8
1.3242485608785404e-8
9.562069842709427e-9
1.6356709444470327e-8
2.6110788490665884e-8
2.201146166378161e-7
1.768179975786294e-7
9.674530048286712e-8
3.51510185198165e-8
1.2612168608590623e-8
1.4554375724924341e-8
2.3732063696395556e-8
2.049915765221537e-7
1.6270160513499537e-7
8.279773083902488e-8
2.6834077204532075e-8
1.4258472206399725e-8
2.165845314446691e-8
1.915917785389172e-7
1.4690054669359838e-7
6.496740126341654e-8
1.981479227913983e-8
1.991529278153689e-8
1.7836481802239817e-7
1.28214240775976e-7
4.3970693238683464e-8
1.942906018560807e-8
1.6658409829365228e-7
1.0325617434490346e-7
2.6104544577471092e-8
1.521444661843707e-7
6.246298171115174e-8
1.041709076798887e-7
4.1467262114307935e-7
1.642639345597679e-7
3.4926747278022664e-8
1.1601576462241218e-9
-5.484497024365835e-9
-5.461406822806172e-9
-3.415369159941182e-9
-3.443055275524038e-10
3.647514090425083e-9
9.157056153410055e-9
1.7764211202922992e-8
3.050771872243404e-8
4.2152809737286444e-8
3.31230856190743e-7
2.0310695959300446e-7
7.656742134926258e-8
1.9432256808334074e-8
1.904951714553177e-9
-1.1949307027226924e-9
1.8290130708882004e-11
2.7612843184251524e-9
6.927150551899813e-9
1.3700830645329632e-8
2.40427797089543e-8
3.425828362731829e-8
2.6898430956930564e-7
1.9062221512153312e-7
8.997281749628999e-8
3.023671179062011e-8
7.130104858520065e-9
1.6728635168840525e-9
2.4168960614980634e-9
5.5706198766422305e-9
1.117845424077304e-8
1.9985513528955795e-8
2.9209782499367736e-8
2.303504738218148e-7
1.7467727186331769e-7
9.187298190399769e-8
3.4774441354697266e-8
9.909700926160324e-9
3.6245002386926666e-9
4.740372431128245e-9
9.312192131997435e-9
1.697312985644215e-8
2.5474896213397366e-8
2.0364731159699304e-7
1.598341589094789e-7
8.832959899417037e-8
3.48032058313343e-8
1.058668285730053e-8
5.181032288314456e-9
7.910083151250517e-9
1.456748593500051e-8
2.2516830555676e-8
1.836055918337733e-7
1.4639023353686073e-7
8.168769771859563e-8
3.163990643989477e-8
1.0010014942256348e-8
7.337353379630343e-9
1.259261246829568e-8
2.0094865373669087e-8
1.6765445461011088e-7
1.3389909490884314e-7
7.278569407346797e-8
2.631267374532602e-8
9.507556302622435e-9
1.107789777468869e-8
1.80650742909438e-8
1.5436967931424798e-7
1.2181793083544418e-7
6.170186103096756e-8
1.998667479694669e-8
1.0728228187108124e-8
1.6330365903031783e-8
1.428363387840675e-7
1.0915088250879378e-7
4.814805713271858e-8
1.472946104689972e-8
1.491133004758279e-8
1.3218116246590575e-7
9.466989084122938e-8
3.2354527901162514e-8
1.4489814230491442e-8
1.2233576904760156e-7
7.530973629817638e-8
1.9301686563241522e-8
1.1018593315736341e-7
4.565374202206518e-8
7.66063643502036e-8
3.308671082398122e-7
1.3365115265499245e-7
2.8543766263623476e-8
1.0707569961416384e-9
-4.327776306312769e-9
-4.329641067313691e-9
-2.709500204045865e-9
-2.7172707696952055e-10
2.9001023858310168e-9
7.280982188661291e-9
1.4128185586843354e-8
2.4270053998577275e-8
3.3547800122451145e-8
2.694209821120555e-7
1.6474817913205688e-7
6.179944314995015e-8
1.5557194154379772e-8
1.4648176929069678e-9
-9.922391712168217e-10
1.1064109269058559e-11
2.243940324520341e-9
5.63017615898818e-9
1.1134953581469019e-8
1.9538716805160002e-8
2.783780779888331e-8
2.1730719056937322e-7
1.532060531704774e-7
7.186836096090622e-8
2.3968675066399826e-8
5.5896594532230064e-9
1.3081769901670052e-9
1.9462928219242476e-9
4.501483956005538e-9
9.03264198720595e-9
1.6145860682259227e-8
2.35915453538748e-8
1.8418818524672674e-7
1.3886733073523503e-7
7.257048700821651e-8
2.7271741553804204e-8
7.72061943339076e-9
2.8506357731265078e-9
3.787458662263231e-9
7.451634182184613e-9
1.3578442597507842e-8
2.0371521529141454e-8
1.6102056352151691e-7
1.2562795597590738e-7
6.897867166744552e-8
2.699669470368689e-8
8.1823944557817e-9
4.060514572690917e-9
6.256584215509364e-9
1.1525026928069465e-8
1.7805284386955015e-8
1.4351819295186795e-7
1.1374997134997407e-7
6.307426197444605e-8
2.427742370675948e-8
7.680627724763001e-9
5.7186058480910945e-9
9.84785824025608e-9
1.5707527858873375e-8
1.2957061970484702e-7
1.0287588286967225e-7
5.556036525995421e-8
1.997488111875324e-8
7.268488785364439e-9
8.561431442378236e-9
1.3962648938080511e-8
1.1794837110466584e-7
9.251072652672817e-8
4.65793646878412e-8
1.505570517657948e-8
8.181799900288308e-9
1.2490574298931805e-8
1.07903505974814e-7
8.202912091539736e-8
3.6001689656215413e-8
1.1054937063639402e-8
1.1303783052727187e-8
9.886234151792079e-8
7.037847137958605e-8
2.3967043306901612e-8
1.090578508917466e-8
9.035843865003571e-8
5.5356183958243726e-8
1.4393413318175239e-8
8.06880752542226e-8
3.3638087281669297e-8
5.585930585412557e-8
2.597551811137483e-7
1.078462275186026e-7
2.3298760514501664e-8
1.0448129894842836e-9
-3.3439577092743447e-9
-3.3766794528544053e-9
-2.1161716177387036e-9
-2.1084272471200059e-10
2.271640104498286e-9
5.703452831180374e-9
1.1070476440547584e-8
1.9023929104898264e-8
2.6309481139692537e-8
2.182917305239862e-7
1.3365474877954883e-7
5.007267601765903e-8
1.2562314651085738e-8
1.164460881823665e-9
-8.100856195734965e-10
7.608143650183165e-12
1.8164407035387494e-9
4.557986990468123e-9
9.014548306931673e-9
1.5818132425072128e-8
2.253715949532922e-8
1.761056824085036e-7
1.238491265275796e-7
5.788027313336086e-8
1.9202372560113015e-8
4.441565953797064e-9
1.036547037823906e-9
1.573822090066851e-9
3.648940883821584e-9
7.321810441627824e-9
1.3086026427318762e-8
1.9117256333916313e-8
1.4843406883851603e-7
1.1146976681920134e-7
5.797290072276273e-8
2.1660592453640876e-8
6.097406312565911e-9
2.2678023418695387e-9
3.051671185316078e-9
6.011390332106346e-9
1.0951563617448033e-8
1.642467923477789e-8
1.2872986709294141e-7
9.996081985364897e-8
5.458868822987297e-8
2.1237734424884077e-8
6.4147670879974704e-9
3.223329894881097e-9
5.0069278921272845e-9
9.224548238604987e-9
1.4244119770124352e-8
1.1367122258438079e-7
8.962534303819412e-8
4.9408201534490114e-8
1.8905062744297446e-8
5.981898837231152e-9
4.5202193192102834e-9
7.808748502272007e-9
1.24485209286872e-8
1.0158401879702436e-7
8.020749718365114e-8
4.305272409652982e-8
1.5393976039908157e-8
5.639250056988581e-9
6.715776828203808e-9
1.0952906911540087e-8
9.147732058610298e-8
7.132486168806442e-8
3.5681070273329435e-8
1.1498092333881954e-8
6.331993065264444e-9
9.69629616022607e-9
8.27273572362471e-8
6.250033567107396e-8
2.7267839610412803e-8
8.408337952569735e-9
8.687250440034312e-9
7.49006726057946e-8
5.2983979753225984e-8
1.7971265668160577e-8
8.301991529424036e-9
6.757871129161314e-8
4.1142117207329624e-8
1.0826549466224732e-8
5.959874438735042e-8
2.491017670968246e-8
4.0836143901672156e-8
2.0000367256080362e-7
8.585261013819248e-8
1.8871995165402456e-8
1.0249878011451674e-9
-2.5233859762566216e-9
-2.5835377381227635e-9
-1.622552606908708e-9
-1.6045541730359327e-10
1.7477469229479588e-9
4.388349061528741e-9
8.520775992176362e-9
1.4648134307750753e-8
2.0269437007181987e-8
1.751881804345925e-7
1.0781368507120726e-7
4.0489341867908596e-8
1.0173264882842568e-8
9.534931973273478e-10
-6.467959998858706e-10
6.422648179808464e-12
1.4565362475140984e-9
3.654996336330257e-9
7.2292205606364456e-9
1.2686414529684246e-8
1.807728095620976e-8
1.4232348693968103e-7
1.001228279444187e-7
4.6743442103397e-8
1.5470633798245403e-8
3.5626756594551784e-9
8.290208115192451e-10
1.2705513290482804e-9
2.949585653649679e-9
5.918587388670335e-9
1.0577538733092956e-8
1.5451519146286445e-8
1.198980739920937e-7
8.988036356557432e-8
4.661719193554435e-8
1.735234571480173e-8
4.864427107035894e-9
1.8170314976637354e-9
2.465824913097898e-9
4.861394493984828e-9
8.855019437464904e-9
1.3276912157230584e-8
1.0356228021215233e-7
8.017547603685699e-8
4.361757707225495e-8
1.6892997075406102e-8
5.087797595428303e-9
2.580919468630304e-9
4.033988995632089e-9
7.432652920899213e-9
1.1472065503236287e-8
9.08802097503658e-8
7.137740789727457e-8
3.916723477643322e-8
1.4912432356064395e-8
4.718745074772112e-9
3.6105589352746367e-9
6.253460891494585e-9
9.96385298106657e-9
8.05845394797199e-8
6.333389760901846e-8
3.3814687400752356e-8
1.2031824553778739e-8
4.434064917746158e-9
5.332453015913373e-9
8.6964515185034e-9
7.190475995221859e-8
5.5767551681710975e-8
2.7732357312801553e-8
8.908263170354096e-9
4.96636412728959e-9
7.627260422192657e-9
6.43499216754068e-8
4.8324619298976517e-8
2.0950499910430646e-8
6.482776870571998e-9
6.764864585587539e-9
5.7574158241179636e-8
4.04540335702335e-8
1.3659076208238586e-8
6.394393788447086e-9
5.125629577273062e-8
3.0986432924502087e-8
8.221046490677006e-9
4.451826332784512e-8
1.8595844230927807e-8
3.0072947500914156e-8
1.5071626224749856e-7
6.713021574182729e-8
1.5082607400895583e-8
9.807981897603773e-10
-1.8566216618829457e-9
-1.935732468805819e-9
-1.2190659077216946e-9
-1.195862549583199e-10
1.318101897757975e-9
3.3097647768451395e-9
6.428857685162462e-9
1.1056470030664302e-8
1.5308684176165274e-8
1.3857968390371753e-7
8.601380097335652e-8
3.248996245038388e-8
8.212939421454801e-9
7.969195701615206e-10
-5.028027356884368e-10
6.395486217627081e-12
1.1513608622436628e-9
2.889106995745393e-9
5.715157469406988e-9
1.0030933412624335e-8
1.4296403970208239e-8
1.1406714260387224e-7
8.048486966502268e-8
3.763704624944378e-8
1.2463924995035073e-8
2.8693772225432614e-9
6.658625043495119e-10
1.0183333353801883e-9
2.3642729508958547e-9
4.744307668384407e-9
8.479136800185353e-9
1.2386656937736016e-8
9.651724703815e-8
7.238680804330448e-8
3.752594531397237e-8
1.394784064949907e-8
3.90114424142744e-9
1.458522951052032e-9
1.98645933134113e-9
3.917878105552757e-9
7.135720004982336e-9
1.0697457221852322e-8
8.33763127608485e-8
6.447774586075049e-8
3.5011757431386893e-8
1.3523906400479507e-8
4.06474855432806e-9
2.0734674226440385e-9
3.2533019488445558e-9
5.994281564772673e-9
9.24878094426187e-9
7.297322174949953e-8
5.718587388501598e-8
3.1286793540782796e-8
1.1870640868416319e-8
3.755756309903478e-9
2.8994955732416986e-9
5.031025425324096e-9
8.012336383904692e-9
6.440106792276055e-8
5.045338460022735e-8
2.6831416063989025e-8
9.510281600540272e-9
3.5208629694437773e-9
4.2666549710502795e-9
6.957591206070497e-9
5.708908048630247e-8
4.4094187492568844e-8
2.1819907288949113e-8
6.98872571423992e-9
3.935101616701928e-9
6.058245089280368e-9
5.066544879690992e-8
3.7852518362511176e-8
1.6316197647292475e-8
5.0592533676988474e-9
5.324651933826885e-9
4.486295861574661e-8
3.132246913352079e-8
1.0519580202095966e-8
4.97648150093787e-9
3.942777661773873e-8
2.3656827599326638e-8
6.302027042404274e-9
3.369803752404681e-8
1.4018746478749527e-8
2.2344356002190344e-8
1.1105318358842586e-7
5.138657502122568e-8
1.1836842542524417e-8
9.022177530089773e-10
-1.331195175457006e-9
-1.4191692273457493e-9
-8.967235067275087e-10
-8.724382658028005e-11
9.7341228132181e-10
2.4443893092333253e-9
4.749706255975508e-9
8.172029757053697e-9
1.1321773364985537e-8
1.0761227452972646e-7
6.755832559034491e-8
2.5742321516083248e-8
6.572484976705185e-9
6.718383410475848e-10
-3.791642624442457e-10
6.7577352400773424e-12
8.936940683630616e-10
2.2423366900804845e-9
4.4365762958264e-9
7.78846866845797e-9
1.110360030013033e-8
9.021802592607403e-8
6.400046201670064e-8
3.005139705884681e-8
9.98541418458696e-9
2.3070995865029414e-9
5.34120513434175e-10
8.062965900418644e-10
1.8699916052881253e-9
3.752707623149509e-9
6.707629373090053e-9
9.800140004224583e-9
7.701531133122086e-8
5.7909197707042726e-8
3.007172497990777e-8
1.1186632800393503e-8
3.1279245471752343e-9
1.16652824539491e-9
1.5867379441464159e-9
3.129397147460332e-9
5.699528286562012e-9
8.544141846782615e-9
6.680078430779348e-8
5.170259680013111e-8
2.8078150183082148e-8
1.0838526279621777e-8
3.2540395147838474e-9
1.662021671497993e-9
2.6111426128704875e-9
4.810826892309652e-9
7.4211372629391684e-9
5.852409826858643e-8
4.5842625368537946e-8
2.5052721911195077e-8
9.488733640691867e-9
3.001139730103965e-9
2.3277828744214385e-9
4.042850551716135e-9
6.4362151305825675e-9
5.157942634485624e-8
4.034666799697999e-8
2.1408370849416456e-8
7.569101212398546e-9
2.8097609535099605e-9
3.421580772265339e-9
5.5787768500087994e-9
4.5566681770949815e-8
3.510285392799609e-8
1.7311453609168937e-8
5.531502827781713e-9
3.1354597649939462e-9
4.835769423720797e-9
4.021716997265122e-8
2.993248949520411e-8
1.2842338348363851e-8
3.984087942259569e-9
4.219653828610277e-9
3.5331663558589036e-8
2.453662163631913e-8
8.19508451662232e-9
3.902243294776817e-9
3.07106901073879e-8
1.8290921670809443e-8
4.86935744646407e-9
2.5840352865784505e-8
1.067459919933296e-8
1.6767216489891408e-8
8.003806786166933e-8
3.842965687783475e-8
9.089040939564027e-9
7.930942677747133e-10
-9.308142979813768e-10
-1.0183460699697065e-9
-6.458988112149593e-10
-6.233827533813836e-11
7.039141147376913e-10
1.767735504695495e-9
3.436108135445608e-9
5.9142953373863285e-9
8.198595415860526e-9
8.1785892537735e-8
5.204762939124097e-8
2.005418339469277e-8
5.187854062928365e-9
5.644675412228359e-10
-2.7660679073141565e-10
7.029596953816725e-12
6.792343246861585e-10
1.703982847376352e-9
3.37219049368176e-9
5.9214301872357705e-9
8.444841665407479e-9
7.012920160229235e-8
5.012073401164658e-8
2.3681624012488167e-8
7.914861162675793e-9
1.84166695591612e-9
4.2560199066223613e-10
6.280855413222894e-10
1.4535483070561621e-9
2.917251882032799e-9
5.215234535011632e-9
7.62146234513048e-9
6.063112575111969e-8
4.579253130339167e-8
2.3867234985506906e-8
8.905068154112125e-9
2.493973036939641e-9
9.24945806998919e-10
1.2507398437349062e-9
2.465627679330669e-9
4.490863458927969e-9
6.7328199083435395e-9
5.299155390009886e-8
4.112184759955541e-8
2.2376979313369963e-8
8.648957208631267e-9
2.5963336121655882e-9
1.3221842016042386e-9
2.0747855221816747e-9
3.822224795950284e-9
5.895613964629188e-9
4.662987056422905e-8
3.657283614281202e-8
2.0001224639888926e-8
7.575731557776537e-9
2.3947914979009877e-9
1.8579546040146543e-9
3.227091033597526e-9
5.136297781043535e-9
4.117683991752992e-8
3.221485599241947e-8
1.7085930865036595e-8
6.034764803405209e-9
2.2415725860480196e-9
2.734822307707593e-9
4.458369616767441e-9
3.637024324620863e-8
2.799223827316219e-8
1.378176652118852e-8
4.396226825969884e-9
2.499320262901368e-9
3.858595914269816e-9
3.202636247904931e-8
2.3784895096328842e-8
1.017252779357151e-8
3.1523782979430033e-9
3.350998966237035e-9
2.8002243457999764e-8
1.9372192854165396e-8
6.4364874759944845e-9
3.0714771343754277e-9
2.414181879789823e-8
1.4284642568203118e-8
3.78278527319372e-9
2.0036140019859157e-8
8.198850569898886e-9
1.270556239338526e-8
5.650129414250236e-8
2.8062863911832927e-8
6.8129545398171196e-9
6.652238484495037e-10
-6.360336548498137e-10
-7.160617487118798e-10
-4.5604392388161223e-10
-4.368658790529303e-11
4.989000671091197e-10
1.2529475379007931e-9
2.436256209580029e-9
4.194862892248303e-9
5.818151063491691e-9
6.07258737153316e-8
3.9225361760927087e-8
1.5309797330088668e-8
4.0220448087726025e-9
4.676472399058418e-10
-1.9492777137286224e-10
6.969455615098376e-12
5.046591026466997e-10
1.265761913308798e-9
2.5055836831590236e-9
4.400941873253725e-9
6.27884817372159e-9
5.3405930250924974e-8
3.85174174684533e-8
1.8346151105359907e-8
6.180305922922133e-9
1.4523991861415891e-9
3.3527914422170806e-10
4.798311744938778e-10
1.1069526563408793e-9
2.2218714100054927e-9
3.973009816600542e-9
5.807902666906742e-9
4.691125041479525e-8
3.564526191516289e-8
1.867895541172363e-8
7.003243272164818e-9
1.9678709679746476e-9
7.23917085916662e-10
9.690969198786371e-10
1.908820505865522e-9
3.477138993816617e-9
5.214038409819313e-9
4.1440462417894465e-8
3.229273123627624e-8
1.763754242583381e-8
6.838008971702659e-9
2.0543520334959583e-9
1.0390941998602264e-9
1.6248599215549847e-9
2.9929129763535494e-9
4.6166595139514225e-9
3.673578403012673e-8
2.8894904635590982e-8
1.584048429355366e-8
6.0101114574703646e-9
1.898526773971157e-9
1.4671037005373113e-9
2.546285840540482e-9
4.052312029423617e-9
3.260114181164132e-8
2.555063914269347e-8
1.3568952050342884e-8
4.794848039612236e-9
1.7784738931252322e-9
2.1674959727654694e-9
3.532979625563309e-9
2.8879528537008684e-8
2.2243278443597274e-8
1.0952537433171951e-8
3.49055105946766e-9
1.98281893947931e-9
3.061920658528577e-9
2.5453280760460323e-8
1.8895227146791373e-8
8.06932978067395e-9
2.494311859049539e-9
2.6537559961065346e-9
2.2223800377209848e-8
1.5342817470221376e-8
5.075079992308233e-9
2.416598010759944e-9
1.906962510639683e-8
1.1225503258765251e-8
2.9453667930846364e-9
1.565909830621242e-8
6.33746430282751e-9
9.709679941881343e-9
3.915072357319785e-8
2.002911506833012e-8
4.982244194128937e-9
5.330788481142961e-10
-4.26093810952549e-10
-4.943711954904825e-10
-3.161980251192076e-10
-3.008786123708971e-11
3.471364941881889e-10
8.718431200159142e-10
1.6957129048222833e-9
2.920699755223894e-9
4.052819962305868e-9
4.4038428299919416e-8
2.8878386161540747e-8
1.1427459950036866e-8
3.0526157800350455e-9
3.787719562747079e-10
-1.3276760910022933e-10
6.519563413313756e-12
3.6644881566489735e-10
9.188659642739277e-10
1.8193709357464761e-9
3.1965621672465018e-9
4.5623749600124995e-9
3.976018585659769e-8
2.896997073016402e-8
1.3929060254976833e-8
4.737322596439058e-9
1.1268546241506658e-9
2.600759136939301e-10
3.587692506230973e-10
8.243197537347819e-10
1.6547465419913947e-9
2.9597222829438167e-9
4.328228203626085e-9
3.556402877220889e-8
2.7222367785068267e-8
1.4362953335967783e-8
5.4199497074065806e-9
1.5303355791045456e-9
5.573066750762803e-10
7.358977509117827e-10
1.4477587186608348e-9
2.6377508417770593e-9
3.956508883265398e-9
3.183381485466768e-8
2.4943662110378785e-8
1.369391337886169e-8
5.333571962742023e-9
1.6050354358573375e-9
8.036642979691513e-10
1.2496849289608527e-9
2.3014260243653254e-9
3.5506452695232463e-9
2.8501906849305847e-8
2.2512930297740262e-8
1.2390110403206353e-8
4.716145813525129e-9
1.4885465270111026e-9
1.141364934550152e-9
1.9779242702226612e-9
3.1479118577773464e-9
2.5486665068427842e-8
2.003841814486435e-8
1.0672142408445873e-8
3.778191990098652e-9
1.3968000606118438e-9
1.6958401450502762e-9
2.7638143489724203e-9
2.2705649039541744e-8
1.7527551568275896e-8
8.645941080351818e-9
2.7551362136444125e-9
1.5583059058554965e-9
2.405137049009273e-9
2.0089674201438386e-8
1.4932068317264587e-8
6.37828229471418e-9
1.9643566011978508e-9
2.0860754091373196e-9
1.7573508826882994e-8
1.2129482516342841e-8
3.99883220310042e-9
1.8926259392431906e-9
1.506299874686111e-8
8.837211665882128e-9
2.2906924120379702e-9
1.228562073429854e-8
4.9151532333902105e-9
7.4668181447438e-9