0.000030154661945709254
7.41352033318834e-6
6.243903969789524e-7
-4.3995721869169785e-7
-4.1213996268285944e-7
-1.2972415075087564e-7
2.908362885804094e-7
9.244013105899236e-7
1.9147799775674197e-6
3.2510812690774965e-6
0.000014968631753462774
7.261008333944771e-6
1.80689895362958e-6
2.0116384689892024e-7
-2.6871209903086763e-9
1.2490119822420935e-7
3.923223351005411e-7
8.412499698275698e-7
1.502801820401736e-6
9.563791037406967e-6
5.609497674654806e-6
1.834693951434567e-6
3.5999422925302946e-7
1.1289157653884309e-7
2.328774571134672e-7
5.120158423519625e-7
9.57038187660836e-7
6.783545304907755e-6
4.300981590350262e-6
1.5457204723582937e-6
3.4421064848988193e-7
1.7005109470564286e-7
3.3383284088343953e-7
6.575102693553624e-7
5.064164336102642e-6
3.2901637012082043e-6
1.1675373414626618e-6
2.7201826724557887e-7
2.355759467183102e-7
4.783494079616139e-7
3.875036478272358e-6
2.4795689298680015e-6
7.905490280589909e-7
2.3251735192294162e-7
3.7436807138318074e-7
2.991685470545556e-6
1.8017274531844569e-6
4.794281538970162e-7
3.291591954308639e-7
2.3064383522014298e-6
1.2164174409564055e-6
3.9283449734611975e-7
1.769698831834274e-6
8.035839648632012e-7
1.267443466024081e-6
0.00002915014109186563
8.01751770362319e-6
7.94883028371258e-7
-3.850316194581706e-7
-3.8437776336104207e-7
-1.213823725173811e-7
2.7593561248077403e-7
8.772503556339671e-7
1.8198760441257347e-6
3.097106180702117e-6
0.000016491048982811773
8.172096922593641e-6
2.0712513232672835e-6
2.396895203774767e-7
-6.574076803582152e-10
1.3841841121199445e-7
4.3426642402173776e-7
9.31231164621729e-7
1.6636746618896812e-6
0.000010907401363831918
6.471842075613294e-6
2.138273898910526e-6
4.2342553892237826e-7
1.3210900958904118e-7
2.7032320387911763e-7
5.935156616221693e-7
1.1077537246638115e-6
7.89461472366334e-6
5.0457892335110246e-6
1.82738271151809e-6
4.105697481741176e-7
2.04174287449521e-7
3.995034919000811e-7
7.83712925192735e-7
5.9804376745795e-6
3.910680740466649e-6
1.3975755017949717e-6
3.294947457507087e-7
2.870092983003664e-7
5.793400909879324e-7
4.63031671955289e-6
2.978833393077218e-6
9.55121786677579e-7
2.816456714101734e-7
4.5160470007097495e-7
3.60801847488897e-6
2.1797964289127263e-6
5.755060996756368e-7
3.856549755370979e-7
2.795602230072199e-6
1.4644242672619904e-6
4.419540956206274e-7
2.126489024135667e-6
9.105148537470274e-7
1.4340276378320084e-6
0.000025714991434603253
8.005454365336227e-6
9.189325316127559e-7
-3.0148549498216053e-7
-3.2993802868368677e-7
-1.0473525130999314e-7
2.414850903012401e-7
7.678985864656655e-7
1.5953724051220496e-6
2.721120065944035e-6
0.00001696460781649644
8.650162099678458e-6
2.2491291675516787e-6
2.746795094060811e-7
3.227373275444723e-9
1.4275105883989688e-7
4.4705376212256536e-7
9.590151455295369e-7
1.7142657074887537e-6
0.000011756826284625457
7.08912125741034e-6
2.3761898876514734e-6
4.76723957316985e-7
1.4638634451992762e-7
2.948690927515442e-7
6.467548805692645e-7
1.2063223831907713e-6
8.751139510567922e-6
5.655509823862871e-6
2.0697564594340063e-6
4.6931385708229833e-7
2.3216108741954691e-7
4.5193954794559037e-7
8.842637867546378e-7
6.762938972266159e-6
4.461086674213649e-6
1.6086347960210201e-6
3.82646123306917e-7
3.3236567980478744e-7
6.678033564466606e-7
5.319924478288421e-6
3.447606943055111e-6
1.113479692025783e-6
3.277721718408681e-7
5.22412871107038e-7
4.200006837978347e-6
2.55105138799401e-6
6.699276835483822e-7
4.3758479227113683e-7
3.284491361939458e-6
1.7142272937255869e-6
4.852454177009688e-7
2.4902366363823293e-6
1.0103144201713434e-6
1.5908323276848813e-6
0.000020665897761894633
7.136306183473494e-6
9.332504488263754e-7
-2.1084343003798107e-7
-2.6087718647701264e-7
-8.343629244103889e-8
1.9462724473027673e-7
6.189912381915914e-7
1.2874221684621932e-6
2.199531963310064e-6
0.00001582513450755797
8.411706797615979e-6
2.2664131044213215e-6
2.967584423587832e-7
8.810262248608481e-9
1.332437476345768e-7
4.1610754498882284e-7
8.93338671640159e-7
1.598708657964476e-6
0.000011726588268656085
7.224867101551988e-6
2.468447449372866e-6
5.041141079861639e-7
1.5061692900648024e-7
2.95750645509136e-7
6.482457082293291e-7
1.2093243175932399e-6
9.057631975099148e-6
5.940347220092764e-6
2.20533169002022e-6
5.05317949636462e-7
2.453782261677633e-7
4.739643961152341e-7
9.261282594387703e-7
7.189631530522038e-6
4.799890017888179e-6
1.7514751007754673e-6
4.1913523864506717e-7
3.592991997931674e-7
7.193631332076907e-7
5.780849429332061e-6
3.7841593814294813e-6
1.2336606236601992e-6
3.606609192007883e-7
5.698984570012441e-7
4.648010033015279e-6
2.845750058776696e-6
7.455779074047661e-7
4.738311302794342e-7
3.687588501187201e-6
1.9253206680497624e-6
5.14435376281753e-7
2.807104498436618e-6
1.0881846507361047e-6
1.7184018811417009e-6
0.00001569612263180036
5.651595465534108e-6
8.066428087713491e-7
-1.4146279164874877e-7
-1.9563306645594978e-7
-6.303234843011519e-8
1.4804623459903814e-7
4.7087194770937093e-7
9.798786969750174e-7
1.675456961574948e-6
0.000013074182127636439
7.257109135034198e-6
2.0401297310010843e-6
2.891213477585796e-7
1.3914516222580481e-8
1.1054242762485066e-7
3.4377665137272975e-7
7.387068722113492e-7
1.3237031798458847e-6
0.000010436624676521959
6.626272424180924e-6
2.331126352146552e-6
4.890580366017407e-7
1.4004199282912167e-7
2.6385081972460665e-7
5.779899910126936e-7
1.0793744896782363e-6
8.505460936402122e-6
5.705400900118811e-6
2.1622381526676523e-6
5.015077080305159e-7
2.3454492789425256e-7
4.475041288666842e-7
8.7451830244222e-7
7.026339015742103e-6
4.7691470547391985e-6
1.7674178690177976e-6
4.241106679318619e-7
3.544104651964231e-7
7.076836231680552e-7
5.820669081489882e-6
3.8606150960376596e-6
1.2731273046515363e-6
3.6775543825568444e-7
5.743166481236599e-7
4.792791933726089e-6
2.9662208046249847e-6
7.782995801529082e-7
4.80157538069428e-7
3.880941109386031e-6
2.0374683181645743e-6
5.182328675139021e-7
2.99467321073367e-6
1.1222698267008495e-6
1.786411533570897e-6
0.00001182880105543148
4.26417854438808e-6
6.150250719122002e-7
-9.986562320357715e-8
-1.4427560261475213e-7
-4.6632848549057e-8
1.1014442666553668e-7
3.5034302939314105e-7
7.294154259170121e-7
1.2481183203216257e-6
9.86102918481101e-6
5.586877390791101e-6
1.6206606746535643e-6
2.427279383150736e-7
1.4471487319272512e-8
8.438869186100393e-8
2.6144444729005227e-7
5.619303241335584e-7
1.0073441699004664e-6
8.231762680551832e-6
5.369731323729657e-6
1.943003435588087e-6
4.1921970037944407e-7
1.1581004121596426e-7
2.0875503116998217e-7
4.5692576116921323e-7
8.542334488613379e-7
7.051167824266598e-6
4.8406448530131e-6
1.8779133072735816e-6
4.425914575075506e-7
1.979519493720485e-7
3.716355441300506e-7
7.268408214740599e-7
6.078884832588415e-6
4.21084620564515e-6
1.5930963578322142e-6
3.83733569962571e-7
3.0828459448499486e-7
6.139440297711103e-7
5.231021301180342e-6
3.5365099678387496e-6
1.1877335457569422e-6
3.364617383381834e-7
5.156296763213475e-7
4.466177573242789e-6
2.814340148613716e-6
7.433657582227708e-7
4.4168022458398913e-7
3.739939824909245e-6
1.987150390275509e-6
4.854171200273185e-7
2.960570630240773e-6
1.0877256430685433e-6
1.7562446932024386e-6
8.4166138211988e-6
3.3429148664702318e-6
4.87670201008191e-7
-6.537554653637063e-8
-1.017061170526639e-7
-3.2934569879727726e-8
7.858279122359443e-8
2.4999439712005574e-7
5.210404594316948e-7
8.929846461286686e-7
7.630508552497958e-6
4.227969311147882e-6
1.2091563049941332e-6
1.7919167283532805e-7
1.0415990123905745e-8
6.52001453154227e-8
2.0200535763432043e-7
4.3398726349972314e-7
7.775226354593825e-7
6.1615881652343644e-6
4.011580662725515e-6
1.4612616407739824e-6
3.1978518512226797e-7
8.861333688054718e-8
1.5765023677159955e-7
3.4468526438858057e-7
6.441032638979684e-7
5.295879049608425e-6
3.675102686140567e-6
1.4483682781854277e-6
3.4668943001087224e-7
1.5129862056746568e-7
2.8061572030033546e-7
5.488734185468416e-7
4.675042829059197e-6
3.2915224081475385e-6
1.2686115649091779e-6
3.0721821981319575e-7
2.3832159479944398e-7
4.734303467692306e-7
4.1537669432712386e-6
2.858688904830918e-6
9.770413853115036e-7
2.720224649736808e-7
4.0905475393807444e-7
3.6694517964849906e-6
2.353826397059522e-6
6.280494052534302e-7
3.60485979825203e-7
3.1806523076500264e-6
1.7184737349225342e-6
4.0891771784191604e-7
2.6087023031989508e-6
9.564491611513298e-7
1.5870910409293465e-6
5.486974392319063e-6
2.2951859139962116e-6
3.8186463816521335e-7
-3.2859868880555304e-8
-6.615291144933637e-8
-2.1663360197934437e-8
5.199995363461659e-8
1.6543322134000387e-7
3.449367720063722e-7
5.91529138645082e-7
5.6799340766538704e-6
3.3108860433538207e-6
9.60279417202929e-7
1.4351071232673172e-7
8.806985327552366e-9
4.799768575943888e-8
1.4862639259254948e-7
3.197119546802723e-7
5.738013899525208e-7
4.868486668106792e-6
3.1447643490492017e-6
1.1271103878206854e-6
2.4246535404244e-7
6.81701730950825e-8
1.237922077679311e-7
2.707810670844291e-7
5.058185143106521e-7
4.096618074569612e-6
2.8015286381062235e-6
1.0902627965270907e-6
2.6005941995340093e-7
1.1686569845028118e-7
2.1833733573208264e-7
4.2640529738505674e-7
3.525582069175575e-6
2.46218508054061e-6
9.455394222184988e-7
2.305984364970352e-7
1.811020913380337e-7
3.5934417475374157e-7
3.0954517944925913e-6
2.1297681939918926e-6
7.310563538473363e-7
2.0432669542733707e-7
3.060906093876641e-7
2.741708449300542e-6
1.77044051325464e-6
4.7605486911147934e-7
2.6946598534817605e-7
2.4138674234215916e-6
1.320620893572836e-6
3.1094714441596844e-7
2.037432713810367e-6
7.52645745224562e-7
1.2848165361433241e-6
3.629733031693405e-6
1.4945553896671938e-6
2.36953122781679e-7
-2.2063656984309365e-8
-4.336149099253626e-8
-1.4251498886371122e-8
3.424811181865705e-8
1.0895066631958748e-7
2.271407939449466e-7
3.8945250861322997e-7
3.5743045971673664e-6
2.128985249918449e-6
6.607317818685393e-7
1.0961787135155012e-7
8.607272611861566e-9
3.106437675175191e-8
9.548987308245848e-8
2.054578158206254e-7
3.68903705962285e-7
3.303706032906929e-6
2.2684682243978856e-6
8.569046415441754e-7
1.908127941812619e-7
4.973144875393403e-8
8.41778614655697e-8
1.841218522353187e-7
3.4491157070121476e-7
3.0860952388580057e-6
2.1787066359588155e-6
8.6292578000469e-7
2.0514884217375e-7
8.798767298535803e-8
1.628991499298842e-7
3.188294490401837e-7
2.7849660585295336e-6
1.95664499563106e-6
7.488396021535008e-7
1.8077975351982477e-7
1.4220145225095224e-7
2.825020481482092e-7
2.4550185698558558e-6
1.6760476041316152e-6
5.687746599943761e-7
1.6001208657213535e-7
2.423044718814233e-7
2.136039146521326e-6
1.36209858942481e-6
3.62897457857013e-7
2.0893468208259031e-7
1.8358307856626337e-6
9.929358583322714e-7
2.3319787637733515e-7
1.5189854064609293e-6
5.564317275992208e-7
9.532812753170499e-7
2.343640084342049e-6
9.662051544470841e-7
1.6208675121175557e-7
-1.3742362775093813e-8
-2.8362008838803587e-8
-9.310591869078738e-9
2.231346830001245e-8
7.098260342121811e-8
1.4795706687845774e-7
2.53613687590169e-7
2.408011148560269e-6
1.4383914367985847e-6
4.26654800484457e-7
6.667170266446568e-8
4.884741120154603e-9
2.0578638789369266e-8
6.336219555764136e-8
1.363526266247512e-7
2.448796692450172e-7
2.151586943402375e-6
1.417810213738104e-6
5.255723106147723e-7
1.1887812264611256e-7
3.2439469267422255e-8
5.491274534666537e-8
1.1984713923743146e-7
2.2416580826280914e-7
1.8963145752425428e-6
1.3486030256708098e-6
5.513285156256844e-7
1.367207558676889e-7
5.642083550806193e-8
1.0165199148127046e-7
1.9891064659418584e-7
1.7677383357325936e-6
1.2918346383622444e-6
5.181076667687183e-7
1.266375011252134e-7
9.128778059819392e-8
1.8042225116422588e-7
1.6865922156941243e-6
1.2019270854003925e-6
4.228662098193342e-7
1.1376726052828559e-7
1.6561837437119144e-7
1.586221402542637e-6
1.0433522673119317e-6
2.8051467845746867e-7
1.5325921657261124e-7
1.4363764503015736e-6
7.857582548711161e-7
1.793439802422427e-7
1.2067151784837918e-6
4.34022288987066e-7
7.306801997995694e-7
1.5442973293113985e-6
6.191156126921483e-7
1.0008232327694793e-7
-1.0300815478301381e-8
-1.887770523436744e-8
-6.1833281214992896e-9
1.475204987032669e-8
4.6923727344417486e-8
9.775456511896694e-8
1.6742270433981018e-7
1.5175181706440656e-6
8.938684203052924e-7
2.714123715083654e-7
4.5185325375800486e-8
3.689576063929142e-9
1.3038489306967297e-8
4.0030024473142377e-8
8.6135845779539e-8
1.5467868049430207e-7
1.3603294308548262e-6
9.340679780207852e-7
3.5958212255662555e-7
8.188504818927355e-8
2.1128157716103378e-8
3.496408390389441e-8
7.640822187994552e-8
1.4314539874188084e-7
1.2904945923786003e-6
9.290713917402006e-7
3.7379462279276344e-7
8.938348377568352e-8
3.719292319472763e-8
6.810586722082277e-8
1.3345484463538762e-7
1.2038068442143075e-6
8.54099794210122e-7
3.2971724521091653e-7
7.991570650476036e-8
6.132911239322326e-8
1.2160341752960524e-7
1.079537234423739e-6
7.451570973928072e-7
2.5770203777525274e-7
7.200914326571357e-8
1.0662344761353342e-7
9.648790695539e-7
6.317772011778057e-7
1.7302320554665257e-7
9.472148442301997e-8
8.795545433615882e-7
4.959737987324056e-7
1.1362044325266928e-7
7.948915202067638e-7
2.9793632274210037e-7
5.361863472575506e-7
1.0475038414192015e-6
4.0016222792887617e-7
6.245615997304151e-8
-7.810320343395302e-9
-1.294581485680639e-8
-4.2245698802573205e-9
1.0006200686085917e-8
3.1825374591780385e-8
6.625756012289052e-8
1.1336709772550664e-7
9.680529884541888e-7
5.693875257459205e-7
1.7285160034875202e-7
2.8285005798013658e-8
2.171644287928167e-9
8.323609074298248e-9
2.5608405644252833e-8
5.5097775043148705e-8
9.892545551647956e-8
8.672304456843356e-7
5.906037539173482e-7
2.2302728661042558e-7
4.979683329209939e-8
1.3129193435505467e-8
2.2142548943090024e-8
4.8383705061521797e-8
9.062488433594873e-8
8.033486353141548e-7
5.679500801276115e-7
2.267411155515125e-7
5.5191717401236246e-8
2.3310203609762647e-8
4.233808661996497e-8
8.289377215127141e-8
7.300532290359061e-7
5.223702627870678e-7
2.0775542704543565e-7
5.160207827140505e-8
3.771560364439603e-8
7.442577331803535e-8
6.759218039633112e-7
4.839634867485126e-7
1.7330564042092674e-7
4.667370031319924e-8
6.696463808788273e-8
6.47694478796116e-7
4.347486786972328e-7
1.1843692968857762e-7
6.28397713222732e-8
6.090272183087263e-7
3.3768390911256764e-7
7.638739834797843e-8
5.232525920945457e-7
1.8922494047170756e-7
3.27186569908591e-7
7.340268196471787e-7
2.673746291361242e-7
3.983357847140512e-8
-6.12689071868872e-9
-9.14785518870906e-9
-2.968054173146813e-9
6.985966867088625e-9
2.2217961299423822e-8
4.623203183002542e-8
7.904200979299815e-8
6.341678636137443e-7
3.6727608986012193e-7
1.0953618973766984e-7
1.7409289082680838e-8
1.2668960389368349e-9
5.446631164763306e-9
1.6784165214842905e-8
3.6097512881328186e-8
6.477390709528265e-8
5.522037914143939e-7
3.703929067596359e-7
1.3884956110423714e-7
3.109431643146934e-8
8.299304957082718e-9
1.4070858819063696e-8
3.07418023144455e-8
5.755828288641055e-8
5.004949973641552e-7
3.543076050376478e-7
1.4217298836488683e-7
3.470859278739232e-8
1.4558066089617785e-8
2.6411552663738893e-8
5.173057788876963e-8
4.573863134699192e-7
3.285647498504812e-7
1.3072712582389921e-7
3.219975874862584e-8
2.3503235969444545e-8
4.6474962232551756e-8
4.2556762301137314e-7
3.034338261300045e-7
1.0726525688772026e-7
2.8863020842459864e-8
4.1972088772937154e-8
4.0203704493014005e-7
2.6517745326119793e-7
7.135462976071115e-8
3.900299220275954e-8
3.6522838121779065e-7
2.008520528490681e-7
4.656270039001156e-8
3.14549822746518e-7
1.1821227846327557e-7
2.1750511623136918e-7
5.255610576433539e-7
1.8566435492195177e-7
2.648957126376833e-8
-4.717050140945397e-9
-6.556304347420651e-9
-2.1173900733773834e-9
4.968003648358646e-9
1.5799947274155037e-8
3.2870827951092756e-8
5.61822429069619e-8
4.310791672068093e-7
2.44437892423403e-7
7.144931931116373e-8
1.096340856055128e-8
7.234227477366058e-10
3.6933205548582373e-9
1.1410318728298142e-8
2.4527906570441438e-8
4.39809891945027e-8
3.620940989457686e-7
2.391031862107824e-7
8.831621262282671e-8
1.9634838307723187e-8
5.330805313161737e-9
9.210925414710769e-9
2.0132867834732755e-8
3.7670689812267536e-8
3.191123469156339e-7
2.242417985212207e-7
8.964976321352496e-8
2.1703972398827532e-8
9.205920977095066e-9
1.6843864445316886e-8
3.298651446545356e-8
2.8865992124241016e-7
2.05957807829338e-7
8.075213930651106e-8
1.9763945562446093e-8
1.4738498849934006e-8
2.9190374791044925e-8
2.635949720904915e-7
1.8531656604443808e-7
6.510872571992395e-8
1.777468051314484e-8
2.5990101673929184e-8
2.4379445158287703e-7
1.6092227739662886e-7
4.362760000982462e-8
2.3880986703495465e-8
2.227601871699297e-7
1.2341438307018225e-7
2.879971193470362e-8
1.9449380406659545e-7
7.370264447883385e-8
1.3384814006976825e-7
3.766972072775343e-7
1.3264066077494715e-7
1.8498324935481397e-8
-3.4485853735054502e-9
-4.669846037793096e-9
-1.5042309779572617e-9
3.5321788145536694e-9
1.123406547592473e-8
2.3376188379765337e-8
3.9965513626462725e-8
3.0321012038860705e-7
1.6887842799004138e-7
4.8385316725576755e-8
7.170052250902073e-9
4.183731045496096e-10
2.5902844634891875e-9
8.024709629990716e-9
1.7242659923714044e-8
3.0897760748437696e-8
2.464637516716665e-7
1.6026570701070492e-7
5.8255712627068936e-8
1.2738485600051754e-8
3.5298168181108738e-9
6.267836984196051e-9
1.3706241973729511e-8
2.562460048139964e-8
2.1116404912764693e-7
1.4636078300932435e-7
5.7742734370834946e-8
1.3879593207696299e-8
6.027996385306144e-9
1.1138926283032125e-8
2.180067875464676e-8
1.8629940459149452e-7
1.3162060171166188e-7
5.1110609606798453e-8
1.2441266039125971e-8
9.489920854452701e-9
1.8830370032128614e-8
1.6710926596966106e-7
1.1614154320398435e-7
4.023433996172383e-8
1.1124816771870969e-8
1.645891844646458e-8
1.508429690318214e-7
9.851111445612231e-8
2.6806371784065154e-8
1.4887862810861932e-8
1.3613385198193886e-7
7.574189839159817e-8
1.78152267663943e-8
1.1875322620715607e-7
4.4690956240480236e-8
8.001746176803148e-8
2.643728282524531e-7
9.54160559778361e-8
1.3373896246509753e-8
-2.344114327982695e-9
-3.239435414170025e-9
-1.0433879783497566e-9
2.4609673469283967e-9
7.82780687968799e-9
1.6296807800503063e-8
2.7883965312383222e-8
2.169709696937455e-7
1.1976864995830985e-7
3.3867819525034326e-8
4.890654677673826e-9
2.5680322081759375e-10
1.849183669327773e-9
5.739953980331997e-9
1.2330472830946534e-8
2.2087298812899905e-8
1.7308846318281282e-7
1.1123125592599612e-7
3.987885378486579e-8
8.588272769014479e-9
2.4204071715961988e-9
4.404148873072203e-9
9.634897251488094e-9
1.7999040202014126e-8
1.4495416358274795e-7
9.923702465413212e-8
3.86281411090851e-8
9.190547502356297e-9
4.099116798681084e-9
7.655618796679643e-9
1.497038222799613e-8
1.2491598177620902e-7
8.716791270272872e-8
3.340437274785602e-8
8.112672222979748e-9
6.3547978208585045e-9
1.2628106726041045e-8
1.0942431677818196e-7
7.513391418549983e-8
2.574016089404741e-8
7.196619431819331e-9
1.0790996213787825e-8
9.657182975305647e-8
6.232548304780227e-8
1.681682204909205e-8
9.567236307954976e-9
8.507280983284307e-8
4.677977281315521e-8
1.1207689219233764e-8
7.272655652141623e-8
2.7482030792912482e-8
4.8211564040062596e-8
1.783654135295077e-7
6.744732426900457e-8
9.738005188771684e-9
-1.4573413675205015e-9
-2.1540116585819953e-9
-6.955231896273809e-10
1.6524418707506343e-9
5.256689398157446e-9
1.095217323121544e-8
1.8760415076604075e-8
1.5429776230013583e-7
8.534612642743446e-8
2.4067979095478488e-8
3.4462390261122324e-9
1.7388342151550506e-10
1.313055523100584e-9
4.078959348375791e-9
8.76242445401684e-9
1.5695855267669694e-8
1.2307536611868354e-7
7.870787513879804e-8
2.8005457533832743e-8
5.970618111688965e-9
1.6974807326255457e-9
3.134871313242374e-9
6.859910420867565e-9
1.2808598521708556e-8
1.0196073105072961e-7
6.925425574633139e-8
2.6693774037087088e-8
6.298797355790614e-9
2.867197949245332e-9
5.398199980687224e-9
1.0547261680516248e-8
8.647512218844437e-8
5.975702093549122e-8
2.2644398767323625e-8
5.485921667796925e-9
4.401455917532382e-9
8.755925359804136e-9
7.430072986133308e-8
5.044434879861348e-8
1.707988429087541e-8
4.829177226906769e-9
7.336908561718964e-9
6.413501068927949e-8
4.086670369997048e-8
1.0929715544055029e-8
6.363098121822852e-9
5.50848281020937e-8
2.98865358711089e-8
7.247863331739035e-9
4.5772807150999436e-8
1.7201086248176177e-8
2.9550752378158565e-8
1.1426953599411742e-7
4.587596860344999e-8
6.936383180393524e-9
-8.162061966774234e-10
-1.3589880845708394e-9
-4.410231371927098e-10
1.0573422318820923e-9
3.364009253401059e-9
7.014883754479422e-9
1.2031689045679976e-8
1.0664165737590214e-7
5.970618903586982e-8
1.6967696138820338e-8
2.454830279814133e-9
1.2919486896059584e-10
9.070575597558225e-10
2.8164742386665883e-9
6.051835784557608e-9
1.0844207400528644e-8
8.657938540269217e-8
5.552590749557891e-8
1.9760199686426488e-8
4.2019851798646475e-9
1.1925542527441815e-9
2.2077276270512365e-9
4.831477804214231e-9
9.020010627409117e-9
7.194881654337557e-8
4.878877048199058e-8
1.873553091244036e-8
4.40158695770489e-9
2.0213153978862665e-9
3.820069422763127e-9
7.459494910187225e-9
6.074139726708255e-8
4.177787731424844e-8
1.5729187922864123e-8
3.803446666280392e-9
3.0975517883382287e-9
6.164804352376856e-9
5.166316937381496e-8
3.4818993587793865e-8
1.1688342195699452e-8
3.329824019741515e-9
5.107033581854398e-9
4.3920962071678914e-8
2.770437939889319e-8
7.3460622737738376e-9
4.349842489409085e-9
3.694175629286801e-8
1.977596040622047e-8
4.817300974882082e-9
2.982474379048602e-8
1.1081126306395023e-8
1.8556901592733368e-8
6.916603069142405e-8
2.957980936976753e-8
4.721526148207745e-9
-4.0587921421250267e-10
-8.10425383890322e-10
-2.649433096459177e-10
6.414682840864691e-10
2.0411163319934847e-9
4.2599699083259626e-9
7.3160338466039265e-9
7.039086712403056e-8
4.02109706474977e-8
1.1616075506206568e-8
1.7241783334386247e-9
1.0023399094275815e-10
5.992115484341068e-10
1.8576192086512866e-9
3.993265437733e-9
7.160010279487905e-9
5.901534916911533e-8
3.821447762225606e-8
1.3700401056450884e-8
2.927972879375915e-9
8.215166847894675e-10
1.5062007114013925e-9
3.2959448092436924e-9
6.1548407739253845e-9
4.9817400464634726e-8
3.393404187924194e-8
1.3067062074443033e-8
3.0702943125866733e-9
1.4041606652165708e-9
2.651522420801586e-9
5.176545902120976e-9
4.235067889128042e-8
2.9160330472339615e-8
1.0972555052688962e-8
2.650368916110777e-9
2.1652065713566457e-9
4.308515236449883e-9
3.604676363716582e-8
2.424835767485601e-8
8.111051674497002e-9
2.315281627265875e-9
3.565046483221652e-9
3.049200595134585e-8
1.913473533503244e-8
5.0414847274154515e-9
3.0063313935118996e-9
2.534962651657915e-8
1.3436823006678027e-8
3.2581484574647044e-9
2.0021955964591414e-8
7.3230883190016825e-9
1.1967377620598675e-8
3.965719488103016e-8
1.795762613404211e-8
3.025209248777674e-9
-1.772025903134981e-10
-4.581265784559835e-10
-1.5114305348311125e-10
3.694644035483522e-10
1.175723324811491e-9
2.4557134445336235e-9
4.222273977357e-9
4.3889717688089693e-8
2.5707661097670233e-8
7.595498136128787e-9
1.1680751583320882e-9
7.657271766451946e-11
3.746346639488784e-10
1.1583635463085231e-9
2.491479761458143e-9
4.470907859291592e-9
3.8368675354259695e-8
2.5218197497696858e-8
9.161430730932546e-9
1.9802237083344977e-9
5.453473692261894e-10
9.79990085479829e-10
2.1439232561842665e-9
4.0058947575025405e-9
3.322957242018489e-8
2.285429398319732e-8
8.874401483235884e-9
2.0941481640890705e-9
9.429381772744614e-10
1.7716245449737662e-9
3.4593077299046064e-9
2.8725484418648787e-8
1.9902861041356475e-8
7.526670941201909e-9
1.817598599532357e-9
1.4723898885586664e-9
2.9279037640629437e-9
2.471158783178396e-8
1.6681630910240006e-8
5.590097726037643e-9
1.589758686071613e-9
2.443451841570856e-9
2.1017392899915016e-8
1.3195971972940992e-8
3.466481350911822e-9
2.059760586443065e-9
1.746327603170686e-8
9.216121356334309e-9
2.2081597984667437e-9
1.364891986072225e-8
4.9112274636812785e-9
7.87918138920183e-9