0.00003007055098753277
7.2342147448975375e-6
5.872722785861592e-7
-4.4704992557228443e-7
-4.143364533656075e-7
-1.3034917099718823e-7
2.914302016494581e-7
9.262433731783953e-7
1.918001002086696e-6
3.2550096477633733e-6
0.00001456635004247008
7.039874359652802e-6
1.746427849460729e-6
1.9320807983394291e-7
-2.90993743882032e-9
1.2133416341047857e-7
3.8119163542092555e-7
8.174095519180308e-7
1.4602770853531166e-6
9.251145691592986e-6
5.415299620112676e-6
1.76813837569843e-6
3.4640005279945247e-7
1.086090425002639e-7
2.2424333508852154e-7
4.932073778150563e-7
9.22267674343516e-7
6.538704047548738e-6
4.139942246878086e-6
1.4858595612774153e-6
3.302790115516693e-7
1.6270133548984005e-7
3.195524035162144e-7
6.300430683277769e-7
4.868894263056171e-6
3.1598466784071322e-6
1.1200089687308683e-6
2.6019650303463246e-7
2.2477115670339623e-7
4.570806221557259e-7
3.7185679944848205e-6
2.3776453441990405e-6
7.571924208825634e-7
2.2242113667740236e-7
3.583957046322586e-7
2.8668686776363257e-6
1.725210382467419e-6
4.598782865873457e-7
3.174462477060053e-7
2.207470161411747e-6
1.166253920224815e-6
3.822887658281362e-7
1.6978446695971856e-6
7.810388400169763e-7
1.232508239101702e-6
0.00003003279737308841
7.720076003631025e-6
6.971295429087318e-7
-4.214375803844094e-7
-4.04172344123916e-7
-1.2736452119432906e-7
2.8715124540492997e-7
9.127783876197756e-7
1.891879578120966e-6
3.215244020689838e-6
0.000015689755860402644
7.671910451529818e-6
1.9222204116249947e-6
2.1706685798574286e-7
-2.0557244438947765e-9
1.312953035162497e-7
4.1222882186730625e-7
8.83915697215198e-7
1.5789805185425999e-6
0.000010155484989836775
5.982388956666646e-6
1.9640353663802207e-6
3.8668708118290584e-7
1.211561048726988e-7
2.492881459309904e-7
5.477496506177836e-7
1.023106722269902e-6
7.258262566393047e-6
4.6159132964943395e-6
1.663733692928034e-6
3.718602115290587e-7
1.8446350046774736e-7
3.617004400302772e-7
7.110884991188603e-7
5.4486181773631145e-6
3.5486457105849853e-6
1.2627007254567532e-6
2.957335439794423e-7
2.5700059251819084e-7
5.204804910384645e-7
4.187822648024723e-6
2.6850312424296407e-6
8.578230269002662e-7
2.5271737368666637e-7
4.063091925003736e-7
3.2438014300247673e-6
1.9554034527244874e-6
5.18534242507591e-7
3.525232072432107e-7
2.5045497862782176e-6
1.3170974963559464e-6
4.134194529830946e-7
1.914808725829658e-6
8.481395145570937e-7
1.3366438679959016e-6
0.000029058584037657048
8.03019902881229e-6
8.009778094505601e-7
-3.8218700786511245e-7
-3.826907007499596e-7
-1.20869434765288e-7
2.749230428426504e-7
8.740393372325412e-7
1.8133231304871893e-6
3.086234822113723e-6
0.000016532649465992383
8.200777598767067e-6
2.080292426805246e-6
2.411729239153531e-7
-5.415161714962958e-10
1.387899756079468e-7
4.354073295975527e-7
9.336855320014866e-7
1.6680804572463372e-6
0.000010952336590081722
6.501953413941964e-6
2.1492312815524086e-6
4.257768608984574e-7
1.3278939886277527e-7
2.715926825209088e-7
5.962751877115283e-7
1.1128581003195648e-6
7.934472115470659e-6
5.073120947009342e-6
1.8379228051145191e-6
4.1308270123232345e-7
2.054313532347114e-7
4.0189864181460324e-7
7.883102295124616e-7
6.0146227963258045e-6
3.934186439269913e-6
1.406411772755045e-6
3.317128445034572e-7
2.889592404956287e-7
5.831567972574325e-7
4.659267333372493e-6
2.9981964334948367e-6
9.61574930947178e-7
2.835535086749063e-7
4.5457364237365795e-7
3.632160691863097e-6
2.1947544377436563e-6
5.793049372848443e-7
3.878205009169347e-7
2.8151043774912e-6
1.4743314919147662e-6
4.437891174058204e-7
2.1407993123879084e-6
9.145982170614394e-7
1.4403624819387702e-6
0.00002711668659222561
8.09622894486024e-6
8.858785918905782e-7
-3.316457264462788e-7
-3.5065125079097145e-7
-1.1108760706226184e-7
2.549477263203891e-7
8.106510477893084e-7
1.6834005646593372e-6
2.8692129688217376e-6
0.000016953891101874315
8.556037153579706e-6
2.203858608724122e-6
2.6386133238807836e-7
1.7090305395659028e-9
1.4262308491228797e-7
4.469618727044599e-7
9.586542213902872e-7
1.7131931671816757e-6
0.000011552030685907061
6.923820978802999e-6
2.3082348716225287e-6
4.608185370317123e-7
1.4245128653712116e-7
2.8875303428967297e-7
6.335292419190826e-7
1.1818060605409904e-6
8.509161738215073e-6
5.47640008023377e-6
1.996399298876076e-6
4.5125811231562286e-7
2.2396365248069087e-7
4.368474145183265e-7
8.553475731401965e-7
6.52715106381796e-6
4.291630020721895e-6
1.5424751024830709e-6
3.659458829163326e-7
3.185062217460149e-7
6.408571888246828e-7
5.104275074175421e-6
3.298908193758574e-6
1.0626634912377592e-6
3.131628518622253e-7
5.002561538061191e-7
4.010152573568583e-6
2.4307607292637316e-6
6.392838062849499e-7
4.2122639072023026e-7
3.1247580636177946e-6
1.6321881240325842e-6
4.717523695006748e-7
2.3699732490199968e-6
9.782647419852314e-7
1.5400224134627006e-6
0.000024351533603619205
7.844162290452186e-6
9.379330416150252e-7
-2.747032543568253e-7
-3.1067355647575193e-7
-9.881173400833601e-8
2.2868771991891648e-7
7.272439661635768e-7
1.5114722017627357e-6
2.579472291646915e-6
0.000016829370599329783
8.669150422772572e-6
2.2733995906749266e-6
2.828066132019618e-7
4.6988444241830426e-9
1.4159084304106522e-7
4.431175086893423e-7
9.507508771151969e-7
1.6999601292476251e-6
0.000011852918653364524
7.18680626769402e-6
2.4214369832548873e-6
4.881021936040172e-7
1.4888171165156835e-7
2.980296930081089e-7
6.535330817462534e-7
1.2189068261697465e-6
8.909308010633777e-6
5.78060821333421e-6
2.1234345463513633e-6
4.828404663074155e-7
2.3788534365933374e-7
4.621793978067675e-7
9.038424231286345e-7
6.934330985820294e-6
4.5882572763489236e-6
1.6595786445399301e-6
3.955561339159628e-7
3.4266765229156403e-7
6.877324491932502e-7
5.485408790532036e-6
3.563998658808498e-6
1.153883095287264e-6
3.3918835857696876e-7
5.394369191921358e-7
4.350829946022847e-6
2.647917587317728e-6
6.946607703090453e-7
4.50270812713977e-7
3.414527154480926e-6
1.7814685726378126e-6
4.955664288186401e-7
2.5896675523731028e-6
1.0358759398569781e-6
1.6318171692668506e-6
0.000021122071024136173
7.242714240453839e-6
9.380757462400725e-7
-2.181180350794686e-7
-2.669176178052068e-7
-8.53075801512933e-8
1.9882908177417084e-7
6.323489274449068e-7
1.3151103820392698e-6
2.246593821497401e-6
0.000015997517904219882
8.469873717194056e-6
2.273414983526962e-6
2.956151638854372e-7
8.28809317581464e-9
1.3466784643817167e-7
4.2067955787404685e-7
9.030826323837672e-7
1.6159599567679631e-6
0.000011774983135971441
7.23723705959005e-6
2.4679062689929255e-6
5.031977690147378e-7
1.5079688374994142e-7
2.9691066228876253e-7
6.50815584080949e-7
1.2140446037050544e-6
9.058968188958783e-6
5.933401287183369e-6
2.199864675399225e-6
5.0357264088167e-7
2.4503812836270365e-7
4.736777946594437e-7
9.256272151761454e-7
7.173378616077626e-6
4.7834544896070994e-6
1.7434376149216705e-6
4.170273557384929e-7
3.5804776623677504e-7
7.170538378417785e-7
5.755382074696248e-6
3.763709312084262e-6
1.225870050385177e-6
3.586771573964729e-7
5.672603694918671e-7
4.619061796627774e-6
2.825717319473822e-6
7.403752071109472e-7
4.7168618891430626e-7
3.659142509012308e-6
1.9100511224815853e-6
5.127372395718314e-7
2.7835366793669324e-6
1.082829125520897e-6
1.7092402721098854e-6
0.000017872982412013126
6.37585294821971e-6
8.798347382935077e-7
-1.6971175552023638e-7
-2.2420295936696487e-7
-7.201518546406478e-8
1.68711082007721e-7
5.365893562292572e-7
1.1164287786638547e-6
1.9084050092998345e-6
0.000014491228907809512
7.88658820497459e-6
2.1757943753876133e-6
2.9792555618194114e-7
1.1947790552478558e-8
1.2219804275364046e-7
3.808032745544208e-7
8.179492762200065e-7
1.4648519121525915e-6
0.000011185614838430792
7.0074353772219e-6
2.431055058098729e-6
5.02930707714669e-7
1.4685338677479535e-7
2.825384910597105e-7
6.191224088882187e-7
1.1555836749695076e-6
8.894555284531967e-6
5.897768561995847e-6
2.2100606273621716e-6
5.091095962350506e-7
2.4311935812915423e-7
4.669634995451256e-7
9.123507953907021e-7
7.1947283874711516e-6
4.838442680006606e-6
1.7783441011328114e-6
4.266411717582002e-7
3.6170409259716594e-7
7.230424599962091e-7
5.8628570675108045e-6
3.863291573088524e-6
1.2674419723421354e-6
3.6845257647888365e-7
5.787217641117523e-7
4.772490704602821e-6
2.9389081196927474e-6
7.702130980026458e-7
4.817036269515135e-7
3.826971971280352e-6
2.0026278775709217e-6
5.204093811601102e-7
2.930679885789608e-6
1.113666952284818e-6
1.764792442253174e-6
0.000014986487880612456
5.39524662087233e-6
7.760711396637385e-7
-1.3299382523228574e-7
-1.8623525725089908e-7
-6.005860953354556e-8
1.4117261376656616e-7
4.4901201853227305e-7
9.344412840339937e-7
1.5979015116818275e-6
0.000012532951997491226
7.0010288518093545e-6
1.9815532082229927e-6
2.839835324270717e-7
1.4372601425777659e-8
1.0612983018404749e-7
3.2981438612262574e-7
7.087853926150773e-7
1.2703026025521728e-6
0.000010120251147329405
6.455775224762747e-6
2.2813803234549293e-6
4.808988679938864e-7
1.3683777929105396e-7
2.5587852254366283e-7
5.604588358983835e-7
1.04684408887487e-6
8.316476529814674e-6
5.5999488316616235e-6
2.1311939093303164e-6
4.957216711775955e-7
2.3008809269458367e-7
4.3783946421054917e-7
8.557128428679651e-7
6.920614666266762e-6
4.714555836074613e-6
1.7532653428923952e-6
4.209312190126745e-7
3.4947307365668897e-7
6.975235750567679e-7
5.7712522805316875e-6
3.839875268127002e-6
1.269763744998919e-6
3.655141641058687e-7
5.693407860350995e-7
4.779715588907718e-6
2.9645342957525953e-6
7.779050023135805e-7
4.774984823221785e-7
3.884434383508539e-6
2.041567030868497e-6
5.157095373862386e-7
3.005964413096305e-6
1.1217787454510701e-6
1.7891596938200047e-6
0.000012570423936384305
4.512474727351205e-6
6.53558590949872e-7
-1.0713311011436443e-7
-1.5406542708063694e-7
-4.9785878859865636e-8
1.1741420581311211e-7
3.734583769175298e-7
7.774245102905791e-7
1.3299652290749215e-6
0.000010489059677271302
5.942954441741604e-6
1.717870105139133e-6
2.553928504639725e-7
1.484010772137674e-8
8.951863702811803e-8
2.7750666017887076e-7
5.964827805535481e-7
1.069346755993356e-6
8.731436347332334e-6
5.670616343629483e-6
2.040472845020787e-6
4.3754004781250126e-7
1.216128635566567e-7
2.211452790472246e-7
4.841484809292668e-7
9.049772121421887e-7
7.4128316567956986e-6
5.063092844002273e-6
1.954109139676807e-6
4.590820165072983e-7
2.07313271917592e-7
3.9054705973638237e-7
7.636703894225607e-7
6.330734896188209e-6
4.366875697087095e-6
1.6455759993481827e-6
3.96205032761077e-7
3.208628366149993e-7
6.393124121610454e-7
5.406245047186436e-6
3.6419842890869662e-6
1.2188121375352606e-6
3.4643375103656717e-7
5.330750895607718e-7
4.584395225847157e-6
2.8769843525633266e-6
7.580630050342664e-7
4.541931965369096e-7
3.807455807735598e-6
2.015903978542851e-6
4.962357559115087e-7
2.9919391093243353e-6
1.1015489152351154e-6
1.7718192610841299e-6
0.000010412489566938368
3.850728859139178e-6
5.506961329883092e-7
-8.609936764143242e-8
-1.2607516974552036e-7
-4.075981528069789e-8
9.663462546594099e-8
3.073903181124323e-7
6.402401723825921e-7
1.0961799069417445e-6
8.790743503924212e-6
4.943812416244465e-6
1.433833616841173e-6
2.1566018118652302e-7
1.305271710610903e-8
7.547653651914888e-8
2.3370555064707276e-7
5.022007028677943e-7
9.000075931036778e-7
7.285111673360834e-6
4.772259892083335e-6
1.7395846199572066e-6
3.789991625073427e-7
1.0414451461497094e-7
1.853876505920298e-7
4.0557713339368814e-7
7.582930953737603e-7
6.304038055878982e-6
4.361496217103101e-6
1.707830049760591e-6
4.055225814209563e-7
1.784063512580245e-7
3.3271879130195447e-7
6.5091134948211e-7
5.519451100225315e-6
3.85674122974251e-6
1.4720489534321334e-6
3.5495606734538914e-7
2.803658561189195e-7
5.578065029802368e-7
4.827699261446222e-6
3.2891254463091494e-6
1.112154462771307e-6
3.125841696520581e-7
4.753983105615126e-7
4.180673754455735e-6
2.652308542230389e-6
7.03228157641485e-7
4.120129411408754e-7
3.5476691590395462e-6
1.8983623211621462e-6
4.5816410595267784e-7
2.8527395522388384e-6
1.0459645308383613e-6
1.7069989321231498e-6
8.285614464028425e-6
3.3078491393406804e-6
4.842621899722125e-7
-6.393689038656294e-8
-1.0014176883332113e-7
-3.243535633968912e-8
7.742307762026744e-8
2.4630651918244027e-7
5.133746635044536e-7
8.798994322989593e-7
7.562322880844641e-6
4.188672811290984e-6
1.1966288316995901e-6
1.7708969350417381e-7
1.0257309567968671e-8
6.457052624022813e-8
2.0006778664136785e-7
4.2982734106203973e-7
7.700760958146787e-7
6.098856754826722e-6
3.967459652375076e-6
1.4443838552762514e-6
3.1602987174478544e-7
8.767091143756335e-8
1.5608367946691641e-7
3.412514579425601e-7
6.376528267127858e-7
5.235229040475843e-6
3.6322295449595314e-6
1.4315440203718057e-6
3.427792948814315e-7
1.4963251270781303e-7
2.7749755279002467e-7
5.427508940919524e-7
4.620624048097411e-6
3.2539017593176878e-6
1.2546154744723977e-6
3.039252101369723e-7
2.3561578298637576e-7
4.680130053118727e-7
4.1076147840360215e-6
2.8282503653517405e-6
9.671880390435692e-7
2.69180385032151e-7
4.045342976146522e-7
3.632208256705668e-6
2.331419632558691e-6
6.223827509870484e-7
3.5679747105225103e-7
3.1525118608179045e-6
1.7046243109715744e-6
4.052883602670027e-7
2.5897046762378676e-6
9.495608786200212e-7
1.5772689409710825e-6
6.340265842111444e-6
2.670548673933252e-6
4.2583286411654184e-7
-4.1899954176177774e-8
-7.677626519044858e-8
-2.502439193395554e-8
6.001638301531515e-8
1.9093997847638124e-7
3.9812830161033135e-7
6.827687492314755e-7
6.420821333866022e-6
3.630059003165125e-6
1.0338813276586743e-6
1.5169326167347134e-7
8.73433662755268e-9
5.419350643840958e-8
1.6798166932994336e-7
3.611227693553222e-7
6.475552383455195e-7
5.2653031451454805e-6
3.386550860999819e-6
1.216980517911045e-6
2.635011808843091e-7
7.433464748037701e-8
1.345616249643659e-7
2.9421704562632456e-7
5.494363796713936e-7
4.421193314065021e-6
3.039033117579787e-6
1.1902488518298616e-6
2.850852881208341e-7
1.2659202437122173e-7
2.355571832679133e-7
4.602391318410574e-7
3.844861011150137e-6
2.6997703744017734e-6
1.0414293618724323e-6
2.535836053808546e-7
1.9708268152988946e-7
3.910733639338139e-7
3.4078852027904904e-6
2.3522287017181517e-6
8.085361428456327e-7
2.2496027837373997e-7
3.36371915909938e-7
3.033343876287847e-6
1.9597357415706427e-6
5.26349329453527e-7
2.979627329051711e-7
2.6700799624261156e-6
1.4577774861750166e-6
3.437971368127305e-7
2.2411974836107198e-6
8.259264610265984e-7
1.3972009092649114e-6
4.869800730804011e-6
2.000451494959065e-6
3.36763680523114e-7
-2.7644505656848462e-8
-5.8331125579026255e-8
-1.9166920838266358e-8
4.601765804623751e-8
1.4639713473458508e-7
3.052206318281391e-7
5.233559473445596e-7
4.991270734939933e-6
2.988052047777919e-6
8.891907548989283e-7
1.369252488539001e-7
9.109488941895475e-9
4.252536548039948e-8
1.3144398635329164e-7
2.8287576132836966e-7
5.080134543059577e-7
4.483513630889008e-6
2.9355427322438236e-6
1.0586647251371623e-6
2.2766345931291786e-7
6.300149389533845e-8
1.1350709204113227e-7
2.483828058826471e-7
4.6431229819419213e-7
3.84371274551654e-6
2.629842471534983e-6
1.02023207040056e-6
2.422196929845409e-7
1.0916899462983011e-7
2.044172761626067e-7
3.9923712879150753e-7
3.3013491053746077e-6
2.2959088516584473e-6
8.773555003435714e-7
2.1386433349054265e-7
1.696293470221334e-7
3.366736360826375e-7
2.8742130075473876e-6
1.9687491738218547e-6
6.734247052090388e-7
1.8921245430488347e-7
2.8455268925422487e-7
2.525501245295019e-6
1.6259947219598857e-6
4.368374205603059e-7
2.482499737601285e-7
2.212864780987355e-6
1.2097034769521222e-6
2.8474208125322455e-7
1.8673323746580163e-6
6.902518954341641e-7
1.1845930417018556e-6
3.766609226176417e-6
1.5427300858969796e-6
2.4616226866130625e-7
-2.254036722150634e-8
-4.492854062973257e-8
-1.4775086659657695e-8
3.550209083743382e-8
1.129398615956117e-7
2.3545469719696888e-7
4.0370015912025485e-7
3.7055273096488486e-6
2.2227858497495144e-6
6.902657445562646e-7
1.1395509972236734e-7
8.839584479996066e-9
3.2209374566718445e-8
9.90571447865887e-8
2.13155930224525e-7
3.827790702021051e-7
3.4513329335465436e-6
2.3605742603273623e-6
8.861523264836364e-7
1.960645745697579e-7
5.137069996138346e-8
8.772277707138218e-8
1.9192075463831354e-7
3.5947113029307806e-7
3.19497415269472e-6
2.243218170137852e-6
8.841710261992511e-7
2.0976521776532568e-7
9.085097607499164e-8
1.6869846708981762e-7
3.300666024765554e-7
2.855583175995002e-6
1.999475897900701e-6
7.635609445242552e-7
1.8458664356157364e-7
1.4593982826314064e-7
2.899219429058014e-7
2.5036622220794257e-6
1.707248003201634e-6
5.793820452838385e-7
1.6328733037711112e-7
2.4732895910145667e-7
2.1753202622173344e-6
1.3879338842074676e-6
3.7021095296310054e-7
2.1302216921953063e-7
1.8724852146278712e-6
1.01430067625556e-6
2.3840629093524777e-7
1.5541527612108876e-6
5.704420129136385e-7
9.787211855028647e-7
2.8596283606927976e-6
1.2031409216292613e-6
1.953029954706608e-7
-1.791543395815755e-8
-3.457936206620568e-8
-1.1327842730256258e-8
2.720624030382235e-8
8.65491373983576e-8
1.8043945652874926e-7
3.0938272839189756e-7
2.930548573456652e-6
1.6919296691989697e-6
5.045182443785805e-7
8.195418396508022e-8
6.432431526516484e-9
2.50565335417383e-8
7.700532423380204e-8
1.6563221272034293e-7
2.9726914026095917e-7
2.5394030691988573e-6
1.7227527295029485e-6
6.597730751068421e-7
1.5168360161774966e-7
3.9829035204737214e-8
6.556373366432216e-8
1.431129742405445e-7
2.6791947085860137e-7
2.368724155267525e-6
1.7142638558517807e-6
7.013603726707472e-7
1.7095345140121198e-7
6.955584901898631e-8
1.2592200096074168e-7
2.467503108127036e-7
2.251192771188749e-6
1.6280574957584818e-6
6.394882765470646e-7
1.5409449376252134e-7
1.1494298343177419e-7
2.2799001121073325e-7
2.0899867972317497e-6
1.4556308502776658e-6
5.001132170559074e-7
1.373702651277802e-7
2.0501690434642892e-7
1.8796328239150939e-6
1.2086707752602426e-6
3.2132836880153536e-7
1.8224256216782478e-7
1.6338163786632385e-6
8.809307179320781e-7
2.0447794528237378e-7
1.3390839236342494e-6
4.835515159185388e-7
8.17374506107912e-7
2.187042708925594e-6
8.951826100918351e-7
1.4912910514837836e-7
-1.2723934908787563e-8
-2.6443657862573833e-8
-8.692558352924176e-9
2.0818343118535116e-8
6.622547236579061e-8
1.3802863533045646e-7
2.3656289849913616e-7
2.2205671355024852e-6
1.342502384837337e-6
4.0421081261982946e-7
6.343129452267248e-8
4.6038127203165006e-9
1.907427068703562e-8
5.874828328872521e-8
1.2644305049289725e-7
2.2712939344480386e-7
2.0336301653088053e-6
1.3430896241891126e-6
4.932234014330866e-7
1.1001075217474683e-7
3.012479740278746e-8
5.158676629772158e-8
1.1265114413642049e-7
2.1074299274053893e-7
1.782892949772978e-6
1.2530416087225761e-6
5.069351871218245e-7
1.254479738794997e-7
5.2727293754620465e-8
9.542533342997914e-8
1.8661029664334362e-7
1.6276159572691518e-6
1.182968644344076e-6
4.7450961471222396e-7
1.1676816160962869e-7
8.43969058830384e-8
1.6663009664773166e-7
1.5436439980144166e-6
1.1040163583707537e-6
3.912275533630231e-7
1.0514651227807779e-7
1.5199632448842333e-7
1.4656414195757226e-6
9.722272900521214e-7
2.631779731380811e-7
1.4180128340420233e-7
1.349841540305913e-6
7.449206182444993e-7
1.6911275421014903e-7
1.1530998403046429e-6
4.159431306924428e-7
7.031615550838521e-7
1.6834247641938343e-6
6.807938048478382e-7
1.0959513736006282e-7
-1.0930873605090362e-8
-2.0491185750125007e-8
-6.7260867704128816e-9
1.6070833874421422e-8
5.111967068706329e-8
1.0650915111892995e-7
1.8245084716110649e-7
1.660774353071318e-6
9.82322231155734e-7
3.034555036330213e-7
5.078410267973855e-8
4.046120253460477e-9
1.4308695539311707e-8
4.396997880503222e-8
9.462135506955705e-8
1.6993274756464426e-7
1.51661537528818e-6
1.0468631398446345e-6
3.9788800979714525e-7
8.869272520380343e-8
2.301160459157733e-8
3.8770893034550215e-8
8.478329040874773e-8
1.588530839791315e-7
1.431979928844827e-6
1.0126230740877523e-6
4.009674027229686e-7
9.574874611590731e-8
4.095312285096324e-8
7.535871681490096e-8
1.4752308338134763e-7
1.2938654347571665e-6
9.114079555491852e-7
3.5308556245523276e-7
8.669228146689943e-8
6.643408549442753e-8
1.314692330976306e-7
1.1540469005937855e-6
8.041825261871164e-7
2.820345099335273e-7
7.827532690175945e-8
1.1448836624561681e-7
1.0540231969192104e-6
6.995784953888821e-7
1.9267754614120457e-7
1.0337674716626481e-7
9.834650764039008e-7
5.570103849302808e-7
1.2649564363611915e-7
8.913190304650823e-7
3.310883511963696e-7
5.852865759439523e-7
1.3098774920909894e-6
5.144676389445843e-7
8.242284482563455e-8
-8.947999869045381e-9
-1.6091425157610013e-8
-5.263974452693784e-9
1.2515411511458887e-8
3.9808109497225565e-8
8.290832414021203e-8
1.419377217979198e-7
1.2570657381925603e-6
7.493525034875893e-7
2.2606887858969004e-7
3.6200085827922697e-8
2.8203880276602565e-9
1.0828809125305893e-8
3.326536241164564e-8
7.158130199478056e-8
1.2854847262659023e-7
1.1367437795808524e-6
7.606460500316476e-7
2.866678170953898e-7
6.594317751991092e-8
1.7584523151629514e-8
2.8978167614415032e-8
6.324612922110485e-8
1.1841673831189141e-7
1.0308708470701483e-6
7.438323614012463e-7
3.072975407801821e-7
7.586387384069375e-8
3.059876088119262e-8
5.508114580860945e-8
1.0792516661442152e-7
9.842566344339304e-7
7.205103512072592e-7
2.8592237759083693e-7
6.87379501638975e-8
5.032812681601006e-8
9.978887528682542e-8
9.335016985433428e-7
6.539940357111541e-7
2.2516617286822506e-7
6.147164429502366e-8
9.123938496802387e-8
8.466705935374712e-7
5.461374757263733e-7
1.4632112339822653e-7
8.219096509106839e-8
7.436430408177354e-7
4.08218727295453e-7
9.472865973458467e-8
6.399296692576371e-7
2.3893663285020493e-7
4.346465804167142e-7
1.0324884384313476e-6
3.936398416851119e-7
6.135676423023764e-8
-7.737885433739213e-9
-1.2767072819384282e-8
-4.164840073094797e-9
9.862076522939567e-9
3.136685732583342e-8
6.530140593313097e-8
1.1172708131897026e-7
9.518280936286894e-7
5.59562917940037e-7
1.6956520512243303e-7
2.7738380369727673e-8
2.138392837953427e-9
8.183711280035157e-9
2.5176356988362265e-8
5.4167412304230257e-8
9.725293940288623e-8
8.510400768509995e-7
5.792858493865555e-7
2.1921251990868408e-7
4.90466305018329e-8
1.2900250235681035e-8
2.1738789484683187e-8
4.7503776183729706e-8
8.897689644715948e-8
7.892737646960357e-7
5.591955512046632e-7
2.2323286755962317e-7
5.416928624004555e-8
2.28730270318093e-8
4.158928553274205e-8
8.143632059274211e-8
7.189390694656405e-7
5.132956343210585e-7
2.034359632453877e-7
5.050544847327518e-8
3.708196211386608e-8
7.318710219092701e-8
6.622160185772213e-7
4.7297303120250474e-7
1.6936858725635783e-7
4.576227594424459e-8
6.56519385862141e-8
6.326770700770682e-7
4.2540527814951944e-7
1.1625479888787776e-7
6.149020290555645e-8
5.977106219972973e-7
3.326383292787611e-7
7.511876503306246e-8
5.169107561546626e-7
1.8695360333703995e-7
3.224550086207115e-7
8.245399770494157e-7
3.0485105263730657e-7
4.614599968192694e-8
-6.637772858518644e-9
-1.0253936321745807e-8
-3.3337755371604205e-9
7.860378377556251e-9
2.4999318598822806e-8
5.2027078630284745e-8
8.89690125599095e-8
7.281313333380214e-7
4.2463482054385987e-7
1.2760941669674134e-7
2.034444247406578e-8
1.4985696159438432e-9
6.261060402493203e-9
1.9274067166572582e-8
4.1458594170066836e-8
7.441076089229367e-8
6.422919846990893e-7
4.313774766511372e-7
1.612144003854963e-7
3.639386646300499e-8
9.76070696017996e-9
1.6349150982122627e-8
3.57065934043481e-8
6.685962731918609e-8
5.811331694831792e-7
4.1286901886227187e-7
1.6821066268155788e-7
4.142600740403794e-8
1.70247765947755e-8
3.081151356236498e-8
6.036143072019809e-8
5.396448930402567e-7
3.9262900223509666e-7
1.557914952923472e-7
3.762690912184638e-8
2.7649168146046793e-8
5.4794647095521896e-8
5.084192480029144e-7
3.5690517874990295e-7
1.2351834046372007e-7
3.3779695193608194e-8
4.975739956611748e-8
4.63898000413805e-7
3.021811342198802e-7
8.233913312653399e-8
4.534842170395365e-8
4.183213287096116e-7
2.3588582023562014e-7
5.4522540577681185e-8
3.80557357139273e-7
1.4406721496208715e-7
2.5951796098118856e-7
6.65535908035369e-7
2.3971773126354536e-7
3.522449469467272e-8
-5.700309897588077e-9
-8.303360087362545e-9
-2.6900678153990157e-9
6.323270235619327e-9
2.0110155975454417e-8
4.184209327455982e-8
7.152646675576583e-8
5.649520730232585e-7
3.252900541169507e-7
9.650006769227e-8
1.5153432771192468e-8
1.0787894094763905e-9
4.8505312099403545e-9
1.495374238920032e-8
3.21563518260573e-8
5.7689947801275925e-8
4.87240860202132e-7
3.249320631371262e-7
1.212776150178393e-7
2.7274867179511132e-8
7.304104863147415e-9
1.2400719812046793e-8
2.7098604034481447e-8
5.072867582334443e-8
4.372722416347825e-7
3.102591247256353e-7
1.2506026244571012e-7
3.030974349626544e-8
1.2683767900086561e-8
2.3120713075770704e-8
4.5291593382606005e-8
4.0226513133785607e-7
2.881125109073875e-7
1.1296713761742344e-7
2.764950182274614e-8
2.0549324011007526e-8
4.0658198819866916e-8
3.688273596336224e-7
2.593393226631583e-7
9.167261672358925e-8
2.5108297963274367e-8
3.640030556789189e-8
3.426137278248509e-7
2.28903856708712e-7
6.279287970094833e-8
3.358965092743133e-8
3.215374216635368e-7
1.7957208249553754e-7
4.096820261608262e-8
2.802207833037351e-7
1.029386299275536e-7
1.838702557729019e-7
5.406894831655964e-7
1.9132194632387447e-7
2.738166694891588e-8
-4.832409698433758e-9
-6.746516158373246e-9
-2.1795281942380345e-9
5.114412746551732e-9
1.626555343302172e-8
3.3839545887952336e-8
5.783809599931789e-8
4.449698039956619e-7
2.5277061780541263e-7
7.401842686541411e-8
1.1393632132441856e-8
7.596170214788792e-10
3.8131944450839075e-9
1.1778015861604334e-8
2.531939185613074e-8
4.540307325146888e-8
3.7494246686390324e-7
2.4792108897627693e-7
9.171872392229319e-8
2.0408577569317114e-8
5.53024615620648e-9
9.538827572913779e-9
2.0848350464660316e-8
3.901199549645773e-8
3.3131093829971454e-7
2.3303654521742331e-7
9.317321460488505e-8
2.2581783354225e-8
9.5688884671211e-9
1.7486413193770775e-8
3.4245917901559685e-8
2.999979811181411e-7
2.1417602294528583e-7
8.419943318724093e-8
2.062430584857709e-8
1.5326570688294927e-8
3.0354673168597535e-8
2.7469856700838746e-7
1.936143630271628e-7
6.796383987451e-8
1.850064182296615e-8
2.7080266270633257e-8
2.5467408559193017e-7
1.6753577470899895e-7
4.533976894121947e-8
2.490694106224094e-8
2.3129468681611326e-7
1.28441524372001e-7
3.003084624261515e-8
2.0382904571658145e-7
7.744182004472356e-8
1.3971801394844733e-7
4.3979096882344166e-7
1.5452581894300947e-7
2.1706563927763138e-8
-4.016135875472206e-9
-5.472245214282794e-9
-1.7642823365487152e-9
4.139269215555821e-9
1.3164539489317898e-8
2.738953947106973e-8
4.6817628125008626e-8
3.5539689773312865e-7
1.9941720834262293e-7
5.763447457202691e-8
8.675705510652326e-9
5.362127227209404e-10
3.0400312440187206e-9
9.406685531761099e-9
2.02157746642194e-8
3.623531515313368e-8
2.9292467568846687e-7
1.9180496375659e-7
7.023980879895674e-8
1.5476820933205268e-8
4.248799496463875e-9
7.44968658131432e-9
1.6286957730574078e-8
3.046128971447108e-8
2.542300525248651e-7
1.7732893803535407e-7
7.039793895277817e-8
1.6992656158766206e-8
7.2946706967246165e-9
1.3410949503575153e-8
2.6256045168212357e-8
2.2690336359664254e-7
1.611410486760646e-7
6.294430629411563e-8
1.5354729848875704e-8
1.1570243231377882e-8
2.2942501573545913e-8
2.0559855746478121e-7
1.437852353237914e-7
5.0050663810938224e-8
1.3743469883100494e-8
2.0249696879580524e-8
1.8765875483834446e-7
1.2278927543377022e-7
3.339202280106618e-8
1.8457251140272655e-8
1.6973912143613496e-7
9.495232897131963e-8
2.2256802088336783e-8
1.5074210649209157e-7
5.665298765031875e-8
1.0018677951985255e-7
3.5616036136567484e-7
1.2569026466553884e-7
1.75096271887689e-8
-3.254780367959116e-9
-4.4081654912747065e-9
-1.4196691491307867e-9
3.3352725721839085e-9
1.0607938775682472e-8
2.207475621434991e-8
3.774418904125343e-8
2.8685172390119383e-7
1.594187140937478e-7
4.554911401685249e-8
6.715016424816378e-9
3.8411673709083057e-10
2.44947565435926e-9
7.591423435353497e-9
1.6310766763711522e-8
2.922543222088716e-8
2.321801885137481e-7
1.5063042410116884e-7
5.461412730528209e-8
1.1910653641389048e-8
3.3106767772215302e-9
5.904766640070582e-9
1.2913341997168788e-8
2.413890959675273e-8
1.9806420305779776e-7
1.3698200823630428e-7
5.3920749551632595e-8
1.2936842590535105e-8
5.644390462305936e-9
1.0448890579136414e-8
2.044743262334516e-8
1.7403610506347664e-7
1.2269173785044818e-7
4.753423181696426e-8
1.1572518771797718e-8
8.861863264281072e-9
1.7588526313225634e-8
1.5546011624266677e-7
1.0787632879648985e-7
3.732852848327188e-8
1.0328603420897412e-8
1.5317601280281962e-8
1.3996984153529397e-7
9.118753586340123e-8
2.4748548846008197e-8
1.3818114991231085e-8
1.255787585273205e-7
6.982036382900059e-8
1.6498019603189436e-8
1.0976876354886305e-7
4.1290808155407154e-8
7.335660768519263e-8
2.8566846215023704e-7
1.0235240997519905e-7
1.4298369332187476e-8
-2.5607234631806463e-9
-3.5101253864935914e-9
-1.1303497033873082e-9
2.6628664266732524e-9
8.469815142196374e-9
1.7631074961977262e-8
3.0160879333307e-8
2.327806432838629e-7
1.2862253327030383e-7
3.644292760883722e-8
5.284593235472768e-9
2.8258850148823574e-10
1.9847874973774373e-9
6.1588984380989255e-9
1.3230844700858416e-8
2.3701262836262492e-8
1.8615812608432382e-7
1.1986805351205127e-7
4.308266436872919e-8
9.30537374128596e-9
2.6145474890387405e-9
4.735893242795561e-9
1.0359852027727038e-8
1.9356177038722718e-8
1.5651945325089304e-7
1.0740544965693714e-7
4.1919286978664605e-8
9.994220630041409e-9
4.433807680609544e-9
8.26325804413908e-9
1.6161644101168082e-8
1.354960546944104e-7
9.478796487112961e-8
3.642255512127856e-8
8.850933842850882e-9
6.893876282464935e-9
1.3695308371430926e-8
1.1926461890304633e-7
8.2105062661516e-8
2.820444635449241e-8
7.864414280191206e-9
1.175846228706948e-8
1.0579734546746389e-7
6.845970707174948e-8
1.8498299355135498e-8
1.0473577217875518e-8
9.365488505567178e-8
5.165434350157324e-8
1.2335946136470965e-8
8.058066582586623e-8
3.040609549129643e-8
5.358556102228245e-8
2.2590125662455546e-7
8.293723484413057e-8
1.1738163171748614e-8
-1.948104847161248e-9
-2.7520099482163627e-9
-8.870359328786051e-10
2.0978916204445644e-9
6.673256225182377e-9
1.3897148991701113e-8
2.3788481413610283e-8
1.8881482366241402e-7
1.041757463350447e-7
2.9386169477482068e-8
4.21876774160432e-9
2.157290016443207e-10
1.6080290512293285e-9
4.993758912184185e-9
1.0727219570225973e-8
1.9214525257228866e-8
1.5027266047453014e-7
9.628470350024106e-8
3.4381147684874914e-8
7.367311626475688e-9
2.0863668550298226e-9
3.825135616820035e-9
8.36928641242145e-9
1.5630827414066257e-8
1.2507613479109008e-7
8.528959469249144e-8
3.3043272457981696e-8
7.832012234716912e-9
3.526852427977232e-9
6.611793051298728e-9
1.2924511102212483e-8
1.0694439035029709e-7
7.428919014962472e-8
2.8325131808872855e-8
6.871819736727695e-9
5.4405472596229256e-9
1.0816909678148315e-8
9.285490781993614e-8
6.344026313658979e-8
2.1624621804919056e-8
6.0755268324179095e-9
9.162003432844833e-9
8.116026609043597e-8
5.209744216857747e-8
1.4006920517454989e-8
8.048343671060622e-9
7.073994501793407e-8
3.869306876598995e-8
9.32404034125822e-9
5.980802748616128e-8
2.255893376403044e-8
3.927174199442152e-8
1.754776401894022e-7
6.649789855334266e-8
9.61577195323069e-9
-1.4277224024910565e-9
-2.117880720887859e-9
-6.839586545431865e-10
1.625496886531545e-9
5.1709985480393685e-9
1.0773986390713065e-8
1.8456087853870764e-8
1.521941041402483e-7
8.420735727179901e-8
2.374951641287141e-8
3.4008519782584974e-9
1.7162092064002954e-10
1.295102716080031e-9
4.023210435771182e-9
8.642710506151046e-9
1.5481526544765313e-8
1.2144255316411888e-7
7.76612543393512e-8
2.7629175343308854e-8
5.888937433125344e-9
1.674479233496658e-9
3.0934201155691375e-9
6.769248603452389e-9
1.2639161578540998e-8
1.005940914241817e-7
6.831330153833325e-8
2.6324039950008053e-8
6.209991024423055e-9
2.8284158017157545e-9
5.326426320799371e-9
1.0406730310854795e-8
8.528166370932665e-8
5.8915361366347435e-8
2.23175543719336e-8
5.40626970548117e-9
4.3409405166370934e-9
8.635797815414323e-9
7.323222027389846e-8
4.970028015700553e-8
1.682100997561781e-8
4.757796908022489e-9
7.231752090295353e-9
6.316493568212536e-8
4.022990708234007e-8
1.0755589590833021e-8
6.266801140625649e-9
5.420073431979405e-8
2.9390695899907987e-8
7.130039549958562e-9
4.498578435367949e-8
1.6899539800156967e-8
2.9005643244777004e-8
1.3354463355649608e-7
5.25002823796964e-8
7.80557272781132e-9
-1.0043008991903e-9
-1.5964021769096013e-9
-5.170537579905228e-10
1.2356816036555005e-9
3.931240877735157e-9
8.195291650730397e-9
1.4050038390420242e-8
1.2126673302155713e-7
6.754995949105155e-8
1.9126573587053773e-8
2.752217180891347e-9
1.416413420044215e-10
1.0314972510663549e-9
3.2037786562459158e-9
6.883313567851436e-9
1.2332246634892214e-8
9.769339300909867e-8
6.254241058307008e-8
2.2236816721102855e-8
4.728544098987684e-9
1.3443606232704103e-9
2.490238923178234e-9
5.449692019579003e-9
1.0174167198738205e-8
8.097765690943923e-8
5.490215722883599e-8
2.109392560143301e-8
4.9604761765114065e-9
2.274540621795151e-9
4.295401290013662e-9
8.389005144504719e-9
6.83779795867718e-8
4.707407723317744e-8
1.7750420557076518e-8
4.294563421295388e-9
3.4843693125791802e-9
6.934112019832465e-9
5.828718115366263e-8
3.935781372155641e-8
1.3243551589831635e-8
3.765446393299057e-9
5.7600568408395e-9
4.975432598716294e-8
3.147614242353548e-8
8.368962161036637e-9
4.932232785579678e-9
4.210781578909516e-8
2.2637560749998146e-8
5.5117500784585134e-9
3.431064791577186e-8
1.2804774229031381e-8
2.1631561105107442e-8
9.941856400132596e-8
4.065384924227529e-8
6.2409605099496254e-9
-6.755979953131017e-10
-1.177211264376281e-9
-3.827592825956877e-10
9.202370055185542e-10
2.92790393462858e-9
6.107038930094963e-9
1.0478587312099932e-8
9.508612965997644e-8
5.350886153008603e-8
1.526653720790261e-8
2.222132091869307e-9
1.1985378760295165e-10
8.088337334283781e-10
2.510607247885177e-9
5.3952009508141956e-9
9.669110658422115e-9
7.781627114287798e-8
5.0013120941207034e-8
1.7824141327048146e-8
3.792974316777597e-9
1.0738873400161226e-9
1.9848395506015475e-9
4.343665590815645e-9
8.109587029594977e-9
6.488311995932747e-8
4.4028605436550676e-8
1.6910168426897526e-8
3.971067783417229e-9
1.8238112910936954e-9
3.4475868122214355e-9
6.731457022917843e-9
5.4824519790765315e-8
3.769803091647449e-8
1.4182121847111921e-8
3.427985455899152e-9
2.7977805952818565e-9
5.56825510272902e-9
4.658839374392786e-8
3.136346758077802e-8
1.0511696884122617e-8
2.99814734091399e-9
4.606353968583878e-9
3.9505748057612536e-8
2.4868007928772858e-8
6.579850964801031e-9
3.908398334780093e-9
3.308015820436578e-8
1.7649695000911412e-8
4.297528780311106e-9
2.6512579271586707e-8
9.808894055226108e-9
1.6305094384725607e-8
7.237924914382486e-8
3.078988278505982e-8
4.891285496747544e-9
-4.331820492199868e-10
-8.491384999506695e-10
-2.774011862748036e-10
6.710606185964253e-10
2.1352577039925428e-9
4.456130557867896e-9
7.652095692004089e-9
7.31082146728265e-8
4.168073979958704e-8
1.2020307730568792e-8
1.7794154518348575e-9
1.0243060271068757e-10
6.222581754909523e-10
1.9294135299313656e-9
4.147418563981588e-9
7.435938649118333e-9
6.109595429923722e-8
3.951984231982524e-8
1.4155826121493223e-8
3.023186723606868e-9
8.493435204194418e-10
1.5591984899809193e-9
3.4119643188060273e-9
6.371267102026951e-9
5.148196032056907e-8
3.504660784364807e-8
1.3489083165343006e-8
3.168868923551437e-9
1.450456267208356e-9
2.739614925420836e-9
5.3485451843717e-9
4.3721415090865845e-8
3.009479667356438e-8
1.1322113404825502e-8
2.7349688882883234e-9
2.234779831656298e-9
4.447118417527714e-9
3.7195722728317404e-8
2.5019791981407863e-8
8.369850581984036e-9
2.3893042804487927e-9
3.6786277996063545e-9
3.146411882698089e-8
1.9749114026221387e-8
5.205569790467363e-9
3.103618498196102e-9
2.6172729012935356e-8
1.388216268447151e-8
3.3685651651614197e-9
2.0702667722829075e-8
7.582915349603613e-9
1.2415918830878393e-8
5.157406434832309e-8
2.277418360288998e-8
3.744506783276237e-9
-2.6401800089800694e-10
-5.996440919698323e-10
-1.969697475811521e-10
4.794052994929962e-10
1.5255223905453625e-9
3.1852569227099373e-9
5.4738612939071485e-9
5.497713247474853e-8
3.18213151302356e-8
9.299475432550388e-9
1.4057587351268752e-9
8.71433573593174e-11
4.68561312026843e-10
1.450705744383309e-9
3.1194436941607067e-9
5.595604766228939e-9
4.710571009510908e-8
3.073188885735286e-8
1.1089681620687587e-8
2.382890939667659e-9
6.623582965342973e-10
1.2027169203414172e-9
2.6315454415559276e-9
4.9155129723569386e-9
4.0274880077344123e-8
2.756151330435413e-8
1.0654492663103302e-8
2.5080443217156555e-9
1.1388816735238528e-9
2.145794146931468e-9
4.189403595661678e-9
3.4511425907190104e-8
2.3829135128629673e-8
8.985040573950511e-9
2.169784112475971e-9
1.7669065219926695e-9
3.5148579827868448e-9
2.9510561277597656e-8
1.98766541810277e-8
6.650975849681626e-9
1.8959537107941596e-9
2.9185160670310883e-9
2.5005701375396085e-8
1.568544582785249e-8
4.1241865473482535e-9
2.457697072411884e-9
2.075385977065546e-8
1.096667839362606e-8
2.644048794470787e-9
1.6273963721955167e-8
5.8990314500023654e-9
9.535243349750036e-9
3.6032224682653895e-8
1.6452908566083953e-8
2.794740045133526e-9
-1.5271424202929743e-10
-4.153155862636874e-10
-1.3723762717943183e-10
3.3597312584321855e-10
1.0691590596926133e-9
2.2333853264876736e-9
3.840655186652133e-9
4.038637413201872e-8
2.375694337518961e-8
7.047585801772999e-9
1.0906941854689351e-9
7.291552463376033e-11
3.4495500342415837e-10
1.06604597961235e-9
2.293135272469195e-9
4.115559899956381e-9
3.5565190547090443e-8
2.3441497375936513e-8
8.538235364052578e-9
1.8498690344223488e-9
5.076650935639344e-10
9.085163068503425e-10
1.9874433336869256e-9
3.713961551620221e-9
3.095382388441233e-8
2.1331406132515225e-8
8.298160441646134e-9
1.960236302718683e-9
8.795830937434408e-10
1.6506277225039101e-9
3.223244282922226e-9
2.6852537174397946e-8
1.86321273746183e-8
7.055164407473709e-9
1.703807519022264e-9
1.3769381296712027e-9
2.7376761133713907e-9
2.31597094893162e-8
1.56501815236456e-8
5.248486590136381e-9
1.4909790631857642e-9
2.289773815392041e-9
1.9732789236212747e-8
1.2396880775765635e-8
3.2561411178497038e-9
1.931844236015546e-9
1.6411341044341344e-8
8.659721178659218e-9
2.0697535715576533e-9
1.2820260264916026e-8
4.601662030753584e-9
7.366331515684305e-9