0.000038409327067431485
0.000011277804888887191
2.3236187825420717e-6
4.026961534907478e-7
5.998073315843083e-8
7.48662566853479e-9
7.464196414016605e-10
5.555566500778976e-11
2.798555994046759e-12
8.163204193365331e-14
1.0422394230088556e-15
3.1987976052475046e-18
4.0494676759504225e-22
0.000019322834570156383
0.000010551848374552395
3.68938946607862e-6
9.719601072184e-7
2.017372988250739e-7
3.272837229882403e-8
3.9643786345422136e-9
3.2877691292277e-10
1.6089674474148708e-11
3.5435897904506994e-13
1.9653461963953385e-15
4.96369864655229e-19
0.000012628858361521533
8.218438496189539e-6
3.6140479513225e-6
1.1665513452301786e-6
2.8238122348805123e-7
5.017595166929858e-8
6.121822361981092e-9
4.4909444754341314e-10
1.5332361698354176e-11
1.393508774579582e-13
6.463329106861629e-17
9.172015493454286e-6
6.466488603991255e-6
3.176177047188431e-6
1.1257963495953418e-6
2.858878419229238e-7
4.943453992118405e-8
5.188694842542283e-9
2.6106242819857867e-10
3.703372758990517e-12
3.0360731673034863e-15
7.040002127345197e-6
5.1694668888199656e-6
2.6677127718976374e-6
9.669352091773237e-7
2.3602954171862707e-7
3.5040314234229395e-8
2.547132120057788e-9
5.5020053718493086e-11
7.816203133794321e-14
5.581262958679396e-6
4.17488925073392e-6
2.1695706850040613e-6
7.54592804201187e-7
1.5988104607044856e-7
1.685608057038531e-8
5.525700071337798e-10
1.3544791502683543e-12
4.510646279677813e-6
3.380589171318224e-6
1.6987847923395614e-6
5.238199293190601e-7
8.180148467334678e-8
4.141749348445311e-9
1.7776215791063424e-11
3.6821891117992294e-6
2.7187247742988055e-6
1.2519094639818964e-6
2.994402221288615e-7
2.430642219923507e-8
1.8986245899045163e-10
3.0118870221969225e-6
2.139100276269017e-6
8.198246874584246e-7
1.1297855630365701e-7
1.7195798785915875e-9
2.4434413134465113e-6
1.5945321326961006e-6
4.054170693421572e-7
1.3371707829853365e-8
1.9299166547058563e-6
1.027783528915977e-6
8.664237614518101e-8
1.4085139053330384e-6
4.054178127879394e-7
6.622421751187504e-7
0.00003619809842358783
0.00001181931928858057
2.522509974632494e-6
4.470254601745732e-7
6.76727106266344e-8
8.554988727154757e-9
8.620406413909157e-10
6.476212825695538e-11
3.2903656881885646e-12
9.676761172199073e-14
1.2456412785112375e-15
3.8557215191850315e-18
4.93039004292054e-22
0.000020886584439489205
0.000011663058673011972
4.145842837980664e-6
1.1066479042631308e-6
2.322223937008616e-7
3.803184299438508e-8
4.6456976858129e-9
3.882741064807258e-10
1.9142467742901022e-11
4.247112365212316e-13
2.3735141858196145e-15
6.050938791784049e-19
0.000014168366189787517
9.333654307886603e-6
4.1473402276511706e-6
1.350981746614105e-6
3.2973248963620433e-7
5.9035750981976016e-8
7.2542415396008525e-9
5.358290141998528e-10
1.8418138535981537e-11
1.6856661830530285e-13
7.88799675757471e-17
0.00001051410685962617
7.474568760834675e-6
3.699276833715642e-6
1.3205142277740394e-6
3.375937174288813e-7
5.875458888323377e-8
6.206194116289419e-9
3.1422731724911157e-10
4.486569787908033e-12
3.709402046097166e-15
8.192358769673253e-6
6.053777463999432e-6
3.1429878616106245e-6
1.1459104322078018e-6
2.8134389476254755e-7
4.2009993474016834e-8
3.0715072290083053e-9
6.675334857368709e-11
9.560215033133614e-14
6.570577852874346e-6
4.940306754025098e-6
2.5804741642309943e-6
9.021204395740318e-7
1.9213221646072772e-7
2.0363257623158236e-8
6.714030109787486e-10
1.6585649818875016e-12
5.361051863980701e-6
4.0357063911250595e-6
2.0370941476082823e-6
6.310115747248815e-7
9.900978761106314e-8
5.040392405990381e-9
2.1792601067611096e-11
4.412341275252548e-6
3.2704020945694855e-6
1.5119307385139324e-6
3.631878140060944e-7
2.96321044017625e-8
2.33056116574702e-10
3.6348341714545025e-6
2.590451536579158e-6
9.96714254996086e-7
1.3801098026401332e-7
2.1138310359266992e-9
2.9681093399121013e-6
1.9439611484652668e-6
4.964285332479791e-7
1.6466014837885727e-8
2.3606287433200904e-6
1.2621844038712937e-6
1.069320342473796e-7
1.7361801639333256e-6
5.020079370639613e-7
8.245930131473854e-7
0.00003106016912866442
0.00001135676275891022
2.544167350313719e-6
4.644028013797193e-7
7.185051602171078e-8
9.243577129571886e-9
9.452113112348855e-10
7.192916905831019e-11
3.697692744204406e-12
1.0997165145979487e-13
1.4315154188027666e-15
4.484039948384217e-18
5.81671035920587e-22
0.000020943887714170248
0.000012047642226870571
4.3779211524074615e-6
1.1897714935446518e-6
2.5347596747795406e-7
4.205797401390092e-8
5.197247666039053e-9
4.389972462271974e-10
2.1862764027759928e-11
4.89982597702922e-13
2.7679899622459326e-15
7.150497466217805e-19
0.00001492857254623178
9.999663052553311e-6
4.507576295179672e-6
1.4870081166877119e-6
3.6707715826799253e-7
6.640912601143582e-8
8.240027381465215e-9
6.143596314200506e-10
2.1315993739234357e-11
1.970516223455905e-13
9.335436944934038e-17
0.000011410260332145062
8.205492519197977e-6
4.1037361666573495e-6
1.4791935016306548e-6
3.816510852456638e-7
6.701183764700803e-8
7.140012084365002e-9
3.646899292486347e-10
5.256244814478682e-12
4.3964839550800316e-15
9.077225865730717e-6
6.7661816223032845e-6
3.5420429910822138e-6
1.3018011648545522e-6
3.221552671017868e-7
4.8487411904800645e-8
3.5742126065173525e-9
7.836905181970784e-11
1.1347452921256743e-13
7.397061482007557e-6
5.6010312615929e-6
2.9460298907375133e-6
1.0371525690404727e-6
2.2248299287592264e-7
2.375873246841857e-8
7.898776429224469e-10
1.97152000017693e-12
6.1144659357758985e-6
4.630648878517633e-6
2.35183881545445e-6
7.332049539936543e-7
1.1583965896595047e-7
5.942683282808186e-9
2.5944314900841404e-11
5.0890431297184525e-6
3.7923189196877164e-6
1.7632537596266466e-6
4.262012251822251e-7
3.5019179450801984e-8
2.779149196875131e-10
4.234591161372996e-6
3.0330955833911564e-6
1.1735430688992161e-6
1.6353748801956076e-7
2.5254338475539595e-9
3.4905460910446093e-6
2.297463291198814e-6
5.900904739120482e-7
1.9716564803635466e-8
2.802082526815193e-6
1.5060325808373417e-6
1.2841216483684744e-7
2.0815900277324637e-6
6.053332419314852e-7
1.0008922640429976e-6
0.00002445719599362973
9.722415627269635e-6
2.307787548859661e-6
4.3937570925591486e-7
7.016649355954418e-8
9.248234512853291e-9
9.642673440125048e-10
7.461828337289265e-11
3.896540043435874e-12
1.1769124339382447e-13
1.556034217822004e-15
4.9550514066193504e-18
6.555846162587898e-22
0.00001885145910718312
0.000011302929826368937
4.242108171185814e-6
1.1823354324928644e-6
2.5705669239689393e-7
4.338513101605993e-8
5.443515444977566e-9
4.664832650992105e-10
2.3559951815179645e-11
5.354807040451711e-13
3.070519804573441e-15
8.077355365356427e-19
0.000014419379835836297
9.889525110769576e-6
4.545464587800818e-6
1.5246048359688298e-6
3.8198407930120874e-7
7.007625951405908e-8
8.812498394828546e-9
6.656506665163057e-10
2.3397712285526607e-11
2.193083154244727e-13
1.0567258951033464e-16
0.00001148327722972171
8.384057183288364e-6
4.250599797446187e-6
1.5519785600205737e-6
4.0548476418520717e-7
7.207609893989657e-8
7.772815201114696e-9
4.0186593229960377e-10
5.867622355651285e-12
4.986535697696923e-15
9.38735852676777e-6
7.077916978415878e-6
3.7469963866777116e-6
1.392495922599997e-6
3.484159282568048e-7
5.3022105795860564e-8
3.952996044263455e-9
8.773698936179357e-11
1.2895874428065057e-13
7.813794409300342e-6
5.974365538224637e-6
3.1730081295286147e-6
1.1280044854831829e-6
2.4439576837633726e-7
2.637257152278316e-8
8.868301307411627e-10
2.2450394430961393e-12
6.576483878467507e-6
5.022482904755343e-6
2.572770698641167e-6
8.092555954586342e-7
1.2907553002132562e-7
6.691973822634024e-9
2.9605389685857305e-11
5.559467611455169e-6
4.173892395340231e-6
1.9560368547500126e-6
4.768642701431626e-7
3.9562261531795555e-8
3.1784740058162377e-10
4.690770051080139e-6
3.383203814405536e-6
1.3190523419409674e-6
1.8542930089455236e-7
2.8956824951560105e-9
3.916966558551173e-6
2.5956568143762163e-6
6.719441970762202e-7
2.2676430498395786e-8
3.1846737738125077e-6
1.7238372162717263e-6
1.4827178407312695e-7
2.3982717002894314e-6
7.02917704418476e-7
1.1730891980888133e-6
0.000018496236364078348
7.503015429162999e-6
1.8571226465309314e-6
3.6800887353743993e-7
6.082273005751706e-8
8.261437448449974e-9
8.853733377110935e-10
7.029918470778424e-11
3.75957296226902e-12
1.1607318620300443e-13
1.5673872121202214e-15
5.0993181898380495e-18
6.925162752340662e-22
0.000015068809792091305
9.387355219851514e-6
3.6449373692850325e-6
1.047049891296284e-6
2.3401247266633018e-7
4.051943329728421e-8
5.2046212223405446e-9
4.555254374026732e-10
2.3457081025338113e-11
5.432506027542134e-13
3.1754096860464864e-15
8.559280472697973e-19
0.000012344508169589698
8.704115572898037e-6
4.104675277507941e-6
1.4106155204381512e-6
3.6160906530493055e-7
6.774659080806348e-8
8.683208474266713e-9
6.67619539290925e-10
2.387314412294794e-11
2.277608442085532e-13
1.1230039539878388e-16
0.000010340443276495143
7.716506792438534e-6
3.994965833785249e-6
1.48773633333586e-6
3.9587158864777835e-7
7.157526851594459e-8
7.845287457342267e-9
4.1208483080948075e-10
6.1179136570764564e-12
5.314106759117008e-15
8.801254696528268e-6
6.754388291286913e-6
3.6356571341022215e-6
1.3724158159921742e-6
3.485902885446463e-7
5.383409611807111e-8
4.0724688389450295e-9
9.183227591440107e-11
1.378115519240754e-13
7.565832407892807e-6
5.8652211850232064e-6
3.1568311983486768e-6
1.1370866747870825e-6
2.4960459960564557e-7
2.7296536405796585e-8
9.318400835151372e-10
2.4059023068119925e-12
6.53067775760659e-6
5.044385031049425e-6
2.6134816040562187e-6
8.315499828102279e-7
1.342587394149222e-7
7.060467935542747e-9
3.181945487927163e-11
5.637285969244116e-6
4.2734643434501165e-6
2.0229521002850603e-6
4.987281807293263e-7
4.1928803331151406e-8
3.4269570722062866e-10
4.842246334619871e-6
3.523837995182832e-6
1.3881093341251054e-6
1.9752749566944816e-7
3.1332052184690326e-9
4.112833574192008e-6
2.7511242912634064e-6
7.200756945951357e-7
2.464141455278128e-8
3.4036601871340982e-6
1.8607341060191043e-6
1.620051070104057e-7
2.6124608912889124e-6
7.740826825060921e-7
1.308568431450891e-6
0.000013844175336356369
5.711371430289241e-6
1.3947817651599863e-6
2.78718817893644e-7
4.697711420593595e-8
6.5355206597012e-9
7.181292989827253e-10
5.84540678188161e-11
3.204728874331917e-12
1.0151332111073868e-13
1.4092296765565098e-15
4.735589065633009e-18
6.699997856791308e-22
0.000011322324910086994
7.086983391910827e-6
2.7987727054377252e-6
8.223201516559361e-7
1.8831940028203429e-7
3.340794928652324e-8
4.393737792753532e-9
3.9366157118252875e-10
2.076300868889116e-11
4.934408749088529e-13
2.972589601624543e-15
8.318155311044047e-19
9.455749476767914e-6
6.800855971194571e-6
3.2788007549654353e-6
1.152606643641872e-6
3.021790779188685e-7
5.788330241339401e-8
7.58589553685897e-9
5.967329245790977e-10
2.187148654535522e-11
2.1469236737833466e-13
1.0957748032164336e-16
8.238564662531769e-6
6.273428189780234e-6
3.314306276729599e-6
1.2594792378434919e-6
3.4204639276631903e-7
6.314748797484975e-8
7.07411081817314e-9
3.8050599122641746e-10
5.803626087246823e-12
5.2053207392214446e-15
7.283931001173472e-6
5.6906921693254905e-6
3.118931837492267e-6
1.1993576936733442e-6
3.1056355816518915e-7
4.895951972963572e-8
3.788798513805e-9
8.764031600142189e-11
1.3550507972760602e-13
6.475122819854974e-6
5.101031978736474e-6
2.7917029148490625e-6
1.0234869169324774e-6
2.2903195478711627e-7
2.5588962978552328e-8
8.94559870155152e-10
2.374735238195328e-12
5.761260402169195e-6
4.5173120716008235e-6
2.3784896530227914e-6
7.703727972129478e-7
1.2687184306696662e-7
6.818935246703585e-9
3.153262735898043e-11
5.11673026705647e-6
3.936307082844792e-6
1.8939231731875143e-6
4.753751101439661e-7
4.0755392982861836e-8
3.410680280315671e-10
4.519632508983558e-6
3.3372604245404763e-6
1.3355920827283129e-6
1.9337194889388246e-7
3.1334998078313928e-9
3.944119239556712e-6
2.67440931738898e-6
7.107336711067743e-7
2.4787072829652928e-8
3.347192789614854e-6
1.8548108326612307e-6
1.6416983683375285e-7
2.6366104513192092e-6
7.924879191177854e-7
1.3618735101403634e-6
9.563762946807834e-6
4.3885178559420985e-6
1.0906285383369846e-6
2.1416215997016134e-7
3.546234084402307e-8
4.886747444766881e-9
5.364190155268222e-10
4.393810688899758e-11
2.439394239568713e-12
7.87118143410052e-14
1.1194020859289577e-15
3.8778144810524625e-18
5.718001726443907e-22
8.863707530245232e-6
5.470983030770591e-6
2.1217499065785188e-6
6.162070805186769e-7
1.406369577262955e-7
2.5045151015409057e-8
3.326262071228772e-9
3.024638885209622e-10
1.6263450852488244e-11
3.9568452761813895e-13
2.452831468163213e-15
7.135433130677042e-19
7.181130992576483e-6
5.104756858767288e-6
2.448958034948137e-6
8.622083782600435e-7
2.2766596666836363e-7
4.413353733320013e-8
5.877543208601232e-9
4.714885803845302e-10
1.7680912096809025e-11
1.7834203727098107e-13
9.444406868435636e-17
6.154240776378697e-6
4.688296299405905e-6
2.4896760593108363e-6
9.550097211337482e-7
2.627977009031523e-7
4.932708369642157e-8
5.634463053259506e-9
3.098953418567438e-10
4.851292973993837e-12
4.5073440765363765e-15
5.466635563730702e-6
4.303582369599352e-6
2.384206790994107e-6
9.294906688296602e-7
2.4467028808303535e-7
3.9307519143035826e-8
3.1079117616626312e-9
7.37074984862803e-11
1.17883912589628e-13
4.941814372252204e-6
3.938107735157065e-6
2.1850321875184352e-6
8.138516083261001e-7
1.8542442371858626e-7
2.1144048298922287e-8
7.570147872357029e-10
2.0758075544214892e-12
4.49974493928291e-6
3.575257653168455e-6
1.910793178165727e-6
6.293918310668554e-7
1.0565385819672485e-7
5.808532807128381e-9
2.770207133364944e-11
4.1003072749795405e-6
3.1983596758102066e-6
1.5629393183588307e-6
3.993068572392226e-7
3.4971227962039275e-8
3.0128560711846483e-10
3.718876911474442e-6
2.7850559909495193e-6
1.1329816984135546e-6
1.6733674279578224e-7
2.7855784261846047e-9
3.3338324928313585e-6
2.2950696802530693e-6
6.212844849201794e-7
2.2206609730934895e-8
2.912581456104448e-6
1.6418826271958697e-6
1.4860221332965104e-7
2.3730731887337816e-6
7.285969703967786e-7
1.2866258540419852e-6
6.250715546885719e-6
2.877434202935602e-6
7.748266175882717e-7
1.6287687578518655e-7
2.786115274145119e-8
3.862798765887135e-9
4.20403203828297e-10
3.3927578367141e-11
1.8543264771347874e-12
5.90685684124066e-14
8.340206044361293e-16
2.8945184179921574e-18
4.347607140590127e-22
6.212583378457625e-6
4.11033702408538e-6
1.6570157351867712e-6
4.869529481238005e-7
1.1059584122960945e-7
1.9441948416064023e-8
2.54357038821087e-9
2.282132491405019e-10
1.215515535119026e-11
2.946285578185378e-13
1.8347175816917114e-15
5.443605588427401e-19
5.594026431916488e-6
4.032181370479805e-6
1.931251075734351e-6
6.729242573885133e-7
1.7523204245238477e-7
3.350633497179863e-8
4.413126366625618e-9
3.516143691930952e-10
1.3170201558023904e-11
1.3371610011949252e-13
7.229048487837093e-17
4.857530182526893e-6
3.6695923346751885e-6
1.9252579228906226e-6
7.290503544724634e-7
1.983211535159842e-7
3.6907040483892566e-8
4.197272533901269e-9
2.3107196672162357e-10
3.647023574824211e-12
3.461967392450848e-15
4.2339687836538006e-6
3.295181281003105e-6
1.8059630805639228e-6
6.978258728067564e-7
1.8259215075176221e-7
2.927223084354071e-8
2.321033361226763e-9
5.5574761099542557e-11
9.087370016547987e-14
3.7481547300201093e-6
2.96251330190222e-6
1.6336040094834019e-6
6.063534063576459e-7
1.3815033183652488e-7
1.582465596462749e-8
5.726981504298455e-10
1.6064469183652878e-12
3.3665459036721423e-6
2.6653587434824012e-6
1.42287730111702e-6
4.6959175076090574e-7
7.930311798974767e-8
4.411549267371577e-9
2.1530093509203377e-11
3.053206642652196e-6
2.383849131180663e-6
1.1691824039395535e-6
3.0089458259020773e-7
2.6687867424793787e-8
2.3529055627279476e-10
2.779421282393497e-6
2.0921943066708767e-6
8.583153312577288e-7
1.284803325221051e-7
2.187813066449337e-9
2.5203816704275435e-6
1.7514947881016916e-6
4.80858665699302e-7
1.756556366130231e-8
2.2458196080595283e-6
1.2846812571950467e-6
1.186790169739634e-7
1.8852586566673744e-6
5.905467521905708e-7
1.070847758044379e-6
4.1107386132925225e-6
1.919375774716443e-6
4.949656353452289e-7
1.0221523137493527e-7
1.802593194990327e-8
2.639529702214994e-9
3.03968627058105e-10
2.569951864859901e-11
1.4496863645011484e-12
4.688848085791141e-14
6.615583544211089e-16
2.2604245132230097e-18
3.301703839306166e-22
3.99783701775324e-6
2.5780427778161486e-6
1.0598991418560868e-6
3.2714077000243886e-7
7.859112025480684e-8
1.45106999630127e-8
1.96737499632362e-9
1.8022361445056402e-10
9.663515429493553e-12
2.3284552138435083e-13
1.4254595014776735e-15
4.121465755799151e-19
3.561172163982752e-6
2.676196401823636e-6
1.349533100629947e-6
4.937135038537616e-7
1.3366874093996433e-7
2.6235782085318265e-8
3.500916352895222e-9
2.792563806340867e-10
1.0365486001986971e-11
1.0340731931431669e-13
5.45871991112681e-17
3.374205368488743e-6
2.665320715476988e-6
1.4522917724145894e-6
5.656282686669883e-7
1.5655314627837903e-7
2.9329879472188075e-8
3.3257800298502514e-9
1.8106752657208934e-10
2.808032803425437e-12
2.607789640216689e-15
3.1811552508015395e-6
2.542443893694757e-6
1.41901163381347e-6
5.536318171663689e-7
1.4507426886544055e-7
2.3117710453264267e-8
1.8104071112359072e-9
4.261009048043506e-11
6.829707198072363e-14
2.93979516374398e-6
2.3467303444729737e-6
1.2985741153697082e-6
4.80740439270164e-7
1.0863291786008601e-7
1.2282569560323364e-8
4.372831627895919e-10
1.2047807234492828e-12
2.6759690982247054e-6
2.1161772967561327e-6
1.1234695796628111e-6
3.6724522157618367e-7
6.122055856463478e-8
3.3543332712155723e-9
1.6114572537374572e-11
2.413624832307535e-6
1.8706970536237076e-6
9.082950260144567e-7
2.3089822829826064e-7
2.0203815365652434e-8
1.757733811903087e-10
2.1635593286932806e-6
1.6127382721608164e-6
6.54328497285289e-7
9.682018310812887e-8
1.6314771398904214e-9
1.925867501857093e-6
1.325841362375805e-6
3.606587626575095e-7
1.3077980348181168e-8
1.6877988670873115e-6
9.591989831665988e-7
8.826563313403879e-8
1.4029241647026902e-6
4.3951185314609984e-7
8.034823161134313e-7
2.674989413526842e-6
1.2219762315405258e-6
3.256361585596394e-7
6.952598201108656e-8
1.2139117177934452e-8
1.7096196092189164e-9
1.895243693249929e-10
1.5759150462824606e-11
9.004055888056574e-13
3.0331301089037715e-14
4.548791713222442e-16
1.6676454122226303e-18
2.593071347621322e-22
2.6107875905001926e-6
1.7458372938863418e-6
7.183204825704453e-7
2.1458975416307123e-7
4.954808345912326e-8
8.92950666878971e-9
1.2124395880292652e-9
1.141130746525369e-10
6.412537856755729e-12
1.6388622168893173e-13
1.067567159123568e-15
3.251006514242757e-19
2.4198245537982893e-6
1.7713230898463368e-6
8.604798128887099e-7
3.058228720774268e-7
8.208895693419836e-8
1.6355250909236073e-8
2.2610138921878617e-9
1.8945321525224987e-10
7.435954688891462e-12
7.837657531447127e-14
4.320337088910296e-17
2.1603220084950117e-6
1.658721325074287e-6
8.917842176605949e-7
3.494051469621598e-7
9.914344278716842e-8
1.9330146364943247e-8
2.3023103312171286e-9
1.3205606069453624e-10
2.1499178248523823e-12
2.0694969571178576e-15
1.9541306295283187e-6
1.564929851513327e-6
8.888719915253037e-7
3.5776184965823934e-7
9.769880761404953e-8
1.631738184357043e-8
1.3401779820065019e-9
3.290970209681948e-11
5.4313440287866026e-14
1.835437006112834e-6
1.5023967306442717e-6
8.600515711510373e-7
3.314232095663087e-7
7.818813626692949e-8
9.22057643833726e-9
3.403524516732625e-10
9.596032744112842e-13
1.762796064757749e-6
1.4417834709421555e-6
7.942105041376671e-7
2.6963045615572465e-7
4.658519038330071e-8
2.629073524293072e-9
1.2848411249365018e-11
1.6960278105467185e-6
1.3574496315985078e-6
6.803177614311896e-7
1.7801592835793556e-7
1.5935722538798126e-8
1.4020962372137893e-10
1.6115912496465905e-6
1.231583638355404e-6
5.106981729817501e-7
7.678483786294097e-8
1.3009919376552344e-9
1.4970911418123452e-6
1.0459495939983872e-6
2.871871304887903e-7
1.0413627625938404e-8
1.342057452214287e-6
7.649617527986464e-7
7.003536183052629e-8
1.115331808769006e-6
3.459475205541684e-7
6.210071897392976e-7
1.7789235630614093e-6
7.886298011546167e-7
2.0783838707140063e-7
4.349326113328526e-8
7.536994003028741e-9
1.0840897497934595e-9
1.2512057311619922e-10
1.0772049853669567e-11
6.205681988852022e-13
2.038419804337442e-14
2.9091565457822407e-16
1.0167314976628674e-18
1.591214031355738e-22
1.6705891052034848e-6
1.0972747102985463e-6
4.46056184066009e-7
1.3494790229568182e-7
3.228106097608526e-8
6.040732860642408e-9
8.356118340835332e-10
7.785753526507957e-11
4.22239713542875e-12
1.0291904183701586e-13
6.470647084130598e-16
2.0086641462589184e-19
1.5027296427159173e-6
1.1076919337896082e-6
5.537166297185102e-7
2.041945305696926e-7
5.627662759402871e-8
1.1247993580703053e-8
1.5210308405128486e-9
1.2249493789937552e-10
4.607348652351159e-12
4.7386775994889393e-14
2.689081884156946e-17
1.3842261574523426e-6
1.0987406715256712e-6
6.075671882655429e-7
2.407744758331338e-7
6.761588191234674e-8
1.2798139990231331e-8
1.4645879775163303e-9
8.100422969398248e-11
1.2998562563645893e-12
1.2985953180835099e-15
1.328013712370174e-6
1.077941287200721e-6
6.10128905055359e-7
2.4057656799926683e-7
6.355533718543344e-8
1.0227675405851227e-8
8.160882198821626e-10
1.9940573852346483e-11
3.4387499738264756e-14
1.2619831495316973e-6
1.017377021953177e-6
5.672091989293751e-7
2.1153040785080196e-7
4.835074937820373e-8
5.587621322474278e-9
2.0710417496696944e-10
6.135933914186966e-13
1.1677014009876549e-6
9.290107358785357e-7
4.972005010064865e-7
1.6481438731360713e-7
2.8171095709200244e-8
1.6103821688632102e-9
8.307058753156251e-12
1.0664539988440972e-6
8.350318775550366e-7
4.12429402504061e-7
1.0781924140482755e-7
9.855685051052856e-9
9.181185142823309e-11
9.786681192182752e-7
7.445198545010006e-7
3.1141415267598167e-7
4.815267537043264e-8
8.649498395825405e-10
9.099362232631209e-7
6.468454280076755e-7
1.8371896663178537e-7
7.0564384143177515e-9
8.503863597926217e-7
5.035143812941658e-7
4.867153290446651e-8
7.645235705413413e-7
2.493003346430202e-7
4.7120790427932e-7
1.2216001364745711e-6
5.178645978045165e-7
1.3352513310876804e-7
2.7685528255365047e-8
4.804470978334583e-9
6.912961832023086e-10
7.911783226168351e-11
6.689829912105959e-12
3.779522134028606e-13
1.2372499108122077e-14
1.8216713994361608e-16
6.783458778833151e-19
1.1024276294205212e-22
1.0762740818609883e-6
6.989841145575036e-7
2.8408904630381016e-7
8.607308312455158e-8
2.0479597997813808e-8
3.776529974692189e-9
5.124390623231648e-10
4.7185411329299705e-11
2.586441510665437e-12
6.569191915221389e-14
4.377885568030367e-16
1.3879036204633782e-19
9.567400531587401e-7
7.065821840129471e-7
3.522225276181639e-7
1.2848387379739903e-7
3.4801401551288734e-8
6.8452906868135196e-9
9.234430454261607e-10
7.600336641351365e-11
2.992633790878493e-12
3.238700066820209e-14
1.8507053240365023e-17
8.812455974828497e-7
6.936626091354964e-7
3.780272481587445e-7
1.4738737269839118e-7
4.100385006248725e-8
7.82020464910994e-9
9.222642695024536e-10
5.3453427000340076e-11
8.948365848046352e-13
8.891067836031937e-16
8.279861403041229e-7
6.622259442517293e-7
3.7061556841236723e-7
1.4608884246580588e-7
3.926109218119623e-8
6.546422432715585e-9
5.462194072231548e-10
1.3791129611856276e-11
2.3393927089442717e-14
7.672734788532818e-7
6.167808559794994e-7
3.4722794914328583e-7
1.3276411706932542e-7
3.1505940179218565e-8
3.787652129515055e-9
1.4354951819320711e-10
4.142536418453165e-13
7.130654709931707e-7
5.780000463796717e-7
3.186224930996362e-7
1.0945308763307042e-7
1.930628942563865e-8
1.1157385487395392e-9
5.5579390914308006e-12
6.797598508858076e-7
5.483229715039035e-7
2.790420807427108e-7
7.449663006056029e-8
6.803503654764702e-9
6.077051900582487e-11
6.588744325011242e-7
5.116467661391526e-7
2.1591173310089805e-7
3.296992361778828e-8
5.650370689443825e-10
6.307226176533852e-7
4.4661551940702285e-7
1.2396192598909731e-7
4.534006157252871e-9
5.780454322242572e-7
3.3176755600778925e-7
3.0613034690749825e-8
4.864393414978528e-7
1.526353593902268e-7
2.835618551106915e-7
8.648194259275118e-7
3.522138137661668e-7
8.851806579320871e-8
1.8039612037663165e-8
3.09520051772329e-9
4.393740286021417e-10
4.9567775627671885e-11
4.164873033647785e-12
2.359695759398373e-13
7.770026658264736e-15
1.1471866682375642e-16
4.2231582435743865e-19
6.590137401537024e-23
7.159572341815368e-7
4.5685681699042204e-7
1.835300886607533e-7
5.4943388908294336e-8
1.2885700076791606e-8
2.3542506188241674e-9
3.193953999538878e-10
2.955436180663369e-11
1.627588763279382e-12
4.131328461453078e-14
2.7085342456426743e-16
8.264402693940073e-20
6.188212308240256e-7
4.524105886406012e-7
2.2257711585689923e-7
8.029501492682536e-8
2.167374574196148e-8
4.276351590701597e-9
5.79782835420737e-10
4.786248984803825e-11
1.876944167059134e-12
1.9907964050542357e-14
1.0989960288000053e-17
5.577505820097354e-7
4.3427725412439255e-7
2.3544769365507744e-7
9.190528571335556e-8
2.5680898126968952e-8
4.918419237019298e-9
5.805798561335202e-10
3.339457433356083e-11
5.464059494309672e-13
5.27095711114949e-16
5.157773949616524e-7
4.1261036015936927e-7
2.3172723260492323e-7
9.172531895593152e-8
2.471861138561008e-8
4.1147959041990255e-9
3.3953394536351477e-10
8.365418025634253e-12
1.3862086002572149e-14
4.79469785173269e-7
3.8686900354074944e-7
2.184618760104429e-7
8.358960043761446e-8
1.9743504321932062e-8
2.3397751310788023e-9
8.650989256549255e-11
2.456810933714915e-13
4.484859455408964e-7
3.6399936394264237e-7
2.0026151426622453e-7
6.823960591114468e-8
1.1834983703292104e-8
6.682331597545289e-10
3.304533058424444e-12
4.275392279665629e-7
3.430519476898719e-7
1.7259932716558223e-7
4.5248458604178056e-8
4.052221611550196e-9
3.6300173861669575e-11
4.086143181583182e-7
3.12967619421099e-7
1.2980068569086684e-7
1.9562399623798977e-8
3.401445614870535e-10
3.8052698180092364e-7
2.659339908899786e-7
7.357407527811442e-8
2.7644655401287577e-9
3.4269406815395437e-7
1.9876017081681187e-7
1.9068790727690633e-8
2.9950195371404374e-7
9.865012793886253e-8
1.926413453659616e-7
6.219442642726855e-7
2.481803542681038e-7
6.096229153921082e-8
1.218116297279405e-8
2.0555198216424167e-9
2.8765781878543703e-10
3.1978450509069457e-11
2.6508409326233217e-12
1.4922521390367698e-13
4.892864266864581e-15
7.104057283711077e-17
2.562070972445834e-19
4.021670205691167e-23
4.947240118042678e-7
3.097777397828081e-7
1.223916602691547e-7
3.6117764970398945e-8
8.352104195564669e-9
1.5047950941600258e-9
2.0233845824810897e-10
1.866022603804633e-11
1.0191935398867822e-12
2.5375959837810564e-14
1.640702024588171e-16
5.052430342958785e-20
4.134031203682319e-7
2.9827456545731274e-7
1.449015058088743e-7
5.1582697726946795e-8
1.3772822130278731e-8
2.7038291617259816e-9
3.651220438528829e-10
2.977106096170881e-11
1.1459599150808124e-12
1.2059770199628065e-14
6.729568045208681e-18
3.6365937823312664e-7
2.7981341134496915e-7
1.5005046111305833e-7
5.8189059995688806e-8
1.6211744517352737e-8
3.084502849651474e-9
3.586542559893698e-10
2.030502620716559e-11
3.3132115983695504e-13
3.2325512495002225e-16
3.2906196482901384e-7
2.6149114722481623e-7
1.4642418470074588e-7
5.775494629563627e-8
1.5410414610755922e-8
2.525255466590508e-9
2.0593404307159625e-10
5.080384800002864e-12
8.513886365586889e-15
3.030510547535302e-7
2.439399080838251e-7
1.368559468963143e-7
5.171442664663952e-8
1.2044841464123746e-8
1.4175929646732828e-9
5.264015202264078e-11
1.5111503980072715e-13
2.813464731876461e-7
2.261117109456187e-7
1.2283484218311842e-7
4.143904228067554e-8
7.1726808500553904e-9
4.075255334580784e-10
2.035605490285784e-12
2.627635531933705e-7
2.0881426259001716e-7
1.0456652128162401e-7
2.7471151100101192e-8
2.4775507537097977e-9
2.239597556469752e-11
2.4762427764440567e-7
1.897167409790347e-7
7.904620729412871e-8
1.1994510379835297e-8
2.1020623705633225e-10
2.31454150413374e-7
1.6259990495435714e-7
4.525449027605233e-8
1.7112953565220007e-9
2.104908584844593e-7
1.2269577204643127e-7
1.181761394656973e-8
1.8551186795264403e-7
6.097809440093648e-8
1.1652449042181277e-7
4.44579123954488e-7
1.7848124068783776e-7
4.3287978765910924e-8
8.524043230016187e-9
1.4172092044448011e-9
1.9546344220531266e-10
2.142600616830578e-11
1.7512743821111552e-12
9.712407288164972e-14
3.1403412924259242e-15
4.503530540387741e-17
1.5894564871706963e-19
2.4567475642050848e-23
3.520579267221072e-7
2.1749287546861783e-7
8.472026841696867e-8
2.464671658793749e-8
5.620511819794899e-9
9.989580162878536e-10
1.324632055978002e-10
1.2049782475058878e-11
6.506472354162968e-13
1.5997113489722657e-14
1.0117033794940345e-16
3.089806039242307e-20
2.8663470018775324e-7
2.0416481658838699e-7
9.791671224020596e-8
3.441744132281876e-8
9.0715659861543e-9
1.7573904696960307e-9
2.3447843815312203e-10
1.8924770660788203e-11
7.182781799013179e-13
7.402647404287958e-15
4.120225907717369e-18
2.461007800211485e-7
1.8722836107771676e-7
9.925541963631188e-8
3.80302102951372e-8
1.0470360303084172e-8
1.9719473921808395e-9
2.2700250994804668e-10
1.2652200713519839e-11
2.0273485055362282e-13
1.9810474942366077e-16
2.1797910675152197e-7
1.7140020627364238e-7
9.494752145023392e-8
3.708370597180744e-8
9.809708268853303e-9
1.5903921871053366e-9
1.275754266283482e-10
3.103077636302678e-12
5.220317440526926e-15
1.9678147150327575e-7
1.5699893852806856e-7
8.7399392433567e-8
3.276161394010518e-8
7.540409063862682e-9
8.733699586832712e-10
3.2133788057554354e-11
9.26380665215222e-14
1.7986476884623727e-7
1.436060251416823e-7
7.73351604800643e-8
2.575544139057346e-8
4.397717183655626e-9
2.488949663194402e-10
1.2464138779432475e-12
1.6571272336113416e-7
1.3036542071247354e-7
6.44775419386923e-8
1.6785948201088648e-8
1.5152356630999676e-9
1.3678742013154399e-11
1.5302409501743803e-7
1.1617496551430905e-7
4.825558874959061e-8
7.347840024966727e-9
1.2782363960443994e-10
1.4128007930892324e-7
9.94523195287071e-8
2.772918325928258e-8
1.033232260291307e-9
1.2903261533699425e-7
7.481029134296179e-8
7.059264551424859e-9
1.1144707353739254e-7
3.5957391843420025e-8
6.86120741943987e-8
3.091740162216291e-7
1.2799351202787332e-7
3.1072937400621484e-8
6.087026884296365e-9
1.0038937165187572e-9
1.371169402467375e-10
1.486673830840642e-11
1.2004895625855815e-12
6.568869505346352e-14
2.0922644649749404e-15
2.948185536452307e-17
1.0197553863749846e-19
1.5314120176134886e-23
2.528133818930121e-7
1.5554069753250983e-7
6.015291401093173e-8
1.7340982592974564e-8
3.9135911586232295e-9
6.876869725360706e-10
9.007011299497848e-11
8.085549819614108e-12
4.3025181297327236e-13
1.0403785678759419e-14
6.459656718105249e-17
1.918668942523264e-20
2.0371345321515486e-7
1.4394866522482077e-7
6.840253402167685e-8
2.379702589481081e-8
6.201949247461032e-9
1.1869596226445115e-9
1.5631656720372859e-10
1.2435972339932092e-11
4.646275295311823e-13
4.706075697666971e-15
2.5498051556644976e-18
1.7211475590521703e-7
1.2976531628476645e-7
6.811472706421868e-8
2.5818795554950727e-8
7.026206517296972e-9
1.3066266717502212e-9
1.4832363317366707e-10
8.14527994248899e-12
1.283352876455096e-13
1.222143922929924e-16
1.4977754853655234e-7
1.1667274542665786e-7
6.398137183538027e-8
2.4717215648207323e-8
6.4597205187611295e-9
1.0334981209405723e-9
8.175965794260561e-11
1.955736901925124e-12
3.21137398992387e-15
1.3278503115437023e-7
1.0495028942960414e-7
5.782693541449826e-8
2.1431310857102774e-8
4.872970379064401e-9
5.571215623467198e-10
2.015944514900847e-11
5.684352955862694e-14
1.1919027695891184e-7
9.425319640389961e-8
5.023326876751505e-8
1.6547857107697818e-8
2.7909095850085972e-9
1.5537255641910326e-10
7.630948516887387e-13
1.0782147600658072e-7
8.405148520073109e-8
4.116486470755222e-8
1.0588714865322638e-8
9.40763607984674e-10
8.357806591726371e-12
9.787919229981797e-8
7.362429511263343e-8
3.0218121006375175e-8
4.535578522682321e-9
7.795382590162931e-11
8.8711453531297e-8
6.173999850828524e-8
1.7017749843449932e-8
6.287631379921788e-10
7.937625181318335e-8
4.568431946431523e-8
4.279345451406056e-9
6.770805280030475e-8
2.1565671994187187e-8
4.03166033933294e-8
2.0569962315644564e-7
8.94149281316222e-8
2.201429660351282e-8
4.334913203174344e-9
7.153486378801258e-10
9.747350343137196e-11
1.051961010930744e-11
8.438037160118028e-13
4.576635781158508e-14
1.4413272013370264e-15
2.0014895470871047e-17
6.788207793083013e-20
9.893067073994387e-24
1.78856630239065e-7
1.1069427578288347e-7
4.286921521995332e-8
1.2338234576337253e-8
2.773662889439108e-9
4.845447985748631e-10
6.298204685259825e-11
5.600768553675872e-12
2.945983451041187e-13
7.0211948225724935e-15
4.277528139145162e-17
1.2347332750346382e-20
1.4518837916733685e-7
1.0248181785818696e-7
4.854707399689718e-8
1.6807478805684114e-8
4.351890545773399e-9
8.261359244612932e-10
1.0773369304114854e-10
8.470320937249753e-12
3.1193590087428224e-13
3.1016504949853553e-15
1.6350994265505182e-18
1.222119413608677e-7
9.176669310599814e-8
4.7906691234605605e-8
1.8034745890306875e-8
4.867132090913359e-9
8.961363145656657e-10
1.0052433792439683e-10
5.441798530782817e-12
8.419945109550329e-14
7.81009347206117e-17
1.0542114048582704e-7
8.164277678658332e-8
4.445849395966323e-8
1.703251998800505e-8
4.407569035581762e-9
6.969272030917858e-10
5.435972888569157e-11
1.2773665266637953e-12
2.0450889250030447e-15
9.236017643898397e-8
7.248726328855975e-8
3.961277090501061e-8
1.4539743771215904e-8
3.268347130416978e-9
3.685513938619534e-10
1.3106119241047044e-11
3.606939678509699e-14
8.175189091541283e-8
6.413046474061735e-8
3.386089004894611e-8
1.1032233676711067e-8
1.83606669659435e-9
1.0051389092802532e-10
4.823511489606763e-13
7.279591650994928e-8
5.624153063102974e-8
2.7256534763116173e-8
6.922201719200413e-9
6.052733142082572e-10
5.260216023164545e-12
6.494093472913418e-8
4.836197393253374e-8
1.9609804296116086e-8
2.8997465594790764e-9
4.8812602413842416e-11
5.772367729820671e-8
3.972004836098678e-8
1.0797630397700239e-8
3.9120084159600707e-10
5.0539293872740726e-8
2.8703127192848782e-8
2.640067029394751e-9
4.196387218933205e-8
1.3151658696720205e-8
2.413925645421427e-8
1.296078012544886e-7
5.971805564464457e-8
1.5067461670221735e-8
3.0095509105105718e-9
5.009849216108058e-10
6.861346982464657e-11
7.42287197327929e-12
5.954791861178981e-13
3.222881295380116e-14
1.0102307949213672e-15
1.3915780109664132e-17
4.657052843801158e-20
6.623079930776505e-24
1.2205701411354515e-7
7.665031643586579e-8
2.996334105705222e-8
8.673934803085559e-9
1.955992363644079e-9
3.419918774445081e-10
4.439894107540063e-11
3.935346985923482e-12
2.0583887706263056e-13
4.863321185881919e-15
2.923005010664371e-17
8.237282782039667e-21
1.0139508113803703e-7
7.197736439145303e-8
3.42126325142316e-8
1.1861764418143277e-8
3.070117334003204e-9
5.815335756708108e-10
7.552530563693822e-11
5.9006479416448235e-12
2.1531196762665805e-13
2.111679955532034e-15
1.0871999311178177e-18
8.610440407083886e-8
6.475562157225562e-8
3.380839260091335e-8
1.2709538233902288e-8
3.4198020737477296e-9
6.266738670257777e-10
6.981685610013786e-11
3.743224984562269e-12
5.711659930493444e-14
5.1756388647136826e-17
7.440357164674383e-8
5.7564267949616096e-8
3.127702309003011e-8
1.1939513256643047e-8
3.0735233175750223e-9
4.824746970666962e-10
3.725959968800778e-11
8.632891521678487e-13
1.3505682656416807e-15
6.500095791830413e-8
5.0867777853866724e-8
2.7684273594726048e-8
1.0104718127883236e-8
2.254392685883228e-9
2.5164658921729246e-10
8.822952100524936e-12
2.3733519444062707e-14
5.717324441857905e-8
4.464771758245083e-8
2.3435723615863528e-8
7.577081706313964e-9
1.2482114076255001e-9
6.737383568871905e-11
3.161408838054186e-13
5.0436563947577015e-8
3.8729926143573626e-8
1.8624009431211147e-8
4.681789923571337e-9
4.0369255289036543e-10
3.432498402346531e-12
4.444257684730115e-8
3.283807028537549e-8
1.3180519108653854e-8
1.9224000233565277e-9
3.1687499883122185e-11
3.888863614506197e-8
2.64904303515633e-8
7.104294933816394e-9
2.5230786662257116e-10
3.3368969347371255e-8
1.8697550103901222e-8
1.6877074791582086e-9
2.6956995606284074e-8
8.29309286717521e-9
1.4846108955185132e-8
7.714815972465959e-8
3.767662876203871e-8
9.805243936980892e-9
2.000136268368815e-9
3.380762755753795e-10
4.6833817259186273e-11
5.1106714938350186e-12
4.1265050098087445e-13
2.243500358626837e-14
7.049817069640516e-16
9.709853011476955e-18
3.2358703833620744e-20
4.541303950653599e-24
7.911188148627183e-8
5.073243911430809e-8
2.0144887165115368e-8
5.902056016877589e-9
1.343271073045305e-9
2.365041740802369e-10
3.0858226058029396e-11
2.7438203113765656e-12
1.4368797827110472e-13
3.390586212668083e-15
2.0274262062478412e-17
5.635321501843083e-21
6.806379372702661e-8
4.8864571272221566e-8
2.3436468655474255e-8
8.183511837870518e-9
2.1295948971884886e-9
4.0491579155393317e-10
5.2699131149283966e-11
4.118278034733857e-12
1.4995108756566034e-13
1.4620503181052631e-15
7.421204001758875e-19
5.893043233555816e-8
4.461285346703741e-8
2.341482099149363e-8
8.837372134475812e-9
2.384220412394214e-9
4.3741965026087267e-10
4.8703712459196464e-11
2.60365089054407e-12
3.9469985294508147e-14
3.524691585612591e-17
5.150168865889011e-8
3.999422029203049e-8
2.178946371999303e-8
8.33111408669777e-9
2.145273333713258e-9
3.3630764777583513e-10
2.5878488461217322e-11
5.953368865541916e-13
9.174950612964905e-16
4.527088748674085e-8
3.548452540737012e-8
1.932471459229738e-8
7.049881573760125e-9
1.5696379378657372e-9
1.74474278320913e-10
6.070457450224064e-12
1.6080211583686245e-14
3.990850000566575e-8
3.115919531905034e-8
1.633500663496924e-8
5.26712532652374e-9
8.635460908069663e-10
4.623197769362899e-11
2.1356271708635486e-13
3.516532489245725e-8
2.6950811080591708e-8
1.2917141716388795e-8
3.2299840282733444e-9
2.761210652728206e-10
2.310861681621395e-12
3.0846640879920546e-8
2.2704203197166646e-8
9.060010700744007e-9
1.309515157678709e-9
2.124480273974342e-11
2.676896593165163e-8
1.81188018772387e-8
4.812994775420194e-9
1.6825212216100208e-10
2.2664982798764354e-8
1.2570264242902132e-8
1.116904982438793e-9
1.791502977354942e-8
5.4200669088931525e-9
9.46016433061683e-9
4.3593107398869605e-8
2.238640733090538e-8
6.014559405238897e-9
1.257216063072584e-9
2.167052113571944e-10
3.050708186614886e-11
3.374348378673549e-12
2.7563772677836847e-13
1.5138185915009127e-14
4.798720038335555e-16
6.657532597968413e-18
2.229943581482577e-20
3.1294273876909403e-24
4.831603848675692e-8
3.173013839060144e-8
1.2849464953047974e-8
3.827200102018263e-9
8.83282251829805e-10
1.5737296228785008e-10
2.0742992420595472e-11
1.8604806241064508e-12
9.814467622036664e-14
2.3294488740496875e-15
1.3980490339096275e-17
3.880892003288909e-21
4.332510266955902e-8
3.1582681626238067e-8
1.534999981892373e-8
5.422405005911521e-9
1.425478692132488e-9
2.734436298320666e-10
3.585855035823704e-11
2.8198591890693975e-12
1.0316548406678794e-13
1.0085086710184872e-15
5.107135504791251e-19
3.8542898046178566e-8
2.9488818194149082e-8
1.5624091641114927e-8
5.947022017347122e-9
1.6164966868001615e-9
2.9849561582730015e-10
3.34127833871887e-11
1.7931313987802372e-12
2.722868441304848e-14
2.4236063876847928e-17
3.4328810443080964e-8
2.6862562450008084e-8
1.4736539884527736e-8
5.669343151651698e-9
1.4677163278786448e-9
2.3109654719313006e-10
1.783600436258077e-11
4.1065637940579226e-13
6.302622474991543e-16
3.0591340337762377e-8
2.411114855258383e-8
1.3196021834111381e-8
4.834729079067678e-9
1.0801136706139143e-9
1.2031634215055189e-10
4.186065131670701e-12
1.1033452941819985e-14
2.723374609826013e-8
2.1344814881088678e-8
1.1226346752450807e-8
3.6287764573014096e-9
5.956790015716239e-10
3.186335276613209e-11
1.463355850049369e-13
2.415641523326133e-8
1.855569809338599e-8
8.907104816144212e-9
2.228045302552083e-9
1.9013722570389727e-10
1.5807506896252634e-12
2.126637376586784e-8
1.566246939141511e-8
6.246578204902463e-9
9.004755641733684e-10
1.450062756865667e-11
1.8461033271428773e-8
1.2476776765797828e-8
3.302186768518735e-9
1.1448885245217988e-10
1.556785455137799e-8
8.592238422963981e-9
7.564388431777914e-10
1.2164906638431473e-8
3.63964021165168e-9
6.227137263549236e-9