0.00004260396012838549
5.059636367252805e-6
-2.5203430663251446e-7
8.03279260801056e-7
5.249014873619588e-6
0.000013692036694152584
3.5296544216160393e-7
2.1347915483818072e-7
1.8839847930564491e-6
8.685517002734817e-6
9.116829681963305e-8
6.427669185296129e-7
5.550036386243764e-6
5.240599330223627e-7
3.903769860840133e-6
0.00004005007613857153
5.419629646539848e-6
-1.988578800903955e-7
7.588818895744639e-7
4.9788739261262794e-6
0.00001409517648148254
7.081721098399833e-7
2.5436469113139427e-7
2.0063852376610293e-6
8.934666304013674e-6
3.2164163550237335e-7
7.826710490076058e-7
5.8107663848720614e-6
6.393426663995875e-7
4.154089174265953e-6
0.00003646846092974028
5.595258359652842e-6
-1.5004438092452462e-7
6.965772005937879e-7
4.589891944917135e-6
0.000014297138102980907
1.031759862738282e-6
2.7396629428304926e-7
2.08606855758737e-6
9.130881298260608e-6
5.939805723096178e-7
8.849625393576173e-7
6.028887387677105e-6
7.986303986108308e-7
4.378666511247779e-6
0.000032152119671999855
5.5338434902188355e-6
-1.0669720230850611e-7
6.20886120319165e-7
4.107613801988184e-6
0.000014219619296641233
1.3018521633226492e-6
2.8266804410368184e-7
2.106064847492196e-6
9.266700258569129e-6
8.571183423164616e-7
9.585690999149322e-7
6.214772964046708e-6
9.744161910201544e-7
4.571973086394871e-6
0.000027587095176556105
5.233717971762952e-6
-6.992157951835213e-8
5.38964218898999e-7
3.5775676504847595e-6
0.000013754165910286932
1.4998579698741542e-6
2.8103716606318783e-7
2.053000621301771e-6
9.295008692031115e-6
1.0788874476010627e-6
1.0054538301406104e-6
6.357955504716886e-6
1.1422945658573315e-6
4.734005657812258e-6
0.00002324123403474702
4.725563337266922e-6
-4.1049213383643117e-8
4.582117808575229e-7
3.047064659913819e-6
0.000012823975617067018
1.6041652492489433e-6
2.6797773006025974e-7
1.9214101987565803e-6
9.145878729616691e-6
1.2413725389729368e-6
1.0200753575057145e-6
6.424653357159563e-6
1.2818320102737816e-6
4.853791948666992e-6
0.000019448927289960347
4.101714532811873e-6
-2.0671800003221604e-8
3.84505020771093e-7
2.5577421285643705e-6
0.000011439835465452102
1.6009851281821951e-6
2.442909296025269e-7
1.721287899331815e-6
8.741508107137717e-6
1.3298511587777512e-6
9.950754728161526e-7
6.365858266640627e-6
1.374411424061126e-6
4.902517925976526e-6
0.000016103289136590187
3.4673548253857667e-6
-8.028150471226267e-9
3.1859386301649653e-7
2.1202236337591098e-6
9.769414662491326e-6
1.4938717903702738e-6
2.136065659071808e-7
1.4811978535821309e-6
8.033936882173511e-6
1.334418138629973e-6
9.268069839367331e-7
6.130265569846576e-6
1.405915966568482e-6
4.848393470875604e-6
0.00001304647815367183
2.916466015664295e-6
-1.3389522240245924e-9
2.596590411244186e-7
1.7323057641442112e-6
8.122846514601252e-6
1.3109009970420162e-6
1.817774378695016e-7
1.2441329746447503e-6
7.050235286218164e-6
1.255370265687047e-6
8.207160110830421e-7
5.680970943464287e-6
1.3673122756048726e-6
4.656264399178819e-6
0.000010364316162424773
2.468528810776262e-6
2.378970227616875e-9
2.0830539812889372e-7
1.394118431770975e-6
6.785987943117489e-6
1.1069404826314335e-6
1.5391069652943108e-7
1.0458353648654641e-6
5.928623535704379e-6
1.111330739769603e-6
6.95708900794766e-7
5.027618968391433e-6
1.2590466754679255e-6
4.303130208265238e-6
8.076414393189397e-6
2.053677941597462e-6
5.4847889905387674e-9
1.6396313336080994e-7
1.0985162702824333e-6
5.80014371744307e-6
9.349480232806443e-7
1.3084235007095367e-7
8.882503610041337e-7
4.889531980011866e-6
9.412075431750397e-7
5.791752452903834e-7
4.254532623793158e-6
1.099287545526492e-6
3.8017904993567873e-6
6.154561466812908e-6
1.6137853037948765e-6
8.325431371993463e-9
1.2606383243634398e-7
8.453315401088827e-7
4.872176656245989e-6
8.140640049896216e-7
1.0885767373705056e-7
7.379479498262592e-7
4.120073648290034e-6
7.905149958146515e-7
4.918601106252065e-7
3.5118762007661496e-6
9.239043342689586e-7
3.2156959513909957e-6
4.759976689347207e-6
1.222317924389362e-6
8.673308673235441e-9
9.732611537518147e-8
6.521912168580762e-7
3.7716338277204596e-6
6.9572335858952e-7
8.575331658680902e-8
5.750570061043771e-7
3.5670401407169048e-6
6.838206989870488e-7
4.256149206574616e-7
2.9438814472860172e-6
7.743879778230887e-7
2.6560958825057388e-6
3.6481166023165885e-6
9.456253923405289e-7
5.963139085758388e-9
7.496445561039819e-8
5.024901991486954e-7
2.8123522111697957e-6
5.327243869161609e-7
6.566110180045833e-8
4.33903874700342e-7
2.94355462223157e-6
5.922844725814779e-7
3.484868682104019e-7
2.552374994053296e-6
6.6779646793152e-7
2.2237715949016868e-6
2.8059217510265527e-6
7.244434411492828e-7
4.188499812199347e-9
5.7765576274191334e-8
3.868850681113959e-7
2.206781122118874e-6
3.922607128246361e-7
5.088406803559352e-8
3.3638686736849583e-7
2.1713223770241617e-6
4.65965073683951e-7
2.586671538481609e-7
2.1418431335477686e-6
5.7167522754924e-7
1.917279267247535e-6
2.1782501234277016e-6
5.463206418432457e-7
3.5999642087629696e-9
4.478605891445193e-8
2.996769912826623e-7
1.6752768148550364e-6
3.1728013130512937e-7
3.870584455476423e-8
2.5692252855169353e-7
1.641672579746814e-6
3.368290055498569e-7
1.9722251582051974e-7
1.592449082762905e-6
4.4400395772073145e-7
1.5949347340163073e-6
1.706729685879241e-6
4.152036876787749e-7
2.021831943836412e-9
3.50144570991203e-8
2.3396681797867144e-7
1.2496916332760632e-6
2.3394617823984903e-7
2.917834234563072e-8
1.9218346458479389e-7
1.3117194489213714e-6
2.6930139798092535e-7
1.5533784233958045e-7
1.1789865935156627e-6
3.23233350736587e-7
1.1831595295238107e-6
1.3554007843604062e-6
3.174736713966047e-7
1.3287713611132114e-9
2.7690123566572862e-8
1.8475256966386973e-7
9.497467154543192e-7
1.7724105004665896e-7
2.2168732496854947e-8
1.4621876314624303e-7
9.441369727903706e-7
2.042269914592472e-7
1.1339460282841108e-7
9.552438393857418e-7
2.577694908533047e-7
8.82596867915224e-7
1.0885285414884487e-6
2.4549600483990096e-7
6.059444320570642e-10
2.2117583781125045e-8
1.4738409063739068e-7
7.177325879285827e-7
1.3166067172513326e-7
1.677727640898691e-8
1.1090377726715807e-7
7.217655486849348e-7
1.491952391256031e-7
8.58326322477273e-8
6.813969756454848e-7
1.9322090348281074e-7
7.08710293607476e-7
8.815651551513468e-7
1.9249330389175831e-7
2.31490086656368e-10
1.7809762154137986e-8
1.1855354097974454e-7
5.500579498253283e-7
9.96606185554054e-8
1.287153554447151e-8
8.533538311265611e-8
5.320043815562407e-7
1.1191984259848282e-7
6.368757266158664e-8
5.198924917099163e-7
1.4161259883873132e-7
5.050910636400968e-7
7.168104213065547e-7
1.5314377913620306e-7
1.6058824729034664e-11
1.4402612937108506e-8
9.581732401570868e-8
4.276513217889504e-7
7.571956898378332e-8
1.0003749191458296e-8
6.655444881322617e-8
4.0051980965540046e-7
8.38056705466812e-8
4.795650077152553e-8
3.771398954624726e-7
1.0536324510178925e-7
3.8449710682086304e-7
5.821627367014908e-7
1.2334101143945118e-7
-7.323273330168322e-11
1.1644322864865441e-8
7.746144375484469e-8
3.373633788143126e-7
5.829635297833641e-8
7.873603755905593e-9
5.2645671648029794e-8
3.036633018698651e-7
6.245539023181558e-8
3.638360501977767e-8
2.8133697656413447e-7
7.837411900376173e-8
2.785731053385881e-7
4.697821128804942e-7
1.0013982370365523e-7
-7.727540253832946e-11
9.367094989110342e-9
6.234098312708785e-8
2.6977437331577674e-7
4.55841951599067e-8
6.277261158874963e-9
4.21720694332834e-8
2.33213114685259e-7
4.7271223197487176e-8
2.7990351331033668e-8
2.0997345511834668e-7
5.7955322687715495e-8
2.0563328327479455e-7
3.7486941246557754e-7
8.150984924751139e-8
-3.58306757210099e-11
7.463914515768358e-9
4.972254635603307e-8
2.1787916855033937e-7
3.6164327603517924e-8
5.051141064467001e-9
3.40758705916204e-8
1.8186712769424264e-7
3.630103204026272e-8
2.1866646559504605e-8
1.5830675357674753e-7
4.342261992739788e-8
1.522287930735058e-7
2.945997439333777e-7
6.612386012955663e-8
2.2621862038242554e-11
5.868358240560106e-9
3.9148741326987966e-8
1.7680029340600298e-7
2.9020480457076642e-8
4.082364838959337e-9
2.7627254023082533e-8
1.4386276162883477e-7
2.8299338973995704e-8
1.7325063499028566e-8
1.2110482280201067e-7
3.2951590572035235e-8
1.135005845326241e-7
2.2729854439314538e-7
5.3163529788079465e-8
7.871929434146823e-11
4.538536195349144e-9
3.0331431560583184e-8
1.4331224408630158e-7
2.343994593540512e-8
3.295717489946951e-9
2.2346896994855263e-8
1.1504669971286522e-7
2.236586880840751e-8
1.3872717827989465e-8
9.405012768517052e-8
2.5354519889133985e-8
8.557124385066915e-8
1.718280989512857e-7
4.215549579345759e-8
1.2147059455596956e-10
3.4453170692033906e-9
2.307258278198235e-8
1.15376670679606e-7
1.8950908943348987e-8
2.643286086821218e-9
1.7934688837792927e-8
9.25627941700725e-8
1.7851520484747578e-8
1.1170797610586212e-8
7.400892195373937e-8
1.9770506676391897e-8
6.532469843047576e-8
1.2715029659387882e-7
3.283705725993681e-8
1.4640208451532845e-10
2.5640310467530185e-9
1.7208219994433893e-8
9.177657890789714e-8
1.524750940235804e-8
2.0959746402591045e-9
1.4211812368239689e-8
7.451857011472058e-8
1.4321884923137751e-8
8.995539180534248e-9
5.879876287055192e-8
1.5578103665518083e-8
5.047021890620263e-8
9.210905678409238e-8
2.505558368062473e-8
1.538567137323306e-10
1.8700355084897493e-9
1.2577759994947562e-8
7.181905762329311e-8
1.2144271433578532e-8
1.6365467198018683e-9
1.1075312943698665e-8
5.96916055766724e-8
1.1485252878708984e-8
7.203609925782443e-9
4.6946606817886746e-8
1.2356375307913217e-8
3.937657974777393e-8