0.00009291341183066566
9.379795786256926e-6
-2.6241436746112687e-8
1.6054874592969016e-6
4.164568174378016e-6
7.436716551593152e-6
0.00001133059962086548
0.00001655455690406893
4.368755859642011e-7
5.643544003343182e-7
1.576072282998514e-6
2.951959927555275e-6
4.64183542095687e-6
7.586090822763631e-6
9.15493407901627e-8
3.921572992734441e-7
1.0353942646271468e-6
1.7305874330945245e-6
5.411344879148981e-6
3.5986105530496713e-7
3.62603666339862e-7
1.1862692068931879e-6
5.013190908193065e-6
7.76014388067774e-7
9.424331166981603e-7
5.797074313818734e-6
2.429758418088722e-6
6.420110927841275e-6
0.00008382485535378128
9.447700495069727e-6
2.954624875059942e-9
1.4681091654399985e-6
3.813378808883143e-6
6.816645575537277e-6
0.000010393392332498178
0.0000169327927678176
7.159149822672366e-7
5.813683187676339e-7
1.6330056046821068e-6
3.0621510393462946e-6
4.8181413953401845e-6
7.882503520409197e-6
3.069868641301904e-7
5.006328323239407e-7
1.1334571505310668e-6
1.9105233561294946e-6
5.667019094466776e-6
4.3445675443457996e-7
5.573873154063987e-7
1.2798006373604298e-6
5.3993222452265375e-6
6.795247553823576e-7
1.1141817746165047e-6
6.395468121124423e-6
2.354591005660943e-6
6.890431951531459e-6
0.00007319630903433776
9.062294118598048e-6
2.6592947988945497e-8
1.302320751712608e-6
3.3881369657875297e-6
6.062360995685055e-6
9.249214275224114e-6
0.00001690298821022247
9.513615603372045e-7
5.829176836463891e-7
1.6444440144338779e-6
3.0876186986539486e-6
4.862069299602886e-6
8.139175614095851e-6
5.401423532830321e-7
5.679169461190405e-7
1.2280860431488095e-6
2.073415653108613e-6
5.883057109930457e-6
5.889887632121616e-7
6.926053127157864e-7
1.3626306632297783e-6
5.6931624030361624e-6
6.675083111506895e-7
1.2797009508094612e-6
6.93233540343828e-6
2.293596615201177e-6
7.2902087595232345e-6
0.0000621182664390045
8.301756876048901e-6
4.34639957435513e-8
1.1232189209257351e-6
2.9266387457676053e-6
5.240824593465843e-6
8.000190365514574e-6
0.000016406611245961742
1.1332816650944413e-6
5.670845765739553e-7
1.6019132807319847e-6
3.012288077068146e-6
4.747884644653035e-6
8.327975707313074e-6
7.591553034376287e-7
6.100058496949067e-7
1.3049895094594452e-6
2.2042450563061236e-6
6.068442059721062e-6
7.852507104369466e-7
7.707820978271618e-7
1.4376262797264156e-6
5.90408334772761e-6
7.35580822018778e-7
1.3899646824553863e-6
7.361536841926063e-6
2.2808890922303573e-6
7.584879419994624e-6
0.00005183063025320486
7.302248045405827e-6
5.349321756908381e-8
9.491636321998486e-7
2.4763462796833004e-6
4.437226257467114e-6
6.7762453476087565e-6
0.00001539409662643858
1.2495400928089673e-6
5.319411286876968e-7
1.502748017839217e-6
2.83043575020693e-6
4.465788048688094e-6
8.394859454123219e-6
9.412018031781436e-7
6.330882275311108e-7
1.3515482327419e-6
2.28395729626261e-6
6.2129560107909805e-6
9.847041059819478e-7
8.117256442724476e-7
1.4967468272235605e-6
6.057348348248948e-6
8.568586475535266e-7
1.4376453574386408e-6
7.65852054280248e-6
2.3288184183140707e-6
7.769784092233498e-6
0.0000430809859023777
6.245965859484894e-6
5.8084515450732696e-8
7.930648577251861e-7
2.070365601467765e-6
3.711482721466979e-6
5.669874118953049e-6
0.000013874321883459234
1.2891138390349206e-6
4.799627777761744e-7
1.355031468106548e-6
2.5561921435914727e-6
4.037008164685781e-6
8.270137517466673e-6
1.0720553098674573e-6
6.350981005756855e-7
1.3557197644452813e-6
2.2924628631408045e-6
6.2837807924523364e-6
1.1576024672329683e-6
8.27915961200176e-7
1.5286863883404507e-6
6.165561135894234e-6
9.943115531689973e-7
1.4365929320586877e-6
7.810763935982452e-6
2.382605454266073e-6
7.878443375085076e-6
0.0000358871144769943
5.306712094898812e-6
5.877063821834654e-8
6.595978398754065e-7
1.722099923221473e-6
3.0886424548320714e-6
4.719986358222982e-6
0.000012005869014883378
1.2465986907604039e-6
4.180221507555279e-7
1.1785159434890406e-6
2.2258267527285733e-6
3.5178280183605627e-6
7.885174690798763e-6
1.1397546372037266e-6
6.124445866711377e-7
1.3079048312712255e-6
2.2133738253311455e-6
6.2328636506774766e-6
1.2810867384320366e-6
8.212674171739982e-7
1.522409495520639e-6
6.197273464640587e-6
1.1167833511694603e-6
1.3966673687577912e-6
7.816407661037286e-6
2.416680640962513e-6
7.91325645202267e-6
0.000029290720476699018
4.497865720071756e-6
5.581430593652231e-8
5.404949444090959e-7
1.4117904951016413e-6
2.533624454913638e-6
3.873245982308396e-6
0.00001010507980094583
1.1323706651667183e-6
3.553974471128611e-7
9.99903433634841e-7
1.8895499820275577e-6
2.9873839839870123e-6
7.208246024838248e-6
1.1366493669402961e-6
5.639311261378534e-7
1.20510398538848e-6
2.041275750219013e-6
6.009515213818315e-6
1.3404349176379562e-6
7.891340711784841e-7
1.468177744822108e-6
6.107730383108951e-6
1.2022857721480154e-6
1.326328166899555e-6
7.684642975538629e-6
2.4198084412123983e-6
7.86756019827946e-6
0.00002282900119571991
3.7431923475644283e-6
4.944366283507876e-8
4.294376251759244e-7
1.1232797433210077e-6
2.0172417121710867e-6
3.0852107484339267e-6
8.448758569570398e-6
9.760551850856334e-7
2.9919489399032364e-7
8.401389955011695e-7
1.5876510798941576e-6
2.5101264029149334e-6
6.288945696056659e-6
1.064271125552702e-6
4.94687141127024e-7
1.057898308917758e-6
1.7935323741088863e-6
5.57650828480844e-6
1.3264960623165811e-6
7.2911523399081e-7
1.3605959973556578e-6
5.845022643228231e-6
1.2349284090280214e-6
1.2270298869437163e-6
7.403643518937184e-6
2.3688175855897685e-6
7.671140473706934e-6
0.000017473783805329957
3.000228764435412e-6
4.1693515585178763e-8
3.336946913220995e-7
8.738589770234724e-7
1.5699723485082486e-6
2.4020134066096445e-6
7.131238882145288e-6
8.201784933832457e-7
2.5143682681631663e-7
7.057618371536995e-7
1.3340171725968187e-6
2.109466358682179e-6
5.2714727762186046e-6
9.395225684556379e-7
4.174129034569605e-7
8.928666683066677e-7
1.5146005930257208e-6
4.941954950898877e-6
1.2383753020445728e-6
6.442873474712884e-7
1.2049310753310345e-6
5.377923607784454e-6
1.2037894689612506e-6
1.1000757997552225e-6
6.93277935298853e-6
2.2468813836452235e-6
7.270338263710702e-6
0.000013600403112484023
2.328812899107851e-6
3.509955438877615e-8
2.5902809610605306e-7
6.780492550494768e-7
1.2183503165914825e-6
1.8641753453714556e-6
5.95258951201628e-6
6.986374503067374e-7
2.0810729058021327e-7
5.850070934483221e-7
1.1071555397248748e-6
1.7521000298923665e-6
4.361777123831756e-6
7.955904907795636e-7
3.484229047413938e-7
7.447180557717689e-7
1.2631843702907893e-6
4.186811684791851e-6
1.0922441480443758e-6
5.459672413288755e-7
1.0224034588485523e-6
4.7258439336569144e-6
1.1108303024445195e-6
9.517519345464665e-7
6.242974377131726e-6
2.051682434067526e-6
6.658317859929534e-6
0.000010426580280427182
1.7944877357515643e-6
2.995449979429992e-8
1.9989599229790123e-7
5.235829202156597e-7
9.408903237998895e-7
1.439756082901117e-6
4.727249101231345e-6
6.055198365995141e-7
1.6591205914868968e-7
4.669872756832851e-7
8.853402885163577e-7
1.402574941863386e-6
3.6978599051015736e-6
6.692332591503438e-7
2.970134024043836e-7
6.340923054120605e-7
1.0750511505068532e-6
3.457409896678276e-6
9.22521786593884e-7
4.5212607009185193e-7
8.471168343745588e-7
3.974818573955966e-6
9.71262665000229e-7
7.957184857411073e-7
5.373805353066608e-6
1.7950388418842377e-6
5.856374238767509e-6
8.018238644835862e-6
1.3895390746307861e-6
2.4548539251768618e-8
1.5437530905335674e-7
4.043066166426466e-7
7.26518225340901e-7
1.1116984966208086e-6
3.591185804882295e-6
5.000960807744287e-7
1.277544376197883e-7
3.5884770235551205e-7
6.806670958858311e-7
1.07866925661494e-6
3.1891539416548047e-6
5.781446071870456e-7
2.5475768558727495e-7
5.442591327014091e-7
9.231406670876619e-7
2.896247554068128e-6
7.725386975742194e-7
3.7895019987791113e-7
7.102286856740809e-7
3.272797399331489e-6
8.178490197211538e-7
6.530140086041658e-7
4.452353292570809e-6
1.509836735924472e-6
4.943826767813537e-6
6.178868527562667e-6
1.0503224798181962e-6
1.7801121761926366e-8
1.1899883752779811e-7
3.116225711866767e-7
5.59791495811379e-7
8.56391333645956e-7
2.747236158193283e-6
3.7193593237736805e-7
9.765044697995206e-8
2.7356004720454494e-7
5.186243585735375e-7
8.216222919741894e-7
2.5818255639717756e-6
4.976277203253758e-7
2.0440872190212625e-7
4.3810638476876896e-7
7.444751776903092e-7
2.509896253344562e-6
6.655592256812112e-7
3.2525340758977935e-7
6.104836097087595e-7
2.747356793993542e-6
6.861209492241203e-7
5.406286123358618e-7
3.65620455762975e-6
1.24247930774376e-6
4.060612388652151e-6
4.826315230460606e-6
8.068631397029518e-7
1.3356110502567237e-8
9.284770579561878e-8
2.4305217623938814e-7
4.3648425531417e-7
6.676208488704647e-7
2.126121382916674e-6
2.827111023547523e-7
7.535274911331792e-8
2.1119840479247356e-7
4.005522393030061e-7
6.347248884378979e-7
1.90139953761158e-6
3.906049501754967e-7
1.520138082230625e-7
3.2598857152848527e-7
5.543073607704118e-7
2.1099430290016894e-6
5.75020928429098e-7
2.69114052946284e-7
5.066002523153858e-7
2.383678204258202e-6
5.899966455815841e-7
4.551005985513002e-7
3.09987508977183e-6
1.0325762517468849e-6
3.3565658800967008e-6
3.806507984235399e-6
6.170148115900969e-7
1.0440925349941117e-8
7.297813914201166e-8
1.90960652565001e-7
3.427928072989674e-7
5.241696585240662e-7
1.5969804661397793e-6
2.259851253665688e-7
5.7063806609989644e-8
1.6000360688555882e-7
3.0352858592662775e-7
4.81048038297831e-7
1.4623656426731365e-6
2.837838909191527e-7
1.1738540577339413e-7
2.5097172425983856e-7
4.2610664987197406e-7
1.5729686237567714e-6
4.5283354142868496e-7
2.010335139927215e-7
3.789045891738171e-7
1.9811667192919425e-6
4.996451544178012e-7
3.6904958718934365e-7
2.674924153230865e-6
8.745964044305202e-7
2.8644220598731924e-6
3.0422979161843446e-6
4.780713320943575e-7
7.377975488774283e-9
5.803129805756549e-8
1.517713764077304e-7
2.723219710983386e-7
4.1628586907936707e-7
1.2109418521278506e-6
1.6380928367881641e-7
4.329999844350943e-8
1.21218785549317e-7
2.2981439088917247e-7
3.6408640110440533e-7
1.1440411059149964e-6
2.259264524102427e-7
9.07778408571379e-8
1.9464508555618608e-7
3.309258503699929e-7
1.1620049068940618e-6
3.2724579960791933e-7
1.5090900179083908e-7
2.8360809897834573e-7
1.450171946999723e-6
3.8149920420932306e-7
2.738002130377936e-7
2.126276540335113e-6
7.114214096682327e-7
2.40391651348587e-6
2.4596821125776746e-6
3.7540204559998964e-7
5.6020840672465005e-9
4.6634398871632174e-8
1.219053595253399e-7
2.1865573335078904e-7
3.341665978717748e-7
9.220795737743956e-7
1.2622501912527673e-7
3.3156645704101563e-8
9.277794551854882e-8
1.7583372744037711e-7
2.7850797191813916e-7
8.345241522306213e-7
1.7142509339918456e-7
6.703510102972756e-8
1.436019028472583e-7
2.4408172155402974e-7
9.41614628478987e-7
2.601613950837508e-7
1.2030032649963364e-7
2.264310531258497e-7
1.083567779036302e-6
2.7911151089183087e-7
2.0778137668229432e-7
1.5161186229683535e-6
5.239437633352872e-7
1.8010535939981312e-6
2.0040446327750833e-6
2.9902219519972466e-7
4.097529927647096e-9
3.775534259518511e-8
9.865630069139464e-8
1.7691084578820347e-7
2.7032087378433027e-7
7.099582573602071e-7
9.38511784693949e-8
2.5579723976371953e-8
7.15708373477226e-8
1.3554104450145818e-7
2.1458910223981633e-7
6.327204863974885e-7
1.2530019513878734e-7
5.051760514012304e-8
1.0821335125681983e-7
1.8391929876021047e-7
6.732423326349642e-7
1.9767174663817008e-7
8.733141156622179e-8
1.6432668332279843e-7
8.772912818444473e-7
2.2546143772607088e-7
1.6457864189747937e-7
1.19439652694428e-6
3.9721703023195206e-7
1.3122474903858877e-6
1.6374665120091633e-6
2.412212381154988e-7
3.1110683966266003e-9
3.067221098768787e-8
8.012675668994018e-8
1.4367035299801739e-7
2.1951408468691892e-7
5.532139784669681e-7
7.128571786691612e-8
1.9997101313709716e-8
5.5933073898023314e-8
1.0584506112783983e-7
1.674941574270507e-7
4.695928291715281e-7
9.408234499522173e-8
3.7696613147977955e-8
8.070281858880988e-8
1.3712218919358356e-7
5.126601021341437e-7
1.4317120235828482e-7
6.63013913128838e-8
1.2455241636882836e-7
6.134366566251466e-7
1.6469452543264228e-7
1.1912309283654336e-7
9.186122664287005e-7
3.157435110755215e-7
1.0666502081316955e-6
1.3342691222336952e-6
1.9636977235990557e-7
2.4193719503707232e-9
2.4881079623255698e-8
6.499278815547249e-8
1.1654359687671129e-7
1.7807476246353952e-7
4.375145867161522e-7
5.4754232065335115e-8
1.5848796183759377e-8
4.432887789277805e-8
8.3823755501715e-8
1.3258555782432175e-7
3.5435052125835683e-7
7.047961955212036e-8
2.849778749708844e-8
6.098570978445667e-8
1.0359487681282398e-7
3.721556701284523e-7
1.0720917125060815e-7
4.888540126413266e-8
9.172144569533515e-8
4.7242889603970167e-7
1.236385644949472e-7
9.148864830390249e-8
6.515965036620614e-7
2.2511057324732515e-7
7.572220739434971e-7
1.0783783969349502e-6
1.604619637395184e-7
1.9321815714125594e-9
2.0054234399193774e-8
5.238936413362597e-8
9.39657557828257e-8
1.4359828617702445e-7
3.5062816516627185e-7
4.261705726029408e-8
1.2708641977830305e-8
3.555730373766136e-8
6.719560765155693e-8
1.0624346734328818e-7
2.696416626803828e-7
5.2613085656961904e-8
2.1735716682172674e-8
4.6474528664066445e-8
7.890509959995553e-8
2.77665601901143e-7
7.951319189498725e-8
3.665438148738171e-8
6.86991063487685e-8
3.3822077305561535e-7
9.021698163552602e-8
6.764156884578713e-8
4.89001048597819e-7
1.7308127494513673e-7
5.760986324712591e-7
8.602728126735474e-7
1.308293175535341e-7
1.5826676428840555e-9
1.5987319722148466e-8
4.177632009102583e-8
7.495863276668535e-8
1.1458015551082799e-7
2.8370304798764054e-7
3.36655915080943e-8
1.0273956377894473e-8
2.87594186699751e-8
5.432682008910651e-8
8.587445495310521e-8
2.080037823099731e-7
3.9891681256202166e-8
1.6815310083858917e-8
3.592301842217961e-8
6.095818985526578e-8
2.0709130733019288e-7
5.8565282620782704e-8
2.7570108190986106e-8
5.1579522680773035e-8
2.4898686148557763e-7
6.75353455213524e-8
5.083396431082738e-8
3.587403717127676e-7
1.2617137136795603e-7
4.104810426571291e-7
6.746512007396607e-7
1.0580924289326664e-7
1.3181086077346417e-9
1.2557088347705375e-8
3.2827325475161026e-8
5.893077723049649e-8
9.010982263463781e-8
2.3058989564332414e-7
2.6935313479267093e-8
8.331168134338917e-9
2.333633113678625e-8
4.4075759657835065e-8
6.966376470288987e-8
1.6290683033593534e-7
3.068697058077671e-8
1.3203266128615269e-8
2.8183455920750682e-8
4.780021016402368e-8
1.5604076995473189e-7
4.374242761720516e-8
2.095246532200963e-8
3.9140152579484065e-8
1.8412617077987215e-7
4.995621317702484e-8
3.8413664439041e-8
2.5961113617412385e-7
9.346637790357045e-8
3.030760503564824e-7
5.185199174051113e-7
8.443909337805944e-8
1.1048590511308504e-9
9.687740404135571e-9
2.5341311374731087e-8
4.5518587586790706e-8
6.962841865477632e-8
1.8715269904511224e-7
2.1739104008359928e-8
6.738521842441355e-9
1.8889621703187374e-8
3.568111946635183e-8
5.6399404596915133e-8
1.2933443672989992e-7
2.3958698782854074e-8
1.0502034119190027e-8
2.2402149885993553e-8
3.797805170683571e-8
1.192911320060116e-7
3.3073303088836215e-8
1.6121902578891382e-8
3.008142491837934e-8
1.3707504088945428e-7
3.719001365094863e-8
2.920182834640486e-8
1.9027423147242184e-7
6.95912598407313e-8
2.215012515721871e-7
3.898097428051065e-7
6.620694050385777e-8
9.227688082344232e-10
7.326052157077895e-9
1.917763034739927e-8
3.446931495740098e-8
5.274913508728022e-8
1.5082160815680558e-7
1.7603612544601513e-8
5.407426883096901e-9
1.5170685876682567e-8
2.866662236434554e-8
4.5321974171616246e-8
1.0369325670327367e-7
1.89560172563879e-8
8.428639856828094e-9
1.7970956212811534e-8
3.045621335161576e-8
9.25766859806896e-8
2.5349553565426456e-8
1.2555552744218096e-8
2.3411067433592912e-8
1.033213759498028e-7
2.7962867667423668e-8
2.237001277954999e-8
1.406157835364151e-7
5.199513732906787e-8
1.6209260797528392e-7
2.864745146297271e-7
5.084767294882458e-8
7.617950291646305e-10
5.425079506308395e-9
1.4213222251020184e-8
2.556350937627808e-8
3.9137830156536666e-8
1.200615221613143e-7
1.4220262114164634e-8
4.284777620647431e-9
1.2030882762022677e-8
2.274670276857397e-8
3.597535951391515e-8
8.353357865532664e-8
1.513860488834197e-8
6.790469621636585e-9
1.4475042520941774e-8
2.4527389294338642e-8
7.280206053426764e-8
1.9698824709475137e-8
9.875677994569176e-9
1.8412081229287622e-8
7.896626100394993e-8
2.126362424245217e-8
1.7256508243964645e-8
1.0502232035186894e-7
3.907933710844684e-8
1.1953166703477655e-7
2.0595538097432445e-7
3.818533109766429e-8
6.181703331636394e-10
3.934379795724226e-9
1.0316838648703887e-8
1.8567991459930223e-8
2.8440376799886388e-8
9.400543131963043e-8
1.1395512464015241e-8
3.339734621181988e-9
9.384382941177393e-9
1.7756240627256194e-8
2.8095602424408384e-8
6.724083757721774e-8
1.2145258148129105e-8
5.461216160993971e-9
1.1642109391151021e-8
1.9726950140809797e-8
5.780801694964735e-8
1.54801181069011e-8
7.817935068316691e-9
1.4582078699036743e-8
6.117296677560831e-8
1.6329249306679168e-8
1.3381036177193956e-8
7.947187879729032e-8
2.9555448490621077e-8
8.891631574803244e-8
1.4509470558270518e-7
2.8029799786064104e-8
4.91344026484518e-10
2.797213357360799e-9
7.341420637871476e-9
1.3221430781135001e-8
2.025986406509429e-8
7.21590755650511e-8
9.015037432321626e-9
2.553396720080716e-9
7.179217219087584e-9
1.3595644289559544e-8
2.152387465726268e-8
5.3784869967140965e-8
9.734278826452314e-9
4.360909295910823e-9
9.299267550023395e-9
1.575940623287713e-8
4.6137354461826224e-8
1.2258282352500643e-8
6.203026754620433e-9
1.158073320180387e-8
4.791708671640668e-8
1.2642887497920129e-8
1.0404307269657565e-8
6.08726448836586e-8
2.2486685533347884e-8
6.67739363220465e-8