0.001	2.9257017224440005e-10	3.526613228814548e-26	0.	0.	0.	0.	0.	0.	0.	0.
0.014326666666666668	3.57004422676245e-10	6.212680636762402e-25	0.	0.	0.	0.	0.	0.	0.	0.
0.02765333333333334	4.16014304612039e-10	1.0972659198534565e-23	0.	0.	0.	0.	0.	0.	0.	0.
0.04098000000000001	4.681732951572588e-10	1.568456543270013e-22	0.	0.	0.	0.	0.	0.	0.	0.
0.05430666666666668	5.123809807139846e-10	1.883050666738314e-21	0.	0.	0.	0.	0.	0.	0.	0.
0.06763333333333335	5.483427364571171e-10	1.8887532409069768e-20	0.	0.	0.	0.	0.	0.	0.	0.
0.08096000000000002	5.76828634526533e-10	1.603262284984444e-19	0.	0.	0.	0.	0.	0.	0.	0.
0.09428666666666669	5.9897150912147e-10	1.1736060625870949e-18	0.	0.	0.	0.	0.	0.	0.	0.
0.10761333333333335	6.15842600268958e-10	7.41853066538589e-18	1.351377183936959e-25	0.	0.	0.	0.	0.	0.	0.
0.12094000000000002	6.284562826094985e-10	4.086604554302608e-17	1.8841268054230697e-24	0.	0.	0.	0.	0.	0.	0.
0.1342666666666667	6.376667710715614e-10	1.987937086905835e-16	2.377474599535661e-23	0.	0.	0.	0.	0.	0.	0.
0.14759333333333335	6.441255194849059e-10	8.570158512429336e-16	2.5710550497727517e-22	0.	0.	0.	0.	0.	0.	0.
0.16092000000000004	6.483651351845121e-10	3.2974251298304774e-15	2.3801064632518055e-21	0.	0.	0.	0.	0.	0.	0.
0.1742466666666667	6.508214328358502e-10	1.1432659225273897e-14	1.9174502958288546e-20	0.	0.	0.	0.	0.	0.	0.
0.18757333333333337	6.518326295117285e-10	3.5873309763428756e-14	1.3476884769049262e-19	7.51351913701701e-26	0.	0.	0.	0.	0.	0.
0.20090000000000002	6.516640413865263e-10	1.0244841551282821e-13	8.3186504462534085e-19	8.466882783502432e-25	0.	0.	0.	0.	0.	0.
0.2142266666666667	6.505010077193259e-10	2.682229543400689e-13	4.562413195180875e-18	9.27667384787956e-24	0.	0.	0.	0.	0.	0.
0.22755333333333339	6.484238341126745e-10	6.465938265437457e-13	2.2318676247186672e-17	8.991354984307713e-23	0.	0.	0.	0.	0.	0.
0.24088000000000004	6.453895886263038e-10	1.4419877880204022e-12	9.789306584272005e-17	7.594923946643184e-22	0.	0.	0.	0.	0.	0.
0.2542066666666667	6.412015007296497e-10	2.9917815100123303e-12	3.883599480720984e-16	5.662419534477739e-21	0.	0.	0.	0.	0.	0.
0.2675333333333334	6.354830542786027e-10	5.7984879558145376e-12	1.3993803004252532e-15	3.7402382073960966e-20	9.359898264043231e-26	0.	0.	0.	0.	0.
0.28086000000000005	6.276767212396224e-10	1.0540786648734936e-11	4.599825517360565e-15	2.1983414499566617e-19	9.708580259058443e-25	0.	0.	0.	0.	0.
0.2941866666666667	6.170667327024421e-10	1.8053557252869562e-11	1.3884728152306535e-14	1.160786759717575e-18	9.314322637385916e-24	0.	0.	0.	0.	0.
0.30751333333333336	6.02858009506727e-10	2.9241188092554565e-11	3.8646461031732874e-14	5.5302473737909365e-18	7.839254626819362e-23	0.	0.	0.	0.	0.
0.32084000000000007	5.84293814779126e-10	4.494642786468222e-11	9.955582325585334e-14	2.3858043198219304e-17	5.849226493934637e-22	0.	0.	0.	0.	0.
0.3341666666666667	5.607798179804585e-10	6.580546522450628e-11	2.3859184676213857e-13	9.388290103426284e-17	3.903815215631265e-21	0.	0.	0.	0.	0.
0.3474933333333334	5.320364511054971e-10	9.206632039792398e-11	5.339831810914645e-13	3.384364324639256e-16	2.3416723225659612e-20	1.068842792930524e-25	0.	0.	0.	0.
0.3608200000000001	4.982024718557225e-10	1.234565805314039e-10	1.1196515982563498e-12	1.1211255625393708e-15	1.265681274676893e-19	9.994414444524167e-25	0.	0.	0.	0.
0.37414666666666674	4.598497748701322e-10	1.5914353177171684e-10	2.2085571532454036e-12	3.432144673711729e-15	6.211940053413531e-19	8.329566726699647e-24	0.	0.	0.	0.
0.3874733333333334	4.179678193779235e-10	1.9773275001268422e-10	4.112206046659495e-12	9.749229058725626e-15	2.7816553951823025e-18	6.214519078000541e-23	0.	0.	0.	0.
0.40080000000000005	3.7386128215142657e-10	2.3737367148255766e-10	7.2478893504488704e-12	2.5766893272843023e-14	1.139053548013956e-17	4.166460379062121e-22	0.	0.	0.	0.
0.41412666666666675	3.289808398285254e-10	2.7594838863913934e-10	1.2132813513143889e-11	6.364601455275801e-14	4.290739897587362e-17	2.5268079740023184e-21	0.	0.	0.	0.
0.4274533333333334	3.160152548269715e-10	3.454089157198376e-10	2.1468272800939945e-11	1.6363710032693558e-13	1.6573496573144722e-16	1.5465596554249973e-20	5.455114010738432e-26	0.	0.	0.
0.44078000000000006	2.6916275575845017e-10	3.787255658314552e-10	3.2688068930623e-11	3.5650382265058137e-13	5.341870068758443e-16	7.767553293538897e-20	4.663554788416146e-25	0.	0.	0.
0.45410666666666677	2.2566701308120053e-10	4.042905118720207e-10	4.765520777318749e-11	7.329427961554313e-13	1.6017754522883392e-15	3.574479249157059e-19	3.6621800351380735e-24	0.	0.	0.
0.4674333333333334	1.8634142023355147e-10	4.2077206033309417e-10	6.668465562185597e-11	1.4265343420084864e-12	4.4863656556651284e-15	1.5149212670628786e-18	2.5329065325983617e-23	0.	0.	0.
0.4807600000000001	1.5164031541228798e-10	4.2750446600332703e-10	8.975515459338823e-11	2.6343443011037634e-12	1.1760380844502019e-14	5.920335944589571e-18	1.590964472432968e-22	0.	0.	0.
0.49408666666666673	1.2169680574106172e-10	4.2448403493397677e-10	1.164540144931436e-10	4.629163588244458e-12	2.8960519820302053e-14	2.1438148204061643e-17	9.118480760161324e-22	0.	0.	0.
0.5074133333333334	9.638408124690453e-11	4.123324225791174e-10	1.4594150726117503e-10	7.761642776594449e-12	6.723435210152813e-14	7.226595207057877e-17	4.796653263768538e-21	0.	0.	0.
0.5207400000000001	7.537979283131332e-11	3.922180215617837e-10	1.76974036775847e-10	1.2442304680461602e-11	1.4742711953193424e-13	2.2705393755671835e-16	2.3160229750953113e-20	3.459637364863616e-26	0.	0.
0.5340666666666668	5.82472432225406e-11	3.6567049041482193e-10	2.0801833413614866e-10	1.9115230744029125e-11	3.062577672408546e-13	6.675029432168921e-16	1.031610277941057e-19	2.754898908608832e-25	0.	0.
0.5473933333333334	4.449344255289632e-11	3.34429134763154e-10	2.373821523863423e-10	2.820842957432512e-11	6.045699933360463e-13	1.8436728628006638e-15	4.2627672216360095e-19	1.925941443137261e-24	0.	0.
0.5607200000000001	3.5042569990624715e-11	3.131009494887093e-10	2.7461942206404096e-10	4.176501395118676e-11	1.1845294788393034e-12	4.994757125308467e-15	1.7042175490575584e-18	1.2601807977693541e-23	0.	0.
0.5740466666666668	2.6184241055018557e-11	2.7626043289043183e-10	2.9668061601155256e-10	5.7182550641146305e-11	2.1242538845622828e-12	1.2247283869464808e-14	6.088011089979649e-18	7.265217607482319e-23	0.	0.
0.5873733333333334	1.9359647263493497e-11	2.3971427069406894e-10	3.124736271392775e-10	7.562759015438192e-11	3.644891888572082e-12	2.84399650997767e-14	2.036208103994949e-17	3.868344487595927e-22	0.	0.
0.6007000000000001	1.4164475898312461e-11	2.047214317884439e-10	3.2125475594660873e-10	9.677154788817298e-11	5.993571209409719e-12	6.262538959173927e-14	6.379343000106011e-17	1.9002278542462033e-21	0.	0.
0.6140266666666667	1.0256592323151103e-11	1.7221201236986708e-10	3.2277615958503425e-10	1.1999674495849394e-10	9.46495275611474e-12	1.3110879189787296e-13	1.878169622488515e-16	8.647597096548557e-21	0.	0.
0.6273533333333334	7.351927122958823e-12	1.4279987281610104e-10	3.172723647315007e-10	1.4441368026449837e-10	1.438524166536523e-11	2.617443970619978e-13	5.21859415300827e-16	3.668924329392617e-20	0.	0.
0.6406800000000001	5.216443890106606e-12	1.168053343140351e-10	3.0543159060010697e-10	1.6891270576434334e-10	2.1073239402618176e-11	4.989485994571899e-13	1.369366160179569e-15	1.4501376704591069e-19	3.153009148501729e-26	0.
0.6540066666666667	3.6640205058943794e-12	9.430994382749196e-11	2.8825758970162077e-10	1.9227232959198317e-10	2.980725550272049e-11	9.10149228659337e-13	3.4023942680218576e-15	5.357217348549681e-19	2.7947432900256034e-25	0.
0.6673333333333334	2.548430878365672e-12	7.521477848961006e-11	2.6695409878859416e-10	2.1326187048746255e-10	4.0780930263006e-11	1.592731386278987e-12	8.033981055423988e-15	1.8600413256782216e-18	1.5976156402510988e-24	0.
0.6806600000000002	1.8158200652116017e-12	6.133476290135368e-11	2.512319994724414e-10	2.3875546857312455e-10	5.591203101512187e-11	2.7700130276004535e-12	1.8667417895904246e-14	6.2773970872215825e-18	9.093884230716915e-24	0.
0.6939866666666668	1.2383905602294206e-12	4.7800131683535165e-11	2.2465746251006668e-10	2.5233324073379255e-10	7.187039655244744e-11	4.481057014106354e-12	3.996421933535117e-14	1.929124160845491e-17	4.650138481386118e-23	0.
0.7073133333333335	8.367090046746803e-13	3.6853525677226254e-11	1.97658713815225e-10	2.6074037173482203e-10	8.97412563640382e-11	6.990460958484056e-12	8.179999001178357e-14	5.610179629672538e-17	2.223119946343856e-22	0.
0.7206400000000002	5.600405088119114e-13	2.811897743461955e-11	1.7124529091573235e-10	2.63702392259399e-10	1.0898468688776736e-10	1.0529610971575906e-11	1.6024060435343006e-13	1.544283365091842e-16	9.908135372660344e-22	0.
0.7339666666666668	3.7143083038993203e-13	2.1239095678670373e-11	1.462047082649732e-10	2.612874142049857e-10	1.2888717115022955e-10	1.5338559774377316e-11	3.0099875856551665e-13	4.032874852372191e-16	4.129256342860031e-21	0.
0.7472933333333335	2.4420782226520633e-13	1.5887768041612487e-11	1.2310235510534346e-10	2.538717486516626e-10	1.4860504115397186e-10	2.1644118926140628e-11	5.434478114183299e-13	1.0026889452086242e-15	1.6183859125908918e-20	0.
0.7606200000000002	1.5917915408525998e-13	1.1772215533358541e-11	1.0228913605281128e-10	2.421057212297326e-10	1.672293153941641e-10	2.9621603761651266e-11	9.44181965432524e-13	2.3751240318513712e-15	5.962046567351325e-20	0.
0.7739466666666668	1.0288671379170538e-13	8.642003030574069e-12	8.393176637776146e-11	2.2681156828552247e-10	1.8386779534079035e-10	3.937046136690584e-11	1.5811385844987998e-12	5.370449804627854e-15	2.0692228714049086e-19	0.
0.7872733333333335	6.598062690829048e-14	6.2874488656227276e-12	6.805042998701645e-11	2.089026735664129e-10	1.9771462378086222e-10	5.088727638545119e-11	2.557022554433064e-12	1.1624050433671453e-14	6.796293237507524e-19	0.
0.8006000000000001	4.3308028802808555e-14	4.676848005397221e-12	5.626553003251719e-11	1.9528298279587645e-10	2.14684795851197e-10	6.605118619388155e-11	4.1241669850931165e-12	2.4866817417487432e-14	2.179494155246178e-18	0.
0.8139266666666668	2.7351298953013455e-14	3.343302256866723e-12	4.461008174534921e-11	1.7426681607979977e-10	2.2143682280993436e-10	8.100978898419458e-11	6.243768637255778e-12	4.949593634286414e-14	6.425791825154613e-18	2.5776297081719508e-26
0.8272533333333335	1.7154039109173764e-14	2.3700005190816634e-12	3.5002226606191855e-11	1.5324174196962897e-10	2.2398573928085868e-10	9.694588608302655e-11	9.166837314034619e-12	9.47678573576893e-14	1.8030375858211683e-17	1.3270710121896585e-25
0.8405800000000001	1.06852970221254e-14	1.6661327229619954e-12	2.7189208356890174e-11	1.328784549701963e-10	2.2237284796863473e-10	1.1331540236271258e-10	1.3066255837876583e-11	1.7473304507317858e-13	4.818251130031969e-17	6.6180332156976525e-25
0.8539066666666668	6.611990926597614e-15	1.1617597742982343e-12	2.0916501341885958e-11	1.1369205791386268e-10	2.1686173794291872e-10	1.2949082230338385e-10	1.810387320364966e-11	3.1069175635532994e-13	1.2281603956749482e-16	3.2143055152403336e-24
0.8672333333333335	4.066828015264334e-15	8.037355777424575e-13	1.59422953134326e-11	9.604566369206295e-11	2.0789573437259485e-10	1.4480332769409154e-10	2.441423796614617e-11	5.337442975765499e-13	2.9946196703943074e-16	1.4438515573611704e-23
0.8805600000000001	2.4866786622661913e-15	5.517563307225342e-13	1.2042027212348072e-11	8.01586714696775e-11	1.9606243839679104e-10	1.5859436300836888e-10	3.2079200791102986e-11	8.869150854820129e-13	6.991446956494027e-16	6.128659462881557e-23
0.8938866666666668	1.511817584871981e-15	3.7590188685002993e-13	9.016567625933152e-12	6.612751801004262e-11	1.8202770259882693e-10	1.7026776366842155e-10	4.1112209062839453e-11	1.4273221435851465e-12	1.564979083625401e-15	2.451901131260647e-22
0.9072133333333335	9.4253593428508e-16	2.620647222068184e-13	6.9004896466976995e-12	5.5611498928851974e-11	1.7160082456538862e-10	1.8484551630684429e-10	5.3028313296232014e-11	2.296585579638301e-12	3.46998037617862e-15	9.57712104182906e-22
0.9205400000000001	5.672466495815299e-16	1.7599370574137908e-13	5.0814678913473016e-12	4.489388604497331e-11	1.5470694911815085e-10	1.9113268049187405e-10	6.485258474999527e-11	3.481240773807572e-12	7.18100064506908e-15	3.439820203525533e-21
0.9338666666666668	3.3972791651359233e-16	1.1736832248150438e-13	3.7119339242151035e-12	3.5874951339084226e-11	1.3757401640002906e-10	1.941727351375765e-10	7.758583706735222e-11	5.1300373757343e-12	1.431352955224906e-14	1.1721471455906105e-20
0.9471933333333334	2.025855328812894e-16	7.775617545131982e-14	2.6905635860775315e-12	2.8390435071197685e-11	1.2074112320128155e-10	1.9393799511975892e-10	9.087820885879057e-11	7.358797483203036e-12	2.753184099317071e-14	3.802456639411119e-20
0.9605200000000002	1.2030563605658375e-16	5.118331484106452e-14	1.9355132804055897e-12	2.2258271682098774e-11	1.0464382132955388e-10	1.9056843947857982e-10	1.0430733157669555e-10	1.0286046397029883e-11	5.1162043749303126e-14	1.1755791231300265e-19
0.9738466666666669	7.115247251284924e-17	3.347937096156559e-14	1.3820146445818553e-12	1.7293655340422645e-11	8.960729520160644e-11	1.8434669143489548e-10	1.1740580105158783e-10	1.4024271324063956e-11	9.194752210595498e-14	3.4665395980399743e-19
0.9871733333333335	4.1931123860803266e-17	2.176955675324114e-14	9.797539793031973e-13	1.3320456680924355e-11	7.585254739374783e-11	1.7566132871833634e-10	1.296902925325423e-10	1.8671519538254803e-11	1.600651820116898e-13	9.776738790077374e-19
1.0005000000000002	2.46275385520719e-17	1.4074752867301202e-14	6.89747095962566e-13	1.0174626226704211e-11	6.350474309643867e-11	1.649799231663271e-10	1.4069390124504202e-10	2.4297423445558696e-11	2.702154270385984e-13	2.640595176320585e-18
1.0138266666666667	1.4415913307333952e-17	9.04865614836045e-15	4.822496274235617e-13	7.70873468003506e-12	5.2607047431120966e-11	1.5280956480284144e-10	1.499994561760731e-10	3.0932024687899504e-11	4.427891236795152e-13	6.834771306756893e-18
1.0271533333333334	8.682882539496947e-18	5.971889098219686e-15	3.456634869004683e-13	5.980190023683136e-12	4.4519020762067115e-11	1.4412328747733598e-10	1.6229022309907186e-10	3.9791848891780684e-11	7.277870269046238e-13	1.7534691704558668e-17
1.04048	5.054327937774893e-18	3.800152277463401e-15	2.385568283022162e-13	4.461603834716434e-12	3.6154095930583577e-11	1.3003976988925422e-10	1.674224500956421e-10	4.861252653746334e-11	1.1278952366274173e-12	4.1925943724022725e-17
1.0538066666666668	2.9341242503102112e-18	2.4062184962269522e-15	1.6360016140099687e-13	3.3040464166466324e-12	2.9087088737932554e-11	1.1589469678287396e-10	1.7005144756748787e-10	5.824745115743358e-11	1.7023349887552487e-12	9.647625258600776e-17
1.0671333333333335	1.699360944025155e-18	1.5166013207023846e-15	1.1151986783206405e-13	2.4293931793430204e-12	2.319208354723685e-11	1.0207151959941507e-10	1.7014916003698297e-10	6.850444820797823e-11	2.505142810731335e-12	2.1404578765258615e-16
1.08046	9.822315934945238e-19	9.517816438420074e-16	7.557934867708129e-14	1.7739845474436469e-12	1.8332847645127176e-11	8.887952828688528e-11	1.6780001271415795e-10	7.913828583918953e-11	3.5980873013944202e-12	4.584957405691742e-16
1.0937866666666667	5.665089102180428e-19	5.947421718222977e-16	5.0927734014331755e-14	1.2866116760443632e-12	1.4371028594910101e-11	7.65499266556272e-11	1.6319093317009806e-10	8.986171929695625e-11	5.048083199807337e-12	9.487779227919162e-16
1.1071133333333334	3.261514349123801e-19	3.7016189247933834e-16	3.412924833228653e-14	9.270372799706906e-13	1.1175150271065042e-11	6.524071690784014e-11	1.5658540607345058e-10	1.0036108337605417e-10	6.92521963029046e-12	1.8995695271863788e-15
1.12044	1.8749974983951307e-19	2.295462269760782e-16	2.2753198562445295e-14	6.637514178625863e-13	8.623059894427477e-12	5.504319151737841e-11	1.4830658802027352e-10	1.1031166811002049e-10	9.298199779457802e-12	3.6845052884451335e-15
1.1337666666666668	1.076137397603213e-19	1.4182013206231954e-16	1.5090560406707633e-14	4.722802407133621e-13	6.60384363083612e-12	4.5989497951698425e-11	1.3871602664491155e-10	1.1939761034869925e-10	1.2228268323486468e-11	6.9276433211495235e-15
1.1470933333333335	6.168134665087454e-20	8.732262497832688e-17	9.95935304783771e-15	3.340252938311862e-13	5.0208559360816075e-12	3.8066777797125766e-11	1.2818495996311334e-10	1.2732770883675503e-10	1.5765866884519544e-11	1.2642428708195082e-14
1.16042	3.6586867130203284e-20	5.552568627168047e-17	6.7772691579295225e-15	2.433075198135752e-13	3.926667095714774e-12	3.2346137547411867e-11	1.2127427450541639e-10	1.3864922515238773e-10	2.0659600953592882e-11	2.322448540413849e-14
1.1737466666666667	2.0925820411527555e-20	3.397810083610287e-17	4.431723876205144e-15	1.701177175088418e-13	2.9444383044113443e-12	2.6304238773417494e-11	1.095242269528288e-10	1.437489910427926e-10	2.566298273938033e-11	4.0048458959566824e-14
1.1870733333333334	1.195727907991893e-20	2.0732590968253066e-17	2.885279798917875e-15	1.182905560049563e-13	2.193358724884674e-12	2.121248854658356e-11	9.784202923058153e-11	1.4705423306745488e-10	3.132645678449532e-11	6.722342349332438e-14
1.2004000000000001	6.82918816414379e-21	1.2619380300164355e-17	1.8709326092305117e-15	8.182514489549797e-14	1.6235572293291354e-12	1.6969400289919034e-11	8.649272399619824e-11	1.4849724704114828e-10	3.760659553046995e-11	1.099624334424402e-13
1.2137266666666668	3.897256616719407e-21	7.660892924883752e-18	1.2082368833524783e-15	5.630625120887897e-14	1.1942930142236732e-12	1.3469457071369662e-11	7.568838846403483e-11	1.4808600589303325e-10	4.442845489396071e-11	1.7538770024506034e-13
1.2270533333333333	2.222761973818736e-21	4.639555723588279e-18	7.772605437032501e-16	3.855196102093285e-14	8.73228598108101e-13	1.0611141812388819e-11	6.55882101643548e-11	1.4589239795160272e-10	5.1689710336783373e-11	2.730222768603244e-13
1.24038	1.2676149058243655e-21	2.8043344523306792e-18	4.982854277468196e-16	2.627255846859714e-14	6.348120016190667e-13	8.299260690120948e-12	5.630170728682319e-11	1.4204639740341306e-10	5.926253217434798e-11	4.1523084284292297e-13
1.2537066666666667	7.225865050274704e-22	1.6913874871645995e-18	3.1829923249108124e-16	1.7819907452423156e-14	4.588571058097723e-13	6.445469106792584e-12	4.789061804440006e-11	1.3673178916806875e-10	6.69969901611514e-11	6.173263348581004e-13
1.2670333333333335	4.117810072575572e-22	1.0181157523640858e-18	2.0263898805912256e-16	1.2031919538179271e-14	3.2983972168126493e-13	4.9717459598872016e-12	4.037821175726298e-11	1.3016598366718655e-10	7.472892617019583e-11	8.979212455991107e-13
1.2803600000000002	2.3472474769275916e-22	6.119469972331756e-19	1.2862824746374378e-16	8.090115360145961e-15	2.358618767608693e-13	3.810091055895414e-12	3.375627145779648e-11	1.2258902456743703e-10	8.228542827068867e-11	1.278979417596588e-12
1.2936866666666669	1.3378006242637242e-22	3.671754137710537e-19	8.139610459655827e-17	5.416629240667305e-15	1.6777962365379158e-13	2.901227316697145e-12	2.7988739378320505e-11	1.1425501538884688e-10	8.949277473348949e-11	1.7849699477981383e-12
1.3070133333333334	7.624451366424607e-23	2.1995767237331918e-19	5.1356430643241403e-17	3.61183582419484e-15	1.187452316786652e-13	2.1955014509969696e-12	2.3022474482911452e-11	1.0541436332143474e-10	9.618332047256764e-11	2.442682758681949e-12
1.32034	4.347565639150008e-23	1.3162977869327093e-19	3.2324073626827555e-17	2.3995747742609414e-15	8.364469440875705e-14	1.6516779998595977e-12	1.879304767325007e-11	9.630541613355133e-11	1.0220072557346331e-10	3.2804513483766966e-12
1.3336666666666668	2.5934486902390186e-23	8.227986041987407e-20	2.1223684510193172e-17	1.6611577967861528e-15	6.133423659492034e-14	1.2921089243923272e-12	1.5926604952170483e-11	9.115312454285971e-11	1.123461112625275e-10	4.5246594641624734e-12
1.3469933333333335	1.4794749284131177e-23	4.911031226452632e-20	1.328936045218113e-17	1.0954344411307729e-15	4.2799485907316753e-14	9.609373063157893e-13	1.2811495177073375e-11	8.172368868964643e-11	1.1682916796733666e-10	5.862579411999335e-12
1.3603200000000002	8.445548118326434e-24	2.929284648186017e-20	8.304607525349449e-18	7.200652987627537e-16	2.973868541835481e-14	7.10830736212816e-13	1.0234711219499598e-11	7.261314834201352e-11	1.2025453573368512e-10	7.469300033154014e-12
1.3736466666666667	4.823816753539695e-24	1.745460238269362e-20	5.177998686917501e-18	4.71740424771479e-16	2.0574169983549096e-14	5.230247976311055e-13	8.121149404723972e-12	6.395655374345278e-11	1.2256323120229886e-10	9.362642758584242e-12
1.3869733333333334	2.7561628046946052e-24	1.0390990399542765e-20	3.2216799821603048e-18	3.080601675180688e-16	1.417415579063492e-14	3.8284926749945227e-13	6.401992181653715e-12	5.585546404826658e-11	1.237257662384104e-10	1.1553647738117737e-11
1.4003	1.573365627189613e-24	6.183577413976342e-21	2.0012254151486254e-18	2.0061251243694914e-16	9.727575201586492e-15	2.7887904252760616e-13	5.015260260309969e-12	4.838059254790348e-11	1.2374144289366915e-10	1.4045163139900893e-11
1.4136266666666668	8.995519465861164e-25	3.677282281796501e-21	1.240824676885272e-18	1.30260603591421e-16	6.6499289694295295e-15	2.0215821512647547e-13	3.904859538011074e-12	4.157185845880163e-11	1.2264265171134476e-10	1.682908564121116e-11
1.4269533333333335	5.1786959402379055e-25	2.1854392170042996e-21	7.679975558430368e-19	8.43419776840225e-17	4.528788320357144e-15	1.4585080508096859e-13	3.022227100288986e-12	3.544450739171896e-11	1.2048692541057983e-10	1.9887260833156434e-11
1.4402800000000002	2.9305254920009214e-25	1.2986716556375389e-21	4.74730991432332e-19	5.447928692881805e-17	3.0736511367767644e-15	1.0476066866269057e-13	2.3258259759325707e-12	2.9993671938617187e-11	1.1735354592322575e-10	2.319142684676479e-11
1.4536066666666667	1.6801508636383052e-25	7.714218058610551e-22	2.930184555700282e-19	3.5101642614298284e-17	2.0787974095874114e-15	7.491409897549592e-14	1.7799119991861506e-12	2.519575350995622e-11	1.1334423894424294e-10	2.6702513656155675e-11
1.4669333333333334	9.624509351675636e-26	4.580595265286108e-22	1.8060106445331798e-19	2.2561164205248846e-17	1.401173852568394e-15	5.333956632240802e-14	1.354735891219561e-12	2.101505884539362e-11	1.085744788408253e-10	3.037299155578811e-11
1.4802600000000001	5.522640734907911e-26	2.720175799246394e-22	1.1120231731404034e-19	1.4471249977226545e-17	9.415520391233293e-16	3.7825349260465014e-14	1.0257905443899859e-12	1.7407850326977e-11	1.031689899306004e-10	3.41483717220218e-11
1.4935866666666668	3.194189840319454e-26	1.6151771160959951e-22	6.839311102947652e-20	9.262394077677207e-18	6.307446273550182e-16	2.6715899405064022e-14	7.72764353742864e-13	1.4323415241028713e-11	9.726007623661671e-11	3.7968685489077e-11
1.5069133333333335	1.8366380041272516e-26	9.589359699147122e-23	4.201633175195942e-20	5.916008496395075e-18	4.2125556154634504e-16	1.8795114983227042e-14	5.792575521447059e-13	1.1708819350526552e-11	9.098051521105516e-11	4.177143168700778e-11
1.5202400000000003	1.0716421417305094e-26	5.694711563080583e-23	2.579335515407102e-20	3.7721160526952976e-18	2.8058511576547116e-16	1.3174426142603685e-14	4.321561620700915e-13	9.51143290330204e-12	8.445971268676332e-11	4.549367513117938e-11
1.5335666666666667	6.1936001846122e-27	3.382233449305194e-23	1.5821047134549673e-20	2.4008591032351333e-18	1.8638189930105927e-16	9.201110793791983e-15	3.2091322687517214e-13	7.679138709006562e-12	7.782135096489405e-11	4.907459304015787e-11
1.5468933333333335	3.802436122100673e-27	2.0089345772349992e-23	9.695862640625461e-21	1.525369095300089e-18	1.234743683878806e-16	6.403175657526816e-15	2.3722106585421676e-13	6.162831822831855e-12	7.117918803334938e-11	5.245771603999392e-11
1.5602200000000002	1.8347708035931866e-27	1.1938141884393279e-23	5.9391488097733074e-21	9.677458153903133e-19	8.16057038416971e-17	4.4413584007770386e-15	1.745987092569196e-13	4.917516402058702e-12	6.463513623511702e-11	5.5592295321964536e-11
1.5735466666666669	1.1801338339635725e-27	7.09808785349609e-24	3.635966192517312e-21	6.130760722327252e-19	5.380695596430921e-17	3.070565173013321e-15	1.279630873812746e-13	3.9018481277768596e-12	5.827756928892337e-11	5.843553828102143e-11
1.5868733333333336	6.341145013324985e-28	4.702132232315112e-24	2.478451078393417e-21	4.320713824329791e-19	3.943359756191744e-17	2.3574999531574767e-15	1.040516827390922e-13	3.430404414691164e-12	5.813527459061525e-11	6.790977101606914e-11
1.6002	6.114925712823902e-28	2.7948699541381914e-24	1.5159434831419488e-21	2.729952755592149e-19	2.5885898244631557e-17	1.619793734546967e-15	7.564208917484028e-14	2.6927298221239777e-12	5.1697685597759357e-11	7.032394513574439e-11
1.6135266666666668	0.	1.6633829330631316e-24	9.269448693539424e-22	1.7228672195341526e-19	1.69581718380431e-17	1.1096914749097626e-15	5.4777136095323124e-14	2.102834227478841e-12	4.566511493638533e-11	7.232960900600941e-11
1.6268533333333335	0.	9.925574691997268e-25	5.665578700164918e-22	1.0859694662453648e-19	1.1086687741166228e-17	7.580226250443379e-16	3.951628130244653e-14	1.6339090900383288e-12	4.0071152189431446e-11	7.391941524750736e-11
1.6401800000000002	0.	5.8944442246923285e-25	3.4625705853498164e-22	6.838802936105203e-20	7.235198042480386e-18	5.164237558025053e-16	2.840452008236318e-14	1.2634197784348121e-12	3.4935882257013985e-11	7.509462338267467e-11
1.653506666666667	0.	3.5026467406686642e-25	2.116029957232298e-22	4.302883158754173e-20	4.713606797720743e-18	3.50921046721465e-16	2.034582989672999e-14	9.723455140308125e-13	3.02662674738559e-11	7.586532252840378e-11
1.6668333333333336	0.	2.1087121130883338e-25	1.292806292597245e-22	2.7046651889135987e-20	3.0653864303537043e-18	2.3783893601075444e-16	1.4522748844747417e-14	7.448720343692134e-13	2.6058107437544104e-11	7.624897028970228e-11
1.68016	0.	1.2786037774880221e-25	7.899152716341166e-23	1.6988570057156933e-20	1.9904662681327023e-18	1.6081489133290802e-16	1.0332276267193032e-14	5.680831755546831e-13	2.229893767554571e-11	7.626816806175967e-11
1.6934866666666668	0.	7.340115397986829e-26	4.827556885399879e-23	1.0664175456581114e-20	1.2906392037126662e-18	1.0848897105320938e-16	7.327672600612561e-15	4.313884775627138e-13	1.8968748052915175e-11	7.59503420463079e-11
1.7068133333333335	0.	4.4004037730187527e-26	2.9498615440350025e-23	6.689100924415385e-21	8.355960993432613e-19	7.301969467736536e-17	5.180325408097123e-15	3.2619378462349074e-13	1.6041787513109163e-11	7.532634926791997e-11
1.7201400000000002	0.	2.646047317104699e-26	1.8029458800011085e-23	4.193538189391023e-21	5.402908344552473e-19	4.904343464622951e-17	3.651332014399634e-15	2.4564564354649466e-13	1.3489243591285534e-11	7.442840208654256e-11
1.733466666666667	0.	1.584727820592173e-26	1.1022876712317571e-23	2.6279752713848127e-21	3.4894450513595574e-19	3.287508047578215e-17	2.566296513665285e-15	1.8425909509241366e-13	1.1279786134180581e-11	7.328972692288504e-11
1.7467933333333334	0.	9.487380590713741e-27	6.74236764878276e-24	1.6459537169791993e-21	2.2507652596460763e-19	2.1991990066827843e-17	1.7985005330203857e-15	1.37672984307123e-13	9.380682509533438e-12	7.194367646086328e-11
1.7601200000000001	0.	5.591923743541038e-27	4.121323751262706e-24	1.030533992236577e-21	1.450227612591708e-19	1.468441259485878e-17	1.2570089450860534e-15	1.0247987875210365e-13	7.75977183916151e-12	7.042225846126638e-11
1.7734466666666668	0.	3.307942988070574e-27	2.5224366289463376e-24	6.450983367874996e-22	9.335727992802682e-20	9.788474655869306e-18	8.763112535720888e-16	7.60087983715271e-14	6.385639903500008e-12	6.875602135844134e-11
1.7867733333333335	0.	1.9869406375839403e-27	1.5443341175993557e-24	4.0366841474723915e-22	6.003441130636618e-20	6.513192937445516e-18	6.093212254182358e-16	5.617295068183755e-14	5.228015401489639e-12	6.697370982115413e-11
1.8001000000000003	0.	1.1454611022287418e-27	9.458791486606733e-25	2.5254178433627075e-22	3.857164106329847e-20	4.32679781057331e-18	4.226402292227577e-16	4.137071906639991e-14	4.2589758104723635e-12	6.510147857685675e-11
1.813426666666667	0.	7.33552768210607e-28	5.808674697561279e-25	1.5799369866174639e-22	2.4765225604642916e-20	2.8702474158664178e-18	2.9249036945843967e-16	3.036921045165879e-14	3.4528077180664057e-12	6.316301160536588e-11
1.8267533333333335	0.	3.5224223933145506e-28	3.569595357216343e-25	9.882260015819154e-23	1.5887054709770664e-20	1.9010500223919493e-18	2.01944780186154e-16	2.2219817420055773e-14	2.7859125902063028e-12	6.117953483742769e-11
1.8400800000000002	0.	3.38204885097831e-28	2.1723106909337512e-25	6.181077255064915e-23	1.0184402697233002e-20	1.2573399318131224e-18	1.3912175493130805e-16	1.6205867048610272e-14	2.237415173622055e-12	5.916957352841079e-11
1.8534066666666669	0.	1.9285713088888015e-28	1.3258197330851565e-25	3.866693249009535e-23	6.5256921145633625e-21	8.306119700299728e-19	9.565130204045184e-17	1.1784451824017517e-14	1.7888608208825643e-12	5.714920099414863e-11
1.8667333333333336	0.	0.	8.248979322990714e-26	2.4186456831727635e-23	4.178533545354297e-21	5.479724064868422e-19	6.562548297774519e-17	8.543443152191284e-15	1.4238963999438874e-12	5.513218545520051e-11
1.8800600000000003	0.	0.	5.177753874020302e-26	1.5128045856807298e-23	2.674114194158384e-21	3.6106681153472596e-19	4.493583058219619e-17	6.175821152807938e-15	1.128507728245569e-12	5.313008897975843e-11
1.8933866666666668	0.	0.	3.0099882831976974e-26	9.469730441621273e-24	1.710880492211119e-21	2.3768501884683333e-19	3.071546365217951e-17	4.452305775133227e-15	8.906902826239827e-13	5.115253920165959e-11
1.9067133333333335	0.	0.	1.8486890694618798e-26	5.924313110630351e-24	1.094054985560398e-21	1.5628507493636609e-19	2.0955880309337637e-17	3.200913275335118e-15	7.000953585065925e-13	4.9207351959426164e-11
1.9200400000000002	0.	0.	1.1551236993049804e-26	3.709066490015266e-24	6.993199805894087e-22	1.0265441504148275e-19	1.4271956089455328e-17	2.2951255722474808e-15	5.48080064629948e-13	4.730080344582021e-11
1.933366666666667	0.	0.	7.129333955782493e-27	2.3218621139731705e-24	4.469687229669172e-22	6.737755445470924e-20	9.705308076353708e-18	1.641662158809448e-15	4.274297903508547e-13	4.543786174490862e-11
1.9466933333333336	0.	0.	4.279306388840392e-27	1.4540238921645113e-24	2.855761442920433e-22	4.418084311471509e-20	6.588885189873926e-18	1.1712915515576434e-15	3.320645877652968e-13	4.3622210904930514e-11
1.9600200000000003	0.	0.	2.6060117984292922e-27	9.118886039202665e-25	1.8240521440890136e-22	2.894451478851026e-20	4.466080893777242e-18	8.336579387056358e-16	2.570160978426773e-13	4.185658897018267e-11
1.9733466666666668	0.	0.	1.5886368945620355e-27	5.710937345808558e-25	1.1651782892801836e-22	1.8952285750593282e-20	3.0233429153377445e-18	5.920596917692854e-16	1.9822698085936186e-13	4.0142959660731167e-11
1.9866733333333335	0.	0.	1.0867794664469024e-27	3.5754541224486657e-25	7.441312354912695e-23	1.2399705238911969e-20	2.0436712487287668e-18	4.1951332711959e-16	1.5234325933810393e-13	3.848242497702044e-11
2.0000000000000004	0.	0.	6.243666651637139e-28	2.2397576558679375e-25	4.751511160142295e-23	8.10657296752116e-21	1.3795054757594084e-18	2.96591638267577e-16	1.166753803505277e-13	3.687557364335037e-11
2.013326666666667	0.	0.	3.9847331908229414e-28	1.4008502330761114e-25	3.034767796403495e-23	5.297922450858562e-21	9.30194777322832e-19	2.0928144432112372e-16	8.906837938328463e-14	3.532259937880445e-11
2.0266533333333334	0.	0.	1.9068781011858856e-28	8.81151095843571e-26	1.9380039813798082e-23	3.460155800134734e-21	6.264222762793764e-19	1.47366215386919e-16	6.777033175858179e-14	3.382312062119977e-11
2.0399800000000003	0.	0.	1.824650961008436e-28	5.487884571915603e-26	1.2376259955639578e-23	2.258537365840661e-21	4.2133486434143886e-19	1.0355923383542946e-16	5.139993066777573e-14	3.237652190297082e-11
2.053306666666667	0.	0.	1.7455865197511653e-28	3.498705843877911e-26	7.905106470796188e-24	1.4738627622976553e-21	2.83136927514661e-19	7.264817560675105e-17	3.8867226639411507e-14	3.098200801259851e-11
2.0666333333333338	0.	0.	0.	2.2707656044502154e-26	5.048990714761729e-24	9.613444173512976e-22	1.9005985066966502e-19	5.0868504309099576e-17	2.93012853364985e-14	2.9638413313123937e-11
2.0799600000000003	0.	0.	0.	1.3260760070829696e-26	3.2266544195162315e-24	6.267615330339598e-22	1.2744525622359353e-19	3.555347977476362e-17	2.2024254567538018e-14	2.8344475552480423e-11
2.0932866666666667	0.	0.	0.	8.402631046087319e-27	2.0620531939243482e-24	4.0857711523370044e-22	8.539464267899751e-20	2.4810774949936226e-17	1.650882850280983e-14	2.7098872262500614e-11
2.1066133333333337	0.	0.	0.	5.221825072754716e-27	1.3181089723987075e-24	2.6625838615292575e-22	5.716616574497316e-20	1.728521796245352e-17	1.2340074412169257e-14	2.5900036543233688e-11
2.11994	0.	0.	0.	3.384304800878606e-27	8.421319102895331e-25	1.734567995012718e-22	3.8234384100858846e-20	1.2022592564126407e-17	9.198752878591243e-15	2.4746369270057596e-11
2.133266666666667	0.	0.	0.	2.119771265396727e-27	5.392583912091729e-25	1.129970414773431e-22	2.55565255267484e-20	8.35065730637513e-18	6.839685275109835e-15	2.363627256879197e-11
2.1465933333333336	0.	0.	0.	1.3393486984402991e-27	3.4507801093029443e-25	7.359738026549366e-23	1.7069578546214083e-20	5.7916540018868835e-18	5.072576123054979e-15	2.2567987072842808e-11
2.15992	0.	0.	0.	8.602993475446693e-28	2.206340081457198e-25	4.792577483477124e-23	1.1392329215588877e-20	4.0109573572769605e-18	3.7525197313148234e-15	2.1539753696089566e-11
2.173246666666667	0.	0.	0.	5.578523200060402e-28	1.4124658137944046e-25	3.121050559701779e-23	7.599561975969401e-21	2.7743506393993825e-18	2.7695069126638954e-15	2.054985330113534e-11
2.1865733333333335	0.	0.	0.	3.3604856986728686e-28	9.014201181321511e-26	2.032419272598268e-23	5.06646463436507e-21	1.916516288295674e-18	2.0392045809014787e-15	1.9596473844651137e-11
2.1999000000000004	0.	0.	0.	2.1381382333863323e-28	5.842515327268053e-26	1.3233115329368806e-23	3.375572573488975e-21	1.3221997121160398e-18	1.4979864423238235e-15	1.8677832581734307e-11
2.213226666666667	0.	0.	0.	1.0200911992212858e-28	3.6864531033546956e-26	8.618412544680972e-24	2.2481480633736735e-21	9.111980546975194e-19	1.0980524192790471e-15	1.7792225359022616e-11
2.2265533333333334	0.	0.	0.	9.731508533766959e-29	2.422707758362886e-26	5.6124125952530886e-24	1.4965982017862719e-21	6.272495331612554e-19	8.031669651981682e-16	1.693792508326721e-11
2.2398800000000003	0.	0.	0.	9.281733602958705e-29	1.5203556744804702e-26	3.655594044521135e-24	9.95782396918555e-22	4.3128717789538367e-19	5.862177426392255e-16	1.6113271856044932e-11
2.253206666666667	0.	0.	0.	0.	1.0109292975566818e-26	2.380925677052967e-24	6.623737120618781e-22	2.9626628994523874e-19	4.270292288727588e-16	1.531672974159007e-11
2.2665333333333337	0.	0.	0.	0.	5.944835124791493e-27	1.5519152965584347e-24	4.404562634442033e-22	2.033196974122038e-19	3.104616181120557e-16	1.4546811092738077e-11
2.27986	0.	0.	0.	0.	3.83094131998183e-27	1.011006006045974e-24	2.9277245141715263e-22	1.3939145947751105e-19	2.2527103633355824e-16	1.3802137752123565e-11
2.293186666666667	0.	0.	0.	0.	2.456530159404668e-27	6.590715195614427e-25	1.945701777090507e-22	9.548517740014586e-20	1.6316253808525034e-16	1.3081499104265626e-11
2.3065133333333336	0.	0.	0.	0.	1.5808405433494078e-27	4.295702598156742e-25	1.2928188609934794e-22	6.535560756025792e-20	1.179687474245014e-16	1.2383792015560771e-11
2.31984	0.	0.	0.	0.	1.0512275636864753e-27	2.8026803200277404e-25	8.58758375003769e-23	4.469366026527074e-20	8.51398368315443e-17	1.1708053096754605e-11
2.333166666666667	0.	0.	0.	0.	6.674532099897817e-28	1.8248805836820563e-25	5.703784055308789e-23	3.054226383008309e-20	6.1345608841275e-17	1.1053511303567141e-11
2.3464933333333335	0.	0.	0.	0.	4.448822448607639e-28	1.1918285472273324e-25	3.7880483676289954e-23	2.0857646097755916e-20	4.413073837628999e-17	1.0419532731099188e-11
2.3598200000000005	0.	0.	0.	0.	3.0251961635662136e-28	7.763799002147919e-26	2.5152867810177282e-23	1.4233059026163774e-20	3.169466242821866e-17	9.805623517570352e-12
2.373146666666667	0.	0.	0.	0.	1.7276375737531229e-28	5.0936069662000574e-26	1.6700650193587827e-23	9.70662898954033e-21	2.2728898059463343e-17	9.21147383181298e-12
2.3864733333333334	0.	0.	0.	0.	1.0960264731117134e-28	3.3086898304217907e-26	1.1089466858510893e-23	6.6161489301513716e-21	1.6276063556187694e-17	8.636900787304668e-12
2.3998000000000004	0.	0.	0.	0.	5.213889425117144e-29	2.190813603734794e-26	7.362311659469296e-24	4.506714111749081e-21	1.1637814056958502e-17	8.081823725987288e-12
2.413126666666667	0.	0.	0.	0.	4.959577142757176e-29	1.400194071587316e-26	4.888454525755439e-24	3.0682662870340525e-21	8.309958381080507e-18	7.546302382219595e-12
2.426453333333334	0.	0.	0.	0.	4.716721537752526e-29	9.418330320783192e-27	3.2457136976306063e-24	2.088079844498897e-21	5.926154752315869e-18	7.030477559540522e-12
2.4397800000000003	0.	0.	0.	0.	0.	6.0328790943975284e-27	2.1553936333496506e-24	1.4202488489045808e-21	4.220443805314199e-18	6.534523607952872e-12
2.4531066666666668	0.	0.	0.	0.	0.	4.0604230290282886e-27	1.4312214747080509e-24	9.656009332875802e-22	3.001943966394945e-18	6.058688599023071e-12
2.4664333333333337	0.	0.	0.	0.	0.	2.7741265115882092e-27	9.505762571198015e-25	6.56300355914062e-22	2.132839284302852e-18	5.603237775843769e-12
2.47976	0.	0.	0.	0.	0.	1.5956120400961817e-27	6.31617937352485e-25	4.458753296325222e-22	1.5134949130914481e-18	5.168390088936216e-12
2.493086666666667	0.	0.	0.	0.	0.	1.0292463372631854e-27	4.196710048334185e-25	3.0281235885083776e-22	1.0727860893430944e-18	4.754369579395758e-12
2.5064133333333336	0.	0.	0.	0.	0.	6.839389538533904e-28	2.7888252243844464e-25	2.0561442648230865e-22	7.596566823897999e-19	4.361358518836156e-12
2.5197400000000005	0.	0.	0.	0.	0.	4.3973612668121315e-28	1.8532679150685843e-25	1.3956569472885605e-22	5.37330745771804e-19	3.989424940108174e-12
2.533066666666667	0.	0.	0.	0.	0.	2.8337970081028748e-28	1.2330360227531565e-25	9.470734221151219e-23	3.796834490488168e-19	3.638591476828179e-12
2.5463933333333335	0.	0.	0.	0.	0.	1.9750947535937617e-28	8.192926354589696e-26	6.426195569469044e-23	2.6805962708717454e-19	3.3088032825171093e-12
2.5597200000000004	0.	0.	0.	0.	0.	1.2145079590095213e-28	5.450742060938161e-26	4.3591596153718463e-23	1.8906484043404152e-19	2.9998519675140816e-12
2.573046666666667	0.	0.	0.	0.	0.	8.076880898753516e-29	3.6178328292424466e-26	2.9564019592078313e-23	1.332258842472337e-19	2.711462519827578e-12
2.586373333333334	0.	0.	0.	0.	0.	5.10875944934859e-29	2.413162243910413e-26	2.0050621650656594e-23	9.381036106934025e-20	2.4432771527427387e-12
2.5997000000000003	0.	0.	0.	0.	0.	3.152006609680759e-29	1.605284666928907e-26	1.3595921254320678e-23	6.599773343574799e-20	2.1947790738216408e-12
2.613026666666667	0.	0.	0.	0.	0.	2.2980352229616672e-29	1.0658687214614249e-26	9.217680098447591e-24	4.6392231497510235e-20	1.9653924799484474e-12
2.6263533333333338	0.	0.	0.	0.	0.	2.1790504371051377e-29	7.197912092245187e-27	6.249874369880686e-24	3.259098396619436e-20	1.754479643248844e-12
2.6396800000000002	0.	0.	0.	0.	0.	2.0658249595397422e-29	4.7108630035153954e-27	4.237318094226811e-24	2.287753010414496e-20	1.5612664873925197e-12
2.653006666666667	0.	0.	0.	0.	0.	0.	3.218469340561713e-27	2.8722766624031054e-24	1.6047053664753963e-20	1.384947173465811e-12
2.6663333333333337	0.	0.	0.	0.	0.	0.	2.0833621914627174e-27	1.9475538580868807e-24	1.1250354401617987e-20	1.2246895391721497e-12
2.67966	0.	0.	0.	0.	0.	0.	1.4395886933291167e-27	1.320374880662892e-24	7.882013967841786e-21	1.0795638789858487e-12
2.692986666666667	0.	0.	0.	0.	0.	0.	1.0019691059484993e-27	8.951202854562562e-25	5.51849182363822e-21	9.486441104908526e-13
2.7063133333333336	0.	0.	0.	0.	0.	0.	5.643326043836469e-28	6.070625211309568e-25	3.862123310770332e-21	8.310114726532106e-13
2.7196400000000005	0.	0.	0.	0.	0.	0.	3.79763533105587e-28	4.1167345957791464e-25	2.701307852957823e-21	7.256979716524626e-13
2.732966666666667	0.	0.	0.	0.	0.	0.	2.5519180711317817e-28	2.7916830195186975e-25	1.8883019110433713e-21	6.317669233263381e-13
2.7462933333333335	0.	0.	0.	0.	0.	0.	1.7053810355186506e-28	1.8935618984582537e-25	1.319538703917155e-21	5.483162499591615e-13
2.7596200000000004	0.	0.	0.	0.	0.	0.	1.1431067704541405e-28	1.2848596661370104e-25	9.216305985970285e-22	4.744368504595993e-13
2.772946666666667	0.	0.	0.	0.	0.	0.	7.275385767326449e-29	8.710222629372513e-26	6.433921367171032e-22	4.092681758713931e-13
2.786273333333334	0.	0.	0.	0.	0.	0.	5.375266651346229e-29	5.917516933466184e-26	4.490308250687638e-22	3.5200178048679596e-13
2.7996000000000003	0.	0.	0.	0.	0.	0.	3.2264892026774935e-29	4.0174748935330735e-26	3.1325650083749083e-22	3.0185037350014473e-13
2.8129266666666672	0.	0.	0.	0.	0.	0.	2.0342216944642995e-29	2.72895895108928e-26	2.184442859200482e-22	2.58082695346322e-13
2.8262533333333337	0.	0.	0.	0.	0.	0.	1.9234382665919576e-29	1.8481752164275364e-26	1.5229602270105414e-22	2.20026130548636e-13
2.83958	0.	0.	0.	0.	0.	0.	9.091756180122489e-30	1.2546318723260522e-26	1.0614450178421453e-22	1.8704368504278594e-13
2.852906666666667	0.	0.	0.	0.	0.	0.	8.593429529173574e-30	8.555961913303275e-27	7.395251242940181e-23	1.585534601029226e-13
2.8662333333333336	0.	0.	0.	0.	0.	0.	8.120942552903196e-30	5.816079082933573e-27	5.151561738937627e-23	1.3403002596920885e-13
2.8795600000000006	0.	0.	0.	0.	0.	0.	0.	3.94126740986566e-27	3.5877457082385415e-23	1.1298735866613424e-13
2.892886666666667	0.	0.	0.	0.	0.	0.	0.	2.6660847175433084e-27	2.4979263451786316e-23	9.498799729693016e-14
2.9062133333333335	0.	0.	0.	0.	0.	0.	0.	1.8337426832761364e-27	1.7389539632300306e-23	7.964337810799372e-14
2.9195400000000005	0.	0.	0.	0.	0.	0.	0.	1.2528002024680131e-27	1.2103959769297823e-23	6.660132849553131e-14
2.932866666666667	0.	0.	0.	0.	0.	0.	0.	8.445259265509023e-28	8.423015893670919e-24	5.554905453262461e-14
2.946193333333334	0.	0.	0.	0.	0.	0.	0.	5.554105369091937e-28	5.86114067034656e-24	4.6212811506549106e-14
2.9595200000000004	0.	0.	0.	0.	0.	0.	0.	3.912278180004308e-28	4.078038921121355e-24	3.834890790681849e-14
2.972846666666667	0.	0.	0.	0.	0.	0.	0.	2.7782014080987977e-28	2.8369433599871485e-24	3.174349139328397e-14
2.986173333333334	0.	0.	0.	0.	0.	0.	0.	2.0245339356378433e-28	1.9734764201351302e-24	2.621191049402834e-14
2.9995000000000003	0.	0.	0.	0.	0.	0.	0.	1.0730195867785907e-28	1.3728416414725492e-24	2.159240086965865e-14
3.012826666666667	0.	0.	0.	0.	0.	0.	0.	7.395468846809695e-29	9.548875025743128e-25	1.774455168178695e-14
3.0261533333333337	0.	0.	0.	0.	0.	0.	0.	5.216795369287115e-29	6.641824126434948e-25	1.4548609184624255e-14
3.0394800000000006	0.	0.	0.	0.	0.	0.	0.	3.4455498160702304e-29	4.619819494441017e-25	1.1901169666923838e-14
3.052806666666667	0.	0.	0.	0.	0.	0.	0.	2.526147053822052e-29	3.2133333722865755e-25	9.713371854497248e-15
3.0661333333333336	0.	0.	0.	0.	0.	0.	0.	1.7005864618679843e-29	2.235116710408148e-25	7.910281216823387e-15
3.0794600000000005	0.	0.	0.	0.	0.	0.	0.	9.614846738830277e-30	1.554836813019125e-25	6.428039579571072e-15
3.092786666666667	0.	0.	0.	0.	0.	0.	0.	6.685488364759201e-30	1.081448048724892e-25	5.21226949868489e-15
3.106113333333334	0.	0.	0.	0.	0.	0.	0.	5.68860202870116e-30	7.524176781542593e-26	4.2175926947430075e-15
3.1194400000000004	0.	0.	0.	0.	0.	0.	0.	2.678797058691303e-30	5.234408108147782e-26	3.4058009635610906e-15
3.132766666666667	0.	0.	0.	0.	0.	0.	0.	2.5224784671975048e-30	3.642362151618059e-26	2.744630633779889e-15
3.146093333333334	0.	0.	0.	0.	0.	0.	0.	2.374868173022075e-30	2.5351185075749506e-26	2.2074168363334266e-15
3.1594200000000003	0.	0.	0.	0.	0.	0.	0.	2.2355138117175606e-30	1.7647293222893496e-26	1.7719549354267568e-15
3.1727466666666673	0.	0.	0.	0.	0.	0.	0.	0.	1.2276057538950625e-26	1.4196389408264493e-15
3.1860733333333338	0.	0.	0.	0.	0.	0.	0.	0.	8.547507175110656e-27	1.1352291342119207e-15
3.1994000000000002	0.	0.	0.	0.	0.	0.	0.	0.	5.951297435566074e-27	9.06163871748694e-16
3.212726666666667	0.	0.	0.	0.	0.	0.	0.	0.	4.141249301640497e-27	7.219916747749103e-16
3.2260533333333337	0.	0.	0.	0.	0.	0.	0.	0.	2.8917806752537168e-27	5.742232124044224e-16
3.2393800000000006	0.	0.	0.	0.	0.	0.	0.	0.	2.010637228298101e-27	4.559268438379622e-16
3.252706666666667	0.	0.	0.	0.	0.	0.	0.	0.	1.4027436078299159e-27	3.613728084565169e-16
3.2660333333333336	0.	0.	0.	0.	0.	0.	0.	0.	9.794945529683804e-28	2.8594312402566507e-16
3.2793600000000005	0.	0.	0.	0.	0.	0.	0.	0.	6.827169579690502e-28	2.259001211686237e-16
3.292686666666667	0.	0.	0.	0.	0.	0.	0.	0.	4.745002236444851e-28	1.7817267515118276e-16
3.306013333333334	0.	0.	0.	0.	0.	0.	0.	0.	3.3215627352005626e-28	1.4030347235341184e-16
3.3193400000000004	0.	0.	0.	0.	0.	0.	0.	0.	2.278565054690276e-28	1.1031982169667599e-16
3.3326666666666673	0.	0.	0.	0.	0.	0.	0.	0.	1.595312475491875e-28	8.660973745663672e-17
3.345993333333334	0.	0.	0.	0.	0.	0.	0.	0.	1.0956047364386472e-28	6.789227666635005e-17
3.3593200000000003	0.	0.	0.	0.	0.	0.	0.	0.	8.031839957938639e-29	5.314636145244053e-17
3.3726466666666672	0.	0.	0.	0.	0.	0.	0.	0.	5.228575039508201e-29	4.154264837495572e-17
3.3859733333333337	0.	0.	0.	0.	0.	0.	0.	0.	3.8751898483746656e-29	3.242598818440366e-17
3.3993000000000007	0.	0.	0.	0.	0.	0.	0.	0.	2.8860631076048745e-29	2.52771316446474e-17
3.412626666666667	0.	0.	0.	0.	0.	0.	0.	0.	2.1400394395195743e-29	1.9677486886212502e-17
3.4259533333333336	0.	0.	0.	0.	0.	0.	0.	0.	1.0878339671713748e-29	1.5297698545653507e-17
3.4392800000000006	0.	0.	0.	0.	0.	0.	0.	0.	7.635421334370509e-30	1.1878241551475166e-17
3.452606666666667	0.	0.	0.	0.	0.	0.	0.	0.	5.2882586560339315e-30	9.211361081182242e-18
3.465933333333334	0.	0.	0.	0.	0.	0.	0.	0.	3.6948006988941615e-30	7.134189880915983e-18
3.4792600000000005	0.	0.	0.	0.	0.	0.	0.	0.	2.4742733940283715e-30	5.519087336325605e-18
3.492586666666667	0.	0.	0.	0.	0.	0.	0.	0.	1.855457760388191e-30	4.264541691207555e-18
3.505913333333334	0.	0.	0.	0.	0.	0.	0.	0.	1.3042291400458883e-30	3.2912406730974783e-18
3.5192400000000004	0.	0.	0.	0.	0.	0.	0.	0.	8.14769928522988e-31	2.537341871570117e-18
3.5325666666666673	0.	0.	0.	0.	0.	0.	0.	0.	7.633728758273954e-31	1.9539629579019926e-18
3.545893333333334	0.	0.	0.	0.	0.	0.	0.	0.	3.5755025443320474e-31	1.503028694398854e-18
3.5592200000000007	0.	0.	0.	0.	0.	0.	0.	0.	3.3488718916009877e-31	1.1549916468737157e-18
3.572546666666667	0.	0.	0.	0.	0.	0.	0.	0.	3.136101008013127e-31	8.866302705717337e-19
3.5858733333333337	0.	0.	0.	0.	0.	0.	0.	0.	2.9363690451349238e-31	6.799074575229106e-19
3.5992000000000006	0.	0.	0.	0.	0.	0.	0.	0.	0.	5.208882322992104e-19
3.612526666666667	0.	0.	0.	0.	0.	0.	0.	0.	0.	3.986798261145868e-19
3.625853333333334	0.	0.	0.	0.	0.	0.	0.	0.	0.	3.04842848971655e-19
3.6391800000000005	0.	0.	0.	0.	0.	0.	0.	0.	0.	2.3288445476726443e-19
3.652506666666667	0.	0.	0.	0.	0.	0.	0.	0.	0.	1.7775487774509772e-19
3.665833333333334	0.	0.	0.	0.	0.	0.	0.	0.	0.	1.3555068398772027e-19
3.6791600000000004	0.	0.	0.	0.	0.	0.	0.	0.	0.	1.0328050084460963e-19
3.6924866666666674	0.	0.	0.	0.	0.	0.	0.	0.	0.	7.862883491269577e-20
3.705813333333334	0.	0.	0.	0.	0.	0.	0.	0.	0.	5.98095188128244e-20
3.7191400000000003	0.	0.	0.	0.	0.	0.	0.	0.	0.	4.545874445268801e-20
3.7324666666666673	0.	0.	0.	0.	0.	0.	0.	0.	0.	3.4525550805382804e-20
3.7457933333333338	0.	0.	0.	0.	0.	0.	0.	0.	0.	2.6200724445586736e-20
3.7591200000000007	0.	0.	0.	0.	0.	0.	0.	0.	0.	1.9868517597857876e-20
3.772446666666667	0.	0.	0.	0.	0.	0.	0.	0.	0.	1.505641988825265e-20
3.7857733333333337	0.	0.	0.	0.	0.	0.	0.	0.	0.	1.14012064828595e-20
3.7991000000000006	0.	0.	0.	0.	0.	0.	0.	0.	0.	8.627378935487406e-21
3.812426666666667	0.	0.	0.	0.	0.	0.	0.	0.	0.	6.524360802107115e-21
3.825753333333334	0.	0.	0.	0.	0.	0.	0.	0.	0.	4.93051282204164e-21
3.8390800000000005	0.	0.	0.	0.	0.	0.	0.	0.	0.	3.723603284281811e-21
3.8524066666666674	0.	0.	0.	0.	0.	0.	0.	0.	0.	2.8105521665169142e-21
3.865733333333334	0.	0.	0.	0.	0.	0.	0.	0.	0.	2.120000729445032e-21
3.8790600000000004	0.	0.	0.	0.	0.	0.	0.	0.	0.	1.5981391001485078e-21
3.8923866666666673	0.	0.	0.	0.	0.	0.	0.	0.	0.	1.2041344253700926e-21
3.905713333333334	0.	0.	0.	0.	0.	0.	0.	0.	0.	9.06716506293373e-22
3.9190400000000007	0.	0.	0.	0.	0.	0.	0.	0.	0.	6.823672191419497e-22
3.9323666666666672	0.	0.	0.	0.	0.	0.	0.	0.	0.	5.132991519544355e-22
3.9456933333333337	0.	0.	0.	0.	0.	0.	0.	0.	0.	3.859029804953471e-22
3.9590200000000006	0.	0.	0.	0.	0.	0.	0.	0.	0.	2.8996835135284024e-22
3.972346666666667	0.	0.	0.	0.	0.	0.	0.	0.	0.	2.177969663844358e-22
3.985673333333334	0.	0.	0.	0.	0.	0.	0.	0.	0.	1.635032302348364e-22
3.9990000000000006	0.	0.	0.	0.	0.	0.	0.	0.	0.	1.2268161972866426e-22