1.681714761615664512e+07 -1.203191984162012860e+07 2.365889016802071594e+06 5.773486990420935908e+05 3.080952571803964674e+06 3.736187226889137179e+06 2.251682280260834098e+07 3.100148015724204015e+04 4.952833735562420043e+04 4.824492896959554855e+03 -6.014395290270373225e+05 4.102962491509019164e+05 6.641044679417333100e+05 7.357582149596174713e+05 7.423989753609753679e+05 7.591966086059857626e+05 7.728669506204850040e+05 7.672914399354176130e+05 7.202822788729952881e+05 4.380254669036686537e+05
-1.203191984162010811e+07 1.989791877277070656e+07 -6.334449140280287713e+06 -1.340221690457032528e+06 -4.979901094247737899e+06 -5.875930849377947859e+06 -3.586233625912420452e+07 4.557209848592768822e+02 5.576948078963805528e+02 -3.788155759605158437e+02 -2.473305934775360394e+06 -2.094380231672647875e+06 -1.704535827216781676e+06 -1.539003598952023778e+06 -1.378628961918658111e+06 -1.299637262025643839e+06 -1.253339206992425956e+06 -1.169706238934533438e+06 -1.067043745944387745e+06 -5.977647734242191073e+05
2.365889016802020371e+06 -6.334449140280281194e+06 2.865156437664926052e+06 6.010423872323444812e+05 1.584083135595766595e+06 1.702946219441399677e+06 1.412074987355561182e+07 -7.291576222425460401e+02 -9.925430599238687819e+02 3.478060351918987294e+02 1.103545573134228354e+06 9.979260576340450207e+05 8.147901855284338817e+05 7.072396946954567684e+05 6.326960789161417633e+05 5.775672818995999405e+05 5.336305224086535163e+05 4.902497522206331487e+05 4.320493781312386272e+05 2.600627858353832562e+05
5.773486990420781076e+05 -1.340221690457031596e+06 6.010423872323456453e+05 1.304031329692283180e+05 3.301666733820501249e+05 3.235199101008354919e+05 2.938661239879705012e+06 9.565988598540133125e+01 1.924545615839569450e+02 1.208552377524195407e+02 1.521417242398103117e+05 1.695537201312751858e+05 1.563560148877488100e+05 1.466076416337110859e+05 1.380714416796034784e+05 1.314803416783608263e+05 1.264385851452501374e+05 1.200450115049711603e+05 1.113066134253776108e+05 7.063103582080492924e+04
3.080952571803963743e+06 -4.979901094247739762e+06 1.584083135595766827e+06 3.301666733820501249e+05 1.283105744788860902e+06 1.625344419020730071e+06 9.114352393186023459e+06 -2.413099782537329645e+02 -3.300732966611371921e+02 1.086197808463121532e+02 7.659298121604006737e+05 5.713475480485118460e+05 4.298265634569583344e+05 3.665414707686100155e+05 3.291890414845219930e+05 3.074389037181043532e+05 2.911916199959672522e+05 2.743676935875171912e+05 2.456805650814438122e+05 1.377583889980125823e+05
3.736187226889145561e+06 -5.875930849377954379e+06 1.702946219441399211e+06 3.235199101008349098e+05 1.625344419020731468e+06 2.601994183334740344e+06 1.058926630180171505e+07 -9.632696973134873133e+02 -1.438104798239578031e+03 1.168970070384779376e+02 1.537112859554396011e+06 9.098194878557428019e+05 5.712753429739581188e+05 4.027069042073276360e+05 3.008442480610075872e+05 2.340325809252844483e+05 1.845406595866267453e+05 1.416592657078990596e+05 9.628438199192369939e+04 2.870553421925570365e+04
2.251682280260831863e+07 -3.586233625912419707e+07 1.412074987355558760e+07 2.938661239879699890e+06 9.114352393186021596e+06 1.058926630180171132e+07 8.030291385784129798e+07 -1.008739517160168361e+03 -1.205714033596781974e+03 9.055597175723671626e+02 6.026136345683407970e+06 5.290382980069719255e+06 4.254476268218064681e+06 3.639530401454219595e+06 3.201184965410026256e+06 2.888140771229037084e+06 2.634514585840680171e+06 2.391356699894038029e+06 2.077084711668391479e+06 1.227568057610244025e+06
3.100148015724584548e+04 4.557209848591226091e+02 -7.291576222427808034e+02 9.565988598543907528e+01 -2.413099782535152826e+02 -9.632696973126671764e+02 -1.008739517163395249e+03 3.153393693237448133e+03 5.060659297205593248e+03 5.555801552944549258e+02 -3.466434539453437083e+03 -1.863173297406680604e+03 -5.368723316930628471e+02 -3.894678857395060732e+02 -4.376038709260739665e+02 -2.813210759865793875e+02 -1.771956363426408245e+02 -8.208527015111710057e+01 -8.205300055093069034e+01 -1.942799248492592596e+02
4.952833735563245864e+04 5.576948078960342627e+02 -9.925430599245084977e+02 1.924545615839914490e+02 -3.300732966607585013e+02 -1.438104798238353396e+03 -1.205714033602286236e+03 5.060659297205621442e+03 8.307585758399511178e+03 1.385509296110541527e+03 -5.233016140599716891e+03 -2.876900471530249888e+03 -8.273861069854015113e+02 -5.766760579536677369e+02 -6.575542220233537591e+02 -4.440171604426186605e+02 -2.828512118304108753e+02 -1.262080606498559234e+02 -1.457341173734673987e+02 -3.439272555262464834e+02
4.824492896965923137e+03 -3.788155759612884594e+02 3.478060351911543648e+02 1.208552377523584340e+02 1.086197808465293804e+02 1.168970070385275761e+02 9.055597175705995596e+02 5.555801552945324602e+02 1.385509296110661808e+03 1.428520148304181930e+03 2.635645582999410976e+02 -3.153667968641520503e+01 3.172859867577049187e+01 5.784517544098267905e+01 2.874642738575577994e+01 -3.312361703954735503e+01 -4.226009695289667434e+01 -5.021292357526080607e+00 -2.286777641977202791e+01 -1.250910001029344869e+02
-6.014395290269549005e+05 -2.473305934775350615e+06 1.103545573134184349e+06 1.521417242398007074e+05 7.659298121603997424e+05 1.537112859554394614e+06 6.026136345683373511e+06 -3.466434539450773173e+03 -5.233016140594552780e+03 2.635645583029068462e+02 3.526586253254267387e+06 3.788811021170283784e+05 3.894621237803153235e+02 -8.418856542554129192e+03 -4.227430060309896362e+03 -3.506186010980446554e+03 -2.726506191703092099e+03 -1.583547810691457698e+03 -5.055403258925026080e+02 3.165117283554731102e+02
4.102962491509010433e+05 -2.094380231672653463e+06 9.979260576340385014e+05 1.695537201312733814e+05 5.713475480485130101e+05 9.098194878557436168e+05 5.290382980069720186e+06 -1.863173297406973006e+03 -2.876900471530507275e+03 -3.153667968586827897e+01 3.788811021170373424e+05 1.952298228967028670e+06 3.658298811351284385e+05 1.021703490823310676e+04 -6.522549417526756770e+02 -1.595979813503365222e+03 -1.155200817890004146e+03 -8.491596985390583541e+02 -2.945458700964345553e+02 1.215669880926695043e+02
6.641044679416622967e+05 -1.704535827216769569e+06 8.147901855284459889e+05 1.563560148877507891e+05 4.298265634569558315e+05 5.712753429739566054e+05 4.254476268218075857e+06 -5.368723316931682348e+02 -8.273861069855901178e+02 3.172859867566918268e+01 3.894621238092668136e+02 3.658298811351355398e+05 1.234442026709305355e+06 3.467282208079227712e+05 1.026044877607406488e+04 1.538024448622282080e+03 -7.953575607868202724e+01 -2.267422236293881497e+02 -7.960219705304857030e+01 5.713145286218496466e+01
7.357582149596009403e+05 -1.539003598952025641e+06 7.072396946954599116e+05 1.466076416337113769e+05 3.665414707686104812e+05 4.027069042073272867e+05 3.639530401454227511e+06 -3.894678857397767615e+02 -5.766760579541313518e+02 5.784517544083136897e+01 -8.418856542542118405e+03 1.021703490823547327e+04 3.467282208079230040e+05 9.148220638486852404e+05 3.056139684182152268e+05 1.154755875862473113e+04 1.711885426243510892e+03 5.975625458635227716e+01 -3.589150976432478046e+01 4.158351368183897989e+01
7.423989753609379986e+05 -1.378628961918674642e+06 6.326960789161506109e+05 1.380714416796047590e+05 3.291890414845261839e+05 3.008442480610138155e+05 3.201184965410037432e+06 -4.376038709259555048e+02 -6.575542220232485988e+02 2.874642738553600907e+01 -4.227430060293158931e+03 -6.522549417490657788e+02 1.026044877607433955e+04 3.056139684182166238e+05 7.463872528044024948e+05 2.691517594175153645e+05 1.097585129570501886e+04 1.399289561182660918e+03 7.545113177938981153e+01 4.147794202651675732e+01
7.591966086059377994e+05 -1.299637262025638018e+06 5.775672818996082060e+05 1.314803416783619032e+05 3.074389037181030144e+05 2.340325809252824984e+05 2.888140771229056641e+06 -2.813210759866818194e+02 -4.440171604428344381e+02 -3.312361703968016968e+01 -3.506186010957539111e+03 -1.595979813499310467e+03 1.538024448621534702e+03 1.154755875862472203e+04 2.691517594175155391e+05 6.506289714681144105e+05 2.371926873110026645e+05 8.893016929995483224e+03 9.377596664836103173e+02 9.147237884512952633e+01
7.728669506204986246e+05 -1.253339206992431078e+06 5.336305224086521193e+05 1.264385851452499919e+05 2.911916199959684163e+05 1.845406595866287244e+05 2.634514585840674117e+06 -1.771956363424950780e+02 -2.828512118302207909e+02 -4.226009695297151580e+01 -2.726506191708804181e+03 -1.155200817890467533e+03 -7.953575607919115953e+01 1.711885426244083646e+03 1.097585129570503341e+04 2.371926873110023444e+05 5.964068743159458973e+05 2.025860119811944314e+05 6.086909882217638369e+03 4.532065837758179896e+02
7.672914399354250636e+05 -1.169706238934529247e+06 4.902497522206320427e+05 1.200450115049710876e+05 2.743676935875163181e+05 1.416592657078980119e+05 2.391356699894038029e+06 -8.208527015111017988e+01 -1.262080606498534365e+02 -5.021292357549204333e+00 -1.583547810695611361e+03 -8.491596985394564854e+02 -2.267422236293982678e+02 5.975625458689693659e+01 1.399289561182690932e+03 8.893016929995570536e+03 2.025860119811946061e+05 5.791921010497161187e+05 1.519404249780071841e+05 2.714195978881410156e+03
7.202822788729977328e+05 -1.067043745944385417e+06 4.320493781312382198e+05 1.113066134253775526e+05 2.456805650814434339e+05 9.628438199192314642e+04 2.077084711668393342e+06 -8.205300055090064859e+01 -1.457341173734208724e+02 -2.286777641977320741e+01 -5.055403258927208867e+02 -2.945458700964383070e+02 -7.960219705319578054e+01 -3.589150976428092576e+01 7.545113177943846949e+01 9.377596664836753462e+02 6.086909882217541053e+03 1.519404249780070968e+05 5.814940823233228875e+05 7.578982507282489678e+04
4.380254669036683626e+05 -5.977647734242191073e+05 2.600627858353829943e+05 7.063103582080491469e+04 1.377583889980124659e+05 2.870553421925547082e+04 1.227568057610244025e+06 -1.942799248492576680e+02 -3.439272555262405717e+02 -1.250910001029241556e+02 3.165117283556368761e+02 1.215669880925415498e+02 5.713145286212841256e+01 4.158351368176385421e+01 4.147794202646865358e+01 9.147237884508132311e+01 4.532065837757909321e+02 2.714195978881407427e+03 7.578982507282489678e+04 3.961720090232150396e+05
