3.397896494206426e-9
5.099866651668091e-9
5.787149136268758e-9
6.144093973553059e-9
6.506882387978148e-9
6.794444181244276e-9
6.962477628723868e-9
7.104855661612676e-9
7.217093442037436e-9
7.331548163521348e-9
7.411949506122627e-9
7.506195778591074e-9
7.6399784839077e-9
8.746847244916661e-9
1.0545428632849065e-8
1.1531723881903002e-8
1.2545072276197579e-8
1.3354891349215932e-8
1.3827356961886341e-8
1.4228357811758642e-8
1.4545500540337067e-8
1.4868369986224374e-8
1.5094721241715474e-8
1.5360856908192516e-8
1.5737689662781856e-8
1.319161119151157e-8
1.473255620983454e-8
1.63393590511428e-8
1.763048416998433e-8
1.838569567054185e-8
1.9028333487201877e-8
1.9536002034556887e-8
2.0053507137690096e-8
2.0415979187623627e-8
2.0842609998574194e-8
2.144640609432317e-8
1.6711974976837622e-8
1.8837719875883918e-8
2.0561952568540823e-8
2.15765951583237e-8
2.2441776407006867e-8
2.3124700058282928e-8
2.3821665661853776e-8
2.4309535848728927e-8
2.4884121172643028e-8
2.5697311263092108e-8
2.167368096572201e-8
2.4043101820924396e-8
2.545589311469836e-8
2.6663546988822326e-8
2.7616256767917277e-8
2.858958379870686e-8
2.9270536212573114e-8
3.00730068193638e-8
3.120882240543949e-8
2.709879570334127e-8
2.8975036833606917e-8
3.0575057925219544e-8
3.1836561565115664e-8
3.312607301107468e-8
3.4028036482524214e-8
3.509136958158043e-8
3.659651122492431e-8
3.1240094258431655e-8
3.31924070474768e-8
3.4721484413816476e-8
3.6283672881254975e-8
3.737643133766877e-8
3.866500545310641e-8
4.048940397228318e-8
3.555708244740167e-8
3.741357383128945e-8
3.9295165637637216e-8
4.0610496612282064e-8
4.216249108680636e-8
4.436016112072787e-8
3.96034995575087e-8
4.1824696162370156e-8
4.336274598384358e-8
4.517926285418522e-8
4.7752860232031473e-8
4.447866996378965e-8
4.63126387148912e-8
4.845644905623223e-8
5.1497956646099224e-8
4.842393168245365e-8
5.086237417895615e-8
5.4293769251072244e-8
5.3799735827515876e-8
5.7792324705128634e-8
6.302367741295102e-8
2.8105501607435546e-9
4.2747380419829575e-9
4.877365163696728e-9
5.192288346613361e-9
5.513211126893891e-9
5.767711806247267e-9
5.9165588688936375e-9
6.042605020710282e-9
6.142137492225504e-9
6.2434864892942294e-9
6.3147564692799116e-9
6.398347130849104e-9
6.516875893513002e-9
7.490579432661363e-9
9.123080089309174e-9
1.0027677025430206e-8
1.096006132026297e-8
1.1706134971632892e-8
1.2141605124900233e-8
1.2511272804663338e-8
1.2803837252687669e-8
1.3101530834769093e-8
1.3310289030165493e-8
1.3555837177293044e-8
1.3903321054678313e-8
1.1568880605662596e-8
1.301394335185866e-8
1.4527094348447843e-8
1.5744785626084427e-8
1.645755123626567e-8
1.7064320727369085e-8
1.7543775518793465e-8
1.8032448426297924e-8
1.8374759462299234e-8
1.877778943270026e-8
1.934797107258383e-8
1.489609267397758e-8
1.6931092489586295e-8
1.858539426652588e-8
1.9560088382042686e-8
2.0391621512553407e-8
2.1048046365474275e-8
2.171798964355519e-8
2.2186946099807773e-8
2.2739417184156282e-8
2.3521105356853637e-8
1.969132578393994e-8
2.2008646410246877e-8
2.3393442736181638e-8
2.4577830734149666e-8
2.551219232169567e-8
2.6466895718392632e-8
2.713478959325516e-8
2.792207042283316e-8
2.9036196698991555e-8
2.5040708963944705e-8
2.6910989981745145e-8
2.8506045817188107e-8
2.9763525408062786e-8
3.104911138314502e-8
3.1948293401571524e-8
3.300858142605033e-8
3.450923444433704e-8
2.9194269358777765e-8
3.116428930744456e-8
3.2706059437264054e-8
3.42812730098091e-8
3.5383145156659256e-8
3.668271438072443e-8
3.852253830387396e-8
3.357818723084317e-8
3.5472469421335273e-8
3.739091953218494e-8
3.873194908849166e-8
4.031459908649273e-8
4.25555657091762e-8
3.7728867361527605e-8
4.001616703575137e-8
4.159850309434812e-8
4.34678345128456e-8
4.61162841251599e-8
4.277683526599255e-8
4.4682684750557095e-8
4.690899447396011e-8
5.006794654588644e-8
4.689431615792954e-8
4.944450303410333e-8
5.303103497103967e-8
5.254869904503955e-8
5.675411939413191e-8
6.234312224369838e-8
2.3062072992824403e-9
3.5443171329015786e-9
4.061667213276592e-9
4.333699366964091e-9
4.611752651579723e-9
4.832368877839936e-9
4.961457352123982e-9
5.070863151945217e-9
5.1572956216696135e-9
5.245305126518136e-9
5.307230303401652e-9
5.379777726182393e-9
5.482704434242017e-9
6.313369413320401e-9
7.753516677854475e-9
8.560006072838623e-9
9.39437327689072e-9
1.0062811860801777e-8
1.0453167091628573e-8
1.0784797082421906e-8
1.1047263379041458e-8
1.1314371027766654e-8
1.1501690522942367e-8
1.1721946378878827e-8
1.2033691146800353e-8
9.946695214158427e-9
1.1262008538658027e-8
1.2645879790433583e-8
1.3761139865478656e-8
1.4414507615853011e-8
1.497115170950541e-8
1.5410898474783413e-8
1.585923909886492e-8
1.617328164759954e-8
1.654296881381961e-8
1.7066043397995972e-8
1.2999256391913441e-8
1.4892000384116574e-8
1.643420121161409e-8
1.7344146849062967e-8
1.812104615094743e-8
1.8734175356698647e-8
1.9360167750411935e-8
1.9798311163379913e-8
2.031444490260598e-8
2.1044806749928553e-8
1.7504616460286548e-8
1.97097836258355e-8
2.1030888254105886e-8
2.2161649546275537e-8
2.3053473818520432e-8
2.3965055295014353e-8
2.4602703475856042e-8
2.5354324817345446e-8
2.641810368408276e-8
2.264094462015625e-8
2.4458510497532863e-8
2.6008747870672353e-8
2.723052106253845e-8
2.8480016885059515e-8
2.9353872169153073e-8
3.038431708685631e-8
3.184287310924339e-8
2.670536027211627e-8
2.8646250278428327e-8
3.016356690481832e-8
3.171405854562997e-8
3.279859503862367e-8
3.407775348883046e-8
3.588887251984376e-8
3.105576996460482e-8
3.294534561564179e-8
3.485747953213663e-8
3.619396892992792e-8
3.777139129814512e-8
4.000518660661962e-8
3.5221250014448505e-8
3.752691451585586e-8
3.912010539739528e-8
4.100259783920973e-8
4.367009449138098e-8
4.034187269420672e-8
4.2282910175388224e-8
4.454812116111089e-8
4.776314677529585e-8
4.455616826040451e-8
4.7171961440278843e-8
5.084850587879059e-8
5.039480564279526e-8
5.474412263509378e-8
6.061956900877361e-8
1.8614230560874677e-9
2.8930194973027417e-9
3.3292115531059664e-9
3.559873162374093e-9
3.79633759315076e-9
3.9841641577573756e-9
4.094216564308901e-9
4.187511676401448e-9
4.261118135788068e-9
4.336197640539752e-9
4.388907753979973e-9
4.450746813410643e-9
4.538536352305229e-9
5.231332023295384e-9
6.469352139448648e-9
7.169407120409486e-9
7.896464274419187e-9
8.479689722138942e-9
8.820632747776434e-9
9.110442320538045e-9
9.339636200434398e-9
9.573057661529242e-9
9.736605413470479e-9
9.929012897722115e-9
1.0201410280787994e-8
8.379292689320365e-9
9.540931930463627e-9
1.0769182521805886e-8
1.1760507763685448e-8
1.2341987423185982e-8
1.2837681297189872e-8
1.3228997386490082e-8
1.3628227417077127e-8
1.3907697059606402e-8
1.4236804102485485e-8
1.4702547060107914e-8
1.1095336927221605e-8
1.2802592255738462e-8
1.4197039950143865e-8
1.5021248121882213e-8
1.5725380034880842e-8
1.6280742458705133e-8
1.6848105429103013e-8
1.7245011814535896e-8
1.7712711267050313e-8
1.8374643349912526e-8
1.5201085619486975e-8
1.7237478473439845e-8
1.846096976797081e-8
1.950881683624248e-8
2.033484985176064e-8
2.1179621396306195e-8
2.1770308559316116e-8
2.2466748397088054e-8
2.3452563962441088e-8
1.998972777228636e-8
2.170651979974656e-8
2.317053904420444e-8
2.4323804992017016e-8
2.550374295077897e-8
2.6328721650239166e-8
2.7301735545914955e-8
2.8679159643094773e-8
2.3858034533854488e-8
2.5718688144402825e-8
2.717122868045425e-8
2.8655848636079663e-8
2.9694126936505664e-8
3.0918945233989986e-8
3.265334207458209e-8
2.8062638866490517e-8
2.9899197625923475e-8
3.175586117330081e-8
3.305330375386948e-8
3.458496987892518e-8
3.675422856607443e-8
3.2139155891627366e-8
3.440674244735618e-8
3.597130389670894e-8
3.782054162904234e-8
4.044136797914778e-8
3.721145084612719e-8
3.9142588384542876e-8
4.139375275418223e-8
4.458986255499613e-8
4.14281644116515e-8
4.4051720461338916e-8
4.7736377119862067e-8
4.7329471960468256e-8
5.173218300790908e-8
5.7792685418206784e-8
1.4929287345046571e-9
2.3429587660549528e-9
2.7060400604010756e-9
2.8989935345750408e-9
3.0972298938356144e-9
3.2547987009293713e-9
3.3471594781077218e-9
3.4255289347647124e-9
3.4874542017626707e-9
3.5504323230380405e-9
3.594769755591239e-9
3.6467539171373075e-9
3.7205284560964403e-9
4.292489184473407e-9
5.336761788467121e-9
5.931738085894359e-9
6.551686477981302e-9
7.049535355799238e-9
7.34075960072779e-9
7.588450530009217e-9
7.784395089317114e-9
7.983760536526177e-9
8.123580425491664e-9
8.288047665722237e-9
8.520840113128266e-9
6.961127568977584e-9
7.960125238561577e-9
9.021017773939542e-9
9.878405435347763e-9
1.038180366609645e-8
1.081115475328043e-8
1.1150093710343214e-8
1.1495747603454743e-8
1.1737838658601982e-8
1.2022911436161181e-8
1.2426292001131554e-8
9.310988192730414e-9
1.0805860665925558e-8
1.2029661311834508e-8
1.2754090391586104e-8
1.337329351040974e-8
1.3861638340419884e-8
1.4360445204002188e-8
1.4709503790601044e-8
1.512082250588715e-8
1.5702924734495912e-8
1.2940171917600232e-8
1.4763260648097312e-8
1.5861539852056404e-8
1.6802594143899603e-8
1.7544375703542167e-8
1.830294834355401e-8
1.8833463261270545e-8
1.9458982576454373e-8
2.034438970090058e-8
1.7268332050761655e-8
1.884053836435748e-8
2.0180610811362337e-8
2.123601530989161e-8
2.23158319491587e-8
2.3070919870176146e-8
2.3961550534095588e-8
2.52223445288943e-8
2.0839510915230686e-8
2.257008311386761e-8
2.391919059421882e-8
2.529787704227442e-8
2.6262241443213796e-8
2.7399927872728344e-8
2.901098871393121e-8
2.47852324165665e-8
2.651950263817572e-8
2.827010147866887e-8
2.949350072134567e-8
3.093793772053331e-8
3.2983741781513784e-8
2.8664231606680988e-8
3.0832930500818176e-8
3.232699255052301e-8
3.409335856820606e-8
3.6597032558991456e-8
3.3554631708161436e-8
3.5425769672545555e-8
3.7603838735968404e-8
4.0697126954827125e-8
3.766685641358881e-8
4.023158744844849e-8
4.383003877890829e-8
4.348731774310615e-8
4.7835527057157906e-8
5.395133217610767e-8
1.1791591341096605e-9
1.868622189323897e-9
2.166624370324232e-9
2.3255876389707035e-9
2.489158694901718e-9
2.619471177142053e-9
2.695870049157945e-9
2.7606557916093695e-9
2.811788199458248e-9
2.863961270621172e-9
2.9005801334454226e-9
2.9436178482725974e-9
3.0046610764006076e-9
3.475664641524674e-9
4.345584992961154e-9
4.843507741928768e-9
5.3634960808225685e-9
5.781788671734333e-9
6.026540291897198e-9
6.2346462043987635e-9
6.399179834662367e-9
6.566828653745128e-9
6.684251969508993e-9
6.822519329952848e-9
7.018149655907043e-9
5.705469525915006e-9
6.5473033084074395e-9
7.444035652410271e-9
8.169917196688748e-9
8.596322473393747e-9
8.959956626652818e-9
9.246896199983056e-9
9.539808261311509e-9
9.744788835423428e-9
9.986323509160463e-9
1.0328010553510143e-8
7.693422699988865e-9
8.969041577511197e-9
1.0015788207274546e-8
1.0636019635183761e-8
1.1166151280653095e-8
1.158412078338983e-8
1.2011369557977277e-8
1.2310164260184275e-8
1.2662432508903198e-8
1.3160884618401548e-8
1.0813645165022383e-8
1.2398515722580403e-8
1.3355310499119953e-8
1.4175163626243463e-8
1.482126261052145e-8
1.5482351527577957e-8
1.594448813859786e-8
1.6489586029611433e-8
1.7261080748164344e-8
1.4608787003826746e-8
1.6003931188285948e-8
1.7191883150133346e-8
1.812717206467451e-8
1.908449028240624e-8
1.9753725477464794e-8
2.054331565097522e-8
2.1661004671976356e-8
1.7803177715932454e-8
1.936202860189887e-8
2.0575207573490377e-8
2.1815145915264492e-8
2.2682328423191725e-8
2.370560465595455e-8
2.5154625492597512e-8
2.1390796980728678e-8
2.297761943862388e-8
2.4576919420336506e-8
2.569434864232752e-8
2.7014035736057874e-8
2.88831624523965e-8
2.496936509147008e-8
2.6981105109384024e-8
2.836421711560261e-8
3.0000075958626366e-8
3.231900611119326e-8
2.9546019211602583e-8
3.1305926257852465e-8
3.335109136540651e-8
3.62566035881995e-8
3.34419303398684e-8
3.5877744582785174e-8
3.9291060615012164e-8
3.9026026873980715e-8
4.320176872590063e-8
4.922047143599364e-8
9.239289023997667e-10
1.4726058640652845e-9
1.7131753115893162e-9
1.8419712231253111e-9
1.9746523732771932e-9
2.080483152989962e-9
2.1425030090125783e-9
2.19512136148955e-9
2.2367018672265745e-9
2.2790644315594376e-9
2.308860417107744e-9
2.3438535601905986e-9
2.393501140525356e-9
2.7779829164899783e-9
3.495782470732554e-9
3.907945595248692e-9
4.338887144415123e-9
4.685954319720901e-9
4.8889417341403805e-9
5.061566060063137e-9
5.198142601226959e-9
5.337219240272371e-9
5.434697090850592e-9
5.549434461099856e-9
5.7117883359936945e-9
4.624546291215347e-9
5.325510120562763e-9
6.07327704252967e-9
6.679222880261076e-9
7.0350966852943955e-9
7.338617137027411e-9
7.578245013801535e-9
7.822761101414012e-9
7.99394149359972e-9
8.195599895827323e-9
8.480892246714233e-9
6.283268617210399e-9
7.352507906655478e-9
8.231258434416175e-9
8.752021913950259e-9
9.19718512961497e-9
9.548305174670772e-9
9.907119805221393e-9
1.0158119605660168e-8
1.0453992105797037e-8
1.0872668554453905e-8
8.910792075016094e-9
1.025546283708371e-8
1.106812068241593e-8
1.1764487849074685e-8
1.231341206236878e-8
1.2874969145521173e-8
1.3267593704949609e-8
1.3730658327679618e-8
1.4386074642481005e-8
1.2151819221012066e-8
1.3354118870651721e-8
1.4376666932764518e-8
1.5181714971465344e-8
1.6005619904969017e-8
1.6581677922570295e-8
1.7261295218816817e-8
1.822334937953187e-8
1.4924079010528216e-8
1.628509993804259e-8
1.7342619560339733e-8
1.8423119523425033e-8
1.9178951949903117e-8
2.0070803070714842e-8
2.1333790809147424e-8
1.8084690844855983e-8
1.9491048814780567e-8
2.0905512552893324e-8
2.189385739691467e-8
2.306118272348163e-8
2.4714619060027095e-8
2.1282674945742155e-8
2.308952644541517e-8
2.432917920264662e-8
2.5795745696219568e-8
2.787503682958381e-8
2.5431182868797098e-8
2.703468130278411e-8
2.889407647893048e-8
3.1536789858632285e-8
2.9008712081180163e-8
3.1250156189983483e-8
3.4386480328415726e-8
3.420527434533838e-8
3.8092772245755693e-8
4.385088824010723e-8
7.232425031352164e-10
1.1526743735776977e-9
1.3434238251630105e-9
1.4460187398803567e-9
1.5518415232165684e-9
1.6363369083114792e-9
1.68584070505502e-9
1.7278791171106733e-9
1.7611063883161944e-9
1.7949847916731382e-9
1.8187826932937687e-9
1.846750972523514e-9
1.886459305761245e-9
2.19134740704981e-9
2.7748230717361615e-9
3.1116079327987245e-9
3.4641284431084283e-9
3.748251014019776e-9
3.9143734496447055e-9
4.055744187214451e-9
4.1676279894640535e-9
4.28154840116693e-9
4.36135184594587e-9
4.45531600843228e-9
4.58828517312455e-9
3.7026213473824682e-9
4.281563887228249e-9
4.8997216003508964e-9
5.40092976446413e-9
5.6952251399152875e-9
5.946363323202434e-9
6.1446801140528436e-9
6.3470120693314055e-9
6.4886144870974505e-9
6.655465132486069e-9
6.891515614921106e-9
5.075583998219691e-9
5.963096403737121e-9
6.692998877570055e-9
7.125504873878381e-9
7.495377820640227e-9
7.787161246582487e-9
8.08530231263766e-9
8.293812247725972e-9
8.539638785335361e-9
8.887496897092591e-9
7.261800262788499e-9
8.384812661775309e-9
9.063709196370342e-9
9.645554697237878e-9
1.0104232794914714e-8
1.0573422123627041e-8
1.0901420857375699e-8
1.1288310875153033e-8
1.1835902912520669e-8
9.978707882299887e-9
1.0991868672746567e-8
1.185264830602936e-8
1.2530200317625836e-8
1.3223576521224259e-8
1.3708343735009814e-8
1.4280307715187082e-8
1.508996568518849e-8
1.232649335396285e-8
1.348394713223123e-8
1.438174778694653e-8
1.5298816315908883e-8
1.5940354491319905e-8
1.6697399473798502e-8
1.776950160709216e-8
1.503419280115965e-8
1.6244489273813297e-8
1.74592510426004e-8
1.8308000960115476e-8
1.9310615027329988e-8
2.0730788380162046e-8
1.7806802020223638e-8
1.9380053222004006e-8
2.045691733716368e-8
2.1731332617127252e-8
2.3538449587979596e-8
2.145058313211904e-8
2.286531754723091e-8
2.4501930049090616e-8
2.6829012791568372e-8
2.4631959650950503e-8
2.6628364971599947e-8
2.9416967633436167e-8
2.931564459161556e-8
3.281736558214043e-8
3.815807038900436e-8
5.679163959184164e-10
9.015963667203583e-10
1.0508965634916633e-9
1.1316940912271287e-9
1.215152796525827e-9
1.2818603447768742e-9
1.320940510930284e-9
1.3541542981112316e-9
1.3804076409119034e-9
1.4071797765043345e-9
1.4259958811159226e-9
1.4481131321370872e-9
1.4795170766714135e-9
1.711777647171734e-9
2.1750116226777045e-9
2.444937547222008e-9
2.7280822353859104e-9
2.9564522763911966e-9
3.090030637029176e-9
3.2037881820741396e-9
3.293775907897064e-9
3.385424134486858e-9
3.4496354686564916e-9
3.5252444364645974e-9
3.632224523106723e-9
2.922007404962985e-9
3.3936036823500757e-9
3.89829280044521e-9
4.3077373698483595e-9
4.548283712640055e-9
4.753689645081686e-9
4.915793774431368e-9
5.08124092438885e-9
5.197035452535874e-9
5.333481791203904e-9
5.526502196103642e-9
4.045745445766863e-9
4.776441293590256e-9
5.377712188149346e-9
5.734196887347202e-9
6.03921858014838e-9
6.279706984133061e-9
6.525523432650057e-9
6.697443563091818e-9
6.90013829332104e-9
7.186948920810531e-9
5.851399388100248e-9
6.781599793981001e-9
7.344191657426949e-9
7.826481777693696e-9
8.206488855376406e-9
8.595316701766373e-9
8.867141148997783e-9
9.187779219985815e-9
9.641586001397522e-9
8.106407669659605e-9
8.949493098585655e-9
9.66529609366721e-9
1.0228386201123703e-8
1.0804767191650507e-8
1.120775048193353e-8
1.1683228582491326e-8
1.2356295120285378e-8
1.0064907680177199e-8
1.1032338481625349e-8
1.1781471384867354e-8
1.254670788773801e-8
1.3082082038169681e-8
1.3713860962595093e-8
1.4608568931534886e-8
1.2338251575348355e-8
1.3356662580753924e-8
1.4377266466584791e-8
1.5090350007855434e-8
1.5932792212319073e-8
1.7126101286944865e-8
1.4683733694836546e-8
1.6018652074851823e-8
1.6930438647693283e-8
1.800979144481035e-8
1.9540496384147885e-8
1.7797129507256604e-8
1.900989318957502e-8
2.0409420794638976e-8
2.240021006637704e-8
2.0543495537682343e-8
2.2268072720516812e-8
2.4672464498515183e-8
2.4635780460000547e-8
2.7689511027204605e-8
3.24850964287308e-8
4.4766684680794744e-10
7.068675292709861e-10
8.229265038484127e-10
8.86072246038888e-10
9.514491796553274e-10
1.0037530114945259e-9
1.0344094696815045e-9
1.0604774426514423e-9
1.0810679534571553e-9
1.1020819271122321e-9
1.1168524073060571e-9
1.1342191001028226e-9
1.1588920723105452e-9
1.3337806330542218e-9
1.6935265751294416e-9
1.9051590484107323e-9
2.1279775918555292e-9
2.307878455764798e-9
2.4132120772163788e-9
2.5029353558997365e-9
2.573849518914368e-9
2.646140392603269e-9
2.696779564121993e-9
2.756408162112067e-9
2.8408009833405083e-9
2.277918216819092e-9
2.6523803749182295e-9
3.0550359695315104e-9
3.3820826260514e-9
3.574474297139286e-9
3.7387999799235345e-9
3.868367551528229e-9
4.000732931540084e-9
4.093354623796862e-9
4.202496321381327e-9
4.356925326596713e-9
3.1765244113939533e-9
3.767814149919939e-9
4.2551493916962e-9
4.544546689486641e-9
4.79222907060533e-9
4.987361642351452e-9
5.1869837803770245e-9
5.3265682958592886e-9
5.491143757901779e-9
5.724062986792808e-9
4.648174927444067e-9
5.411689303065455e-9
5.8742459833957025e-9
6.2708568060540234e-9
6.583172891281113e-9
6.902942477130737e-9
7.126453127363654e-9
7.390109685751094e-9
7.763330360450949e-9
6.505686208066905e-9
7.2029536973805566e-9
7.794856929147908e-9
8.260218819310999e-9
8.736800574751602e-9
9.069968239990006e-9
9.463083153922154e-9
1.0019631012572713e-8
8.127816187706653e-9
8.929935907973759e-9
9.550426280650994e-9
1.0184445633899698e-8
1.062799186905443e-8
1.1151422538189153e-8
1.1892768687000607e-8
1.0016228380341338e-8
1.086272497419659e-8
1.1710475066640595e-8
1.230272838503119e-8
1.300247478700989e-8
1.3993743367175553e-8
1.1970906373383902e-8
1.3085104697634442e-8
1.3844940583346289e-8
1.4744591107903986e-8
1.6020636737778834e-8
1.4580161739715389e-8
1.559815220608659e-8
1.67705063669225e-8
1.8438752718536038e-8
1.6896858963274094e-8
1.8351185499410556e-8
2.0375370719655733e-8
2.03796593601765e-8
2.2970504794272107e-8
2.714457108844152e-8
3.5462266073014656e-10
5.560777682974868e-10
6.459791007191904e-10
6.949831621234992e-10
7.458248175021613e-10
7.86551956094164e-10
8.10425609446779e-10
8.307329107436216e-10
8.467808039242753e-10
8.631578527223759e-10
8.746668621887382e-10
8.882060885454843e-10
9.074468002437445e-10
1.0420601347541794e-9
1.3196734748855096e-9
1.483408235391425e-9
1.6563578989740893e-9
1.7961839041830645e-9
1.8780879566963818e-9
1.947860301070481e-9
2.003036265240016e-9
2.059259922107917e-9
2.09864259677531e-9
2.1450318331338487e-9
2.2106768025931218e-9
1.7693085048710531e-9
2.0589852542933237e-9
2.371896574954663e-9
2.626452039785092e-9
2.77631081962559e-9
2.9043151149050926e-9
3.0052964684360076e-9
3.1084188075259563e-9
3.1805770395360892e-9
3.265624200375202e-9
3.3859471395310163e-9
2.4674486253141137e-9
2.932292578510769e-9
3.3164600568477592e-9
3.5449233818859986e-9
3.740481953319516e-9
3.8946254182195885e-9
4.052269446192839e-9
4.162495143208979e-9
4.292482732278481e-9
4.476437840639672e-9
3.6355910387078135e-9
4.24928573659427e-9
4.622051645333043e-9
4.941766764067818e-9
5.1936392536584156e-9
5.451467028492364e-9
5.631672253607282e-9
5.844281141354109e-9
6.145233505941236e-9
5.140257476571338e-9
5.710416677586441e-9
6.194534115017192e-9
6.575287944325755e-9
6.965148853379114e-9
7.237681992767364e-9
7.559295878013364e-9
8.014611376730329e-9
6.4717365686806015e-9
7.1323178214477545e-9
7.643400473790832e-9
8.165516757972298e-9
8.530769911329803e-9
8.961855234366975e-9
9.572407864238005e-9
8.03039892108935e-9
8.73031935554519e-9
9.43097311710661e-9
9.920440098847776e-9
1.0498805815139799e-8
1.1318125710043317e-8
9.648784936559506e-9
1.0571895947497546e-8
1.1201019367816695e-8
1.1946001031558883e-8
1.3002702783140752e-8
1.1814201999536348e-8
1.2659563589191362e-8
1.3632030416317065e-8
1.5016039149316476e-8
1.374254583945645e-8
1.4952315133787714e-8
1.663412772029715e-8
1.6655294796099384e-8
1.881479318632897e-8
2.2355490902993024e-8
2.829100654332935e-10
4.401899735352058e-10
5.100429185516555e-10
5.480582876249062e-10
5.875124015461731e-10
6.191371512240154e-10
6.37671316862867e-10
6.534444102713579e-10
6.659087664764524e-10
6.78635537504017e-10
6.875800440321288e-10
6.980954248015394e-10
7.130509566219575e-10
8.170117680185919e-10
1.031928313956513e-9
1.1583726800257048e-9
1.2920123132031441e-9
1.400112781477342e-9
1.4634281979806381e-9
1.5173791656725256e-9
1.5600412131336178e-9
1.603521387235589e-9
1.6339790103354181e-9
1.669837659783853e-9
1.7206008162165943e-9
1.3793911778028652e-9
1.6021138754563871e-9
1.8427979345221527e-9
2.0387011902391273e-9
2.1540131389457852e-9
2.2525241027667364e-9
2.330246439608898e-9
2.409616368394586e-9
2.4651542814145537e-9
2.5305929452891383e-9
2.623195648063309e-9
1.9151384065727118e-9
2.272238139583737e-9
2.567801770150177e-9
2.743602826093991e-9
2.8941085362235278e-9
3.012759514745112e-9
3.1340975100747697e-9
3.2189380998193895e-9
3.318969014178098e-9
3.4605531901760856e-9
2.816375289191661e-9
3.294361543946159e-9
3.5852132091185637e-9
3.834732949639125e-9
4.0313362913680985e-9
4.23257371150218e-9
4.373228893830979e-9
4.539155619516108e-9
4.774051711708715e-9
3.999007674142907e-9
4.4527827879908004e-9
4.837929079976902e-9
5.1408799907947075e-9
5.451049064313995e-9
5.667883069656644e-9
5.92374765070622e-9
6.2860046456458534e-9
5.067157595016816e-9
5.6008682269490226e-9
6.013593855187675e-9
6.435146449739797e-9
6.73006691692157e-9
7.078124034876377e-9
7.571119151984907e-9
6.334977336385906e-9
6.907052563774036e-9
7.479398037257042e-9
7.87923222285762e-9
8.351676309086778e-9
9.020991084175154e-9
7.662737785476457e-9
8.42191742292547e-9
8.939191574581709e-9
9.5517207940844e-9
1.0420608189362266e-8
9.448067812172442e-9
1.0146201223268685e-8
1.0949034644587072e-8
1.209169929002591e-8
1.104270384407527e-8
1.2043442813398387e-8
1.3434111609331686e-8
1.345756595673331e-8
1.5245218668153438e-8
1.8199928890679295e-8
2.2699000260821874e-10
3.507199486198197e-10
4.05269966964319e-10
4.3491986229985677e-10
4.656515872559637e-10
4.902740664588284e-10
5.046994768458026e-10
5.169788027702094e-10
5.266833147947739e-10
5.365953708335273e-10
5.435622988738557e-10
5.517528951973604e-10
5.634054398372719e-10
6.437075488847885e-10
8.098428782050736e-10
9.075857551373896e-10
1.0107615230691822e-9
1.0941772988275337e-9
1.1430257707741012e-9
1.1846473515426203e-9
1.21755123441531e-9
1.251095662219038e-9
1.2745923624351358e-9
1.3022603393297908e-9
1.3414247405792722e-9
1.0786186355461284e-9
1.2510429768960142e-9
1.437059610149018e-9
1.5883808119030387e-9
1.6774357972441618e-9
1.7535131727888257e-9
1.8135092721495177e-9
1.8747989566578025e-9
1.917685166731897e-9
1.968222199230941e-9
2.0397299310283905e-9
1.4929222664762625e-9
1.7677413488734933e-9
1.994964335069906e-9
2.1300374104407136e-9
2.2456646479540578e-9
2.336774689143495e-9
2.429978409601369e-9
2.4951503601284317e-9
2.571992699898662e-9
2.680748435002094e-9
2.1839221383407556e-9
2.549377562270421e-9
2.771590658164643e-9
2.962141390349832e-9
3.112203737008036e-9
3.2658441716252024e-9
3.373238791493896e-9
3.499929725732425e-9
3.6792658673236756e-9
3.089980195999394e-9
3.4393278507589656e-9
3.735154992808341e-9
3.967685489990456e-9
4.2058123880914905e-9
4.372300013542081e-9
4.5687556056849966e-9
4.84688465718425e-9
3.918446786434356e-9
4.334898730926334e-9
4.656128760644673e-9
4.984212977840424e-9
5.213783989688605e-9
5.484716783503393e-9
5.8684725086202155e-9
4.918382008923861e-9
5.372524465347704e-9
5.826079662740654e-9
6.142939194083831e-9
6.517373393820013e-9
7.047847866292959e-9
5.981495333180053e-9
6.592614971771677e-9
7.0084780540255696e-9
7.501010443171124e-9
8.199736097415498e-9
7.429183403104209e-9
7.99776207755228e-9
8.651241280480839e-9
9.581464686220163e-9
8.733115927128512e-9
9.553309978161418e-9
1.069285874316969e-8
1.0719260060136732e-8
1.219199393659285e-8
1.4639233843416076e-8
1.8293073274916504e-10
2.8122767509682946e-10
3.2413095649410295e-10
3.4741467738043166e-10
3.7154233427813297e-10
3.9086006305609254e-10
4.0217655796801023e-10
4.11809231533121e-10
4.194243758100246e-10
4.272040927858656e-10
4.326741114614067e-10
4.391030493680681e-10
4.482553058398743e-10
5.110747725223168e-10
6.398317473237898e-10
7.155008114611244e-10
7.953964999934448e-10
8.599619108910663e-10
8.97774948974399e-10
9.299895308170737e-10
9.554622558539e-10
9.814288920066786e-10
9.996203482114004e-10
1.0210336660265388e-9
1.051356193887888e-9
8.467439237045696e-10
9.795609410871349e-10
1.1229993521633165e-9
1.2396621157865421e-9
1.3083337980032434e-9
1.3669894300312647e-9
1.4132610350829707e-9
1.4605224057262208e-9
1.4935946531458986e-9
1.5325570174683532e-9
1.5877034984126645e-9
1.166317949274758e-9
1.3789039030540928e-9
1.5546184795090952e-9
1.6591007257900208e-9
1.7485257910422974e-9
1.8190129037427423e-9
1.8911082154000056e-9
1.9415192687923734e-9
2.000951021516832e-9
2.085081759377015e-9
1.7008215972046858e-9
1.9825583806179457e-9
2.1537348000514358e-9
2.3004413979862987e-9
2.415996467661437e-9
2.534290426080054e-9
2.6169735013469828e-9
2.714509499488151e-9
2.852594329224757e-9
2.396390752195502e-9
2.66301962635811e-9
2.888303318917734e-9
3.065317686217882e-9
3.2465861215887395e-9
3.373319141328739e-9
3.522859947751805e-9
3.734596193017913e-9
3.0279328849225443e-9
3.3447043037655317e-9
3.5883836024737596e-9
3.83719977136734e-9
4.011327148341455e-9
4.216826232624669e-9
4.507930008994013e-9
3.792538857678685e-9
4.1405959592472604e-9
4.4871569064521075e-9
4.729262544260985e-9
5.0154049942555266e-9
5.420827866801417e-9
4.614285904728159e-9
5.088778942702295e-9
5.410634420272946e-9
5.791994419230331e-9
6.3331260439762524e-9
5.750380103419572e-9
6.198848312176511e-9
6.712999471104327e-9
7.445282308576217e-9
6.787863706945488e-9
7.442104499739405e-9
8.349975750796714e-9
8.388464242856712e-9
9.578375518168232e-9
1.1588788278288407e-8
1.4763377603323438e-10
2.2647438494172992e-10
2.6054980613010636e-10
2.789609565250712e-10
2.980304774497737e-10
3.132907100737855e-10
3.222309770621879e-10
3.2983802441739117e-10
3.3585197577280615e-10
3.419958176182493e-10
3.4631748998921096e-10
3.513963955233777e-10
3.586308774480905e-10
4.085741637470847e-10
5.09334021530754e-10
5.682252287529762e-10
6.303762425393502e-10
6.805926708820258e-10
7.10006175333484e-10
7.350607956797291e-10
7.548712954170094e-10
7.750651427835376e-10
7.892151075519593e-10
8.058696819131368e-10
8.294549807651177e-10
6.702106077909766e-10
7.726961546508121e-10
8.832865215409473e-10
9.732244811978322e-10
1.0261630836078183e-9
1.0713753471213462e-9
1.1070403418702812e-9
1.1434664450922198e-9
1.168960707521894e-9
1.1989933219425738e-9
1.2414994783743521e-9
9.158915993632318e-10
1.0789129201860502e-9
1.2137357981573178e-9
1.2939134324979646e-9
1.362536838759097e-9
1.4166248452975313e-9
1.471943937839054e-9
1.5106318363046578e-9
1.5562373409146853e-9
1.6207955165366354e-9
1.3262640027341485e-9
1.543456779321869e-9
1.6755767866157414e-9
1.788858661359037e-9
1.878082093880072e-9
1.9694151146964717e-9
2.033264768321995e-9
2.1085742002398964e-9
2.215196285497251e-9
1.8635203507683473e-9
2.0697126417512866e-9
2.2442123590776074e-9
2.3813155732921484e-9
2.521699576597637e-9
2.619861817758642e-9
2.7356786149996116e-9
2.8996661241541737e-9
2.350372408584583e-9
2.5938579388691613e-9
2.781215379102843e-9
2.9724920108723997e-9
3.106368314567094e-9
3.2643540730321707e-9
3.488144586445857e-9
2.9349611578590177e-9
3.1999300035733906e-9
3.4634875998271086e-9
3.6476201332745837e-9
3.865247743161125e-9
4.173584260483203e-9
3.559778481781626e-9
3.919927814743866e-9
4.16357465761697e-9
4.452348897690482e-9
4.862154154699323e-9
4.425476655547641e-9
4.767356408252877e-9
5.1577082716567335e-9
5.714016530215436e-9
5.222757362856574e-9
5.724757971219454e-9
6.419314443805749e-9
6.469293083285016e-9
7.392812755938883e-9
9.006743368555072e-9
1.189224363409982e-10
1.8266591969657198e-10
2.0998585481964623e-10
2.2468921248283599e-10
2.398930758939764e-10
2.520432033028278e-10
2.5916194647726345e-10
2.652152989322597e-10
2.7000088823323567e-10
2.748881620829787e-10
2.7832597676968035e-10
2.823650489057009e-10
2.8812127715881e-10
3.284399752747787e-10
4.0807659728287387e-10
4.543950079423104e-10
5.031662481722438e-10
5.425242671374513e-10
5.655712706573411e-10
5.851944751492999e-10
6.007125682055059e-10
6.165285223749635e-10
6.276112110433299e-10
6.406546077115701e-10
6.591278130343826e-10
5.34258036356311e-10
6.142186151451003e-10
7.002907468892079e-10
7.70214367790088e-10
8.113565949189806e-10
8.464811023675242e-10
8.741945583195233e-10
9.024946177212329e-10
9.223011329523981e-10
9.456335061708994e-10
9.786579349706603e-10
7.254501389266388e-10
8.514941675895221e-10
9.555610674809232e-10
1.017400694406101e-9
1.070308918459629e-9
1.1120187681108954e-9
1.1546711846943767e-9
1.1844988856974562e-9
1.2196621535768691e-9
1.2694377634111819e-9
1.0408901125258373e-9
1.20676733207931e-9
1.3075472076015736e-9
1.3939217705594825e-9
1.4619667726329167e-9
1.5316123702268655e-9
1.5802965990836807e-9
1.6377257204717015e-9
1.7190247574139975e-9
1.450926477936132e-9
1.6085974280045793e-9
1.7420194901966532e-9
1.846901734850624e-9
1.9542787687358833e-9
2.0293533164349737e-9
2.11794114128801e-9
2.243363835714116e-9
1.8246608495649624e-9
2.0123557344121202e-9
2.1570113578159744e-9
2.3046819447945803e-9
2.408017273265724e-9
2.529974005241505e-9
2.7027224540189735e-9
2.275753418709623e-9
2.4805459000579713e-9
2.6845567728094106e-9
2.8270612587029574e-9
2.9954878564625223e-9
3.234113955208193e-9
2.756887051033451e-9
3.033592172078055e-9
3.221004311720633e-9
3.4430841607028926e-9
3.7582269673915865e-9
3.4183851214365546e-9
3.678738284356354e-9
3.975733625837762e-9
4.398979362023087e-9
4.024325170174104e-9
4.40410193782143e-9
4.928419743601107e-9
4.972062331304753e-9
5.666474168939358e-9
6.914354616459754e-9
9.52655260394809e-11
1.4704235334589105e-10
1.6910798700808955e-10
1.809341073684815e-10
1.9315234820082018e-10
2.0290460904268656e-10
2.0862023193029305e-10
2.1347760764571372e-10
2.17318626009095e-10
2.2124047771454019e-10
2.239990573608986e-10
2.2723825394378992e-10
2.3185368553376637e-10
2.647551220346739e-10
3.28383797002411e-10
3.6517650198049155e-10
4.038608851994286e-10
4.3505208704958677e-10
4.533169654065397e-10
4.688625083536294e-10
4.811573635583997e-10
4.936867340145796e-10
5.024674379978638e-10
5.12799167591539e-10
5.274329143223168e-10
4.2848386430311497e-10
4.914266842123801e-10
5.590507759970646e-10
6.13944459738013e-10
6.46235770612815e-10
6.737952154950785e-10
6.955423577555321e-10
7.177467138609177e-10
7.332892687621313e-10
7.51594833446653e-10
7.775061718601078e-10
5.784074709679071e-10
6.767332536154567e-10
7.578475182097587e-10
8.060302996152327e-10
8.472433962946186e-10
8.797360098391506e-10
9.129584450212955e-10
9.361954203246597e-10
9.635826737827249e-10
1.0023543157711307e-9
8.237483379513073e-10
9.521936867295422e-10
1.0301612675502545e-9
1.0969590577343987e-9
1.1495797247037577e-9
1.2034334576007847e-9
1.2410847324043254e-9
1.2854882492892357e-9
1.3483568329483538e-9
1.1395347286874109e-9
1.2599287316974788e-9
1.361637468307008e-9
1.4415550245798785e-9
1.523379509523106e-9
1.580598238976664e-9
1.6481006258999213e-9
1.7436836050170163e-9
1.4237362611293139e-9
1.565833170631134e-9
1.6751257163215677e-9
1.786711860247382e-9
1.86481584460079e-9
1.9569768558391463e-9
2.0875333336073358e-9
1.7661513795116798e-9
1.9218340789017905e-9
2.0767919991225967e-9
2.185055224082772e-9
2.3129974120202555e-9
2.4942766572451434e-9
2.1337329623392124e-9
2.345915752672572e-9
2.489731403971367e-9
2.6601209020050668e-9
2.9019087688078765e-9
2.6422907092725034e-9
2.842976470338513e-9
3.0724390132417263e-9
3.39931369375694e-9
3.1080469807981284e-9
3.4006199744602946e-9
3.805169303374779e-9
3.83284444556416e-9
4.3634373059881105e-9
5.307163225577116e-9
7.562823226093574e-11
1.1770117079133508e-10
1.3559480738327226e-10
1.451530500702922e-10
1.5501747893501496e-10
1.6288104385612816e-10
1.6749104108553167e-10
1.7140539320584467e-10
1.745009749168361e-10
1.7766115005300102e-10
1.798844202124326e-10
1.8249506540243645e-10
1.8621339241501842e-10
2.1327107548137963e-10
2.645771716698766e-10
2.940952875381587e-10
3.250678991085718e-10
3.5001404597044213e-10
3.6461921900214113e-10
3.770445288234536e-10
3.8687308025416427e-10
3.968875034788869e-10
4.0390629825760154e-10
4.1216467192539545e-10
4.2386104494889324e-10
3.448328775919521e-10
3.9495403334976796e-10
4.48667404379842e-10
4.922238791843055e-10
5.178358384926927e-10
5.396870935841517e-10
5.569331524296226e-10
5.745385343083331e-10
5.868627293564625e-10
6.013775298303752e-10
6.21922037838022e-10
4.6381886417053225e-10
5.413340991422232e-10
6.05180553559851e-10
6.430789076172584e-10
6.754853402478112e-10
7.010389510568754e-10
7.271618101485996e-10
7.454342042532426e-10
7.669700854771387e-10
7.974555132373879e-10
6.561515629108309e-10
7.561502545192862e-10
8.167836778291854e-10
8.687269309456858e-10
9.096524620986101e-10
9.51529840698869e-10
9.80808951782472e-10
1.0153395116819914e-9
1.0642241580315054e-9
9.012185099312241e-10
9.944196528723138e-10
1.0732934978012309e-9
1.1352906612627383e-9
1.1987498470677072e-9
1.2431252404819275e-9
1.2954777891800353e-9
1.3696017404220757e-9
1.1206785435480943e-9
1.23019911530816e-9
1.3145710732759907e-9
1.4006834466213262e-9
1.4609526641903986e-9
1.5320715792393699e-9
1.6328113981491973e-9
1.3826539187260534e-9
1.5011028391934794e-9
1.618950237861649e-9
1.7012831433711304e-9
1.7985866229067325e-9
1.9364472945061185e-9
1.6610091534723156e-9
1.8210419987573152e-9
1.9293005897729144e-9
2.057607849079773e-9
2.239694343503524e-9
2.0449832944641172e-9
2.196422366933854e-9
2.3692285569908488e-9
2.6155230043484614e-9
2.3982835594981978e-9
2.620532480289077e-9
2.9278397939149186e-9
2.95140840414056e-9
3.3597288216900934e-9
4.081923581310815e-9
5.931355318409367e-11
9.335629073918697e-11
1.0786333348437319e-10
1.1559512665830494e-10
1.2356910443530495e-10
1.2991964542152038e-10
1.3364402354472637e-10
1.3680447200353602e-10
1.3930414942382513e-10
1.4185479850980614e-10
1.4364869648114275e-10
1.4575517899575738e-10
1.4875579924240623e-10
1.7103227831443365e-10
2.1264735434684094e-10
2.364982405419358e-10
2.6148282081224205e-10
2.8159107781821757e-10
2.9336264953289966e-10
3.0337386841102526e-10
3.1129406778764703e-10
3.1936247836322743e-10
3.250172318415193e-10
3.316708081574743e-10
3.410941865978257e-10
2.775322404504784e-10
3.1782841875845347e-10
3.6091634889795684e-10
3.958294935887082e-10
4.1635237396110644e-10
4.338567746479413e-10
4.4767450748972583e-10
4.617775505871215e-10
4.716501751861673e-10
4.832777165106374e-10
4.997351421505094e-10
3.7291779764239216e-10
4.346892334976494e-10
4.855076754932537e-10
5.156550513364487e-10
5.414267094404371e-10
5.617514526012752e-10
5.825254301183984e-10
5.97056810315267e-10
6.141834109987785e-10
6.384264962839878e-10
5.254944934791903e-10
6.043574159678077e-10
6.52122303056434e-10
6.930296033707898e-10
7.252637117345553e-10
7.58243795775386e-10
7.813027819622389e-10
8.084973064367604e-10
8.469950641358059e-10
7.177730799589445e-10
7.903291142842789e-10
8.516995049163897e-10
8.999440688980196e-10
9.493273220239405e-10
9.838602557539083e-10
1.024600610450938e-9
1.082280107189983e-9
8.878146710927653e-10
9.723073224578226e-10
1.0374254190114663e-9
1.1039091429819438e-9
1.1504394159096048e-9
1.205345454369853e-9
1.28311375389994e-9
1.089608087648749e-9
1.1808609623843092e-9
1.2718115258910442e-9
1.3353522702224046e-9
1.4104395245398752e-9
1.5168149489376968e-9
1.3035619909662069e-9
1.4264871980127505e-9
1.5098325899073687e-9
1.608567077571815e-9
1.7486589711690699e-9
1.5965928782243052e-9
1.7117445484679744e-9
1.8431878472700213e-9
2.0304558657965937e-9
1.863734092155737e-9
2.0308596924804506e-9
2.2615529697703773e-9
2.279906783859598e-9
2.5836782005934514e-9
3.131302681629475e-9
4.5838000854664305e-11
7.314319637854811e-11
8.484829141443474e-11
9.10814945996815e-11
9.750779945770828e-11
1.0262256099877265e-10
1.056230980534502e-10
1.0816781392327438e-10
1.1018067856963278e-10
1.1223419258238925e-10
1.1367827692800985e-10
1.1537393097672838e-10
1.1778752829386905e-10
1.3604192036409787e-10
1.69846882516296e-10
1.8918228773103645e-10
2.0941229501456747e-10
2.2568553301498768e-10
2.3521052536414075e-10
2.433091732276222e-10
2.4971715133182155e-10
2.5624413126603713e-10
2.608183962490016e-10
2.6620098296838136e-10
2.7382305729189037e-10
2.2253583317590723e-10
2.551456818234136e-10
2.8995533531128595e-10
3.1814404206063507e-10
3.34708704041169e-10
3.4883442959536083e-10
3.5998664462543567e-10
3.7136756266313085e-10
3.7933454123882584e-10
3.8871807863884505e-10
4.019983123026538e-10
2.9958514276709044e-10
3.49261308847712e-10
3.9008624639555437e-10
4.142914220811013e-10
4.3497982367306667e-10
4.512974724501308e-10
4.679736389748202e-10
4.796387269366133e-10
4.9338730510842e-10
5.128475163194419e-10
4.21820205532988e-10
4.846381938698205e-10
5.226396055075016e-10
5.551836436790664e-10
5.808308490009014e-10
6.070686210942238e-10
6.25413690480713e-10
6.470486019394666e-10
6.776749549143158e-10
5.742612913628226e-10
6.314389173886785e-10
6.798561519847629e-10
7.179308109188041e-10
7.568982845067347e-10
7.841471060304717e-10
8.162933243948802e-10
8.618047169400758e-10
7.077621795388488e-10
7.739371117211717e-10
8.250182922127198e-10
8.771632550603588e-10
9.136549125353357e-10
9.567143568628903e-10
1.0177024515508032e-9
8.648395914139586e-10
9.355531335422296e-10
1.0060637527534558e-9
1.0553246445010642e-9
1.1135347003897466e-9
1.1959998301356844e-9
1.0297347986827074e-9
1.1241033453498595e-9
1.1880973916342227e-9
1.2639176171626868e-9
1.3714951286674361e-9
1.25413943737575e-9
1.3422519182914492e-9
1.443004097931448e-9
1.586530454106539e-9
1.4582764511770616e-9
1.5864217439941145e-9
1.7637215189494925e-9
1.7748804440104868e-9
2.0071912728427824e-9
2.416175152485371e-9
3.4838132028087765e-11
5.6461911538726444e-11
6.582021776223887e-11
7.080711745323101e-11
7.594880988322454e-11
8.004041993430932e-11
8.244124464430523e-11
8.447663720105571e-11
8.608683841899176e-11
8.7729083140421e-11
8.888351660528818e-11
9.023940699119242e-11
9.216894288555666e-11
1.0696971836937815e-10
1.3433766408460718e-10
1.499915379869239e-10
1.6635926206929957e-10
1.795237119932265e-10
1.872279693688813e-10
1.937779153518284e-10
1.989611089517032e-10
2.0423991875845465e-10
2.0793903757578617e-10
2.1229247489959928e-10
2.1845647221485372e-10
1.7710672761728436e-10
2.0355482981219905e-10
2.3175894960165557e-10
2.54592574017334e-10
2.6800721716735666e-10
2.7944604935332223e-10
2.8847782376151934e-10
2.976939720356816e-10
3.041452120355673e-10
3.1174421293062743e-10
3.2249797394157174e-10
2.395625526987812e-10
2.7973212477701375e-10
3.127230231050575e-10
3.3227577839811825e-10
3.4898667682258327e-10
3.621679996160739e-10
3.756378685403782e-10
3.850598465086284e-10
3.961653287334166e-10
4.118834163038637e-10
3.381661362739704e-10
3.886375187958194e-10
4.1914475220775987e-10
4.4527116216238015e-10
4.658621093065153e-10
4.86925933364852e-10
5.016531494108742e-10
5.190218641028927e-10
5.436080709312647e-10
4.602059914845128e-10
5.057512960855497e-10
5.443512556060321e-10
5.747101366887084e-10
6.057794027158738e-10
6.27504594532921e-10
6.531346897650865e-10
6.894197978611457e-10
5.661142990747131e-10
6.184201127433151e-10
6.588335768254753e-10
7.000949691007473e-10
7.289687225487511e-10
7.630390152838493e-10
8.112933446696364e-10
6.896064034339009e-10
7.450208538864165e-10
8.003551708682634e-10
8.390172749419827e-10
8.846985611111857e-10
9.494119614178388e-10
8.183012476191802e-10
8.918324554925991e-10
9.418031170397766e-10
1.0009848963440713e-9
1.08494328593863e-9
9.921731296449271e-10
1.06025882813552e-9
1.1382005731607042e-9
1.2491876293641515e-9
1.1489783730806058e-9
1.247048251034347e-9
1.3827087538274469e-9
1.390202678643729e-9
1.5665598018403664e-9
1.87652353170899e-9
2.6007238990891286e-11
4.285974259680526e-11
5.024541048235218e-11
5.4189835400971786e-11
5.825867370780218e-11
6.149746616676598e-11
6.339814129132703e-11
6.500925895966359e-11
6.628392606003265e-11
6.758371119805992e-11
6.849717696248979e-11
6.957037027853126e-11
7.109661467873266e-11
8.291199078277878e-11
1.0488889648525422e-10
1.1748546747608465e-10
1.3065675043777972e-10
1.4125277551632093e-10
1.4745319650890256e-10
1.527248564887919e-10
1.56896839159901e-10
1.611454968685088e-10
1.6412238559194657e-10
1.6762648334811698e-10
1.725869720824623e-10
1.3941997211892482e-10
1.6081363083579593e-10
1.836239991500768e-10
2.0209264413037473e-10
2.129415087511189e-10
2.221930771127718e-10
2.2949812846254452e-10
2.3695210048546433e-10
2.421694410010411e-10
2.4831575992269316e-10
2.570128462316506e-10
1.8998022605642684e-10
2.2249556509352502e-10
2.491955730228597e-10
2.65017076143442e-10
2.785397242395754e-10
2.8920636934585703e-10
3.0010636792508136e-10
3.0773033833427403e-10
3.167173194970947e-10
3.294360107261681e-10
2.6973901672616474e-10
3.1048909492945585e-10
3.351089044148009e-10
3.5619542976272053e-10
3.728150450598285e-10
3.8981625463980665e-10
4.0170249662639696e-10
4.1572137403364445e-10
4.355647778614643e-10
3.6805121296441886e-10
4.046110199174607e-10
4.356196481019464e-10
4.600129745423747e-10
4.849770217528874e-10
5.024322342872955e-10
5.230255038772333e-10
5.521787271688992e-10
4.527945460571919e-10
4.945393822260583e-10
5.268325739160596e-10
5.598088987577238e-10
5.828825619969902e-10
6.101093198903057e-10
6.486693084586404e-10
5.50912544685852e-10
5.9483440777915e-10
6.387581437292005e-10
6.694463067071101e-10
7.057037703458262e-10
7.570648645068917e-10
6.524356269709796e-10
7.102808616663212e-10
7.496442600740607e-10
7.962559317271663e-10
8.623755429668704e-10
7.884253932342514e-10
8.415002849051611e-10
9.023492310027494e-10
9.889858166090272e-10
9.101213168113575e-10
9.862444335325035e-10
1.0917448757839047e-9
1.0959581084092455e-9
1.2325409843643958e-9
1.466912556906516e-9
1.9059769015068832e-11
3.1954231048545055e-11
3.7690419291836814e-11
4.076514085283299e-11
4.393983057345077e-11
4.6468681601572913e-11
4.7952839797860915e-11
4.921091392355711e-11
5.020636692918929e-11
5.122134140417843e-11
5.19344389176475e-11
5.277246580534279e-11
5.3963823271921755e-11
6.321199022417926e-11
8.0642261005847e-11
9.067312313607776e-11
1.0116902960371557e-10
1.0961760474425287e-10
1.1456111040762992e-10
1.1876483900036367e-10
1.2209183032836152e-10
1.2547993188872358e-10
1.2785352256613798e-10
1.3064802583288294e-10
1.346033760106395e-10
1.0824364530806782e-10
1.254198705136879e-10
1.4374633344341796e-10
1.5859081889831381e-10
1.673108242757228e-10
1.7474829675963585e-10
1.8062083459154816e-10
1.8661332098466323e-10
1.9080730388866845e-10
1.9574871854384868e-10
2.0274021796403956e-10
1.4892123718506269e-10
1.7513981907914498e-10
1.9667585958133507e-10
2.0943809226954072e-10
2.2034769683753827e-10
2.2895288419606567e-10
2.3774678909711913e-10
2.43897169651564e-10
2.511478505626585e-10
2.614086192055592e-10
2.1330396959569305e-10
2.4621333758723286e-10
2.660952087864583e-10
2.8312705051806717e-10
2.965509556927288e-10
3.102837488174538e-10
3.1988430494458793e-10
3.3120814305273365e-10
3.472361885593002e-10
2.926498915686119e-10
3.22113681351405e-10
3.471222504940787e-10
3.6679866930737886e-10
3.8693609382080806e-10
4.010155742521155e-10
4.1762699233523614e-10
4.411425523311049e-10
3.608136739338287e-10
3.943443494205193e-10
4.203101602181975e-10
4.468290720125039e-10
4.65382581636732e-10
4.872762173121378e-10
5.18282140788033e-10
4.3935737973021135e-10
4.744501554923136e-10
5.095871930201088e-10
5.341359054807187e-10
5.631385597954433e-10
6.04221374619421e-10
5.201511998782258e-10
5.660834508633461e-10
5.973863840960829e-10
6.344482288482581e-10
6.870154980306266e-10
6.276080837338039e-10
6.694571572632434e-10
7.175342161012504e-10
7.859623822091545e-10
7.230999740114145e-10
7.828442124691035e-10
8.657630063134306e-10
8.677454772724572e-10
9.740624256106001e-10
1.153129410002817e-9
1.3715388892689544e-11
2.3387348505356638e-11
2.776199117984659e-11
3.011855757543504e-11
3.25552049254777e-11
3.4498232430427326e-11
3.563864783696479e-11
3.6605509985991796e-11
3.737063540031707e-11
3.815075237845708e-11
3.8698693762002206e-11
3.934286373559924e-11
4.025829882484702e-11
4.733379691669664e-11
6.09396969078276e-11
6.881475592170707e-11
7.706629561147985e-11
8.371397245377888e-11
8.76038247195802e-11
9.091248713588819e-11
9.353112826353411e-11
9.619798202788422e-11
9.806601396258918e-11
1.0026576065977194e-10
1.0337883317752437e-10
8.269369184747816e-11
9.632200173142856e-11
1.1088523790999789e-10
1.226898188290944e-10
1.2962520471640683e-10
1.355421514433057e-10
1.4021376123278374e-10
1.4498126517108166e-10
1.4831755579934257e-10
1.522489774838583e-10
1.5781102049156125e-10
1.1507259487193457e-10
1.360347904080819e-10
1.5326604745640823e-10
1.634803473329172e-10
1.7221403919087994e-10
1.791023613775093e-10
1.8614254116475218e-10
1.9106591572301016e-10
1.9687071829079067e-10
2.0508495683885083e-10
1.666900812068206e-10
1.9314594846879682e-10
2.0913535992998087e-10
2.2283633632343587e-10
2.336345333639747e-10
2.446822870361467e-10
2.524051630202813e-10
2.6151497172789704e-10
2.744089065383214e-10
2.3054295069954015e-10
2.542723062176359e-10
2.7442602572044503e-10
2.9028403772172426e-10
3.0651477072849503e-10
3.178620469179319e-10
3.3125067337833813e-10
3.502036117062153e-10
2.8541287215093653e-10
3.1239931723890735e-10
3.333123670633484e-10
3.5467402739673506e-10
3.696180230646561e-10
3.872530049174879e-10
4.122273075444804e-10
3.485064185188753e-10
3.7666977826139845e-10
4.048965025137575e-10
4.246169241292213e-10
4.47914769694431e-10
4.809159350163418e-10
4.131710427766555e-10
4.498835236119935e-10
4.749361722438038e-10
5.04594023329716e-10
5.466560025362213e-10
4.987312295587003e-10
5.320015188826476e-10
5.702894387258822e-10
6.247686102678062e-10
5.743226957399282e-10
6.216136211635619e-10
6.873351004489178e-10
6.879565616027389e-10
7.716601476965327e-10
9.099621449365451e-10
9.699091568699153e-12
1.680765329328821e-11
2.0079442114082405e-11
2.185264399466902e-11
2.3689622901134675e-11
2.515643113477388e-11
2.6017435335831878e-11
2.6747635419185003e-11
2.7325559642197708e-11
2.79148417297484e-11
2.8328650255301435e-11
2.881531793986358e-11
2.950672691750396e-11
3.4787196976087864e-11
4.5212377928297756e-11
5.128981289766547e-11
5.767069890383868e-11
6.281683159718474e-11
6.582850398457222e-11
6.839111569302704e-11
7.041924433425767e-11
7.248490198603964e-11
7.393161137559145e-11
7.56355579143827e-11
7.804668174103608e-11
6.206344668875988e-11
7.271106650204651e-11
8.411528889258834e-11
9.336784237844085e-11
9.880561603592365e-11
1.0344645657578061e-10
1.0711008211633846e-10
1.1084948220486107e-10
1.134660172680979e-10
1.1654970924323283e-10
1.2091215295657363e-10
8.746539987098608e-11
1.040150230853998e-10
1.1763430980156855e-10
1.257118727438907e-10
1.326207040733159e-10
1.3806906649461302e-10
1.4363844583691891e-10
1.4753285571953526e-10
1.5212497954450182e-10
1.5862299084438948e-10
1.283904414589029e-10
1.4946509750383836e-10
1.622125708232963e-10
1.7313895764964058e-10
1.8174973524026392e-10
1.9056073239462416e-10
1.9671952298200702e-10
2.0398492694152333e-10
2.1426820927314553e-10
1.7938865250804796e-10
1.9839641284950715e-10
2.1454700574615664e-10
2.272553170048191e-10
2.4026368158815696e-10
2.493575328284127e-10
2.6008799118554376e-10
2.75277942879518e-10
2.233817807537723e-10
2.4504180181845625e-10
2.6183320705306034e-10
2.789871055706773e-10
2.9098662059078437e-10
3.0514751159522003e-10
3.252018076748742e-10
2.7400953320706236e-10
2.966108262296126e-10
3.19278362398259e-10
3.3511450492850637e-10
3.5382342366951667e-10
3.8032428739389553e-10
3.258394298910125e-10
3.552523116321615e-10
3.7534254841873957e-10
3.991239535707192e-10
4.3284986310134543e-10
3.9422439863712163e-10
4.207944205327548e-10
4.514153363865613e-10
4.94975872931691e-10
4.544033517937373e-10
4.920654544928756e-10
5.44468729056575e-10
5.44334108661731e-10
6.107690171298713e-10
7.185578731497439e-10
6.749687584003084e-12
1.1871045686206123e-11
1.426976862463739e-11
1.5578828893072342e-11
1.6938233337644973e-11
1.8025372334992627e-11
1.8663646595763955e-11
1.920518424226669e-11
1.9633854827966934e-11
2.0071007679782577e-11
2.0377936078255528e-11
2.0739045697640816e-11
2.1251985925799237e-11
2.5093151198602334e-11
3.292082733204672e-11
3.752175371281326e-11
4.2365030614220015e-11
4.6275888292790826e-11
4.8565292887274285e-11
5.0514138971745404e-11
5.2056408859697994e-11
5.362743238755208e-11
5.472757253993859e-11
5.602356402739191e-11
5.7857259492798015e-11
4.572012052429816e-11
5.388874744666772e-11
6.266376719553157e-11
6.979099451822506e-11
7.398172498857738e-11
7.75596555697882e-11
8.038369702353415e-11
8.326671840152948e-11
8.528380651867311e-11
8.766132075889333e-11
9.102462463171906e-11
6.530215499206647e-11
7.816085737400977e-11
8.875785514196173e-11
9.504765489977087e-11
1.0042927175287517e-10
1.0467258237113285e-10
1.0901101728290109e-10
1.1204436892501024e-10
1.1562153750236762e-10
1.2068330585752326e-10
9.727406374658275e-11
1.1384412361231242e-10
1.2387871754377496e-10
1.324825708015933e-10
1.3926228738238228e-10
1.4620080242602591e-10
1.5105035978824408e-10
1.5677172717688015e-10
1.6486965996432298e-10
1.3753245234019378e-10
1.5261008165891777e-10
1.6542402907300588e-10
1.755063255399064e-10
1.8582798136873645e-10
1.9304319196360966e-10
2.015574234201352e-10
2.1361018944728284e-10
1.7250834177580243e-10
1.8976619535922064e-10
2.0314496039651198e-10
2.1681401297419572e-10
2.2637533830483524e-10
2.3765937003974476e-10
2.536397226786391e-10
2.129031036645133e-10
2.3095655596789854e-10
2.490684095044719e-10
2.61721520486751e-10
2.7667028695508916e-10
2.9784517317336013e-10
2.5431522497808833e-10
2.778277278628001e-10
2.9389620900993854e-10
3.1291642770443376e-10
3.398896513799915e-10
3.0894169253583286e-10
3.301660542460676e-10
3.546513700947628e-10
3.894792297586558e-10
3.569279179981339e-10
3.869830215239014e-10
4.2884202442791337e-10
4.283800579691972e-10
4.813105767096656e-10
5.659570331835589e-10
4.630337702784206e-12
8.251478345571097e-12
9.976217041459987e-12
1.0924515936643328e-11
1.1912075141811031e-11
1.2703156105430767e-11
1.3167764674355493e-11
1.356216035219121e-11
1.3874406440846055e-11
1.4192895669864677e-11
1.441648720659596e-11
1.4679653152825064e-11
1.505344968113388e-11
1.777870524143385e-11
2.3534197388375742e-11
2.6947363268803608e-11
3.055145498682124e-11
3.346556689738358e-11
3.517219625866755e-11
3.66255982868753e-11
3.7775660523247565e-11
3.8947370300242554e-11
3.976778609801477e-11
4.073441482756025e-11
4.210202198509911e-11
3.305442141790791e-11
3.91967546231668e-11
4.5818126548973775e-11
5.12026691452972e-11
5.437069107769772e-11
5.707653642610311e-11
5.921179990714112e-11
6.13921610884344e-11
6.291747796943638e-11
6.47155465946951e-11
6.725911368045257e-11
4.785654672284443e-11
5.766440490079631e-11
6.576062564257076e-11
7.057056541892364e-11
7.468748621944806e-11
7.793301856276114e-11
8.125205772290115e-11
8.357243122568342e-11
8.630905756354891e-11
9.018147900597806e-11
7.239887142681235e-11
8.521725501608917e-11
9.29913027744151e-11
9.96590164308557e-11
1.0491240856360466e-10
1.1028982407071362e-10
1.1404799103269428e-10
1.1848208983298217e-10
1.2475815749790646e-10
1.0370291723479506e-10
1.155025546947825e-10
1.25530383382806e-10
1.334196348177189e-10
1.4149728995612197e-10
1.471435880988889e-10
1.5380682273983083e-10
1.6323948307479842e-10
1.3116897869232108e-10
1.4476372689853367e-10
1.552991332935262e-10
1.6606391104732717e-10
1.7359355200704114e-10
1.8248023113885445e-10
1.9506579244644706e-10
1.630828136879078e-10
1.7737536834803557e-10
1.91713016226533e-10
2.0172917410609683e-10
2.1356303234328694e-10
2.3032605190539297e-10
1.9592422590689677e-10
2.145953000592675e-10
2.273563329043057e-10
2.4246195401223347e-10
2.638840289563311e-10
2.3934201228929714e-10
2.562258026360321e-10
2.757144190637887e-10
3.03433991614297e-10
2.7750227196710953e-10
3.0142770201833037e-10
3.347714465435766e-10
3.3425639143631397e-10
3.764110389999125e-10
4.431770083910749e-10
3.137115131250461e-12
5.654318383824212e-12
6.871920289804067e-12
7.546524251277775e-12
8.251277384768373e-12
8.816792983134577e-12
9.14907622491929e-12
9.431306337050813e-12
9.654789403378297e-12
9.882802362902725e-12
1.0042872110543351e-11
1.0231350242757605e-11
1.0499082978001747e-11
1.238869171673312e-11
1.653411966117295e-11
1.9014920357379436e-11
2.1643525374637313e-11
2.377185466192583e-11
2.50189552998805e-11
2.608147852879184e-11
2.6922130215363e-11
2.7778779054732285e-11
2.8378532757894484e-11
2.908527701492189e-11
3.0085173217637515e-11
2.346667446533126e-11
2.798969145904715e-11
3.2884242971435024e-11
3.686966280234431e-11
3.921619596010945e-11
4.1221168026297335e-11
4.2802999805489904e-11
4.4418637477162996e-11
4.554878197119087e-11
4.688114302481633e-11
4.876592572655866e-11
3.4425583787975134e-11
4.175749300506035e-11
4.782094814938893e-11
5.142698915809191e-11
5.451454557042948e-11
5.694814462407906e-11
5.943744043416765e-11
6.117756661728451e-11
6.32300277130933e-11
6.613440480087308e-11
5.2900716390243915e-11
6.26343516413058e-11
6.854743792955481e-11
7.362044945637292e-11
7.761686788317766e-11
8.170837391841138e-11
8.456764937140022e-11
8.794140969254385e-11
9.271679489653392e-11
7.68150329646957e-11
8.589839800476986e-11
9.361567375733733e-11
9.968618119685246e-11
1.0590249792997099e-10
1.1024756277359401e-10
1.1537547283927698e-10
1.2263487041074499e-10
9.805186978976571e-11
1.0860410753211105e-10
1.167762125093932e-10
1.251264763168564e-10
1.309672531157874e-10
1.3786097533020197e-10
1.476244012179172e-10
1.229290676644955e-10
1.3410209042065452e-10
1.4530524060518907e-10
1.5313148024858886e-10
1.6237852316286857e-10
1.7547767842761248e-10
1.486802051520414e-10
1.6335051464079434e-10
1.7337384870261323e-10
1.8523971489441693e-10
2.0206804299636156e-10
1.82878066757409e-10
1.9619802575966494e-10
2.1157425438597686e-10
2.3344561368406376e-10
2.130163701826041e-10
2.3193547612767396e-10
2.583100252663369e-10
2.5789397418150995e-10
2.913066023914938e-10
3.4400152354862535e-10
2.103033488355494e-12
3.82681619704219e-12
4.672141358734211e-12
5.143995198902622e-12
5.638584148816903e-12
6.036146708477319e-12
6.269874175316864e-12
6.468515434262753e-12
6.62584073531379e-12
6.786408061043399e-12
6.899135696044705e-12
7.0319265359471485e-12
7.220597360585675e-12
8.504887227630621e-12
1.1433094882857445e-11
1.32009847108006e-11
1.508098574440573e-11
1.6605319953488317e-11
1.7499038250372344e-11
1.8260796005664007e-11
1.8863403680420574e-11
1.947761012914016e-11
1.9907590601965795e-11
2.0414342052654337e-11
2.1131296044163616e-11
1.6378891315933372e-11
1.9640888380763258e-11
2.3184968359443454e-11
2.6074558158955422e-11
2.77771931676439e-11
2.923250408965566e-11
3.0380433873958614e-11
3.155317992418854e-11
3.237345009477248e-11
3.334057220417901e-11
3.470870805895724e-11
2.4324282730060076e-11
2.9692519725590435e-11
3.414055120651426e-11
3.6788750116804176e-11
3.9056905552432645e-11
4.0844359847632234e-11
4.267312813625995e-11
4.395140728568176e-11
4.545923752783278e-11
4.759299832180779e-11
3.7949297563992476e-11
4.519393710347461e-11
4.9602766936560304e-11
5.338609694157049e-11
5.636615452430643e-11
5.941762362184155e-11
6.154996430490066e-11
6.406614104771507e-11
6.762777312268623e-11
5.5866481903907425e-11
6.272979620919987e-11
6.855779982339648e-11
7.314129291508744e-11
7.783545073114067e-11
8.11164938674184e-11
8.498886252186748e-11
9.047099372279044e-11
7.19960390783742e-11
8.004592793167829e-11
8.627408327800894e-11
9.263788530088686e-11
9.70893204974502e-11
1.0234343882145566e-10
1.0978503626086385e-10
9.107606019988871e-11
9.967523946625709e-11
1.0829058034682817e-10
1.1430891624142406e-10
1.214203525630163e-10
1.3149465415954346e-10
1.1097753232269476e-10
1.223454490258956e-10
1.3010675190722408e-10
1.392959427236532e-10
1.523290665308274e-10
1.3757820773337384e-10
1.4796245366093293e-10
1.5994517038955522e-10
1.7699169511598373e-10
1.611306635231049e-10
1.7593546474629133e-10
1.9657328927229003e-10
1.963225820949141e-10
2.225762342882279e-10
2.6402714296363593e-10
1.3974162627194234e-12
2.562784937380496e-12
3.1410356671981395e-12
3.4660598529221934e-12
3.807885597743956e-12
4.0831166019646635e-12
4.245024094870263e-12
4.382712421803464e-12
4.491788726554585e-12
4.60315536639014e-12
4.681351993451152e-12
4.773508083564776e-12
4.904493330240164e-12
5.763188815225316e-12
7.79544448507693e-12
9.03245186704546e-12
1.035263367663045e-11
1.1424517965408397e-11
1.2053345911638603e-11
1.2589525449402749e-11
1.3013630677424412e-11
1.3445989847224195e-11
1.3748647852188656e-11
1.4105386162778967e-11
1.461011803817056e-11
1.1257695654404646e-11
1.3564209042185734e-11
1.6080033443982512e-11
1.8133900865758806e-11
1.9345015503697402e-11
2.038052283800445e-11
2.1197164445542635e-11
2.2031645795084906e-11
2.2615276286834667e-11
2.3303443850319575e-11
2.427698580304218e-11
1.6903363600437877e-11
2.0754079815165722e-11
2.395083551926092e-11
2.5856084437250738e-11
2.7488361435597386e-11
2.8774524189671453e-11
3.00906745797662e-11
3.101057443806126e-11
3.209574004995533e-11
3.363144094146719e-11
2.6746349992636455e-11
3.2028607567275826e-11
3.524884843492834e-11
3.801267192966163e-11
4.018943489884427e-11
4.241867702800645e-11
4.397638123947203e-11
4.581458318780393e-11
4.8416628021561e-11
3.990032275696024e-11
4.498381024193137e-11
4.929709628482286e-11
5.268854743960914e-11
5.616224015189097e-11
5.859021197477791e-11
6.145588499985966e-11
6.55129492702868e-11
5.191528427082809e-11
5.794002979493677e-11
6.259557160610336e-11
6.735216924420463e-11
7.067956379177714e-11
7.460709139942181e-11
8.017003155354292e-11
6.628465743034072e-11
7.278620457606738e-11
7.929251751483008e-11
8.383749137169407e-11
8.920841945925177e-11
9.681738098422766e-11
8.140807834183931e-11
9.007359018037322e-11
9.598330959221291e-11
1.0298146710009417e-10
1.1290791593355272e-10
1.0178599488789075e-10
1.097629680682837e-10
1.1896026632254867e-10
1.3204683843010977e-10
1.199431363938708e-10
1.3137225911629498e-10
1.4729807774701525e-10
1.472207000597093e-10
1.6760049003674583e-10
1.999781302858766e-10
9.218420605377479e-13
1.7012272061149123e-12
2.0917669792808636e-12
2.31264542404764e-12
2.5456817310411196e-12
2.733613423371493e-12
2.844235098463852e-12
2.93836735891247e-12
3.0129597231514334e-12
3.0891508083129104e-12
3.1426606209894207e-12
3.205753966038701e-12
3.295478875807602e-12
3.862322735000924e-12
5.251139864224419e-12
6.102616033234443e-12
7.01442084356169e-12
7.755678186609514e-12
8.190791495911861e-12
8.56191846456653e-12
8.855440739568423e-12
9.154734584106036e-12
9.364236266898479e-12
9.61119922149746e-12
9.960635026559942e-12
7.634401601894321e-12
9.236198928957309e-12
1.0989754483308493e-11
1.2423049473497956e-11
1.3268815885243539e-11
1.3992137194916705e-11
1.4562488495755443e-11
1.5145412745620826e-11
1.5553081947037366e-11
1.603380126030933e-11
1.6713892914878547e-11
1.1572194499672794e-11
1.428140782461036e-11
1.6534614253087025e-11
1.7878813380634824e-11
1.9030688442546007e-11
1.9938216290166515e-11
2.0867060069632142e-11
2.1516220048626697e-11
2.2282049149965677e-11
2.336587823830267e-11
1.8543362613534323e-11
2.2317612639622877e-11
2.4622302984899362e-11
2.6600520975994512e-11
2.815838464079587e-11
2.975399164571449e-11
3.086890088064533e-11
3.2184635883112355e-11
3.4047163222072e-11
2.8006129440389718e-11
3.1695326451371355e-11
3.4822401635622416e-11
3.728050416888155e-11
3.979842499910451e-11
4.155836957720192e-11
4.363566133855982e-11
4.6576658645067875e-11
3.67776629151137e-11
4.119717734053376e-11
4.4607237060741885e-11
4.809090599710209e-11
5.052804271690975e-11
5.340483332051416e-11
5.747968949994315e-11
4.739081766810558e-11
5.221284852333231e-11
5.703148072444766e-11
6.03974800621133e-11
6.43755644838978e-11
7.001153620498808e-11
5.867257206679071e-11
6.515892097010836e-11
6.957609085885045e-11
7.480789837122841e-11
8.22296884168813e-11
7.401609702988603e-11
8.004105580157731e-11
8.697911900757535e-11
9.68536444394115e-11
8.779266883605567e-11
9.64759555673858e-11
1.0856685001079037e-10
1.0863640904484812e-10
1.242235925067065e-10
1.4925639024793328e-10
6.045551777034816e-13
1.121167814746001e-12
1.382103570738609e-12
1.5304677819418566e-12
1.6874502734805526e-12
1.8142278052043779e-12
1.8888969624481817e-12
1.952473623316289e-12
2.0028693544028784e-12
2.054368960733917e-12
2.090548633221621e-12
2.133230858114421e-12
2.1939715943529784e-12
2.5646006954496336e-12
3.501262777131604e-12
4.079070178253921e-12
4.6996980256450005e-12
5.20481735287009e-12
5.501470671997549e-12
5.7545691276520005e-12
5.9547277484265756e-12
6.158858732488118e-12
6.3017447183232324e-12
6.47019715989949e-12
6.708564206238406e-12
5.118145687945279e-12
6.213053745406038e-12
7.41559970337146e-12
8.399583404323201e-12
8.980570843284939e-12
9.477551876475859e-12
9.869382165656005e-12
1.0269916165625688e-11
1.0550017752765548e-11
1.0880328745758544e-11
1.1347650491730752e-11
7.819813855832941e-12
9.692747884236733e-12
1.1253001725647647e-11
1.2184587286357084e-11
1.298302985684037e-11
1.3612046290384522e-11
1.4255926498682478e-11
1.4705907447126327e-11
1.5236786164355957e-11
1.5988136532202052e-11
1.2667685230776117e-11
1.5313518794326416e-11
1.6931508518918456e-11
1.8320327122885434e-11
1.941392457637375e-11
2.0534119568524627e-11
2.1316824850394253e-11
2.224055504038259e-11
2.3548202038460426e-11
1.9343819837882464e-11
2.1968210827722206e-11
2.4190040816398746e-11
2.5936024555757023e-11
2.7724615821091585e-11
2.897481257961614e-11
3.045048465974499e-11
3.2539770587102705e-11
2.562063770403751e-11
2.8797868916638167e-11
3.124526155674917e-11
3.374509133999934e-11
3.5494122115796956e-11
3.755873045767078e-11
4.048328653725279e-11
3.3305137890406554e-11
3.6811212542462114e-11
4.0308928759238416e-11
4.275218664840552e-11
4.564004275060692e-11
4.97316005570887e-11
4.155949591630505e-11
4.632215299922142e-11
4.9559831799674415e-11
5.339554749175245e-11
5.883751957078996e-11
5.290001145881637e-11
5.736788081528194e-11
6.250454430557511e-11
6.981753624151218e-11
6.317104078588104e-11
6.965254598552731e-11
7.866828168388025e-11
7.884247573551084e-11
9.0564776741487e-11
1.0967199462027479e-10