8.698834243632132e-9
1.2198873221543153e-8
1.33837259370183e-8
1.409529356155014e-8
1.460621573873142e-8
1.5012426351508015e-8
1.5360525562626457e-8
1.5680949626836195e-8
1.600614305899363e-8
1.6429968214575176e-8
1.883876080494636e-8
2.1522774914339133e-8
2.3172935134652527e-8
2.4358454846894012e-8
2.5300494155382788e-8
2.6107774579080297e-8
2.6850910173874004e-8
2.760509739752114e-8
2.858803201645708e-8
2.5222277903292867e-8
2.7603759882099396e-8
2.9329217420318346e-8
3.069827234267708e-8
3.1870793058173936e-8
3.295018071990952e-8
3.404563910024075e-8
3.54733572777316e-8
3.061068161880964e-8
3.284884404510116e-8
3.4630604958049486e-8
3.6153230734863206e-8
3.755398614691222e-8
3.897561506216278e-8
4.082847818716319e-8
3.557241977559075e-8
3.7778914019220577e-8
3.966499455372329e-8
4.139583779264773e-8
4.3151546169960366e-8
4.544003075809355e-8
4.04031491196369e-8
4.26726755462751e-8
4.4752329065982985e-8
4.685603504163453e-8
4.959777601853492e-8
4.533732126854884e-8
4.7802662291980747e-8
5.0284123076604665e-8
5.3508811242660026e-8
5.070185243158786e-8
5.363796105530217e-8
5.740452401150761e-8
5.7176206844727325e-8
6.16745317916762e-8
6.761723266869533e-8
6.822964569649242e-9
9.813482099225831e-9
1.0855359904252389e-8
1.1481714978958173e-8
1.1931439208133433e-8
1.2288990803557979e-8
1.2595392092416948e-8
1.2877435426651232e-8
1.3163675651171785e-8
1.3536733206277977e-8
1.5757717878589474e-8
1.827230450077133e-8
1.9825896990959553e-8
2.0942083265549716e-8
2.1828909081589665e-8
2.2588878733622014e-8
2.3288471712156044e-8
2.3998466893643655e-8
2.4923806169431567e-8
2.1840059509923e-8
2.4163027051515758e-8
2.5848507714171168e-8
2.7185285366939434e-8
2.8330035165099848e-8
2.938387643983266e-8
3.045341153840399e-8
3.1847344946211126e-8
2.7160270915957318e-8
2.9403561592967237e-8
3.118974621568244e-8
3.271540580376005e-8
3.4118800544928944e-8
3.554311946614e-8
3.7399500088113254e-8
3.2184258075034336e-8
3.444353516131559e-8
3.637401187181011e-8
3.8144676527988384e-8
3.994062645261765e-8
4.228162099809797e-8
3.7173990499099556e-8
3.9538779617663856e-8
4.170420693613312e-8
4.3893499282179125e-8
4.674680017795391e-8
4.235583723047524e-8
4.4964208077482575e-8
4.7586274648910917e-8
5.0992101900926e-8
4.807626046747885e-8
5.122691928997928e-8
5.525895911281693e-8
5.508723523899715e-8
5.997762219355205e-8
6.659675988530781e-8
5.097083236309691e-9
7.4773492895435e-9
8.327134522357771e-9
8.83864322054333e-9
9.205890870625895e-9
9.497866132571034e-9
9.748072706755125e-9
9.978389821176805e-9
1.0212133463874922e-8
1.0516772213329467e-8
1.2396528952057342e-8
1.4570946521634768e-8
1.5922428764825603e-8
1.6893421303742322e-8
1.7664740669893645e-8
1.8325731524402986e-8
1.8934217681253084e-8
1.9551750547037116e-8
2.0356583507624927e-8
1.7751989785468176e-8
1.9852215955536383e-8
2.137882793611084e-8
2.2588904406665104e-8
2.3624987401339554e-8
2.4578809696478307e-8
2.5546842528253705e-8
2.6808488580787173e-8
2.2629116564088203e-8
2.472215722019405e-8
2.638912481260049e-8
2.7812003972025022e-8
2.9120646726709342e-8
3.0448815548369455e-8
3.217989400572557e-8
2.737323099645925e-8
2.95353717479284e-8
3.1381963150109525e-8
3.307447604133484e-8
3.479094858350323e-8
3.702841822686819e-8
3.219875003120074e-8
3.4509932950546125e-8
3.6624300640749654e-8
3.876037693338922e-8
4.154432376414118e-8
3.731158382328204e-8
3.9908429812355786e-8
4.251439559709154e-8
4.589709858199652e-8
4.306170646820333e-8
4.6252806406552927e-8
5.032316998552086e-8
5.024353242579455e-8
5.527533768872297e-8
6.229463843055749e-8
3.680205646437748e-9
5.481705522123374e-9
6.134553625913706e-9
6.527948103108045e-9
6.810375266673855e-9
7.034911622786591e-9
7.227327528900652e-9
7.40444849501902e-9
7.5842042735997e-9
7.818480486578328e-9
9.294987800922274e-9
1.1033980346597997e-8
1.2121271253643032e-8
1.2902404838465307e-8
1.3522750122809052e-8
1.4054366984936307e-8
1.4543763317921952e-8
1.504043584481969e-8
1.5687751042461948e-8
1.3644754503202992e-8
1.5394246458471165e-8
1.6668527125176597e-8
1.767781996743555e-8
1.8541799498482877e-8
1.9337198875982098e-8
2.014445691780716e-8
2.1196565111884547e-8
1.776458618223313e-8
1.9566300126941014e-8
2.100167364354471e-8
2.2225790881214e-8
2.3351377215753615e-8
2.4493775243171084e-8
2.5982745471512437e-8
2.1902243287332007e-8
2.3816454934039585e-8
2.54503272471113e-8
2.6946433937656295e-8
2.8463459070697e-8
3.044103057462016e-8
2.6225356715457843e-8
2.8321064981877565e-8
3.023597766896381e-8
3.21685779053204e-8
3.46873215754593e-8
3.0912979694173216e-8
3.331884838485837e-8
3.5727552534940796e-8
3.88513399403935e-8
3.630136396577961e-8
3.9318090151189343e-8
4.3148734286083584e-8
4.318508622047199e-8
4.8030116565602814e-8
5.504456618358063e-8
2.57670645388196e-9
3.897291834278513e-9
4.381018945009024e-9
4.67265574684758e-9
4.882014342533795e-9
5.048456798756924e-9
5.1910897319526855e-9
5.322385317298184e-9
5.455633851542481e-9
5.629297044728628e-9
6.740988363873846e-9
8.057654338494091e-9
8.883759538672313e-9
9.477126462348267e-9
9.948227981938433e-9
1.035194996814774e-8
1.0723614528244598e-8
1.110080524615944e-8
1.159239937168782e-8
1.006206174392034e-8
1.141909579100689e-8
1.2408995535979904e-8
1.3192369855101919e-8
1.3862783801997205e-8
1.4479993871125905e-8
1.510641443350363e-8
1.59228366697989e-8
1.3289857037184632e-8
1.4722719635395583e-8
1.586453839777029e-8
1.6837317459319225e-8
1.773154246669871e-8
1.863913959500179e-8
1.9822095040164474e-8
1.661777811911238e-8
1.8178908915432595e-8
1.9510576616923694e-8
2.0728509185491198e-8
2.1963190137442763e-8
2.3572793671886256e-8
2.0184089564769345e-8
2.1934156621297002e-8
2.3530881640043988e-8
2.5140215503383704e-8
2.7237616772672996e-8
2.414384820580434e-8
2.6198730753893004e-8
2.8249852126842923e-8
3.0906597050070355e-8
2.8804289815542625e-8
3.143797687523535e-8
3.4762131934411367e-8
3.491049909501722e-8
3.9224955981495945e-8
4.575267231359829e-8
1.7488552141560444e-9
2.677449454387888e-9
3.0240874857935457e-9
3.2331497536195563e-9
3.3832227038207442e-9
3.5025308642046645e-9
3.604772246377153e-9
3.6988871752989577e-9
3.794401872111877e-9
3.918886488481222e-9
4.7354714276004375e-9
5.707362448531671e-9
6.317624482386719e-9
6.755846740291383e-9
7.10371108063566e-9
7.401821631668605e-9
7.67626390451187e-9
7.95478686034294e-9
8.317787030921193e-9
7.19827314256543e-9
8.210209034587569e-9
8.948601981926603e-9
9.532591431904575e-9
1.003227086417578e-8
1.0492299324117802e-8
1.0959197612749528e-8
1.1567713532421191e-8
9.614928923642426e-9
1.0694758535584385e-8
1.1555314769466614e-8
1.2287893282609622e-8
1.2961140728966169e-8
1.364446300512614e-8
1.4535113863984692e-8
1.2137658918167457e-8
1.3330661756683334e-8
1.4347821779042286e-8
1.5277094572860375e-8
1.621891559057872e-8
1.7446799829320783e-8
1.488287841304099e-8
1.6241399994700464e-8
1.7479143273785645e-8
1.8724874508093706e-8
2.0348348032846386e-8
1.798301736273554e-8
1.9605624086107758e-8
2.1219844540106738e-8
2.3307550596976173e-8
2.1702825807267364e-8
2.3821083827571603e-8
2.6475023244826348e-8
2.669186596272588e-8
3.02218039157608e-8
3.582280866227299e-8
1.175223949526705e-9
1.7964093108108978e-9
2.0317850740385404e-9
2.173941260833461e-9
2.275983975129711e-9
2.3571073426488136e-9
2.426626291365979e-9
2.4906197375783017e-9
2.555564926074649e-9
2.6402081973176784e-9
3.2047961650681416e-9
3.893337097176104e-9
4.3277000179868375e-9
4.639631305733969e-9
4.887222335950052e-9
5.0994006642802345e-9
5.294734307124779e-9
5.492972333537939e-9
5.75133677409615e-9
4.973057477167431e-9
5.710971945702768e-9
6.249659392891449e-9
6.675613249505054e-9
7.0400407207400685e-9
7.375548537866437e-9
7.71606789666331e-9
8.159872501597169e-9
6.745466189737234e-9
7.541432738610434e-9
8.175699461352016e-9
8.715485028817397e-9
9.211490871171392e-9
9.714918478000017e-9
1.0371097661016151e-8
8.610385726953347e-9
9.494775496276213e-9
1.0248643471791446e-8
1.0937013845640805e-8
1.1634571877243005e-8
1.2544030551784312e-8
1.065049176464308e-8
1.1663052910213585e-8
1.2584907973327356e-8
1.3511863754694858e-8
1.471984439407288e-8
1.29689275992941e-8
1.4186856502833304e-8
1.539569064171388e-8
1.6957215388015165e-8
1.5776301404577725e-8
1.7380709457573033e-8
1.93783741257527e-8
1.9593698877506347e-8
2.228910745536164e-8
2.672812131491042e-8
7.952936030829677e-10
1.2063683642505705e-9
1.3616018681492932e-9
1.4553981010632342e-9
1.5227217784504402e-9
1.5762427840270187e-9
1.622108047154367e-9
1.6643278539968833e-9
1.707175602058113e-9
1.7630192101920647e-9
2.1336675638304468e-9
2.5891008121360618e-9
2.878085809127078e-9
3.0856251810811315e-9
3.250312563017381e-9
3.3914471813914904e-9
3.521378964828506e-9
3.653242885571787e-9
3.825101690506352e-9
3.314861198291755e-9
3.819265842068027e-9
4.1885163967360735e-9
4.4803082453134255e-9
4.729911003428437e-9
4.9597103000048735e-9
5.1929439330743685e-9
5.496921524147278e-9
4.542683553503229e-9
5.104140026515142e-9
5.551695489500529e-9
5.932374031574935e-9
6.28213712622123e-9
6.637135492121668e-9
7.0998509248423625e-9
5.872440439635558e-9
6.509745918610286e-9
7.052775320179867e-9
7.548448861758489e-9
8.050703638666161e-9
8.705537891285834e-9
7.352839323302909e-9
8.091723280262155e-9
8.764151724636516e-9
9.440099905829015e-9
1.0320947654509077e-8
9.051804923769977e-9
9.947189988002009e-9
1.0835299945621724e-8
1.1982020068068971e-8
1.1121779497455435e-8
1.2307002022525774e-8
1.3779231351648965e-8
1.3952131133225614e-8
1.594691579036864e-8
1.9283846453368164e-8
5.452921317198277e-10
8.181800348503793e-10
9.209676535092316e-10
9.830522014300403e-10
1.027610825333972e-9
1.0630335809552063e-9
1.0933894836392786e-9
1.1213326350645277e-9
1.1496914074483857e-9
1.1866514812624406e-9
1.4312031382599277e-9
1.7314130888783917e-9
1.921306224160178e-9
2.057568823524721e-9
2.1656654741044168e-9
2.2583025068341996e-9
2.3435876626783216e-9
2.4301412839018837e-9
2.542946982201927e-9
2.2066362655210646e-9
2.535217202617822e-9
2.7755310192432135e-9
2.965225786215684e-9
3.1274385745080112e-9
3.2767851619109913e-9
3.428366919880957e-9
3.625926637150094e-9
3.006111538088757e-9
3.3732534039030116e-9
3.6659988393096352e-9
3.9146785295930365e-9
4.143077727289975e-9
4.3749033382759946e-9
4.677077818336809e-9
3.8820521354111244e-9
4.307089424027174e-9
4.6690650681956735e-9
4.998990052569259e-9
5.333214351917536e-9
5.769002239393115e-9
4.880504398744521e-9
5.3853057928185095e-9
5.844002732798624e-9
6.304513542358718e-9
6.904627299920142e-9
6.055012608593185e-9
6.680823589450348e-9
7.300139727625912e-9
8.09918395681839e-9
7.518175752771373e-9
8.362877263937102e-9
9.409313104141408e-9
9.556387968369468e-9
1.100027267050906e-8
1.3455447178263034e-8
3.803610512494202e-10
5.643514975317986e-10
6.328237983361629e-10
6.741729627268766e-10
7.038513535185253e-10
7.274450296901442e-10
7.476638347987007e-10
7.662755673522119e-10
7.851641435846585e-10
8.097816829929202e-10
9.700730901578334e-10
1.1664827152130334e-9
1.2909522268621147e-9
1.380322860711511e-9
1.4512301067337694e-9
1.5119954805385195e-9
1.5679377698080795e-9
1.624712098113423e-9
1.6987063225788577e-9
1.4775618982952519e-9
1.6937546378476366e-9
1.8520236897883486e-9
1.977006213045868e-9
2.0838848087491852e-9
2.182281549889052e-9
2.2821505405675794e-9
2.4123120361589015e-9
2.0041959191482775e-9
2.2456995467285876e-9
2.438143358639707e-9
2.601637746295517e-9
2.751780416969796e-9
2.9041716017005386e-9
3.102808980134714e-9
2.57825176330894e-9
2.8550740218502875e-9
3.0907501264897117e-9
3.305441568150623e-9
3.522871524660292e-9
3.806388659820473e-9
3.2259077177744e-9
3.5523817619814504e-9
3.8487223591395304e-9
4.145737274165183e-9
4.532762964994911e-9
3.985478851401654e-9
4.390973945381131e-9
4.790511535124365e-9
5.304853726564469e-9
4.939775023464084e-9
5.492958121934448e-9
6.1709017823826085e-9
6.296511990414925e-9
7.255797987021968e-9
8.974036323478315e-9
2.682298176525792e-10
3.9547770723539695e-10
4.4222472636229823e-10
4.704381196735269e-10
4.906885750344841e-10
5.067872526222499e-10
5.205831417446751e-10
5.332824635274633e-10
5.46170692717057e-10
5.629679619463674e-10
6.705147916545778e-10
8.012202954241693e-10
8.837997487516541e-10
9.4306680052245e-10
9.900864176461966e-10
1.0303808477667383e-9
1.0674772080391095e-9
1.1051253558009327e-9
1.1541923483192745e-9
1.0057052780106984e-9
1.1467628401702051e-9
1.2498425303472465e-9
1.331211873927898e-9
1.4007920357461907e-9
1.4648527708090206e-9
1.5298723929660105e-9
1.614613882677221e-9
1.347437447144573e-9
1.5034082561954605e-9
1.627733859210182e-9
1.733341102760626e-9
1.8303295698348186e-9
1.928772703305945e-9
2.0570896435674166e-9
1.718312695337552e-9
1.8978521331616007e-9
2.0507706612166722e-9
2.190097567246057e-9
2.331218240676314e-9
2.5152256063654833e-9
2.13986050514354e-9
2.353184173432733e-9
2.5469032371161046e-9
2.74119840338296e-9
2.9943601942516527e-9
2.6369641903795334e-9
2.902326378395916e-9
3.164199110079628e-9
3.5014227367005162e-9
3.2597668339770177e-9
3.6198306389467227e-9
4.061201748729237e-9
4.138316062221705e-9
4.754035149525046e-9
5.862776897152489e-9
1.8890258816928358e-10
2.7890411823348315e-10
3.1162535110545353e-10
3.313590998271536e-10
3.4552371595389875e-10
3.5678442763175173e-10
3.664343617728133e-10
3.7531726146515974e-10
3.843322978490732e-10
3.9608162327323286e-10
4.703448623727441e-10
5.595014494718043e-10
6.156369177343563e-10
6.559278389835527e-10
6.878987973003716e-10
7.152971725973095e-10
7.405207206694157e-10
7.661194267305645e-10
7.994823298634372e-10
6.969775918425674e-10
7.911609301451942e-10
8.599500679111126e-10
9.14284179898796e-10
9.607549942251649e-10
1.0035385041084206e-9
1.0469619064421908e-9
1.1035565390242676e-9
9.238278182429653e-10
1.0266749000291797e-9
1.108662900286189e-9
1.1783434636904508e-9
1.2423413530824061e-9
1.3072966994365988e-9
1.391963428133521e-9
1.1671577147515093e-9
1.2841851074012992e-9
1.383841267453188e-9
1.4746527184201392e-9
1.566624212509929e-9
1.6865469633354913e-9
1.4403390746683297e-9
1.5776410125431566e-9
1.702274072082328e-9
1.8272052704604083e-9
1.989987584583237e-9
1.7587404715323946e-9
1.928042160980143e-9
2.0948151718466454e-9
2.3094384250335783e-9
2.1558811449815525e-9
2.3854108196057846e-9
2.666058592090397e-9
2.7188782729608537e-9
3.115444164037417e-9
3.8351620073486896e-9
1.309281072069215e-10
1.9516227415296338e-10
2.1842690336739154e-10
2.3245031072987472e-10
2.425166616469137e-10
2.50519405645554e-10
2.573773808923698e-10
2.6369024456182465e-10
2.700970098941292e-10
2.784469680662841e-10
3.3102729638301847e-10
3.934618062733635e-10
4.3265501983812905e-10
4.6079186136297706e-10
4.831232665200746e-10
5.022605789237662e-10
5.19878608279253e-10
5.377586541634472e-10
5.610617946936845e-10
4.885671763444033e-10
5.53244547526243e-10
6.004429890408443e-10
6.377449245158463e-10
6.696534152903481e-10
6.990296300298833e-10
7.288449697145535e-10
7.677038866032382e-10
6.432628575153011e-10
7.127003270902426e-10
7.680363370169793e-10
8.150928884608915e-10
8.583187322870782e-10
9.02191188356913e-10
9.59376733891661e-10
8.063371234009839e-10
8.840953830551024e-10
9.50335406193963e-10
1.0107326230731989e-9
1.0719115375649692e-9
1.1516816609617495e-9
9.867199486169127e-10
1.0768611258377483e-9
1.158750352753339e-9
1.2409076634214907e-9
1.3479647044762073e-9
1.1947494527301595e-9
1.3049340683200627e-9
1.4137169158512129e-9
1.5538675386011562e-9
1.4520059608808934e-9
1.6003539657002764e-9
1.7826045743397312e-9
1.8131578067793174e-9
2.0670057013854305e-9
2.519251935038367e-9
8.812111760914231e-11
1.3353527291986757e-10
1.5005309478943807e-10
1.600080651253795e-10
1.671542626880555e-10
1.7283553674343494e-10
1.7770410941737458e-10
1.8218570662330454e-10
1.8673395965585378e-10
1.9266171338144e-10
2.3025897256636065e-10
2.746187509888963e-10
3.0241606219913287e-10
3.223751937416298e-10
3.3821906132734007e-10
3.51796711780618e-10
3.642963428022196e-10
3.769818473234029e-10
3.935149199838528e-10
3.417921195665991e-10
3.8722316524631585e-10
4.20353785128503e-10
4.4655286617829414e-10
4.689675637647855e-10
4.896032765404698e-10
5.105472674608726e-10
5.37843939516745e-10
4.4989129033577044e-10
4.980261529164149e-10
5.363777545567256e-10
5.690124760102978e-10
5.989976594991653e-10
6.294312940443983e-10
6.690994636391882e-10
5.622159867999676e-10
6.15343411102148e-10
6.606245876699304e-10
7.019514873429495e-10
7.438220444318196e-10
7.984134446123492e-10
6.846674855660514e-10
7.454652537534339e-10
8.007662010670211e-10
8.563083512308564e-10
9.286834527617607e-10
8.240865566352318e-10
8.974711035782902e-10
9.70080408064893e-10
1.0637116980016236e-9
9.940750932947356e-10
1.0915152188281256e-9
1.2116815506328868e-9
1.2289961626749851e-9
1.3936287065204787e-9
1.6808754128726063e-9
5.701827990548187e-11
8.82635550394132e-11
9.975925656348163e-11
1.0668905554884924e-10
1.1166371982351494e-10
1.1561862228097324e-10
1.1900777479481242e-10
1.2212755070320293e-10
1.2529372203979445e-10
1.2942020459046473e-10
1.5602615085900335e-10
1.874183780935915e-10
2.0708909545913196e-10
2.212152391662963e-10
2.3242992915630143e-10
2.4204054827682117e-10
2.5088808296839587e-10
2.5986716696403484e-10
2.715696461746171e-10
2.350589373335152e-10
2.67224277115239e-10
2.906745984481989e-10
3.092260387398911e-10
3.250999857323659e-10
3.3971403844030165e-10
3.5454629225688217e-10
3.738774072822467e-10
3.1146076329239184e-10
3.45351383180304e-10
3.723533418766955e-10
3.953426890134144e-10
4.1646941254703735e-10
4.3791202061291896e-10
4.658606945772194e-10
3.902622202375083e-10
4.2734301356086495e-10
4.589570792722594e-10
4.878328614201082e-10
5.170944940502142e-10
5.552445612360422e-10
4.753231821759927e-10
5.173213879126004e-10
5.555645776716552e-10
5.94018444373292e-10
6.441271341034939e-10
5.710943979466518e-10
6.212340760213161e-10
6.709699103053101e-10
7.351735626182036e-10
6.864012110536637e-10
7.521387014044806e-10
8.33631369392058e-10
8.431209893220765e-10
9.529477283479488e-10
1.138903130479367e-9
3.52615613462472e-11
5.589452540021239e-11
6.3615228149068e-11
6.8272144319731e-11
7.161516699713183e-11
7.427289200557966e-11
7.655042863243381e-11
7.86469488360612e-11
8.077464312011275e-11
8.354767525579152e-11
1.0183008859919561e-10
1.235430966841996e-10
1.3717199719276732e-10
1.4696037581953366e-10
1.547314357449179e-10
1.6139099971344613e-10
1.6752180062275524e-10
1.7374374799916137e-10
1.818528394406333e-10
1.568169509340658e-10
1.7933778725988636e-10
1.9576160111335419e-10
2.0875621915582894e-10
2.19876015491175e-10
2.3011329591524098e-10
2.405033842883818e-10
2.540449444520882e-10
2.1042656919614388e-10
2.342396107454288e-10
2.5321326448394654e-10
2.693716895895361e-10
2.8422262622097973e-10
2.992955883756958e-10
3.189418164388969e-10
2.657942964132219e-10
2.9181917450082165e-10
3.140115910802669e-10
3.3429202206513616e-10
3.5484619267208884e-10
3.8164310981065555e-10
3.2539674310004974e-10
3.547528632981723e-10
3.8150318535413794e-10
4.0842290074729375e-10
4.435031942711479e-10
3.921362369804081e-10
4.2695860608646444e-10
4.6157281380020887e-10
5.063050466821211e-10
4.718188166943648e-10
5.171035525195541e-10
5.735518855786136e-10
5.788171453163271e-10
6.538930312036944e-10
7.770222414031529e-10
2.081409134255521e-11
3.378342629832223e-11
3.873449395674053e-11
4.172352822681738e-11
4.3869176831940115e-11
4.557496644311823e-11
4.703674439380372e-11
4.8382346295930775e-11
4.9747954055451304e-11
5.152775621026997e-11
6.355343521174566e-11
7.80093310149883e-11
8.71122057034551e-11
9.3650281178875e-11
9.884050128705613e-11
1.0328838649322342e-10
1.0738313826872751e-10
1.1153876290244565e-10
1.1695480707280855e-10
1.0050859946944087e-10
1.1583123771746557e-10
1.2701457413203e-10
1.3586171987343922e-10
1.4343224469304053e-10
1.5040200535182686e-10
1.5747580243389023e-10
1.666951889822235e-10
1.3718751175733794e-10
1.535810639822782e-10
1.6664461852854424e-10
1.7776933926823064e-10
1.8799410097346247e-10
1.983717614817928e-10
2.1189806629790338e-10
1.7543598585273198e-10
1.9346881105342025e-10
2.08846080605314e-10
2.229004479640011e-10
2.3714539238490837e-10
2.557166497658025e-10
2.1680609089425028e-10
2.37203308642012e-10
2.5579509012162986e-10
2.7451238205544034e-10
2.9890455608145407e-10
2.6318785067305353e-10
2.873812463652375e-10
3.1145898600854586e-10
3.4259651363143316e-10
3.1846164321278157e-10
3.4984878935342856e-10
3.8912477913916884e-10
3.9225086171981527e-10
4.4417375705029133e-10
5.273541961699818e-10
1.1760594387539933e-11
1.9501976203794278e-11
2.2518591320605022e-11
2.434180519396973e-11
2.5650506966499604e-11
2.669090896757061e-11
2.7582485019917688e-11
2.8403205112935614e-11
2.92361260425035e-11
3.0321675446157224e-11
3.7831563951800785e-11
4.7003279380509304e-11
5.2803705244707556e-11
5.6969726786242276e-11
6.027635831365466e-11
6.311007540177722e-11
6.571884054695931e-11
6.836638734096255e-11
7.181694705751358e-11
6.155285073836144e-11
7.155150071413059e-11
7.885783111875952e-11
8.463561137358428e-11
8.957914881169546e-11
9.41304490430311e-11
9.874970748753538e-11
1.0477005987747615e-10
8.568241790451986e-11
9.657492239011534e-11
1.0525638622152641e-10
1.126468039476359e-10
1.1943887813794955e-10
1.2633257480446374e-10
1.3531788818995815e-10
1.112564588136153e-10
1.2339289798401226e-10
1.3374019094535224e-10
1.431951004259838e-10
1.5277805614128723e-10
1.6527154428099266e-10
1.3922893587670188e-10
1.5307863247166884e-10
1.6570012518498537e-10
1.78406414469238e-10
1.9496550740341076e-10
1.7082515180591994e-10
1.8735038419874738e-10
2.037996667972036e-10
2.2507721519551377e-10
2.0865372099703003e-10
2.3017108554585115e-10
2.571427600704407e-10
2.592271224225873e-10
2.949375082704894e-10
3.515470681147967e-10
6.399128689170261e-12
1.0800890968745958e-11
1.254853821030768e-11
1.3606067436321869e-11
1.4365098232702972e-11
1.4968506319474383e-11
1.5485601226731925e-11
1.5961602730028375e-11
1.6444679898012954e-11
1.7074276500773752e-11
2.1519193451047283e-11
2.704153078471946e-11
3.05511569514052e-11
3.307158402642499e-11
3.507159299464742e-11
3.678557335526895e-11
3.8363513424614985e-11
3.996491203191469e-11
4.205202215655795e-11
3.5979762215708185e-11
4.2188802883956266e-11
4.67325142594109e-11
5.032339342434357e-11
5.339523223965589e-11
5.6223385933539816e-11
5.909379447838793e-11
6.283484738934273e-11
5.110865338744009e-11
5.8023476113102435e-11
6.353584620210366e-11
6.82255467394694e-11
7.25348810260205e-11
7.69087435607913e-11
8.26097256548263e-11
6.74784761814634e-11
7.53181656926505e-11
8.19998598193346e-11
8.810179519887624e-11
9.428579545113407e-11
1.0234820815341875e-10
8.567196883069114e-11
9.47402951341672e-11
1.0299944211165652e-10
1.11310242473608e-10
1.2214117832413145e-10
1.0647904834507903e-10
1.1741722108956475e-10
1.2829640238435184e-10
1.4236593314598295e-10
1.3164378532699652e-10
1.460125342799888e-10
1.640142258324728e-10
1.6555867766404116e-10
1.8959280336972994e-10
2.2781713654615566e-10
3.378046623513417e-12
5.779205958649454e-12
6.747275146527192e-12
7.333720824937726e-12
7.754591794082279e-12
8.089164122554104e-12
8.37587988794194e-12
8.639811194681529e-12
8.907665558573759e-12
9.256761355154397e-12
1.1760973630366141e-11
1.4921905105619484e-11
1.694044991602838e-11
1.8389747230044583e-11
1.9539435992825422e-11
2.0524710257350185e-11
2.1431798040911446e-11
2.2352372412702317e-11
2.355216126008061e-11
2.0134394047670386e-11
2.3795664854676283e-11
2.647895493068225e-11
2.85978126870692e-11
3.040994939485608e-11
3.2078359671919274e-11
3.3771719332212614e-11
3.597870795034541e-11
2.9144417907424e-11
3.331803325528816e-11
3.6645886834292434e-11
3.94746951258353e-11
4.207345228812277e-11
4.471116261190796e-11
4.814925206172688e-11
3.911686852986426e-11
4.394380713874363e-11
4.8055864309761623e-11
5.1807844634346164e-11
5.5609661760834104e-11
6.056650356718327e-11
5.041139563875784e-11
5.608816048312897e-11
6.125338810295204e-11
6.644647897176281e-11
7.321429904017626e-11
6.353420324210269e-11
7.048030840505531e-11
7.737722867274011e-11
8.62909743962544e-11
7.963258678083807e-11
8.887390059245977e-11
1.0042147081025117e-10
1.0161968807904107e-10
1.1725199690356888e-10
1.42505640366914e-10