2.301762420784775e-10
4.006782403581952e-10
4.853413654667149e-10
5.304533606667018e-10
5.667185518541227e-10
6.057095938345238e-10
6.340263248963985e-10
6.514769172823645e-10
6.673479919189573e-10
6.795032463938333e-10
6.927197651512432e-10
7.034816184706613e-10
7.113856847250944e-10
7.230181455648976e-10
7.385907351670482e-10
8.252281670250658e-10
1.0897104364426494e-9
1.239204098537735e-9
1.363068654410332e-9
1.4968175735339368e-9
1.5946599339281379e-9
1.6547247494964996e-9
1.7095341559023372e-9
1.751428191161335e-9
1.797003137666788e-9
1.8340330887934233e-9
1.8612562602410486e-9
1.9011887117078847e-9
1.9546109445064785e-9
1.5270377344416465e-9
1.7928453146198964e-9
2.020028268837202e-9
2.2667476300266127e-9
2.447847148103268e-9
2.5592990072701422e-9
2.661074314587661e-9
2.7390231045291415e-9
2.8237563565071324e-9
2.892532592523562e-9
2.9431349929473252e-9
3.0172928548185534e-9
3.116597537324288e-9
2.1519663028390956e-9
2.47211066200216e-9
2.823920889063761e-9
3.0834384380035e-9
3.2439629460197683e-9
3.390420685966925e-9
3.5029488606907575e-9
3.625191870317455e-9
3.7243605990257876e-9
3.797309144351075e-9
3.9042250890637785e-9
4.047497561419357e-9
2.9027589427905114e-9
3.3921759095795937e-9
3.758329065523965e-9
3.986677072303506e-9
4.195009791652263e-9
4.3555144290165985e-9
4.5297855165239305e-9
4.671144530297006e-9
4.775063357697515e-9
4.927436565497038e-9
5.131737008823813e-9
4.0787686068397955e-9
4.6137765650463706e-9
4.951706854368233e-9
5.259850540764344e-9
5.497571738103226e-9
5.755591468770746e-9
5.964888320351077e-9
6.118763618305005e-9
6.344312948669073e-9
6.6469717389231334e-9
5.327118937402634e-9
5.792258678051051e-9
6.212436348462844e-9
6.535742142838757e-9
6.886856866980589e-9
7.17165964809001e-9
7.381279510128431e-9
7.68820695468969e-9
8.100403560925114e-9
6.376067147429283e-9
6.910678479261847e-9
7.316228840176807e-9
7.755769873570734e-9
8.112404302371375e-9
8.375195476692487e-9
8.759790047217012e-9
9.276291018009697e-9
7.596192776541213e-9
8.11799376812092e-9
8.674795288179831e-9
9.125396449355562e-9
9.457913926220729e-9
9.944562996640676e-9
1.0597890512204142e-8
8.75757359844581e-9
9.4431201218295e-9
9.988396515303161e-9
1.039066413217745e-8
1.0980103298924542e-8
1.1771334184585864e-8
1.0315217420361431e-8
1.1004602913587422e-8
1.1503112741347655e-8
1.2234946616126514e-8
1.3218843186767011e-8
1.1858233406619774e-8
1.2470948872389338e-8
1.3347207437368195e-8
1.4528294970029237e-8
1.320823563696064e-8
1.4231125171905332e-8
1.5583125991391553e-8
1.5612000175024345e-8
1.7270790106084357e-8
1.9794422876962146e-8
1.9375454654353017e-10
3.4227377323954253e-10
4.178348932448973e-10
4.584882666973575e-10
4.913852264887466e-10
5.268355974034281e-10
5.526235957254361e-10
5.68525380933308e-10
5.829903199860994e-10
5.94077610531824e-10
6.061385031901847e-10
6.159610493620956e-10
6.231783272622839e-10
6.337944326392201e-10
6.480205253994149e-10
7.212973968959694e-10
9.649299397133205e-10
1.1043517636027535e-9
1.220735094844087e-9
1.3466979614372364e-9
1.4389743104013425e-9
1.495648755477127e-9
1.5473805795217947e-9
1.5869351887706251e-9
1.6299689050158057e-9
1.6649339225523252e-9
1.6906398533575704e-9
1.7283381193850747e-9
1.778789001185431e-9
1.375363810836995e-9
1.6286923300721433e-9
1.8469654021896927e-9
2.0845651768674124e-9
2.2591816885643742e-9
2.366719050796945e-9
2.4649342712237557e-9
2.5401915914952546e-9
2.6219945368361693e-9
2.6883884081084437e-9
2.737237721288011e-9
2.8088178402077064e-9
2.9046955255863788e-9
1.975176464665687e-9
2.2871834387642157e-9
2.6310524015229804e-9
2.8850589993792837e-9
3.0423255520325784e-9
3.185814470255297e-9
3.2961257785557452e-9
3.4159498749141895e-9
3.5131493095953834e-9
3.5846461918113946e-9
3.689429092368446e-9
3.8298759058132115e-9
2.7123445118123637e-9
3.1979969103800717e-9
3.5621082539163243e-9
3.789480803608623e-9
3.9969264317915725e-9
4.156844469478912e-9
4.330459988398169e-9
4.471281349681568e-9
4.574794774846623e-9
4.726575117511966e-9
4.930121189876182e-9
3.889010549438416e-9
4.4299692577373605e-9
4.7722506952774755e-9
5.08433016394142e-9
5.325197676806473e-9
5.586608371879574e-9
5.798649987055345e-9
5.954536015106571e-9
6.183027947974961e-9
6.4896937667143395e-9
5.159951684021194e-9
5.637578111864383e-9
6.068639320837945e-9
6.4003529234080676e-9
6.7605847680579245e-9
7.052782100510558e-9
7.267850555418256e-9
7.582730718221675e-9
8.005689024895068e-9
6.242876231412094e-9
6.797208353889678e-9
7.2172960245520816e-9
7.672505476217581e-9
8.041864619658245e-9
8.314058408303464e-9
8.712375791219323e-9
9.247388122208218e-9
7.515608325823284e-9
8.062097280804562e-9
8.64451161547874e-9
9.115773957657008e-9
9.463596717632538e-9
9.972612531899626e-9
1.065603330546535e-8
8.737502725565088e-9
9.460869456497102e-9
1.0035501585493492e-8
1.045948044461995e-8
1.1080747973869041e-8
1.1914766276852123e-8
1.038981218173914e-8
1.1123101652543994e-8
1.1652751506067223e-8
1.2430412060084375e-8
1.3476084815201571e-8
1.2038550968727354e-8
1.2694745110063428e-8
1.3631828914984611e-8
1.489527424000612e-8
1.3489969756274845e-8
1.4590019538662557e-8
1.6042744227181907e-8
1.6091807692118447e-8
1.788554416678981e-8
2.065482752560355e-8
1.6118227063916578e-10
2.879274069564832e-10
3.536598130626358e-10
3.8938342341422467e-10
4.184936026378742e-10
4.4995383317399213e-10
4.728696059561327e-10
4.8701187490343e-10
4.998930653719049e-10
5.097635436102775e-10
5.205121194208371e-10
5.292619442431912e-10
5.356950397253055e-10
5.451601522548252e-10
5.57858926152118e-10
6.170732470051676e-10
8.342709267562034e-10
9.602041512863342e-10
1.066182699975647e-9
1.1812150235187326e-9
1.2655870217153852e-9
1.317447470848921e-9
1.3648140640575565e-9
1.4010313598098969e-9
1.4404432366408563e-9
1.4724566584131315e-9
1.4959957875947549e-9
1.5305164989430573e-9
1.5767327440876617e-9
1.2064445822891654e-9
1.4399755323770346e-9
1.6429779254062545e-9
1.8645815110503933e-9
2.0276255153062003e-9
2.1281344258546115e-9
2.219952205741404e-9
2.2903333990612833e-9
2.3668366521474794e-9
2.4289133391504806e-9
2.4745906417828747e-9
2.5415214099685576e-9
2.631196573333476e-9
1.7634397443352368e-9
2.057974763298788e-9
2.383706705306336e-9
2.6246441537258128e-9
2.774001162753434e-9
2.9102811431896388e-9
3.0151075662980107e-9
3.128968691306087e-9
3.2213103687651853e-9
3.2892367676020154e-9
3.388788093628131e-9
3.5222559383962944e-9
2.4649920004303064e-9
2.9326944786524895e-9
3.2841541673648936e-9
3.5039710824666936e-9
3.7045268680255556e-9
3.85922599489547e-9
4.0271617506552856e-9
4.163355598533611e-9
4.2634638618931884e-9
4.410259584964482e-9
4.607161925861946e-9
3.6086639702260035e-9
4.140650974967234e-9
4.477927581494958e-9
4.785401698577835e-9
5.022816769576709e-9
5.280462479099318e-9
5.4894282589089515e-9
5.643054788642516e-9
5.868233961617739e-9
6.170514432020641e-9
4.868355289725488e-9
5.346390439271973e-9
5.7773243017668125e-9
6.10894277187148e-9
6.469066544231376e-9
6.761159379375461e-9
6.976170661977453e-9
7.290940655301658e-9
7.713837755958002e-9
5.958973062077231e-9
6.5200056799506946e-9
6.944609775691666e-9
7.40461496140309e-9
7.777864686805424e-9
8.052969951421431e-9
8.455506846404634e-9
8.996272343456422e-9
7.256117862061758e-9
7.815615583991536e-9
8.41099504213519e-9
8.892647822659654e-9
9.248225581267824e-9
9.768554520041976e-9
1.0467229510214383e-8
8.513790406007095e-9
9.260833939870831e-9
9.853347949798798e-9
1.0290599682502115e-8
1.0931342618816459e-8
1.179156547608048e-8
1.0230809621544974e-8
1.0995180487717486e-8
1.154651360277477e-8
1.2356156975210028e-8
1.3445027593408697e-8
1.1958614180182049e-8
1.2648069613759346e-8
1.3630906280477392e-8
1.4956500854340366e-8
1.3490649416584993e-8
1.465205035770688e-8
1.6184129142378442e-8
1.6258862740924322e-8
1.816478180410147e-8
2.115884650352246e-8
1.3208923069555908e-10
2.3869208083144425e-10
2.9473257888726526e-10
3.2545590080965774e-10
3.506743996372916e-10
3.780068836406159e-10
3.9794408186533044e-10
4.102635113281051e-10
4.2149741986278276e-10
4.301061493921208e-10
4.3948054169062993e-10
4.471190540204125e-10
4.527330798942425e-10
4.610049770417491e-10
4.721103121726283e-10
5.185481191555269e-10
7.066226149009502e-10
8.169805386203115e-10
9.106256319732109e-10
1.0125924026941242e-9
1.087468349349266e-9
1.1335416308302195e-9
1.1756414086998085e-9
1.2078386475168055e-9
1.2428684743709174e-9
1.2713275683519093e-9
1.2922482802170586e-9
1.322941469405206e-9
1.3640392504892332e-9
1.033084839290607e-9
1.2411064021645616e-9
1.4235903235289852e-9
1.6234186982893183e-9
1.770607226147138e-9
1.861448802586246e-9
1.944443765295686e-9
2.008094161841432e-9
2.077264397814471e-9
2.133391429594043e-9
2.174684498544161e-9
2.2352051208548295e-9
2.316301151382276e-9
1.532621286223978e-9
1.8011889364183728e-9
2.099337441960917e-9
2.320186546662269e-9
2.45728050106699e-9
2.5823654329641705e-9
2.6786425675664303e-9
2.7831951269471283e-9
2.867985602071274e-9
2.9303473233568606e-9
3.0217614481412513e-9
3.144335653104844e-9
2.177730691370073e-9
2.6133099125342657e-9
2.9414542981403823e-9
3.147044261603325e-9
3.3346089819824793e-9
3.4793825378031024e-9
3.636512128412563e-9
3.763942248287062e-9
3.857591224416594e-9
3.994941855726601e-9
4.179197400844435e-9
3.2534992919885144e-9
3.760353030242224e-9
4.082389303966279e-9
4.375901490589962e-9
4.6026337159963105e-9
4.848650486581433e-9
5.0481865906675265e-9
5.19486728624297e-9
5.4098824238225476e-9
5.698560633205845e-9
4.464208806931282e-9
4.928648902602067e-9
5.346711242819845e-9
5.668396122735064e-9
6.0177130901475825e-9
6.301050396988116e-9
6.509623710044848e-9
6.8149564841575204e-9
7.22524403966511e-9
5.531351908894157e-9
6.083329616205247e-9
6.500372320644751e-9
6.952050474005107e-9
7.318574812846563e-9
7.588758474090369e-9
7.984065953305087e-9
8.515185279188255e-9
6.817914621937277e-9
7.375658537543408e-9
7.968064012741079e-9
8.447220877114861e-9
8.80104168271643e-9
9.318778425548963e-9
1.0014011933596048e-8
8.079437557810324e-9
8.831602012619255e-9
9.427076007292835e-9
9.866585997236926e-9
1.0510695983416754e-8
1.1375471049036685e-8
9.820804656876843e-9
1.0598761171683951e-8
1.1158917165670528e-8
1.198172192061673e-8
1.3088489778645294e-8
1.1590337418662832e-8
1.229850198291911e-8
1.3305844925649692e-8
1.4665025027903408e-8
1.3172527384468317e-8
1.4372096005402577e-8
1.5952371242351315e-8
1.6057986599082567e-8
1.8040852979410524e-8
2.122043906975071e-8
1.0695689244124672e-10
1.9566880760619502e-10
2.427772877850727e-10
2.687743840793201e-10
2.9023794877674307e-10
3.1357544844427573e-10
3.306172129195977e-10
3.4115947813641135e-10
3.507780737706992e-10
3.5815802320996443e-10
3.661989336229008e-10
3.727487040211469e-10
3.7757076066442367e-10
3.8466973977676893e-10
3.942191331646859e-10
4.305837828194374e-10
5.900641834710572e-10
6.844679503539111e-10
7.651375674330073e-10
8.532618270146509e-10
9.180431451651815e-10
9.579441728283763e-10
9.944014973867289e-10
1.0223069754656469e-9
1.05266331194695e-9
1.0773191061412886e-9
1.0954530188156037e-9
1.1220460107129756e-9
1.1576698926642238e-9
8.689543383898946e-10
1.048746280291422e-9
1.2077124055093075e-9
1.3823393499045748e-9
1.5111067996931668e-9
1.5906637410158505e-9
1.663330961224897e-9
1.7191081500522163e-9
1.779710465321373e-9
1.828873912455089e-9
1.865053089175741e-9
1.9180658368784994e-9
1.9891190275679507e-9
1.3029446851778626e-9
1.539579963525099e-9
1.8032918754772107e-9
1.998910524364398e-9
2.1204942684885175e-9
2.2313960606324373e-9
2.3168286425007286e-9
2.4095882340849884e-9
2.4848018093998395e-9
2.5401266379143674e-9
2.62121531941904e-9
2.729966700184722e-9
1.875714401402385e-9
2.2672848065822785e-9
2.5630552803872505e-9
2.7486609943677212e-9
2.917957621146337e-9
3.0487289285673493e-9
3.1906382138524987e-9
3.305712973767907e-9
3.3902836748920214e-9
3.5143152197343358e-9
3.6807303517375538e-9
2.8525290621123197e-9
3.318954157439639e-9
3.615923253313737e-9
3.886483819160395e-9
4.095577665747146e-9
4.322428231906853e-9
4.506410900899178e-9
4.6416658072262205e-9
4.839915702938763e-9
5.10613058863621e-9
3.977164896529929e-9
4.413555364561167e-9
4.805634529197391e-9
5.1072631316907726e-9
5.434793461436264e-9
5.700459090813239e-9
5.896056080941164e-9
6.182342627859089e-9
6.567110576758474e-9
4.987781966020143e-9
5.513616521124649e-9
5.910057800733211e-9
6.339278238403832e-9
6.6876038882166694e-9
6.944437952433621e-9
7.320145371058889e-9
7.824998306182604e-9
6.224699998468441e-9
6.763884199038852e-9
7.335291570179335e-9
7.79734597639923e-9
8.138663209537169e-9
8.638043434023363e-9
9.308662657252142e-9
7.452920565530441e-9
8.188318707420832e-9
8.769200244073746e-9
9.19804868735002e-9
9.826569701715926e-9
1.0670441288800844e-8
9.16977218161049e-9
9.939768999443113e-9
1.0493034859842905e-8
1.1305928245565356e-8
1.2399590958772806e-8
1.0933982138801375e-8
1.1642326898632263e-8
1.2647241275253525e-8
1.4003781968340383e-8
1.252671234287651e-8
1.3734138103638872e-8
1.532208561234795e-8
1.546268352371289e-8
1.7474893045715865e-8
2.078060162891852e-8
8.498865707865804e-11
1.577023684002954e-10
1.9680177013069796e-10
2.1845820249696765e-10
2.36425654705944e-10
2.5600043449640357e-10
2.7033218553727175e-10
2.791991490635127e-10
2.8728695208148437e-10
2.9350392449354226e-10
3.00275966561194e-10
3.0579745861834846e-10
3.098668856506421e-10
3.158605830423539e-10
3.239346481594464e-10
3.530340600073972e-10
4.86731028757228e-10
5.662007427602794e-10
6.344495362548529e-10
7.091731193913335e-10
7.641932880693377e-10
7.980903274078416e-10
8.290446991647273e-10
8.527636053479029e-10
8.785564796730406e-10
8.995104823285591e-10
9.149237605325292e-10
9.375279771102008e-10
9.678120430481556e-10
7.21240384432658e-10
8.732856096320024e-10
1.008465981931679e-9
1.157308543384005e-9
1.2672119326929207e-9
1.3351441131542243e-9
1.3971632861346097e-9
1.4448072510436236e-9
1.4965599839886895e-9
1.5385468335009735e-9
1.5694450430299153e-9
1.6147214136324144e-9
1.675406332922401e-9
1.0893432716789847e-9
1.2920030406528622e-9
1.5185245214985143e-9
1.6868094845787223e-9
1.7914748505929904e-9
1.88690515447587e-9
1.960473849137528e-9
2.0403374254055146e-9
2.105097556285429e-9
2.1527303126438663e-9
2.222549631413693e-9
2.316189979214462e-9
1.5826541658658885e-9
1.9232299161354455e-9
2.181132058295929e-9
2.3431409039477142e-9
2.4908707992370793e-9
2.6050508940604963e-9
2.728938094432447e-9
2.8294038038720508e-9
2.9032312214279898e-9
3.0115158126559505e-9
3.1568082616538158e-9
2.439494729770264e-9
2.8536553746891025e-9
3.1177539591967123e-9
3.3582398724108988e-9
3.5441394050336463e-9
3.745804510759826e-9
3.909371391920333e-9
4.0296168059219976e-9
4.205863338188408e-9
4.44255254496258e-9
3.4473295589339172e-9
3.842764533635348e-9
4.197235840945613e-9
4.469800960176573e-9
4.765773805610208e-9
5.0058625285676266e-9
5.182653529493365e-9
5.4413761753493516e-9
5.789146078139928e-9
4.370830434798476e-9
4.854276939487543e-9
5.217768628772788e-9
5.611161496998506e-9
5.930460630636831e-9
6.165953162862284e-9
6.5103839501476576e-9
6.973248269998394e-9
5.519562904236617e-9
6.023168556911211e-9
6.5554499471423145e-9
6.985753168402517e-9
7.30374301333724e-9
7.768945183172434e-9
8.393669460475409e-9
6.675835778109243e-9
7.371305809706728e-9
7.91917532027148e-9
8.323757302649495e-9
8.916777219137824e-9
9.71297647204285e-9
8.31488640707493e-9
9.053081922307269e-9
9.582131609255096e-9
1.0359705823054568e-8
1.140607860749233e-8
1.0020375409545648e-8
1.0707547885629211e-8
1.1679269627333177e-8
1.2991717137138795e-8
1.1577002742585557e-8
1.2756546344156138e-8
1.4304570191773785e-8
1.4481890147537522e-8
1.6465353296480403e-8
1.981770685586709e-8
6.651553600419741e-11
1.248092029692077e-10
1.5671400255629583e-10
1.744472653145543e-10
1.8921510096949107e-10
2.0532888612343408e-10
2.1714778751043735e-10
2.2445950040901154e-10
2.3113162237218012e-10
2.362655785309843e-10
2.418644497137756e-10
2.4643467934715397e-10
2.4980114360203446e-10
2.5476673373781686e-10
2.614707850921437e-10
2.8484129990294237e-10
3.9608441635671865e-10
4.623269909224729e-10
5.193756610198936e-10
5.819173459503799e-10
6.280219337377034e-10
6.564172490267591e-10
6.823507772203887e-10
7.022241786437968e-10
7.238458883800607e-10
7.41413280025185e-10
7.543298545222354e-10
7.732807302865265e-10
7.986768737983923e-10
5.920875084576726e-10
7.193055059258165e-10
8.326959966386559e-10
9.57702261061003e-10
1.050091126578367e-9
1.107188202456791e-9
1.1593201831788175e-9
1.1993673632645183e-9
1.2428819467262737e-9
1.2781858519789105e-9
1.3041587202187943e-9
1.3422265143599182e-9
1.39325290729025e-9
9.003798670063519e-10
1.0708034143109198e-9
1.2616141895050097e-9
1.403512253553278e-9
1.4917684738713963e-9
1.5722431035935266e-9
1.6342808277120023e-9
1.7016425255611022e-9
1.7562666232254636e-9
1.7964351780448925e-9
1.8553239435899816e-9
1.934308412737154e-9
1.3164121925523905e-9
1.6053303372309566e-9
1.824502761839056e-9
1.9622267766132553e-9
2.0878188950662333e-9
2.18488561825613e-9
2.290220541024398e-9
2.3756451854749635e-9
2.438408121892626e-9
2.5304773825272345e-9
2.6540172259109507e-9
2.0474659449950276e-9
2.403985736172635e-9
2.631493885637374e-9
2.8385765640094965e-9
2.998618692666316e-9
3.1722480095172865e-9
3.3130835138731107e-9
3.4166128993829476e-9
3.5683612163196215e-9
3.772166120907537e-9
2.9214221209445865e-9
3.2673088014703297e-9
3.5765790397047366e-9
3.814165506764249e-9
4.0721912334888155e-9
4.2815179799950986e-9
4.435672150967905e-9
4.661243509470726e-9
4.964487266075138e-9
3.735416005944574e-9
4.163806471434799e-9
4.484803672170167e-9
4.8320744364675035e-9
5.113991987334704e-9
5.321961951537762e-9
5.6261002228486e-9
6.034841406383268e-9
4.763822079988565e-9
5.217070077772475e-9
5.694653502825018e-9
6.080623654508348e-9
6.365964873876197e-9
6.7833806089140606e-9
7.343917372107321e-9
5.8133136518995975e-9
6.447525676707091e-9
6.945564272682496e-9
7.31343150210732e-9
7.85273812888577e-9
8.576794964484976e-9
7.323552719428534e-9
8.006652379296128e-9
8.494682082038422e-9
9.212281546820281e-9
1.0178182654758067e-8
8.916440137671684e-9
9.560542892729678e-9
1.0467839595656312e-8
1.1694053896665575e-8
1.03878444828128e-8
1.1501794054557493e-8
1.2959973207905032e-8
1.3171809298415343e-8
1.506285563232567e-8
1.836592508874985e-8
5.174395190820969e-11
9.746929891157089e-11
1.229721696304654e-10
1.3723354547841032e-10
1.491538311473022e-10
1.6217851116387704e-10
1.7173931004666782e-10
1.776554908466936e-10
1.8306504198221537e-10
1.872243506130272e-10
1.9176664551280653e-10
1.95474904820022e-10
1.982106368068086e-10
2.0225010139099907e-10
2.0771747140585035e-10
2.253948803890589e-10
3.165393642098805e-10
3.71100802039752e-10
4.182002869782048e-10
4.698756168224221e-10
5.079815826559912e-10
5.314474834324312e-10
5.529054140340299e-10
5.693318478571247e-10
5.872127983449961e-10
6.017371524459399e-10
6.124223088846389e-10
6.280975650526081e-10
6.491123016360454e-10
4.790467835065075e-10
5.849388001646845e-10
6.794395553683461e-10
7.836679341444357e-10
8.607121677198877e-10
9.083187851572731e-10
9.51823715139092e-10
9.852165157783208e-10
1.0215110329620113e-9
1.050953258583896e-9
1.072620221306154e-9
1.1043722665827795e-9
1.146940064328041e-9
7.360447066071273e-10
8.783664152799793e-10
1.0377824151589663e-9
1.1563532462194757e-9
1.2300899464705113e-9
1.2973696578639158e-9
1.3492022680831047e-9
1.4054945801624717e-9
1.451138870217392e-9
1.4847116651047893e-9
1.533924695986661e-9
1.5999399301826788e-9
1.0837353558372142e-9
1.3255946400969242e-9
1.5091567163496313e-9
1.6244902409098553e-9
1.7297098024165204e-9
1.8109906152481094e-9
1.8992055675038473e-9
1.9707442631945543e-9
2.0233124109846132e-9
2.100420520796174e-9
2.203894216677155e-9
1.6970668130895052e-9
1.997396458836686e-9
2.18905285081708e-9
2.36347275858292e-9
2.4981983284412817e-9
2.6443697486467643e-9
2.7629327890498907e-9
2.8501044667939912e-9
2.977860086820221e-9
3.149458233613493e-9
2.436607010968214e-9
2.730874928007354e-9
2.9934221641251806e-9
3.194889469171401e-9
3.4137051790975793e-9
3.591232088215141e-9
3.72199708933502e-9
3.913309037501007e-9
4.1705266358651876e-9
3.13308156351183e-9
3.500994279661164e-9
3.775744283072956e-9
4.072841737444513e-9
4.314066139360577e-9
4.4920720813278415e-9
4.752345223753234e-9
5.102156736660946e-9
4.023721199708896e-9
4.41775855881935e-9
4.831592994564239e-9
5.165925192946743e-9
5.413205668230474e-9
5.7749129028377274e-9
6.2606329522972e-9
4.942973040730292e-9
5.500551369105424e-9
5.936875171331757e-9
6.259244357635443e-9
6.731940942710908e-9
7.366558659765036e-9
6.2841866933006925e-9
6.893064908354554e-9
7.3264707738611515e-9
7.964060106933349e-9
8.822539603392866e-9
7.717950220919241e-9
8.299628545799401e-9
9.115231742461749e-9
1.0218384629853927e-8
9.059151666996919e-9
1.0072911989368021e-8
1.1395887667273639e-8
1.1634937515974578e-8
1.3372420322386544e-8
1.652222954826055e-8
4.031553006352786e-11
7.581758037855794e-11
9.585574112543537e-11
1.0716871601461678e-10
1.166690557620113e-10
1.270675247681829e-10
1.347057430604626e-10
1.394348771306938e-10
1.437628793433097e-10
1.470932839671214e-10
1.5073177869926314e-10
1.537035373416595e-10
1.55900836078134e-10
1.5914393528077796e-10
1.635494771228302e-10
1.7558702523699318e-10
2.481807688050938e-10
2.9217547174730593e-10
3.3033557712067365e-10
3.722621928051973e-10
4.031864888753899e-10
4.22241478070188e-10
4.3967181849351363e-10
4.530206155479298e-10
4.675448391601805e-10
4.79345114173862e-10
4.880302353738873e-10
5.007661410077313e-10
5.178525195686854e-10
3.7968945104491527e-10
4.665763211139997e-10
5.44440271914979e-10
6.304012533186132e-10
6.939467105363614e-10
7.33235292126098e-10
7.69142175588294e-10
7.967163870310696e-10
8.266723526002015e-10
8.509759965049356e-10
8.68864638374018e-10
8.950732065650406e-10
9.302215383701966e-10
5.91600051813108e-10
7.09793851324515e-10
8.422738823594186e-10
9.40811771488715e-10
1.0021206331207946e-9
1.0580601463911442e-9
1.1011759993325418e-9
1.1479833682069881e-9
1.185939720094497e-9
1.2138616251679901e-9
1.2547843275735159e-9
1.309693072681306e-9
8.809785497290066e-10
1.0826279501822926e-9
1.2356557595158344e-9
1.3318298562851905e-9
1.4195607330127144e-9
1.4873554164625813e-9
1.5609110444626167e-9
1.6205642432063933e-9
1.6644029306644502e-9
1.7286993407154552e-9
1.8149963556951982e-9
1.3927812759111384e-9
1.6435544956353951e-9
1.8035745293090487e-9
1.94913194382602e-9
2.0615749226680338e-9
2.1835421754354485e-9
2.282475876737487e-9
2.355221866872967e-9
2.461826056060053e-9
2.6050326440723e-9
2.011043396174858e-9
2.2574149884328803e-9
2.476809867711697e-9
2.645088000783815e-9
2.827825253446075e-9
2.976092018187214e-9
3.085314947082243e-9
3.245096715485032e-9
3.459945783540283e-9
2.59569997746073e-9
2.90488920781702e-9
3.1352548201681185e-9
3.384214572866791e-9
3.586385670090259e-9
3.73559681406718e-9
3.9537512859116256e-9
4.246973070190704e-9
3.3481893750683305e-9
3.6819138353646985e-9
4.031405501676384e-9
4.313672502562811e-9
4.522505985784476e-9
4.8279739522206104e-9
5.238172779519026e-9
4.131016577328614e-9
4.606961728511847e-9
4.978250446531333e-9
5.252603173455282e-9
5.654987005139153e-9
6.195207186702902e-9
5.284973989320497e-9
5.8101055390375475e-9
6.182536445762119e-9
6.730671225265345e-9
7.468952371084206e-9
6.531922214056974e-9
7.038935048044445e-9
7.746290634915327e-9
8.703839881917612e-9
7.711258069681961e-9
8.600021397885135e-9
9.755828061814454e-9
1.0008631427553092e-8
1.154335509460534e-8
1.4441106856674483e-8
3.147709543041238e-11
5.899650556942443e-11
7.456300105424882e-11
8.342739274218739e-11
9.092191072387044e-11
9.914270227604608e-11
1.051897057763494e-10
1.0893730970568368e-10
1.1236451186702677e-10
1.1500697525568753e-10
1.1789386938575056e-10
1.2025566237382323e-10
1.2199970881083214e-10
1.2458065741411371e-10
1.2809518240963943e-10
1.361002723535304e-10
1.924079937315826e-10
2.2696565390020157e-10
2.571864445646313e-10
2.9047665496337534e-10
3.1505935224752784e-10
3.3022450039037244e-10
3.44081475576737e-10
3.5471227414879776e-10
3.662747535936691e-10
3.756717035542539e-10
3.8258116801880113e-10
3.9272492073334717e-10
4.0633533652964153e-10
2.951475102825586e-10
3.642293284565321e-10
4.2670584231984684e-10
4.958535126879602e-10
5.470222173578275e-10
5.786993633804946e-10
6.076179751628146e-10
6.298633664580538e-10
6.54021757931617e-10
6.736201436198175e-10
6.880381761267762e-10
7.091755062962426e-10
7.375226451223311e-10
4.6484337929150505e-10
5.61019202548601e-10
6.691140018827977e-10
7.495995234236162e-10
7.997445920608948e-10
8.454524449982098e-10
8.807363577264732e-10
9.190305548917272e-10
9.5007887288407e-10
9.729106348409368e-10
1.0063892442623879e-9
1.0513108937810804e-9
7.019296144270646e-10
8.684596243918986e-10
9.949807171902663e-10
1.0745993561124575e-9
1.1471706730177798e-9
1.2033196308590735e-9
1.264226682856282e-9
1.3136148847727567e-9
1.3499005343751437e-9
1.4031372755630822e-9
1.4745926359567537e-9
1.1264795412775952e-9
1.3352602546260236e-9
1.4686102067763521e-9
1.5898266687429631e-9
1.6835431300784211e-9
1.7851803869020844e-9
1.8676154385673593e-9
1.9282179551818998e-9
2.017049105633899e-9
2.136382941826557e-9
1.6417882204888504e-9
1.8473680657875698e-9
2.030270164808431e-9
2.170615930689327e-9
2.322995032423816e-9
2.4466232367864008e-9
2.537682345408128e-9
2.670918349388122e-9
2.8500756657747293e-9
2.1297781310072378e-9
2.3876993398398925e-9
2.5797816757458924e-9
2.78728367509215e-9
2.9557901990387725e-9
3.0801426859242734e-9
3.2619820249362746e-9
3.5063949018633648e-9
2.7582867772620774e-9
3.0371933718127666e-9
3.328772188720349e-9
3.564208462395704e-9
3.73839946084026e-9
3.993233108782893e-9
4.335436489900591e-9
3.4139419232350457e-9
3.812770782329828e-9
4.123212999919615e-9
4.3525904274698834e-9
4.689108035912946e-9
5.14090582871164e-9
4.385230379711112e-9
4.8275660818869806e-9
5.140323487767064e-9
5.60083017590077e-9
6.22126516266899e-9
5.441709019755875e-9
5.8717445508495964e-9
6.469176060368327e-9
7.2784891287768635e-9
6.44883405822186e-9
7.2054178937050305e-9
8.186185352637288e-9
8.43283346375119e-9
9.74419746596499e-9
1.2313141749156667e-8
2.466821329999081e-11
4.595350873007979e-11
5.796343032989601e-11
6.481660872924164e-11
7.064536470664138e-11
7.705916448329075e-11
8.178500678358338e-11
8.471648989787483e-11
8.739840802917138e-11
8.946707282627745e-11
9.172829323205994e-11
9.357837285435747e-11
9.494678346088176e-11
9.697140741065736e-11
9.973694070754096e-11
1.0562321477683235e-10
1.4902407614272463e-10
1.7571543470534534e-10
1.992213427071825e-10
2.2520435929119696e-10
2.4442055165384164e-10
2.562843412751127e-10
2.6712655430720526e-10
2.754444673562143e-10
2.844951305872408e-10
2.918469699557536e-10
2.9725846938967106e-10
3.051963219677784e-10
3.1585362999053275e-10
2.2788763686510613e-10
2.811221828298067e-10
3.2967002024084475e-10
3.8359438326327413e-10
4.235601158165384e-10
4.483232903520329e-10
4.709315729660804e-10
4.883232281512268e-10
5.072174598436484e-10
5.225385837881263e-10
5.338172394491624e-10
5.503431691755908e-10
5.725115327534635e-10
3.590492580810917e-10
4.344559771796466e-10
5.195944411938627e-10
5.831077553476232e-10
6.227251300702638e-10
6.588375253579051e-10
6.867183147303458e-10
7.169864990642151e-10
7.41520643558653e-10
7.595680685943215e-10
7.860229786130893e-10
8.21527095522024e-10
5.465559278688611e-10
6.801160390393778e-10
7.819023580756301e-10
8.460640659476887e-10
9.045529868921787e-10
9.498150156551595e-10
9.989221727104912e-10
1.0387369820216775e-9
1.0679918645003915e-9
1.1109075085192877e-9
1.1685176350501982e-9
8.905283852087764e-10
1.0617060787742504e-9
1.1712688108254176e-9
1.270887696664823e-9
1.3479153383863947e-9
1.431464164510185e-9
1.499224848352253e-9
1.5490414390063322e-9
1.6220560579042e-9
1.7201530966357159e-9
1.3155321117285492e-9
1.4861764243710741e-9
1.6380595492937527e-9
1.7546105550731911e-9
1.881165906769579e-9
1.9838395026389633e-9
2.0594674807147697e-9
2.170115788351996e-9
2.318914443770235e-9
1.7214401306947074e-9
1.936375630541175e-9
2.096470034593068e-9
2.269421284997012e-9
2.4098654250696534e-9
2.513511669356428e-9
2.6650627039127698e-9
2.868780825164209e-9
2.2454910912878375e-9
2.4781452198195803e-9
2.7213496917641277e-9
2.9177093214156114e-9
3.0629935899208132e-9
3.2755277215931486e-9
3.560950118256639e-9
2.7924778042609943e-9
3.1251946728896934e-9
3.384028860590312e-9
3.5752704633205095e-9
3.855840311907289e-9
4.232552695750498e-9
3.6032654147661722e-9
3.972400220622628e-9
4.233047749235767e-9
4.6168329818610035e-9
5.134006726873699e-9
4.486514493064455e-9
4.845965126229041e-9
5.343928298681596e-9
6.0188107929858336e-9
5.331174918232023e-9
5.963711754948483e-9
6.781738552599595e-9
7.005465143225742e-9
8.101078489746771e-9
1.0308563556098441e-8
1.9507642987566902e-11
3.6018930067748604e-11
4.530699628921313e-11
5.0593832817923833e-11
5.509158660351455e-11
6.00504663024634e-11
6.370796725744465e-11
6.597778336482975e-11
6.805639659733166e-11
6.96597367068265e-11
7.141282582091247e-11
7.28484556829134e-11
7.390983134800585e-11
7.54825945830613e-11
7.763503219028698e-11
8.207788296010116e-11
1.1561899748977793e-10
1.3617925040141026e-10
1.542896802032169e-10
1.7434723958744556e-10
1.8919047847863284e-10
1.98354798758988e-10
2.0673544830060295e-10
2.1316207434695567e-10
2.2015335110534738e-10
2.258371587737494e-10
2.300161346048498e-10
2.361531635551526e-10
2.443925299255615e-10
1.7657379732822044e-10
2.1746107794547782e-10
2.5472832619926614e-10
2.96192946943214e-10
3.26942051194166e-10
3.4599236656917475e-10
3.633964706152931e-10
3.7677656149778705e-10
3.913095725962878e-10
4.031041804855083e-10
4.1177765352956336e-10
4.244972067489607e-10
4.415573799120144e-10
2.7703569162380775e-10
3.3468477216283367e-10
3.9992612817938194e-10
4.4864024230263585e-10
4.790254811174538e-10
5.067400054724526e-10
5.281243649944192e-10
5.513360494537103e-10
5.701643331177754e-10
5.840030622765609e-10
6.043011094208109e-10
6.315398928728978e-10
4.206319515911258e-10
5.237069185197262e-10
6.024649785396789e-10
6.521362103100019e-10
6.974432621319875e-10
7.32487482723169e-10
7.705036657167917e-10
8.013442037063481e-10
8.239909370020027e-10
8.572279538540838e-10
9.018423979485229e-10
6.884353807297715e-10
8.236119331144826e-10
9.102703321864338e-10
9.890955167769748e-10
1.0500147120175445e-9
1.1160866625705504e-9
1.1696944778255238e-9
1.2090958468325135e-9
1.2668533210999458e-9
1.344454394103695e-9
1.0277242718050233e-9
1.1656517494319306e-9
1.2883489366711494e-9
1.3824344513367033e-9
1.4846017553969122e-9
1.5675126927134451e-9
1.628583531362945e-9
1.7179272479662305e-9
1.8380874788775384e-9
1.3583905559860731e-9
1.534644089767039e-9
1.6657523442074065e-9
1.807390021506575e-9
1.9224282065588675e-9
2.007334687072244e-9
2.1314694106103835e-9
2.2983444074104488e-9
1.7907569690005767e-9
1.983371440376226e-9
2.1846962235271604e-9
2.3472539376173206e-9
2.467544020688068e-9
2.643494698100907e-9
2.879794601774574e-9
2.2448238503976175e-9
2.5215670934847528e-9
2.7368875948767925e-9
2.8959935126979784e-9
3.1293915308878168e-9
3.442773381594035e-9
2.9200895548778823e-9
3.2278552735171086e-9
3.445215682239494e-9
3.765208780202131e-9
4.196420447154842e-9
3.6566436057865132e-9
3.956504749616457e-9
4.371711341809833e-9
4.934441798751732e-9
4.361467444497836e-9
4.888783715928576e-9
5.570227693955288e-9
5.7603941589186406e-9
6.671101672726669e-9
8.527377341861125e-9
1.5562065720620555e-11
2.8456235568455082e-11
3.565821486430921e-11
3.975806990446381e-11
4.3235803938822225e-11
4.706609760022882e-11
4.9889746739976735e-11
5.1642344784335595e-11
5.324806195112968e-11
5.4487760007536556e-11
5.584441789818544e-11
5.6955500016197595e-11
5.7778142848142035e-11
5.899677565019958e-11
6.066770202400076e-11
6.406773846354999e-11
8.987735000457055e-11
1.0573022295057216e-10
1.1965788814783064e-10
1.350674368484705e-10
1.4646423033933749e-10
1.534989274662914e-10
1.5992902825868292e-10
1.6486316223637988e-10
1.7023161268505632e-10
1.7459355837493095e-10
1.778043577064815e-10
1.8251523063008098e-10
1.8884332103358453e-10
1.3686378238749002e-10
1.6850802205178606e-10
1.97270812534686e-10
2.292367559965074e-10
2.529282515560453e-10
2.6760274841075095e-10
2.810009266128729e-10
2.913087935303869e-10
3.025051159694349e-10
3.115853671009841e-10
3.1827015511595314e-10
3.2806471998554614e-10
3.4120589291879757e-10
2.1466170439788257e-10
2.5909385654982063e-10
3.09289421083764e-10
3.4674189937611533e-10
3.7009271092270114e-10
3.913789193594972e-10
4.0781307118543325e-10
4.2565173227936946e-10
4.4011198816515067e-10
4.507508967225883e-10
4.66344465281145e-10
4.872746496621484e-10
3.2490409571987045e-10
4.035949722879014e-10
4.636644948875351e-10
5.01515190311884e-10
5.360189004773918e-10
5.627168823799777e-10
5.91678840229123e-10
6.151610013600751e-10
6.324188518357818e-10
6.57732725645808e-10
6.917167598478584e-10
5.289211075865393e-10
6.320025338356857e-10
6.98020692539945e-10
7.579880002430146e-10
8.04331896889145e-10
8.545956225474089e-10
8.953612597081134e-10
9.253450737016003e-10
9.692749385362321e-10
1.0283072951211036e-9
7.892078900055593e-10
8.958315152931082e-10
9.902586840731918e-10
1.0625909014734074e-9
1.1411497357569913e-9
1.2048870222365881e-9
1.251868751832194e-9
1.3205630039542523e-9
1.4129694002304465e-9
1.047387766778591e-9
1.1858826138585997e-9
1.2884781275360759e-9
1.399276096677485e-9
1.4892606492846394e-9
1.5557250749896466e-9
1.652852299153739e-9
1.7834313724359479e-9
1.3916272001132415e-9
1.5460337264455401e-9
1.7069945646005213e-9
1.836904027506866e-9
1.9331053650756813e-9
2.0737795634639184e-9
2.2626946314560516e-9
1.758893896427247e-9
1.983916056995953e-9
2.158645775686428e-9
2.2878247294538406e-9
2.4773032950462696e-9
2.731694521147659e-9
2.3124358413270934e-9
2.5657520052601896e-9
2.74458398449193e-9
3.0078628493506062e-9
3.362634640845596e-9
2.921373138645633e-9
3.170003837080883e-9
3.5142402206634967e-9
3.980749571197749e-9
3.506856704174904e-9
3.945619146926622e-9
4.512657772919969e-9
4.672013281081643e-9
5.431708550945795e-9
6.9810062706827315e-9
1.2527532050230077e-11
2.2701880514972373e-11
2.831874846916863e-11
3.151116167741163e-11
3.422017958690203e-11
3.7201434439292345e-11
3.9397187071028014e-11
4.076010189524203e-11
4.2009263918981963e-11
4.2974166217813666e-11
4.4031169929558397e-11
4.4897959242352015e-11
4.5539945348916246e-11
4.6492425813465554e-11
4.780036300080476e-11
5.0480422144532565e-11
7.038233182311925e-11
8.259470391606049e-11
9.334257100143083e-11
1.0522990269854034e-10
1.1401828214165716e-10
1.1944360585028644e-10
1.2440322456925846e-10
1.2820831312879054e-10
1.3234908818206636e-10
1.357151362604884e-10
1.3819121011963087e-10
1.4182757664561378e-10
1.467120801496973e-10
1.063704522374158e-10
1.306068483624233e-10
1.527046713549365e-10
1.7726476202329484e-10
1.9546519045147797e-10
2.0674054079395249e-10
2.170364010901032e-10
2.2495537281354297e-10
2.335578321735171e-10
2.405373618929617e-10
2.456714099425816e-10
2.532002092939364e-10
2.6329947583345876e-10
1.660251639254055e-10
2.003088866583972e-10
2.390491015353956e-10
2.6795279699428405e-10
2.8597919409980024e-10
3.0241217490423535e-10
3.150973891194498e-10
3.2886788580578136e-10
3.4003502034960953e-10
3.482444586388936e-10
3.602857580752943e-10
3.764459605975761e-10
2.51312255276917e-10
3.122052800437943e-10
3.586461943063903e-10
3.879107164470158e-10
4.1458213505961793e-10
4.352174268464369e-10
4.576035466356118e-10
4.757604975119964e-10
4.890954772497051e-10
5.086658120883101e-10
5.349373586667498e-10
4.0873501372102745e-10
4.877389659150477e-10
5.382736060076137e-10
5.84125473240535e-10
6.195504473768482e-10
6.57969889088778e-10
6.891396940708148e-10
7.120513354979122e-10
7.456358526611068e-10
7.907628231580112e-10
6.072457608955091e-10
6.881032195608797e-10
7.594191511451536e-10
8.13981318285022e-10
8.732354224477394e-10
9.213294225060263e-10
9.56761072281028e-10
1.0085903760549692e-9
1.0783049877536386e-9
8.031272377612338e-10
9.079850099353814e-10
9.852784685872702e-10
1.0686665571535904e-9
1.1364310151944936e-9
1.1864671328535371e-9
1.2596141185438824e-9
1.3579434907830555e-9
1.065874409282967e-9
1.1840597744705724e-9
1.3065722772864156e-9
1.405426518960453e-9
1.4786358694218136e-9
1.5857313351380497e-9
1.7295262637117743e-9
1.3497908803887335e-9
1.5244746180680503e-9
1.6594431221860703e-9
1.7592156840317501e-9
1.9056667284102525e-9
2.1022584349293107e-9
1.785492959819889e-9
1.9858713755847004e-9
2.12667444068301e-9
2.334185659825001e-9
2.6138772323479786e-9
2.2729152796357065e-9
2.4727391847036537e-9
2.74849728741256e-9
3.1224298443272358e-9
2.7476323382702297e-9
3.1038339469322643e-9
3.563439163084402e-9
3.703802092474158e-9
4.32848737207817e-9
5.618203318104908e-9
1.0150216996696526e-11
1.826665884458777e-11
2.2693014586151206e-11
2.5194455586987075e-11
2.7310926221448094e-11
2.9641372129380506e-11
3.135750369384653e-11
3.242261293427873e-11
3.339826296962015e-11
3.4151681904655164e-11
3.4977225689829623e-11
3.565469741321233e-11
3.615708406814944e-11
3.690327510151259e-11
3.793098166235015e-11
4.015289377463756e-11
5.5641542071406825e-11
6.508941604093247e-11
7.338439209078598e-11
8.256693414716112e-11
8.935748317625523e-11
9.355037356765081e-11
9.738300623899375e-11
1.0032344526630525e-10
1.0352348649952665e-10
1.0612464314153961e-10
1.0803911207014326e-10
1.1085014821863565e-10
1.1462778156404157e-10
8.350114508880018e-11
1.0213092377006071e-10
1.190712405843341e-10
1.3791495193675329e-10
1.5188341558955694e-10
1.6053776788968244e-10
1.6844040844869672e-10
1.7451852940027276e-10
1.811214690385699e-10
1.8647777585384444e-10
1.9041989559531302e-10
1.9619854253807856e-10
2.0395142534260657e-10
1.2919158560848946e-10
1.553035653437451e-10
1.8484588491843196e-10
2.0689731303857293e-10
2.2065087215144384e-10
2.33190265183342e-10
2.4286893458931653e-10
2.5337591841284816e-10
2.618950624714623e-10
2.6816118563379735e-10
2.7734884017842506e-10
2.896804319028591e-10
1.9412824046678562e-10
2.406918227612768e-10
2.762661807991093e-10
2.9869824428215633e-10
3.191499687219902e-10
3.349713587818863e-10
3.521350530558144e-10
3.6605420915800787e-10
3.762811839153295e-10
3.9128671320489244e-10
4.1143099870780776e-10
3.150934968545263e-10
3.7619100111493625e-10
4.15337659292952e-10
4.508946317419411e-10
4.783622911472146e-10
5.081496951899381e-10
5.323131885408828e-10
5.500810283142692e-10
5.761215262967549e-10
6.111112577968887e-10
4.687115877239801e-10
5.312598539658509e-10
5.865867005270715e-10
6.289189132780462e-10
6.748785577503824e-10
7.121771976317836e-10
7.396619975326082e-10
7.798638168090469e-10
8.339370299790318e-10
6.194751006053789e-10
6.998916493928145e-10
7.59217530713201e-10
8.231847243066442e-10
8.751622188089056e-10
9.135472360367904e-10
9.696581145274246e-10
1.0450900989737288e-9
8.196159671276177e-10
9.092230469553461e-10
1.0019095049797815e-9
1.0766654471609325e-9
1.1320441540376659e-9
1.2130521293912404e-9
1.3218317473597724e-9
1.0345522925624122e-9
1.1664381677117377e-9
1.2679171627165667e-9
1.3429405844558942e-9
1.453095491277565e-9
1.6009888167133513e-9
1.3650600658864262e-9
1.5168769684780476e-9
1.6228787432394044e-9
1.7792125167135524e-9
1.9900892346368083e-9
1.7381613398335124e-9
1.891231555176577e-9
2.1006774752407814e-9
2.3851655031252585e-9
2.1064716546674615e-9
2.38126561354583e-9
2.7340341184171304e-9
2.8618616602694572e-9
3.3500225116456715e-9
4.404296690319927e-9
8.25058304303365e-12
1.479503378513444e-11
1.8321900348118068e-11
2.0305624865649932e-11
2.1976167974238412e-11
2.3811321319783372e-11
2.5160926712276894e-11
2.5998412211093434e-11
2.6765220378987143e-11
2.7356825663078683e-11
2.8004488973132143e-11
2.8535633200451012e-11
2.8929315623271902e-11
2.951417988242592e-11
3.0321906632729566e-11
3.224677521006232e-11
4.442725010364663e-11
5.1820465148242894e-11
5.828341243348449e-11
6.54217707495449e-11
7.069462345911065e-11
7.394863719428528e-11
7.692255259192706e-11
7.920354582607583e-11
8.168573005278572e-11
8.370353433077184e-11
8.518832640533479e-11
8.736868284046317e-11
9.029977575295136e-11
6.616699744561322e-11
8.063162910890703e-11
9.373624283353837e-11
1.0828470869013518e-10
1.1905975113350407e-10
1.2573203259839732e-10
1.3182432833412607e-10
1.3650894551829972e-10
1.4159811945637363e-10
1.4572723420626363e-10
1.4876534326164441e-10
1.532192714790002e-10
1.5919539209658712e-10
1.0158391340435351e-10
1.2171803066875733e-10
1.4444436747282095e-10
1.6139266444521441e-10
1.7195736483010617e-10
1.8158870618820655e-10
1.8902130969516668e-10
1.9709012833494061e-10
2.036336067933633e-10
2.084452498691779e-10
2.1550083387929815e-10
2.2497176337399104e-10
1.5145711227870964e-10
1.8695036882368416e-10
2.1402280782027634e-10
2.3107615248722194e-10
2.466212697776403e-10
2.5864543797766576e-10
2.7169021983975213e-10
2.8227048944561824e-10
2.9004278814730173e-10
3.014467095096811e-10
3.167575867976087e-10
2.432361103046772e-10
2.894736556481079e-10
3.19071736608639e-10
3.4595031294709053e-10
3.667150922622246e-10
3.892356236047399e-10
4.0750540095829805e-10
4.209386700411822e-10
4.406239414038017e-10
4.670782270177558e-10
3.5991787177643877e-10
4.0770683250945735e-10
4.499929783898024e-10
4.823612408960991e-10
5.17510897912464e-10
5.460349100289384e-10
5.670559225615646e-10
5.977956139433566e-10
6.391489694304735e-10
4.757426424984323e-10
5.378787881997781e-10
5.838135447432918e-10
6.333788585110309e-10
6.73641326574285e-10
7.033778109662515e-10
7.468368422192163e-10
8.052666993921461e-10
6.305282172186806e-10
6.999388377108533e-10
7.71993967443765e-10
8.301089843496372e-10
8.731557533226638e-10
9.361105303407348e-10
1.0206570278697143e-9
7.963116169813556e-10
8.978921213925773e-10
9.762432198883521e-10
1.0341614773219027e-9
1.119168892060236e-9
1.233310477804168e-9
1.0489066000199638e-9
1.1645022852476145e-9
1.245232149528805e-9
1.364209909531551e-9
1.5247183209204244e-9
1.3317104303473747e-9
1.4473334703222792e-9
1.604784165848797e-9
1.8187727634002924e-9
1.6103871606796397e-9
1.816402660977582e-9
2.0795260443732273e-9
2.1852885939609102e-9
2.54737617375824e-9
3.37233571883037e-9
6.698851570974885e-12
1.2017069287260393e-11
1.4856216482803604e-11
1.6443962728748446e-11
1.777572086468721e-11
1.9236849368344942e-11
2.0310024047122166e-11
2.0975834860711022e-11
2.158547517383316e-11
2.2055869410410223e-11
2.2570837963035975e-11
2.2992857656477767e-11
2.33052913986237e-11
2.3768694528035046e-11
2.4407462601585306e-11
2.6085132190571884e-11
3.578301537727658e-11
4.162950433186833e-11
4.6720390681763715e-11
5.233759401533966e-11
5.648442823817457e-11
5.904317709722354e-11
6.138154417417673e-11
6.317477372893624e-11
6.512629019316786e-11
6.671256012275789e-11
6.787970138917072e-11
6.959337640140787e-11
7.18963315303647e-11
5.296570627093349e-11
6.430848834997177e-11
7.45444087940238e-11
8.589852762091101e-11
9.430405617043485e-11
9.950774575994043e-11
1.0425917571323027e-10
1.0791182597980944e-10
1.11880217847336e-10
1.1509985287124406e-10
1.1746886873854446e-10
1.2094197876609546e-10
1.2560117672652045e-10
8.064024695146478e-11
9.62603056871874e-11
1.1387672812251952e-10
1.2700816772676954e-10
1.3519086012678428e-10
1.4265103998695844e-10
1.4840653723086124e-10
1.5465513274186675e-10
1.5972220632376378e-10
1.6344849103758642e-10
1.6891272124669946e-10
1.7624618839711417e-10
1.1923843277042454e-10
1.466495002292556e-10
1.6754725524496404e-10
1.807080378815103e-10
1.9270495400938374e-10
2.019820851309028e-10
2.1204718462800605e-10
2.2021030821283694e-10
2.2620740879912594e-10
2.3500716315851365e-10
2.468198946966786e-10
1.899497536948049e-10
2.2538135407943565e-10
2.480395573195055e-10
2.6860295886611124e-10
2.8448377987915514e-10
3.0170765039654595e-10
3.156806947100253e-10
3.259541233986693e-10
3.4101184565931536e-10
3.6124366724531687e-10
2.7878426811145747e-10
3.148537469281822e-10
3.466643804953176e-10
3.7099253114456214e-10
3.9741267888101025e-10
4.1885639958579394e-10
4.3465654828150825e-10
4.5776856241722835e-10
4.888546125443449e-10
3.659789584599971e-10
4.12564589486384e-10
4.468766575623575e-10
4.838891529766847e-10
5.139683060627374e-10
5.361805336914749e-10
5.686520954517818e-10
6.12301478844242e-10
4.827015131159237e-10
5.351865059460212e-10
5.895452019029995e-10
6.334010996743347e-10
6.658835012931446e-10
7.134015876921898e-10
7.772023385807826e-10
6.089431634749279e-10
6.866437068091616e-10
7.466010524326774e-10
7.909193552123966e-10
8.559787737061785e-10
9.433128111924136e-10
8.031663554372497e-10
8.924691908073454e-10
9.550390625649125e-10
1.047242737952944e-9
1.1715548375008099e-9
1.0211776607750936e-9
1.1104915916493727e-9
1.2327947537692556e-9
1.3987929984084828e-9
1.2350157756897682e-9
1.3937758290393566e-9
1.5969713619208323e-9
1.6729102511148803e-9
1.9477597554706e-9
2.5703778126854778e-9
5.408539234613214e-12
9.746096497136967e-12
1.2048766553385618e-11
1.3330377005135039e-11
1.4400832566402947e-11
1.5572887547414727e-11
1.6432683207273176e-11
1.696583587846598e-11
1.7453508816657306e-11
1.782944939568469e-11
1.824099098105768e-11
1.8578471074927314e-11
1.882847377778369e-11
1.9199304764739072e-11
1.9708823802565186e-11
2.1178162252757848e-11
2.898668251359059e-11
3.366560978317205e-11
3.772137111727357e-11
4.2186842691184983e-11
4.5480207205134624e-11
4.7511338671344887e-11
4.936722928269745e-11
5.078997216846332e-11
5.233839563733806e-11
5.3597169778930025e-11
5.4523451257896295e-11
5.588345818410429e-11
5.7710304534443495e-11
4.2734199551464413e-11
5.1742578627025764e-11
5.983504827924994e-11
6.879404185274923e-11
7.542103735746793e-11
7.952153378500363e-11
8.326570075123724e-11
8.614307160369786e-11
8.926941086952284e-11
9.180606613925802e-11
9.36726379844168e-11
9.640901487619297e-11
1.0007932760619364e-10
6.464626642556051e-11
7.692207120224803e-11
9.07361099134359e-11
1.0102419272144982e-10
1.0743137441647761e-10
1.1327321352335591e-10
1.177787180603661e-10
1.2267055191740225e-10
1.2663768389028956e-10
1.295552625874606e-10
1.338333552925871e-10
1.3957425135389816e-10
9.48583034381415e-11
1.1616321844236969e-10
1.3238084750475367e-10
1.4258637749443932e-10
1.5189030818134014e-10
1.5908313353298013e-10
1.6688729922849944e-10
1.732169393885793e-10
1.7786742651432343e-10
1.8469067302403193e-10
1.9384945024678707e-10
1.4953789479038834e-10
1.7680562901577623e-10
1.9423808785892735e-10
2.1007109480562793e-10
2.2229773468255276e-10
2.3555818507201e-10
2.463156741084838e-10
2.54225611612687e-10
2.6581795454247276e-10
2.8139313015348066e-10
2.1783689138427377e-10
2.455762636048625e-10
2.7013174425188125e-10
2.8891900294859315e-10
3.0931707776847437e-10
3.258707826244353e-10
3.3806926213213363e-10
3.559105923810695e-10
3.7990732720105395e-10
2.847130040187591e-10
3.204175076127248e-10
3.467811533393624e-10
3.752100427912288e-10
3.983069739278566e-10
4.153645535778714e-10
4.4029752973334704e-10
4.738150456941663e-10
3.733896366946276e-10
4.130313512932986e-10
4.5405701356808576e-10
4.87141097522827e-10
5.116509811671916e-10
5.475014143947439e-10
5.956426738398055e-10
4.682442415495598e-10
5.263445672838375e-10
5.71027135623335e-10
6.040639105119202e-10
6.525696504059257e-10
7.17695174706219e-10
6.136778949799715e-10
6.803931178332307e-10
7.269215677678989e-10
7.955491761968129e-10
8.88133857594253e-10
7.778789467629033e-10
8.452403456075401e-10
9.372447665896058e-10
1.0622469620914166e-9
9.403593700123394e-10
1.0613952721744838e-9
1.216512506573197e-9
1.275180391148057e-9
1.4893364761725178e-9
1.9644992136011142e-9
4.323928440404074e-12
7.856987685618107e-12
9.730849473759194e-12
1.0770150083620467e-11
1.1635294632157184e-11
1.2581139203809379e-11
1.327431775322318e-11
1.370401162884154e-11
1.4096989349562987e-11
1.4399760107142046e-11
1.4730855106965054e-11
1.500194990991756e-11
1.520256304680483e-11
1.5500129436479268e-11
1.59094919639222e-11
1.718119670203464e-11
2.35211129748554e-11
2.7301272791514914e-11
3.0564755040802726e-11
3.4151939509574097e-11
3.679596030900527e-11
3.8426074703064015e-11
3.9915498343841334e-11
4.1056975448077505e-11
4.229919284150031e-11
4.3308870182469e-11
4.405177691916098e-11
4.5142512070637555e-11
4.660779974861307e-11
3.4636057107665584e-11
4.1873729946530155e-11
4.8347526833332755e-11
5.550313488138413e-11
6.079323333587832e-11
6.406517414596534e-11
6.705291893634066e-11
6.934828772067727e-11
7.184235688263369e-11
7.386599911943079e-11
7.535506666574253e-11
7.753795039998654e-11
8.04658169597772e-11
5.219393975119535e-11
6.19581588346989e-11
7.292524932962748e-11
8.108752457230853e-11
8.616823011574155e-11
9.080093693619999e-11
9.43727993717409e-11
9.825108685988875e-11
1.0139627703862286e-10
1.0370941461015068e-10
1.0710105996610395e-10
1.1165233551682983e-10
7.613152260955185e-11
9.291480672821954e-11
1.0567698296663506e-10
1.1370332214513476e-10
1.210207035659382e-10
1.2667626323884764e-10
1.3281288082568139e-10
1.3779001246178552e-10
1.4144696261573428e-10
1.4681219558437716e-10
1.5401377208421226e-10
1.1902015695073423e-10
1.4028215277033199e-10
1.5386290756035963e-10
1.6619579011893124e-10
1.7571859243271527e-10
1.8604769918421443e-10
1.9442714612639774e-10
2.0058844972494825e-10
2.0961823906936216e-10
2.2174982503554783e-10
1.719771484065952e-10
1.9332132444978292e-10
2.1219794944431746e-10
2.266422436977745e-10
2.423284952458478e-10
2.550589664623188e-10
2.6443903684156906e-10
2.781594416946152e-10
2.966123359128589e-10
2.2322948908022403e-10
2.5049192099728503e-10
2.7062653022723223e-10
2.9235386610749587e-10
3.100076665533084e-10
3.2304311966166606e-10
3.4209869826893854e-10
3.677140979761473e-10
2.909462837459809e-10
3.21260074310169e-10
3.5271818570000457e-10
3.780982725718701e-10
3.9689313011136673e-10
4.243858781984825e-10
4.6130267737707536e-10
3.634286827705998e-10
4.078848714512083e-10
4.422041423986546e-10
4.675659492968818e-10
5.047940346453498e-10
5.547740607426458e-10
4.739908456764494e-10
5.246262036177276e-10
5.600241087362482e-10
6.12181095323728e-10
6.825282381670126e-10
5.975729605405556e-10
6.480526727261448e-10
7.167881964929994e-10
8.101855454694535e-10
7.190406636402264e-10
8.086091522654587e-10
9.228642846196575e-10
9.694475257910254e-10
1.1259194526945282e-9
1.4875775521692632e-9
3.4102894751536505e-12
6.269653067386765e-12
7.792237019036974e-12
8.635228762138572e-12
9.335509409928828e-12
1.0100177716050949e-11
1.0660194431379686e-11
1.100720835065296e-11
1.132437824652074e-11
1.156856265583852e-11
1.1835541482220649e-11
1.2054157985863147e-11
1.2215874389179208e-11
1.2455275627111046e-11
1.2783281510374489e-11
1.386365200693236e-11
1.9031236449328164e-11
2.210290278899298e-11
2.4747081384720233e-11
2.7649234366889547e-11
2.97871462862767e-11
3.110470672250675e-11
3.230850049434377e-11
3.32308114502637e-11
3.4234546892189585e-11
3.50504003229895e-11
3.565068539013221e-11
3.653176705078269e-11
3.771473813148535e-11
2.8077610407278377e-11
3.394316901857501e-11
3.917243522695512e-11
4.4944034680216626e-11
4.920858792667033e-11
5.1845105298125e-11
5.425276497054256e-11
5.6101986652169533e-11
5.811138756534591e-11
5.974182942161929e-11
6.094159187127635e-11
6.270019040101855e-11
6.505859686807789e-11
4.2280543541822596e-11
5.0134242976354595e-11
5.893994029909254e-11
6.548900622535546e-11
6.956351025695813e-11
7.327906692868932e-11
7.614303806061886e-11
7.925284085126482e-11
8.177487030440217e-11
8.362977175289292e-11
8.634928489298816e-11
8.999818088063099e-11
6.147342545227645e-11
7.485718935038591e-11
8.502101241848277e-11
9.140909930276646e-11
9.723356837849464e-11
1.0173433963827695e-10
1.0661815750664379e-10
1.1057920356773776e-10
1.1348973039073589e-10
1.1775952861649732e-10
1.2349026253508237e-10
9.551452454393912e-11
1.1227670087080956e-10
1.2297366979668102e-10
1.3269260075372308e-10
1.4019747929255726e-10
1.4833783238945503e-10
1.5494151898789828e-10
1.5979702857475502e-10
1.669131851955504e-10
1.7647291962725504e-10
1.3706559372575344e-10
1.5373109418061279e-10
1.6850550446155681e-10
1.7981891812904807e-10
1.9210336469186957e-10
2.0207214291367335e-10
2.094166939073771e-10
2.2016069712269358e-10
2.3460885030292235e-10
1.7694193709564106e-10
1.9812906127241274e-10
2.1381883390312343e-10
2.307490105678191e-10
2.4450163292749916e-10
2.54655140637903e-10
2.6949945168984136e-10
2.8945199965961645e-10
2.2921436124481065e-10
2.525188463600319e-10
2.7671873810155936e-10
2.962398559843046e-10
3.106949180045853e-10
3.3184092068730156e-10
3.6023452534056277e-10
2.8462284511687995e-10
3.1845899690475544e-10
3.4456676569145686e-10
3.6386457783824464e-10
3.9219430593958703e-10
4.302280207527204e-10
3.6855814615982584e-10
4.0693707828374484e-10
4.337820446543169e-10
4.73360263637363e-10
5.267361936289517e-10
4.622994627671558e-10
5.006584339783101e-10
5.531703010287703e-10
6.244681842690238e-10
5.543157199027029e-10
6.227704884959314e-10
7.104739523350169e-10
7.429411984597536e-10
8.620181358749643e-10
1.1295151783595061e-9
2.6456555950146173e-12
4.9341555404773634e-12
6.163278355527215e-12
6.843934039649488e-12
7.40902148904174e-12
8.025624675826596e-12
8.477103048234306e-12
8.756750679421497e-12
9.012277460231144e-12
9.208946330764054e-12
9.423863307667844e-12
9.599652235005399e-12
9.72958138196294e-12
9.921929697698561e-12
1.0185280649594876e-11
1.1077841818204074e-11
1.528416706759696e-11
1.7782361666278973e-11
1.9929703921423693e-11
2.2284123767677066e-11
2.4018109294137266e-11
2.508640968867275e-11
2.6062500504776058e-11
2.6810223066586813e-11
2.7623931225764946e-11
2.8285226367738328e-11
2.877176132189168e-11
2.9485840978127396e-11
3.0444467334873893e-11
2.265878535847438e-11
2.7432334758715755e-11
3.1679845934622774e-11
3.6362888249272265e-11
3.9822020636528517e-11
4.1959956029322903e-11
4.3912469090460895e-11
4.5411856792097634e-11
4.704114900809339e-11
4.836313214658237e-11
4.9335930324671606e-11
5.076177519673622e-11
5.2673845917818366e-11
3.420890747611074e-11
4.057439956648555e-11
4.7701977343002556e-11
5.300050343067192e-11
5.629583971967625e-11
5.930112894081107e-11
6.161722269404776e-11
6.413216206482003e-11
6.617171449877148e-11
6.767180742319053e-11
6.987102476194258e-11
7.282169785291675e-11
4.973152824979657e-11
6.051115053669877e-11
6.868916469511774e-11
7.382687123414193e-11
7.851170526517656e-11
8.213131142568807e-11
8.605909096280137e-11
8.924465930288117e-11
9.158547121877028e-11
9.501931821248497e-11
9.962794250977549e-11
7.70472916222403e-11
9.042558187368589e-11
9.89587836348184e-11
1.0671480413568031e-10
1.1270386474891275e-10
1.1920029049179551e-10
1.2447025325725236e-10
1.2834505378095668e-10
1.340239774211605e-10
1.416525800858445e-10
1.1006829792771079e-10
1.2324825179862276e-10
1.3495296313218785e-10
1.4391874192431883e-10
1.5365401939733508e-10
1.6155391785831947e-10
1.673737153167742e-10
1.7588783818958293e-10
1.873365669439963e-10
1.414590409342088e-10
1.5808088206905008e-10
1.704084098911683e-10
1.8371507978961177e-10
1.9452421770943785e-10
2.025033445296415e-10
2.1416948623764333e-10
2.2984989494751033e-10
1.8222469186709142e-10
2.003419061293557e-10
2.1919172688583087e-10
2.3440489558273946e-10
2.456668453811232e-10
2.6214179315547313e-10
2.8426405435151917e-10
2.2514192394202403e-10
2.5132477740500373e-10
2.7159115767089544e-10
2.8656780991262537e-10
3.0854808209609016e-10
3.380577602254011e-10
2.897470696481014e-10
3.1926786807844853e-10
3.399777853314225e-10
3.7048259966930984e-10
4.116125172867346e-10
3.6132089629313973e-10
3.9052202225173133e-10
4.304919094748207e-10
4.847517060606367e-10
4.3103154007855046e-10
4.826002184047707e-10
5.486014990960633e-10
5.730381339802153e-10
6.623929466978695e-10
8.63712536601702e-10
2.0145995941709302e-12
3.818693297726001e-12
4.799972094791505e-12
5.344576956830044e-12
5.797148084230807e-12
6.2909118027906446e-12
6.652537919766018e-12
6.876467265790115e-12
7.0810572317030946e-12
7.238479188011895e-12
7.410426414368574e-12
7.551006380971327e-12
7.65491009221607e-12
7.808594657648847e-12
8.018342248381025e-12
8.732352748526405e-12
1.2133518511449629e-11
1.4156578912841495e-11
1.589568781595601e-11
1.7801640693500602e-11
1.92054300756965e-11
2.007013399177115e-11
2.0860265394574378e-11
2.1465474997309954e-11
2.2124065239658368e-11
2.2659251956613725e-11
2.305302003555916e-11
2.363084292687734e-11
2.4406234665257468e-11
1.8122346316296623e-11
2.2003122326198624e-11
2.5455048459145155e-11
2.925888724261363e-11
3.2068407486588643e-11
3.380458259490045e-11
3.5390308404507815e-11
3.660794629874842e-11
3.793107039437491e-11
3.9004603210909726e-11
3.97946086510881e-11
4.0952437290723285e-11
4.2504961279363394e-11
2.7516532641875822e-11
3.269078026530145e-11
3.848026267604643e-11
4.278322248898683e-11
4.545893114089948e-11
4.789929802345177e-11
4.9779901806539745e-11
5.1821952227367146e-11
5.3477959522873535e-11
5.4696003705720095e-11
5.648160734282487e-11
5.88771809896419e-11
4.0123749226703315e-11
4.8859229501574885e-11
5.5482493126688194e-11
5.964250378492649e-11
6.343610147463545e-11
6.636700258544499e-11
6.954748322837276e-11
7.212689413042882e-11
7.402236497973596e-11
7.680276945033889e-11
8.053422761434859e-11
6.220888843675064e-11
7.298530563705188e-11
7.985677108024279e-11
8.610449188691107e-11
9.092942145399384e-11
9.616329289859633e-11
1.0040891649139069e-10
1.0353052454596721e-10
1.0810558564079886e-10
1.1425101464156733e-10
8.871679835160137e-11
9.925308019327984e-11
1.0862421514388696e-10
1.1580673127338697e-10
1.2360592165766028e-10
1.2993435378840457e-10
1.3459609028458403e-10
1.4141643253343153e-10
1.5058692692018484e-10
1.1371171436534606e-10
1.2691305415308804e-10
1.3672497920337963e-10
1.4732117561613174e-10
1.559274077967601e-10
1.6227940523737627e-10
1.715671547755798e-10
1.8405034494490454e-10
1.4591767944362307e-10
1.601991299135883e-10
1.7509544731385702e-10
1.8712018860026626e-10
1.960192168495202e-10
2.0903775909948691e-10
2.265190148176773e-10
1.7958820782721593e-10
2.0008560827601332e-10
2.1598572468787743e-10
2.2773323226588868e-10
2.4497226279962046e-10
2.6811696857763253e-10
2.2982714853747118e-10
2.527133585540195e-10
2.687945316156381e-10
2.924809680176015e-10
3.244138370021583e-10
2.850154472607103e-10
3.0747978317971496e-10
3.38336903758085e-10
3.8021366202394567e-10
3.384032463328245e-10
3.7807089038547253e-10
4.290315115301072e-10
4.463561668974695e-10
5.151905626433866e-10
6.653018807563601e-10
1.5039573629911103e-12
2.90050181218972e-12
3.672288379024686e-12
4.1023931927928966e-12
4.460704538046853e-12
4.851813857634182e-12
5.1384563949123726e-12
5.315925521486196e-12
5.4780697803555855e-12
5.602825334123812e-12
5.7390593709589545e-12
5.8503984330360816e-12
5.932664182015786e-12
6.054233928980988e-12
6.2199977955798846e-12
6.7698463410221974e-12
9.488463675521263e-12
1.111163705134607e-11
1.2509321717611452e-11
1.4041338141244705e-11
1.5170110319292964e-11
1.58653711964241e-11
1.650074668285553e-11
1.6987419408516252e-11
1.751700048168043e-11
1.7947313429414022e-11
1.8263918390240206e-11
1.8728426322036575e-11
1.9351694713623202e-11
1.4308017217782221e-11
1.7442942075934798e-11
2.0234971392953612e-11
2.3311752157859944e-11
2.5584662405505482e-11
2.6989248928552544e-11
2.8272216812614213e-11
2.925741656541572e-11
3.0327939674523163e-11
3.119648297117776e-11
3.183565648467948e-11
3.277235412011068e-11
3.4028366866727586e-11
2.1908857925550945e-11
2.6104569884316795e-11
3.079888810194367e-11
3.428814990657259e-11
3.64579409639418e-11
3.843698149433984e-11
3.99621580814576e-11
4.161822891628468e-11
4.296116920604634e-11
4.394896486191273e-11
4.539695238953558e-11
4.733958394942832e-11
3.213765625143992e-11
3.922441169406468e-11
4.4596798247984256e-11
4.797120161218994e-11
5.104856759150653e-11
5.342626641291321e-11
5.600641541079826e-11
5.8098878443812904e-11
5.963654194634918e-11
6.189199839851702e-11
6.491895572601287e-11
5.004304452909713e-11
5.876555862276794e-11
6.432722000672182e-11
6.93855421815e-11
7.329260877825354e-11
7.753088263901465e-11
8.09687710132463e-11
8.349644394627299e-11
8.720103764925563e-11
9.217713891512781e-11
7.145489318270138e-11
7.994391499420653e-11
8.750447206214461e-11
9.330266071788625e-11
9.959867982760192e-11
1.0470709732231416e-10
1.0846987332963339e-10
1.1397524595425911e-10
1.2137739074807279e-10
9.153443837762993e-11
1.0212187626130244e-10
1.100068846077476e-10
1.1852513756354627e-10
1.2544276536693476e-10
1.3054779531099355e-10
1.3801263671270424e-10
1.4804563210558638e-10
1.1724780174771624e-10
1.286282544118301e-10
1.4052336057335926e-10
1.5012731820164714e-10
1.572331472119576e-10
1.676284805158387e-10
1.8158765829446678e-10
1.439618537001199e-10
1.601898199806963e-10
1.728057373981253e-10
1.821261703799242e-10
1.958013667041683e-10
2.1416164925437166e-10
1.8350190572144097e-10
2.0148095160238492e-10
2.1414927506962783e-10
2.32804128232971e-10
2.5794700089448587e-10
2.2660856879608064e-10
2.441352172572956e-10
2.6831008483564215e-10
3.010930315948716e-10
2.6800172809477134e-10
2.988399386221941e-10
3.3854692753778163e-10
3.5094940752773677e-10
4.039534076033083e-10
5.17148344364621e-10
1.1004212412600082e-12
2.1598128211499786e-12
2.756070958824797e-12
3.090311550367649e-12
3.369851103970649e-12
3.675308739772779e-12
3.899418711075431e-12
4.038173494033229e-12
4.164968491195178e-12
4.2625411267228015e-12
4.369080886401263e-12
4.456125610655806e-12
4.520431838402802e-12
4.615423362953188e-12
4.744800293784539e-12
5.150541438514027e-12
7.289895119617266e-12
8.574639142920737e-12
9.68438649087389e-12
1.0901729710530155e-11
1.1799195476002115e-11
1.2352041093517235e-11
1.2857343141411334e-11
1.3244421390045538e-11
1.366561321256627e-11
1.4007824681302327e-11
1.4259610604241009e-11
1.462897703067243e-11
1.512453806338042e-11
1.1115798565927943e-11
1.3619875342987973e-11
1.5856251720112866e-11
1.8322208240254957e-11
2.0144600890159143e-11
2.127098931721266e-11
2.229991378889985e-11
2.3090147908468603e-11
2.3948782410168538e-11
2.4645374580581317e-11
2.515802055368306e-11
2.5909253748195287e-11
2.691660145907643e-11
1.720297145373514e-11
2.057926099904562e-11
2.4359096844998576e-11
2.716957744778101e-11
2.8917675059419745e-11
3.051212970966047e-11
3.1741119806924664e-11
3.307552791392064e-11
3.415756830239393e-11
3.4953469147634244e-11
3.612012397256765e-11
3.768535284536562e-11
2.5449798167009517e-11
3.117491919481878e-11
3.5516374851443046e-11
3.8243976980516895e-11
4.0731569496737066e-11
4.265389023933302e-11
4.4739827813088436e-11
4.6431429807143615e-11
4.767451376466325e-11
4.9497848548707037e-11
5.194492011235784e-11
3.993016919444446e-11
4.698830382198543e-11
5.148996674077488e-11
5.5585147421463536e-11
5.874892720627822e-11
6.218089894419332e-11
6.496465783305603e-11
6.701135020634298e-11
7.001102609335969e-11
7.404028927303796e-11
5.724823279997208e-11
6.41096357335673e-11
7.022683383300951e-11
7.492035769231905e-11
8.00168749554847e-11
8.415184161541804e-11
8.7197447676429e-11
9.16536419995148e-11
9.764506722192724e-11
7.345223374390541e-11
8.198954488143901e-11
8.835757497858168e-11
9.523903786129172e-11
1.008268745496674e-10
1.0495017383827836e-10
1.1097966323085102e-10
1.1908351185139005e-10
9.412244339148763e-11
1.0326014451769059e-10
1.1282768688348533e-10
1.205538136996573e-10
1.2626919573032397e-10
1.346303856340125e-10
1.4585833431179e-10
1.1550125698365384e-10
1.2846907118001853e-10
1.3857105179435257e-10
1.4603390113080068e-10
1.5698180277040413e-10
1.7168062510170177e-10
1.4694201595327971e-10
1.612206717891906e-10
1.7130851807986616e-10
1.861585541079141e-10
2.0616853314717282e-10
1.8099234240401474e-10
1.9482059651985687e-10
2.1396168945530403e-10
2.399028384688571e-10
2.1345620524159752e-10
2.376902641738266e-10
2.689731486646787e-10
2.778824977156821e-10
3.1939486395631637e-10
4.056734284718646e-10
7.896213374665526e-13
1.5764187571805705e-12
2.0280356214070213e-12
2.2830696421394126e-12
2.497469970907146e-12
2.73214256690893e-12
2.9045553868125306e-12
3.0113264505151177e-12
3.108927113539352e-12
3.1840595251039854e-12
3.2661005932889483e-12
3.3331209749984684e-12
3.3826358395653285e-12
3.4557625851357563e-12
3.5552880596015522e-12
3.840744255862175e-12
5.492950317893277e-12
6.492633651022222e-12
7.3599852957149e-12
8.312722680118302e-12
9.015675659049926e-12
9.448818006823839e-12
9.844777057571035e-12
1.0148150991714945e-11
1.0478249191716186e-11
1.0746430309737539e-11
1.0943750780379964e-11
1.1233194712017946e-11
1.1621518422048987e-11
8.477657349184291e-12
1.0447314150074169e-11
1.2213623206811556e-11
1.4163488524584212e-11
1.5605308621975524e-11
1.649678753966541e-11
1.7311165407025106e-11
1.793677542495779e-11
1.8616492814364558e-11
1.9167898062099678e-11
1.9573704231608703e-11
2.0168353360523315e-11
2.0965776525437e-11
1.3282187253158285e-11
1.5965820192738997e-11
1.897394374459197e-11
2.121188355485092e-11
2.2604452442516527e-11
2.387461721125688e-11
2.4853903045593993e-11
2.591712415792157e-11
2.6779215688897856e-11
2.7413330716713083e-11
2.8342822840283757e-11
2.9589925350559816e-11
1.985742461365464e-11
2.4440164198048622e-11
2.7917831656175164e-11
3.010382728615269e-11
3.209749133915421e-11
3.36384931471038e-11
3.531057617105996e-11
3.666651262762037e-11
3.7662907962538264e-11
3.9124411370056634e-11
4.108594927806006e-11
3.1478970774201895e-11
3.715906962639691e-11
4.078384427178681e-11
4.408175119289459e-11
4.66301589274426e-11
4.939454601722379e-11
5.163674639011369e-11
5.3285238649887446e-11
5.5701314311535846e-11
5.894676295550581e-11
4.5431627454103675e-11
5.096632927537768e-11
5.590358455159651e-11
5.969312081433121e-11
6.380803958530448e-11
6.71464831074753e-11
6.960535487974046e-11
7.320308536507751e-11
7.804037545423809e-11
5.850068710904595e-11
6.538795844205204e-11
7.053026529353802e-11
7.6088328479937e-11
8.060124230247431e-11
8.393118890295113e-11
8.880059221626371e-11
9.534536313132501e-11
7.515283228728646e-11
8.251193907776243e-11
9.022691713067852e-11
9.645790975765179e-11
1.0106670949999127e-10
1.0780895849260139e-10
1.1686312683252082e-10
9.233708189106628e-11
1.027536545796095e-10
1.1088084221218684e-10
1.1688468257031473e-10
1.2569106082343777e-10
1.3751479970090258e-10
1.1750467143029056e-10
1.2892578259578161e-10
1.370126005272692e-10
1.4891409628915098e-10
1.6494784272167085e-10
1.4462589071536982e-10
1.5563224138633334e-10
1.7091586268501853e-10
1.91618463707639e-10
1.7033400447664427e-10
1.895684165291391e-10
2.144606378478325e-10
2.2091241688792572e-10
2.538120968757178e-10
3.202470627909515e-10
5.563963235061379e-13
1.128579208606172e-12
1.4636351971154207e-12
1.654471075470522e-12
1.8159011802340861e-12
1.9929906299380347e-12
2.1233052781905106e-12
2.2040431254903547e-12
2.277882248901347e-12
2.334752557203588e-12
2.39686474129347e-12
2.447607718905038e-12
2.4851051796401074e-12
2.5404818137506994e-12
2.615840141052839e-12
2.806323336941893e-12
4.055961741889712e-12
4.818783171960774e-12
5.484285919460978e-12
6.216687374497967e-12
6.7575877286351425e-12
7.091023573452024e-12
7.395886295512423e-12
7.62952808800311e-12
7.883740729125031e-12
8.090260366646258e-12
8.242215586066223e-12
8.465105128444884e-12
8.764157287279279e-12
6.337995074846439e-12
7.85875682287052e-12
9.22961095773188e-12
1.0745388536686716e-11
1.1867035661759534e-11
1.256090304511865e-11
1.319477017101933e-11
1.3681870642046232e-11
1.4211056308779295e-11
1.4640317406906496e-11
1.4956235840890146e-11
1.5419160682236943e-11
1.6039993222442385e-11
1.0062587994858289e-11
1.2161409313132944e-11
1.451823987145744e-11
1.627296384546402e-11
1.7365488804383567e-11
1.836194219835733e-11
1.913046245803422e-11
1.9964791441836076e-11
2.0641250530602003e-11
2.1138815285706977e-11
2.186815492586457e-11
2.284678180443706e-11
1.522589449967128e-11
1.8844799812695663e-11
2.1594026714521412e-11
2.3323329414764666e-11
2.4900451218505137e-11
2.6119859303371778e-11
2.7442910023579795e-11
2.8515773072572844e-11
2.930412294140038e-11
3.046049600108361e-11
3.201259173628561e-11
2.4440033244564483e-11
2.8964353547740136e-11
3.185384913640835e-11
3.448285597265308e-11
3.651484488448243e-11
3.8718978812273804e-11
4.0506719261588434e-11
4.182106275680281e-11
4.374740620297325e-11
4.633514062690358e-11
3.5582656449931514e-11
4.001573113138726e-11
4.397064978243014e-11
4.7006849231931444e-11
5.030375700274644e-11
5.2978490699124654e-11
5.4948523906988053e-11
5.783095400922566e-11
6.170666201509118e-11
4.606377063739132e-11
5.1593731699620006e-11
5.5724210380551714e-11
6.018912077732528e-11
6.381431846379715e-11
6.648924112268521e-11
7.040072779072823e-11
7.565817216567912e-11
5.943994382068897e-11
6.535489144944777e-11
7.155992494522296e-11
7.657183784307349e-11
8.027876811858013e-11
8.570153362074722e-11
9.298394946727572e-11
7.324528525770544e-11
8.161446356734179e-11
8.81507022314305e-11
9.297930168456502e-11
1.0006115688066715e-10
1.0956960062690285e-10
9.343237584767158e-11
1.0259276865505788e-10
1.090890082979685e-10
1.1864825076757326e-10
1.315246686923986e-10
1.1512628521550992e-10
1.2392788716939918e-10
1.3618195991292477e-10
1.5277412344190725e-10
1.3560894473667505e-10
1.5097036209864825e-10
1.7089200923551715e-10
1.756435204022747e-10
2.0190334394771928e-10
2.5360937597655296e-10