2.845662516708513e-9
4.738212403330896e-9
5.608331262015558e-9
6.0539175125042694e-9
6.2731103461270616e-9
6.400567375757897e-9
6.499473905331243e-9
6.575084116240691e-9
6.622960831864129e-9
1.0284228985912222e-8
1.3854645173234866e-8
1.5812385692977056e-8
1.6784236729056275e-8
1.734922247473925e-8
1.778591114962405e-8
1.8121664023605952e-8
1.833198863721154e-8
2.075018321824559e-8
2.5172021195872725e-8
2.7425693911287085e-8
2.8736198746744627e-8
2.9748840598759695e-8
3.052887469508686e-8
3.101571863264111e-8
3.2358249687916486e-8
3.636133702005583e-8
3.867954087700056e-8
4.0471485403826536e-8
4.1852942095186716e-8
4.27139118343335e-8
4.20678205303084e-8
4.5461833097672895e-8
4.8067118621288616e-8
5.007856682363951e-8
5.133087902725813e-8
4.980578765655319e-8
5.314394889107933e-8
5.5692877247414775e-8
5.7283863490435343e-8
5.7383770872773186e-8
6.047650839050028e-8
6.238886861038584e-8
6.45050841669079e-8
6.676546385431181e-8
6.960649178609578e-8
2.355916326231382e-9
3.988354181731037e-9
4.7536183238909355e-9
5.147352818919286e-9
5.341303692242404e-9
5.454119525668944e-9
5.541582774391897e-9
5.608526214073038e-9
5.6508750532498755e-9
8.96190691683894e-9
1.2288410283595831e-8
1.4130067015552016e-8
1.5045605809005427e-8
1.5577893323432286e-8
1.5989140980938616e-8
1.630553392250798e-8
1.6503556717356866e-8
1.893499927205997e-8
2.328681587750683e-8
2.55116793333354e-8
2.6805501246955783e-8
2.7805084688584893e-8
2.8575361955602307e-8
2.905582733283149e-8
3.055033238813265e-8
3.463549303616922e-8
3.7000278782995804e-8
3.8828143488147593e-8
4.023767313491835e-8
4.1115768311920036e-8
4.057454700604311e-8
4.41134164861634e-8
4.682809014797798e-8
4.8924655905584664e-8
5.0229497134752925e-8
4.870286002009538e-8
5.222757432757495e-8
5.491702706517859e-8
5.6595704395508314e-8
5.676277066424391e-8
6.005621889708663e-8
6.209112145076838e-8
6.441266826937425e-8
6.683717762914469e-8
6.992722726410318e-8
1.933251072353747e-9
3.316464707053525e-9
3.975471484088829e-9
4.31629054397976e-9
4.484402488429036e-9
4.582201037897861e-9
4.6579856937939516e-9
4.71605218015723e-9
4.7527503630018195e-9
7.658685644536294e-9
1.0664402878431482e-8
1.2345597445686467e-8
1.3182564993339782e-8
1.3669162068028037e-8
1.4045045674014808e-8
1.4334352855691412e-8
1.4515311672972188e-8
1.6876771658043647e-8
2.103795784071995e-8
2.3172470336462244e-8
2.4413761414022984e-8
2.537272811470092e-8
2.611189865372113e-8
2.657276552023671e-8
2.8187950960028014e-8
3.22533941732683e-8
3.460552813531309e-8
3.6423689954417315e-8
3.782599216783024e-8
3.8699325359085796e-8
3.829598781739134e-8
4.1904349562747387e-8
4.467027446764476e-8
4.6806997430364436e-8
4.813647915656435e-8
4.665466929905639e-8
5.030065147187871e-8
5.307997977776244e-8
5.481495573082013e-8
5.506231798688558e-8
5.8502058733494906e-8
6.062557900731666e-8
6.313286095970635e-8
6.568617221691861e-8
6.899284529586866e-8
1.5573670972190362e-9
2.7111335203429692e-9
3.2683747969570997e-9
3.5581243050789794e-9
3.7011723421654505e-9
3.7843603885286105e-9
3.848897631129434e-9
3.898300877660947e-9
3.929591233923004e-9
6.41658444334923e-9
9.053881828725116e-9
1.054388876098663e-8
1.1286571704711212e-8
1.1718295885995491e-8
1.2051902554531754e-8
1.2308604095327352e-8
1.2469216104574373e-8
1.4678457943327909e-8
1.853621872752448e-8
2.0521830999845105e-8
2.167649122502651e-8
2.2568695268425565e-8
2.3256374729602903e-8
2.368513139664511e-8
2.5371996944478042e-8
2.930643622774094e-8
3.158124974022229e-8
3.333993909744358e-8
3.469638451513627e-8
3.5541105695994596e-8
3.5300394972465e-8
3.888886421662621e-8
4.163726237817058e-8
4.3760819621344065e-8
4.508196455839348e-8
4.3693901100104854e-8
4.737930842097125e-8
5.018505711624312e-8
5.193707486549288e-8
5.227533565203107e-8
5.5789459912947465e-8
5.795695672319448e-8
6.061859701332832e-8
6.325228215085589e-8
6.672736268383851e-8
1.2466521117939561e-9
2.197022492384709e-9
2.661751165095995e-9
2.904447766512582e-9
3.0243797132393567e-9
3.0941676494729196e-9
3.148335765721788e-9
3.189789204119173e-9
3.2160120455895625e-9
5.3082011396805975e-9
7.566420899770497e-9
8.852835979367089e-9
9.494664767349908e-9
9.867825317121813e-9
1.0156197205018751e-8
1.0378087918399594e-8
1.0516829678843871e-8
1.2507234282862294e-8
1.5972475419326905e-8
1.7761893563798983e-8
1.8802557491600688e-8
1.9606720180034972e-8
2.0226581661244574e-8
2.0612906082274207e-8
2.230554019445431e-8
2.599903884606821e-8
2.813294738713723e-8
2.9782864133371004e-8
3.105550438900159e-8
3.1847838196294595e-8
3.177934463431407e-8
3.525046196756112e-8
3.790610317074909e-8
3.9958497738228054e-8
4.123507087592944e-8
3.9987453571538977e-8
4.361741016699172e-8
4.6376635466768436e-8
4.810014079926429e-8
4.853457666573348e-8
5.2036862841265024e-8
5.419451742147998e-8
5.696577341265362e-8
5.961899023453883e-8
6.319735224136487e-8
9.826370037936313e-10
1.7518512458918686e-9
2.133128068268177e-9
2.3330112028783577e-9
2.4318342068784774e-9
2.4894031375293034e-9
2.5340101327663575e-9
2.5682682343853113e-9
2.5898861559723334e-9
4.330316456059546e-9
6.229310936223813e-9
7.317049382560491e-9
7.860086863499898e-9
8.175896639583269e-9
8.419809307043133e-9
8.607663894339231e-9
8.725022233881195e-9
1.0459083736918268e-8
1.3479634624440977e-8
1.5043707502207666e-8
1.595342074996245e-8
1.6656244703527926e-8
1.7198219828390156e-8
1.753585932615714e-8
1.91593669620381e-8
2.2516632867733467e-8
2.4454543685843378e-8
2.5952874444138236e-8
2.7108864913090973e-8
2.7828397134772167e-8
2.7920944262386294e-8
3.117766711356181e-8
3.3665788482483186e-8
3.558945163582892e-8
3.678568333211023e-8
3.571544825541501e-8
3.9188720424695826e-8
4.1823955595838676e-8
4.3470735489335146e-8
4.399828235467789e-8
4.739254613091404e-8
4.9480669994794836e-8
5.2303045142568866e-8
5.4905529982303144e-8
5.850667837877056e-8
7.698578213928199e-10
1.3805247891475696e-9
1.6876885509390985e-9
1.8491775437273902e-9
1.9291468963566416e-9
1.975733194724085e-9
2.0118834054953944e-9
2.039592004737129e-9
2.057123984918265e-9
3.4885976158826418e-9
5.066554516095011e-9
5.973005154086148e-9
6.425878591464711e-9
6.689205283756707e-9
6.892647165663996e-9
7.049254762624581e-9
7.14712507347859e-9
8.622541599370375e-9
1.119068874423777e-8
1.2523114528701648e-8
1.3298022731413544e-8
1.389677143917942e-8
1.4358427856372171e-8
1.464604658896725e-8
1.612999071241606e-8
1.908570553319689e-8
2.0789895311519897e-8
2.210770399011268e-8
2.3124372529409643e-8
2.375718735912796e-8
2.3976026257396035e-8
2.693418698455177e-8
2.9190709448210733e-8
3.093573400749667e-8
3.202080096568956e-8
3.1147081722296675e-8
3.4367434131596487e-8
3.6804892557477794e-8
3.8329139766821045e-8
3.893630698562392e-8
4.212502698458817e-8
4.408344243926576e-8
4.6886389268419224e-8
4.936369304035392e-8
5.2895766417083064e-8
6.037839241706292e-10
1.0815809297413656e-9
1.324992352280206e-9
1.453424143097163e-9
1.51708868477344e-9
1.554188622174603e-9
1.5829796231860416e-9
1.6051105568052186e-9
1.619071031637987e-9
2.7742598388360647e-9
4.0707296704856634e-9
4.81799747008059e-9
5.19153688635068e-9
5.408723124016543e-9
5.57648701738341e-9
5.705737884163239e-9
5.786422823999541e-9
7.027513763981806e-9
9.175367718966146e-9
1.029060239355574e-8
1.093916819193756e-8
1.1440250810780981e-8
1.1826739865515468e-8
1.2067418879088655e-8
1.3365192409706663e-8
1.589508558915312e-8
1.7352093405962565e-8
1.847879941998216e-8
1.934818878385977e-8
1.988921092953923e-8
2.0180297429867882e-8
2.278234572610842e-8
2.4763638668675125e-8
2.629642459219761e-8
2.724933459461643e-8
2.6567973142310212e-8
2.9457088670584078e-8
3.163782559404881e-8
3.300256926435845e-8
3.36624846115636e-8
3.6559741688039746e-8
3.8335375112821846e-8
4.1041394488319004e-8
4.3323124256800375e-8
4.66901343270894e-8
4.753395211257426e-10
8.472971784446444e-10
1.0384466388288132e-9
1.1397227803808975e-9
1.1899573379349281e-9
1.219266226020599e-9
1.2420062189856491e-9
1.2594933733913122e-9
1.2705394778636762e-9
2.179458048888005e-9
3.2264363983015976e-9
3.834101946202034e-9
4.13801556868147e-9
4.314776949055611e-9
4.451293377942336e-9
4.556463768234871e-9
4.622128561879975e-9
5.66039865579596e-9
7.44060373731681e-9
8.365152074363297e-9
8.902882670725768e-9
9.318318303917934e-9
9.638733002044167e-9
9.838275105844671e-9
1.0940188255602142e-8
1.3062538499495424e-8
1.4283731948519896e-8
1.5228132219201355e-8
1.5956828701633402e-8
1.6410311025344704e-8
1.6715166153661615e-8
1.8940294745254548e-8
2.0631542129615392e-8
2.1940283993917176e-8
2.2753886942261017e-8
2.2236939660588862e-8
2.4748454358455665e-8
2.6638217700268054e-8
2.782204626826921e-8
2.8496539240391778e-8
3.10415878694792e-8
3.2597551293378594e-8
3.5128735033238454e-8
3.715937573037469e-8
4.02721360270183e-8
3.757503996641828e-10
6.650549908025848e-10
8.143021994872698e-10
8.937004563184691e-10
9.331240483859452e-10
9.561256285407422e-10
9.739945308463352e-10
9.877434752169753e-10
9.9643065721012e-10
1.6993290424115247e-9
2.5253134237585174e-9
3.0092062252131548e-9
3.251482615801877e-9
3.392373186959264e-9
3.5012395500429196e-9
3.5850947472482728e-9
3.637443294102713e-9
4.4937317443292485e-9
5.955247608310035e-9
6.715339726718256e-9
7.157383182774205e-9
7.498978400937055e-9
7.762422646123188e-9
7.926467870596556e-9
8.85667344141827e-9
1.0619127898896619e-8
1.163261564745451e-8
1.2416518039237855e-8
1.3021353651666996e-8
1.3397735667134078e-8
1.3675475972254292e-8
1.5540673757971597e-8
1.6956365578950835e-8
1.80520977411171e-8
1.8733247083331306e-8
1.8337904797686304e-8
2.046537197585502e-8
2.2061273141795548e-8
2.306199907776372e-8
2.37072804614825e-8
2.587686871273807e-8
2.7199624479103085e-8
2.9488622201894186e-8
3.123786335273589e-8
3.402640058288307e-8
2.986722378753489e-10
5.236846898073122e-10
6.395851707137978e-10
7.014159494513821e-10
7.321413126145962e-10
7.500775543312801e-10
7.640071874215785e-10
7.747413139841432e-10
7.815243632309257e-10
1.3239545584651614e-9
1.9635335306127497e-9
2.3403571881004948e-9
2.5292153803656045e-9
2.6390526266800993e-9
2.7238918054271353e-9
2.789273027750625e-9
2.8300820431718143e-9
3.514420826796285e-9
4.690408003271087e-9
5.303996279611285e-9
5.660854058670454e-9
5.936581914803407e-9
6.1492861229387296e-9
6.281718975327177e-9
7.074069363278266e-9
8.528710573521266e-9
9.3650467028569e-9
1.0011891466851381e-8
1.0511057937920294e-8
1.0821660546450329e-8
1.106495452848282e-8
1.2613144922567636e-8
1.3787213508701521e-8
1.4696131302438831e-8
1.5261128024963432e-8
1.4948084503572833e-8
1.6721477516535022e-8
1.8048810849654194e-8
1.888177235805321e-8
1.9460138678828898e-8
2.1271406472222178e-8
2.2372734198163258e-8
2.4374067027986407e-8
2.584295117271175e-8
2.826789508498982e-8
2.3905967305099166e-10
4.1512651550855677e-10
5.053226794376889e-10
5.534440494176324e-10
5.773653305427124e-10
5.913326654183503e-10
6.021869198816092e-10
6.105547017860189e-10
6.158436756038179e-10
1.0351257517065795e-9
1.5283443599335889e-9
1.8187356775472352e-9
1.964277433121319e-9
2.048919986775144e-9
2.114319327580649e-9
2.164712201408948e-9
2.196166076667178e-9
2.7244308505192686e-9
3.642887952875105e-9
4.123532704305515e-9
4.403077951149653e-9
4.619097711061744e-9
4.7857351903855215e-9
4.889484579183485e-9
5.55645222536551e-9
6.7386963148660916e-9
7.418231673120459e-9
7.94384491897061e-9
8.34945839836248e-9
8.601843320696821e-9
8.830808059909007e-9
1.0108119488399499e-8
1.107654888343173e-8
1.1826302438075593e-8
1.2292352995006403e-8
1.2042882445826315e-8
1.3511337086145652e-8
1.4609283328252577e-8
1.529855171730189e-8
1.5792465098716392e-8
1.7291533611391505e-8
1.820123467407686e-8
1.9900725147351568e-8
2.1117918983554645e-8
2.3175632909377203e-8
1.9229315208418414e-10
3.311130974295747e-10
4.016639209141649e-10
4.3923672712905843e-10
4.5791714916633985e-10
4.688287906418899e-10
4.77310735470415e-10
4.838506266843171e-10
4.879879252734847e-10
8.124964878253273e-10
1.1939001703726834e-9
1.418150621494107e-9
1.530506770261114e-9
1.5958569523223947e-9
1.6463438935850466e-9
1.6852469467421097e-9
1.7095315191408947e-9
2.1138726518793575e-9
2.81743615277247e-9
3.1853921553449104e-9
3.399402023040673e-9
3.564761600608569e-9
3.6923233498337393e-9
3.771744510981648e-9
4.302778790097523e-9
5.233525983456429e-9
5.767937833451179e-9
6.181311785028284e-9
6.500311275431909e-9
6.698802091219521e-9
6.9273849574713915e-9
7.96462728358975e-9
8.750594528900587e-9
9.359147050973652e-9
9.737403770254528e-9
9.55536751776548e-9
1.0762392343918255e-8
1.1664583957580956e-8
1.223098716344629e-8
1.2648626738246518e-8
1.3886360685349412e-8
1.463682168510876e-8
1.6053370949898154e-8
1.7059670038489292e-8
1.877716592131874e-8
1.5519464570801369e-10
2.6570825285309055e-10
3.2133570049953714e-10
3.509159136031281e-10
3.6562258127843663e-10
3.7421663388373034e-10
3.8090171677324325e-10
3.860559391292573e-10
3.8932007723893197e-10
6.414678346449486e-10
9.360504575041817e-10
1.1092861517950012e-9
1.1960826932212157e-9
1.2465624483216932e-9
1.2855726986632544e-9
1.3156262422649036e-9
1.3343952685996902e-9
1.6462557130571406e-9
2.1877386831627028e-9
2.4702731999155086e-9
2.6345739732948895e-9
2.7615461560590875e-9
2.8594848221010707e-9
2.9204749075290995e-9
3.321314604102823e-9
4.03205595132831e-9
4.439428287613366e-9
4.754603128507423e-9
4.9978026988374385e-9
5.14914682461155e-9
5.3545697471507424e-9
6.169319403117529e-9
6.78554057037152e-9
7.262793495891052e-9
7.559429883628698e-9
7.447930454512662e-9
8.417553226920531e-9
9.14121484736741e-9
9.595705989237425e-9
9.95985522075224e-9
1.096824940038707e-8
1.1579459899813706e-8
1.2753609177832751e-8
1.3580899219051498e-8
1.500032785124811e-8
1.2525813194773356e-10
2.1404315661674646e-10
2.582525012741833e-10
2.8170520235967706e-10
2.9335932166588367e-10
3.001711919323121e-10
3.0547351294208643e-10
3.095625078297466e-10
3.121549785527024e-10
5.102491135487303e-10
7.387256686417057e-10
8.726560359915544e-10
9.397436577127381e-10
9.787641010967694e-10
1.0089181306215762e-9
1.032147786902891e-9
1.0466593485201205e-9
1.2846293831904332e-9
1.7021799699397044e-9
1.920367343232606e-9
2.0472564905181357e-9
2.1453136743126152e-9
2.2209468991403634e-9
2.2680507269597688e-9
2.5753745703206353e-9
3.11885587098655e-9
3.430180269154527e-9
3.6710397793404815e-9
3.856901262615734e-9
3.972567067913787e-9
4.123306542115538e-9
4.7435361579740405e-9
5.211312778856263e-9
5.573759124955184e-9
5.799039118385672e-9
5.733790362451496e-9
6.483179105294149e-9
7.0400497517878606e-9
7.390282720099702e-9
7.711186084149468e-9
8.501699094163186e-9
8.98007028227385e-9
9.951599253940148e-9
1.061203470642286e-8
1.1772238243724426e-8
1.0075316463410118e-10
1.726061873740718e-10
2.0805027793186047e-10
2.2678695693204858e-10
2.360891271864985e-10
2.4152320682300926e-10
2.457540830231251e-10
2.490171799329182e-10
2.5108927042418697e-10
4.084682649151593e-10
5.874450152331236e-10
6.918565118580241e-10
7.441205788521408e-10
7.745167550848001e-10
7.980086572605e-10
8.161037634046226e-10
8.274127203279192e-10
1.008917537512273e-9
1.3283190562068853e-9
1.495137628739931e-9
1.5921519267842974e-9
1.6671218885937413e-9
1.7249466507273315e-9
1.7609656188323573e-9
1.9982201053518716e-9
2.4177640056559944e-9
2.6582776265246524e-9
2.8443419251075867e-9
2.9879193135994167e-9
3.0772776330187323e-9
3.1882553026136844e-9
3.6616231155476923e-9
4.018441044687378e-9
4.29492402498405e-9
4.4667966641395434e-9
4.412235769944646e-9
4.978448108899112e-9
5.397190354574946e-9
5.6610430155840354e-9
5.922568713252039e-9
6.5159658951678575e-9
6.873406771282113e-9
7.660172765766114e-9
8.161396206142213e-9
9.089491387928473e-9
8.047552296246441e-11
1.3884455919333037e-10
1.674443186691809e-10
1.8251992823428205e-10
1.9000137946166086e-10
1.943698772805556e-10
1.977693664300616e-10
2.0038920635060656e-10
2.0205504670513432e-10
3.2843555319282e-10
4.700357785473338e-10
5.522525609675691e-10
5.933845700623191e-10
6.173054141742637e-10
6.357930433222125e-10
6.500313996810987e-10
6.589334256810756e-10
7.98756095576122e-10
1.0455718379094127e-9
1.174148464813083e-9
1.2489189287661468e-9
1.3067034414542984e-9
1.3512663684545406e-9
1.3790302674781913e-9
1.555388981018436e-9
1.873762315872398e-9
2.0562217699074587e-9
2.197387494561467e-9
2.306307449581878e-9
2.374103969793863e-9
2.4652140070003386e-9
2.82967461680645e-9
3.104791423653864e-9
3.317914692367732e-9
3.450400669311799e-9
3.4056399856258503e-9
3.840129734408456e-9
4.161823804897005e-9
4.3644612376796395e-9
4.556230689408797e-9
5.004559913695006e-9
5.27332148782805e-9
5.878419306719134e-9
6.251187471332991e-9
6.970570870987203e-9
6.361516530702747e-11
1.1100538498610188e-10
1.341539532791217e-10
1.4632353005885543e-10
1.523579100077117e-10
1.5588142110738396e-10
1.5862331255548176e-10
1.6073421170059055e-10
1.6207645867747603e-10
2.64446762008012e-10
3.7764920210069924e-10
4.430449945063829e-10
4.757395598018097e-10
4.947533101666282e-10
5.094481723640824e-10
5.207640143560816e-10
5.27840370296704e-10
6.365214138445085e-10
8.287727234373046e-10
9.288742616097324e-10
9.870850343348255e-10
1.0320684834893322e-9
1.0667596761039342e-9
1.088375311248546e-9
1.221751696375346e-9
1.4654270088857477e-9
1.6050259612056885e-9
1.7130264528974624e-9
1.7963577559185194e-9
1.8482294705528981e-9
1.91118138827133e-9
2.1861341674342693e-9
2.393440196321691e-9
2.5540605525113215e-9
2.6539137836846664e-9
2.6249669045499034e-9
2.9568630433740833e-9
3.2030296981758506e-9
3.3579715584286927e-9
3.504874562579181e-9
3.852814537022373e-9
4.061975379051929e-9
4.5138890811285734e-9
4.802768867346543e-9
5.347382925485716e-9
4.962303583732908e-11
8.790328195114733e-11
1.0662215141760443e-10
1.1644647213543705e-10
1.2131545969258403e-10
1.2415651734632076e-10
1.2636711136723034e-10
1.2806925656267308e-10
1.2915145645883308e-10
2.1245570955314093e-10
3.0370955395955905e-10
3.562110386152906e-10
3.8244574761054265e-10
3.977018177113519e-10
4.0949222281394526e-10
4.185711061184704e-10
4.2424926980255784e-10
5.098690495596848e-10
6.612892201117944e-10
7.399741693040026e-10
7.857311410117779e-10
8.210897445587439e-10
8.48356984952417e-10
8.653484775222344e-10
9.65754970608295e-10
1.1536779683728583e-9
1.2614656043974022e-9
1.3448455724793255e-9
1.4091814561406707e-9
1.4492302567597864e-9
1.4948763297346983e-9
1.7044899474209368e-9
1.8625499304317213e-9
1.985014200065599e-9
2.061150152191536e-9
2.034317356365153e-9
2.2828062864014824e-9
2.466448265120312e-9
2.5822078039211062e-9
2.696758173405921e-9
2.9557465648676843e-9
3.1116160090990914e-9
3.4601566707765133e-9
3.6794491341416786e-9
4.092179875623464e-9
3.810832263984309e-11
6.873793881343318e-11
8.379532247034233e-11
9.169248055200662e-11
9.560477408945717e-11
9.78871352135415e-11
9.966166082052062e-11
1.0102709629222439e-10
1.0189554250440245e-10
1.6967463496354963e-10
2.4358660596420764e-10
2.8599352511714857e-10
3.0717594996698807e-10
3.194937271153156e-10
3.2901237589016774e-10
3.3634174872375284e-10
3.409257720599252e-10
4.0925077813249146e-10
5.29751236152593e-10
5.922895484155955e-10
6.286568778466819e-10
6.567588437955708e-10
6.7842883613719e-10
6.919330353305449e-10
7.686090072417711e-10
9.149726915387959e-10
9.989358212039015e-10
1.0638852762285376e-9
1.1139967823935205e-9
1.1451925621760143e-9
1.176344744563149e-9
1.3368914865279298e-9
1.4581228424404456e-9
1.5520266897972047e-9
1.6104109502359538e-9
1.5884623746843796e-9
1.7786604254407895e-9
1.9196628360122675e-9
2.0084430345230937e-9
2.089952931499265e-9
2.2855271493148368e-9
2.402621011035021e-9
2.6640347402189253e-9
2.8248331959492426e-9
3.137446730913197e-9
2.8763807925979016e-11
5.294796905425674e-11
6.494735551276816e-11
7.124349055634824e-11
7.436212457245003e-11
7.618074775549253e-11
7.759446174233578e-11
7.868216098119707e-11
7.937325269486188e-11
1.3423032872834005e-10
1.9411226748880497e-10
2.28434388190379e-10
2.4557575755354704e-10
2.555433346763722e-10
2.6324521493727684e-10
2.691760190188363e-10
2.7288457177580187e-10
3.2799599756448603e-10
4.2473316328402884e-10
4.748924612449035e-10
5.040611207012812e-10
5.265997235245946e-10
5.439796365098183e-10
5.548098446613179e-10
6.140767588507241e-10
7.292726724507712e-10
7.954153755543123e-10
8.465763452004678e-10
8.860487122770827e-10
9.106210071992481e-10
9.320957051489505e-10
1.0564219504741583e-9
1.150371800419684e-9
1.223132715787278e-9
1.268372461849839e-9
1.24839571676919e-9
1.3932599725486689e-9
1.5006721023009501e-9
1.5683105021930538e-9
1.6288813022981462e-9
1.778075489898645e-9
1.8679758747455563e-9
2.0615336155971687e-9
2.186154535688993e-9
2.4188671384630174e-9
2.1317865214418853e-11
4.010282611320048e-11
4.9542772700518505e-11
5.450392456337428e-11
5.696145496985121e-11
5.839434039923354e-11
5.950764555364022e-11
6.03639383274351e-11
6.090776734375488e-11
1.0486338152087301e-10
1.5316013395459278e-10
1.8086535133984633e-10
1.9470317493056513e-10
2.0274972062597854e-10
2.0896653054190562e-10
2.1375418844947273e-10
2.1674709469270727e-10
2.6149573455273207e-10
3.395424395828107e-10
3.799921044069333e-10
4.03514870391377e-10
4.2169010980430715e-10
4.3570575034660856e-10
4.4443861367281135e-10
4.909855836861661e-10
5.826109136243049e-10
6.352654088765827e-10
6.75990043820275e-10
7.074105867135304e-10
7.269696447739021e-10
7.41591454534576e-10
8.387548571761845e-10
9.122673785877847e-10
9.69190748339507e-10
1.0045838756756197e-9
9.869576772606579e-10
1.0991497835484486e-9
1.18261163969821e-9
1.2351049617428062e-9
1.2785581553889723e-9
1.3932156146791138e-9
1.4621312549937936e-9
1.6068529593720866e-9
1.7000860850652347e-9
1.874606721879962e-9
1.5510143487969578e-11
2.983305731061821e-11
3.7143866170006324e-11
4.099656947534305e-11
4.2905642965415174e-11
4.401864244969679e-11
4.488305955922119e-11
4.5548057126109704e-11
4.596996361610808e-11
8.06946861889309e-11
1.1929581993280756e-10
1.414978932025011e-10
1.525905573673096e-10
1.5904084518007002e-10
1.6402383928028557e-10
1.678618821240307e-10
1.7026022610214445e-10
2.0664372087335293e-10
2.69639996422624e-10
3.0229319815158994e-10
3.212825038255083e-10
3.3595434606659396e-10
3.4726904934188563e-10
3.543178680806874e-10
3.914354596172986e-10
4.64840051345507e-10
5.070528905718515e-10
5.396996013613349e-10
5.648883731487029e-10
5.805669361893193e-10
5.907052907965592e-10
6.674700940140432e-10
7.256343993331671e-10
7.706631222341628e-10
7.986601580798896e-10
7.831236682967341e-10
8.707758256257435e-10
9.361030506284278e-10
9.77166612205788e-10
1.0085734587513846e-9
1.097258742118988e-9
1.1507589241091984e-9
1.258907576299607e-9
1.3311309130843343e-9
1.462106839589419e-9
1.1083285240714224e-11
2.178992158318961e-11
2.7352761452000385e-11
3.029546780801091e-11
3.175448788014151e-11
3.260511755739015e-11
3.32655835076611e-11
3.377374132904802e-11
3.4095810722414584e-11
6.10532347947279e-11
9.15049754103793e-11
1.0909507146444063e-10
1.1788812047106167e-10
1.2300126483583392e-10
1.2695092165774887e-10
1.2999353267325236e-10
1.3189402059649655e-10
1.6135169464001851e-10
2.1198116360569383e-10
2.3824193601634925e-10
2.535141333448106e-10
2.6531369984561897e-10
2.74414000637361e-10
2.8008222732675537e-10
3.100324897836209e-10
3.690294857013025e-10
4.029757851069186e-10
4.292281464794153e-10
4.494840132429658e-10
4.620908871898571e-10
4.694143542617027e-10
5.305355166906167e-10
5.769038573164973e-10
6.127943173341103e-10
6.351087522328904e-10
6.216373225917831e-10
6.907612063546466e-10
7.424069611469433e-10
7.748434859342734e-10
7.976409522652733e-10
8.673049750665127e-10
9.094606475812146e-10
9.907295082758885e-10
1.0471090850658898e-9
1.1463189400172848e-9
7.787003283068269e-12
1.5631094337078132e-11
1.9785320958192305e-11
2.199339320477966e-11
2.3089115768208035e-11
2.3728020107740248e-11
2.422399853827411e-11
2.4605693286780182e-11
2.484738885414529e-11
4.536420273934193e-11
6.899898712053462e-11
8.272932530436242e-11
8.959779939011274e-11
9.359188241570247e-11
9.667689404501884e-11
9.905381108966817e-11
1.0053787425233869e-10
1.2416364026984738e-10
1.6449633165984816e-10
1.8544084855642758e-10
1.976216341774768e-10
2.070326077807894e-10
2.1429130401659456e-10
2.1881159537610304e-10
2.431379072053306e-10
2.904892246281496e-10
3.177447182212249e-10
3.3882227387530204e-10
3.550860054735873e-10
3.65207207664577e-10
3.708263416465148e-10
4.1968470279676206e-10
4.567874156139198e-10
4.855023048905327e-10
5.033544977337986e-10
4.9195366465549e-10
5.468551789460723e-10
5.879727176944104e-10
6.137752562068574e-10
6.30527605932444e-10
6.857082746347854e-10
7.191730206136056e-10
7.808418015597978e-10
8.251224825286201e-10
9.007469166633603e-10
5.387565798956856e-12
1.102321502280109e-11
1.4067135294532792e-11
1.5694152255317444e-11
1.6502432093403603e-11
1.6973846332852662e-11
1.7339774188606105e-11
1.762148812580476e-11
1.779972955297553e-11
3.308784652715177e-11
5.1092724123484337e-11
6.162394127753897e-11
6.68965649278457e-11
6.996272284092986e-11
7.233089541189113e-11
7.415579118247001e-11
7.529475439451999e-11
9.397995959839417e-11
1.2570255047817753e-10
1.42202085363491e-10
1.5179801782739611e-10
1.5921192679771005e-10
1.649307402648892e-10
1.68491433828904e-10
1.8825912056052833e-10
2.2603619674477417e-10
2.4778402335926155e-10
2.64602330907911e-10
2.7758011945530167e-10
2.856556266940611e-10
2.902603690192091e-10
3.2930019241496296e-10
3.5896771612451064e-10
3.819265284648121e-10
3.9619927429305165e-10
3.868207754740954e-10
4.3056448179199463e-10
4.6338798066520323e-10
4.839715516489468e-10
4.965045294904174e-10
5.404319981904508e-10
5.67127774163023e-10
6.143780831371404e-10
6.494262486484533e-10
7.075831096192023e-10
3.677229129450208e-12
7.652894279290198e-12
9.842329566119649e-12
1.1019947558986096e-11
1.1605754446846388e-11
1.1947540622174442e-11
1.2212860453951014e-11
1.241721821792368e-11
1.2546429507423755e-11
2.3697095884655034e-11
3.7140565032074985e-11
4.506364192819274e-11
4.9034214991965014e-11
5.1343270683492194e-11
5.3126649909678016e-11
5.450110201876838e-11
5.535864433388432e-11
6.987895293753285e-11
9.443474883412354e-11
1.0723105915833843e-10
1.1467340543945494e-10
1.2042351606128653e-10
1.2485927286065994e-10
1.2762065184591544e-10
1.4359405568784957e-10
1.7342811602930684e-10
1.9060208272254006e-10
2.038835670827194e-10
2.1413260007981108e-10
2.2050956547111206e-10
2.2448712417329272e-10
2.555305345068661e-10
2.7912997022268107e-10
2.9739246466285795e-10
3.087449286228357e-10
3.0126871873731833e-10
3.360804137149334e-10
3.622370179489133e-10
3.7863136236788394e-10
3.8821172288068384e-10
4.2320716059295304e-10
4.4451604897723425e-10
4.810468718183721e-10
5.088995814788173e-10
5.539558079056688e-10
2.4807066398483802e-12
5.23935424491636e-12
6.786857982870729e-12
7.624744474518712e-12
8.042189290006544e-12
8.285867069275409e-12
8.475065378223439e-12
8.620878096206612e-12
8.713028354177574e-12
1.667959101644878e-11
2.6513050039196267e-11
3.2354855042221484e-11
3.5285336586001304e-11
3.698959785791454e-11
3.83058711640621e-11
3.9320450634578115e-11
3.995328621006029e-11
5.101216896363898e-11
6.967551689635271e-11
7.942179775736683e-11
8.509035052086275e-11
8.947009311901936e-11
9.284895627360787e-11
9.495210116275267e-11
1.0771659611662549e-10
1.3095720775733214e-10
1.443319105339006e-10
1.5467565097272494e-10
1.6265799695379052e-10
1.6762426403453233e-10
1.71161965730598e-10
1.9562744281394734e-10
2.1422668945871594e-10
2.2862021347374135e-10
2.375670369449679e-10
2.3180893332748424e-10
2.593600416229662e-10
2.8007713096691754e-10
2.930578988665692e-10
3.005409683782499e-10
3.2832481880792166e-10
3.4526675633789806e-10
3.7370126228839965e-10
3.9581800581776734e-10
4.3090665983723084e-10
1.6571147400353604e-12
3.5436311495123582e-12
4.6199467726390214e-12
5.2066449742997635e-12
5.49943592586386e-12
5.670458815873393e-12
5.803293418425303e-12
5.905740377544973e-12
5.970468178901467e-12
1.1554282551494804e-11
1.8603744838904207e-11
2.282498081699716e-11
2.4944633417371403e-11
2.617739841792693e-11
2.7129534476937016e-11
2.7863519406912623e-11
2.83212341507255e-11
3.656400828587054e-11
5.047078882377729e-11
5.774917499087078e-11
6.198243103042091e-11
6.525329889984202e-11
6.777685763776053e-11
6.934744666258059e-11
7.938890407025543e-11
9.719773914120426e-11
1.0744157721587126e-10
1.1536440049156338e-10
1.2147872075665024e-10
1.2528256129946813e-10
1.2844552956495384e-10
1.4748864181132099e-10
1.619610798580438e-10
1.7316187672418946e-10
1.8012369667733354e-10
1.7585301738522168e-10
1.9745475916149214e-10
2.137009884296738e-10
2.2387911989318882e-10
2.2983083278606313e-10
2.51724486172991e-10
2.650871763755432e-10
2.873021230131349e-10
3.047728914457281e-10
3.3214544018917366e-10
1.097968615748365e-12
2.3720479286003846e-12
3.1099178303614795e-12
3.5147602361273257e-12
3.717156040490399e-12
3.835472196096841e-12
3.9274177485506796e-12
3.998390429428527e-12
4.043232200519047e-12
7.890896196754568e-12
1.2849888058125296e-11
1.584171611439173e-11
1.7345463988224656e-11
1.82200680956899e-11
1.8895599038653203e-11
1.9416406694295597e-11
1.9741127905794354e-11
2.575173283694796e-11
3.590493184559113e-11
4.1230378672940206e-11
4.4327791989068035e-11
4.6721108084156264e-11
4.856772640291374e-11
4.971690179551613e-11
5.746602986254258e-11
7.086337443831507e-11
7.856450778702856e-11
8.45211367790408e-11
8.911822251921581e-11
9.197803279556765e-11
9.477030943157568e-11
1.0936905513842742e-10
1.204567555726839e-10
1.2903907452057567e-10
1.3437305701734913e-10
1.3133368017844895e-10
1.480583371574532e-10
1.6063133697543024e-10
1.685087449369912e-10
1.7330025061499435e-10
1.9036163317798462e-10
2.0077941738058753e-10
2.181389419902144e-10
2.3181650024409958e-10
2.5313309777232086e-10
7.226684851055343e-13
1.5741259650590874e-12
2.0736145672503515e-12
2.3493271500267473e-12
2.4874178013692923e-12
2.5682193666090086e-12
2.6310560496943362e-12
2.6796093379785884e-12
2.7102946534623325e-12
5.322994501070246e-12
8.752240065457212e-12
1.0835235764548785e-11
1.1883096405412153e-11
1.2492581784649204e-11
1.296336047496356e-11
1.332634651101091e-11
1.3552638963099802e-11
1.7843596809129365e-11
2.510855453284137e-11
2.8926779731535614e-11
3.114755831677257e-11
3.28635613407819e-11
3.4187658066368163e-11
3.5011602520460986e-11
4.0863965684533454e-11
5.074678091704756e-11
5.6422886021075156e-11
6.081353579777664e-11
6.420215559329175e-11
6.631012173982365e-11
6.871623493265876e-11
7.971623057663442e-11
8.806282395682246e-11
9.452452757721932e-11
9.854029441683608e-11
9.647410143792032e-11
1.0922766245002228e-10
1.1880591936866287e-10
1.248085570551098e-10
1.2868437247089209e-10
1.417948160786871e-10
1.4979955322288103e-10
1.633190967789232e-10
1.7389714475252838e-10
1.9041438116047943e-10
4.73107463476728e-13
1.0371966307851162e-12
1.371664544846817e-12
1.5572828670946022e-12
1.6504183992070586e-12
1.7049749443252346e-12
1.7474392699792524e-12
1.7802908917637608e-12
1.801064872676766e-12
3.5534237391085207e-12
5.889501807365419e-12
7.316868878642265e-12
8.03545756250374e-12
8.453447330587238e-12
8.776328297954246e-12
9.025303201792515e-12
9.180506541769796e-12
1.2184306355945645e-11
1.7284526660420555e-11
1.9969734563354938e-11
2.153151075687696e-11
2.27383308946068e-11
2.3669582137484774e-11
2.4249039655502234e-11
2.856934607105507e-11
3.571527885593056e-11
3.981540815266274e-11
4.2987248507238925e-11
4.543527198377202e-11
4.695808733962223e-11
4.896847957010801e-11
5.7104156735703804e-11
6.326982568354922e-11
6.804412360017807e-11
7.10110517766892e-11
6.967718779814538e-11
7.923808298245973e-11
8.640765891845564e-11
9.09027654164606e-11
9.402988833409076e-11
1.0394156586154974e-10
1.0998985771478882e-10
1.2044885856750875e-10
1.285097980886263e-10
1.412064189606441e-10