3.091557978019419e-9
4.6049700230586655e-9
5.2525264538204085e-9
5.584644365976766e-9
5.84515225917383e-9
6.1221332956233895e-9
6.322579027208022e-9
6.445502770057748e-9
6.557058923666443e-9
6.6424774679431076e-9
6.73506311947463e-9
6.8107975628648544e-9
6.865965319280968e-9
6.9474693726196674e-9
7.056295510806481e-9
7.76742565727877e-9
9.41987016919736e-9
1.03052749130333e-8
1.1015418896431851e-8
1.17741634219068e-8
1.2325891066757746e-8
1.266383453560462e-8
1.297155201283357e-8
1.3206649823739342e-8
1.34621318899474e-8
1.3670201960980141e-8
1.3822654179049507e-8
1.4046811695657415e-8
1.4346312752229714e-8
1.1893395458299774e-8
1.3292936351257484e-8
1.4443697986441697e-8
1.5679248341038848e-8
1.6580785883370203e-8
1.7133772987576085e-8
1.763809615607852e-8
1.8023704923638165e-8
1.8442782280685263e-8
1.8783575618746886e-8
1.9033755736276e-8
1.940101852136727e-8
1.9892225349451594e-8
1.5064737817102087e-8
1.6565826684350024e-8
1.8190909807050416e-8
1.9381010110476545e-8
2.0113549297516173e-8
2.0781520122733294e-8
2.129338138657804e-8
2.1849504100785593e-8
2.2301372853932876e-8
2.263325020731111e-8
2.3120236259524993e-8
2.3772038702034927e-8
1.844602492904273e-8
2.0524673472011133e-8
2.206133327084156e-8
2.3012712580631066e-8
2.388029098018912e-8
2.454660146332501e-8
2.527026271317528e-8
2.585802396847979e-8
2.6289698096576776e-8
2.6923119816086453e-8
2.777141438609377e-8
2.3207436094281253e-8
2.5240973965279675e-8
2.6511847190826567e-8
2.767106626399951e-8
2.856288300821507e-8
2.953122696552708e-8
3.031745499613058e-8
3.089502368391442e-8
3.174222178296492e-8
3.2877676468973305e-8
2.775325973758433e-8
2.935518224179745e-8
3.081029251361809e-8
3.19290350557031e-8
3.3144149351634796e-8
3.413043145999644e-8
3.4855579334418374e-8
3.5918424436658005e-8
3.734390560351694e-8
3.1237427476978716e-8
3.295963603248999e-8
3.4274794760880784e-8
3.570179017135569e-8
3.6860100663005695e-8
3.771236519619511e-8
3.8961043369420606e-8
4.0636050365457e-8
3.500402930635898e-8
3.656715093534402e-8
3.825011675840375e-8
3.96141264632676e-8
4.061879640185598e-8
4.2090440499900525e-8
4.4064532804885945e-8
3.836472343025523e-8
4.030326481584408e-8
4.1860794686897604e-8
4.300798365132517e-8
4.468928073307889e-8
4.6944613056422294e-8
4.2586062283584965e-8
4.441236929550553e-8
4.574478546706881e-8
4.769916822190217e-8
5.0323050125188005e-8
4.6519220850339954e-8
4.8049041291024327e-8
5.026510910498846e-8
5.324415959873143e-8
4.977407392613346e-8
5.223335303292211e-8
5.550913926853303e-8
5.5210718889245284e-8
5.8992551318231916e-8
6.393203423568747e-8
2.5494342682139224e-9
3.844507437477308e-9
4.409007848455413e-9
4.700221575950412e-9
4.9293348900020084e-9
5.17330433625887e-9
5.34984213959631e-9
5.458259139627167e-9
5.556552092250366e-9
5.631889443000073e-9
5.713598285168744e-9
5.780416678141787e-9
5.829139518633036e-9
5.900959287059731e-9
5.996951487408571e-9
6.6104793838884985e-9
8.097155092186843e-9
8.901183187993843e-9
9.54936041428006e-9
1.0242962775584988e-8
1.0747717620616612e-8
1.1057066613397834e-8
1.1338726597110386e-8
1.1553995857696497e-8
1.1788012405842577e-8
1.1978553527096621e-8
1.2118237506779426e-8
1.2323392130177175e-8
1.2597650802347594e-8
1.0363826632144643e-8
1.1663342430992651e-8
1.2738969613991738e-8
1.3895913744039107e-8
1.4740871094719466e-8
1.5259502064992864e-8
1.5732507776491293e-8
1.609432846005083e-8
1.6487620977203756e-8
1.6807365112881474e-8
1.7042190015183534e-8
1.738664487564193e-8
1.784755276335254e-8
1.3328960240742062e-8
1.475271254057864e-8
1.6297794839311013e-8
1.7430644801611108e-8
1.8128598502426623e-8
1.8765016099319432e-8
1.925298360060712e-8
1.9783188077446518e-8
2.0213891239807815e-8
2.0530324867131262e-8
2.0994375850684023e-8
2.161573260584319e-8
1.6559377451547676e-8
1.8565516033013457e-8
2.005142751117229e-8
2.0972623023460276e-8
2.181268032669041e-8
2.2458288563056556e-8
2.315948693477649e-8
2.3728876853818072e-8
2.4147150072964046e-8
2.4760637501951588e-8
2.558254037346941e-8
2.1192526928938708e-8
2.3192144019957668e-8
2.4444220298896193e-8
2.5586249695508608e-8
2.646541614178909e-8
2.7420010966699472e-8
2.819493367044645e-8
2.876430200030822e-8
2.9599178373659684e-8
3.071850337783098e-8
2.569291538744025e-8
2.7293083093351446e-8
2.8745804687204704e-8
2.9863202896053145e-8
3.107686356579288e-8
3.2061820440436554e-8
3.278613727174868e-8
3.3847402043544516e-8
3.5271245023583635e-8
2.9191563170956197e-8
3.09289969373672e-8
3.225528397954356e-8
3.3694242961517e-8
3.486211305855152e-8
3.5721622394814086e-8
3.6980494447776096e-8
3.8669693996060195e-8
3.301323243969928e-8
3.460649545652226e-8
3.6320424614380604e-8
3.770923111322384e-8
3.87324413648258e-8
4.02308249724281e-8
4.2241289211190404e-8
3.645392589429338e-8
3.844503390960337e-8
4.0043144640407223e-8
4.122053182025022e-8
4.294572677116904e-8
4.5260464053957996e-8
4.0812044779249357e-8
4.2703387057848905e-8
4.4082323860700576e-8
4.610478456166438e-8
4.882077314472688e-8
4.4903054018676526e-8
4.6498773878041575e-8
4.880755857144569e-8
5.1912348061801e-8
4.8310522791285747e-8
5.08873034904325e-8
5.431799592204463e-8
5.404086686203195e-8
5.802966903876875e-8
6.331463145527114e-8
2.086885784319315e-9
3.177803644714524e-9
3.6601263790718643e-9
3.910440885604406e-9
4.107942754326389e-9
4.318709443515392e-9
4.471140260192042e-9
4.564816543273242e-9
4.649910566799927e-9
4.7150079751454605e-9
4.785782680075924e-9
4.843494683143106e-9
4.885663337302833e-9
4.947766023548208e-9
5.030877413884835e-9
5.544334092005464e-9
6.8453764724184106e-9
7.555742901634986e-9
8.131424652829863e-9
8.748694954870576e-9
9.1981008956967e-9
9.47366708823737e-9
9.724859351210774e-9
9.916676662698024e-9
1.0125405762569599e-8
1.0295154103346614e-8
1.0419692166583362e-8
1.0602536601474102e-8
1.0847113698060433e-8
8.860944270042884e-9
1.003227168366095e-8
1.1008519580683285e-8
1.2060879433165455e-8
1.2829980602096857e-8
1.3302393727292426e-8
1.3733572869034353e-8
1.4063303946292376e-8
1.4421903752118517e-8
1.4713205124371484e-8
1.4927251934657734e-8
1.524115104589806e-8
1.5661363566510353e-8
1.15517609231288e-8
1.2862921704817952e-8
1.4289888710135497e-8
1.5337211899500343e-8
1.5983137998411412e-8
1.6572412823547685e-8
1.7024259483115747e-8
1.7515381754842497e-8
1.7914071042139267e-8
1.820709597526076e-8
1.863674564774935e-8
1.9212271304635218e-8
1.4549336575981467e-8
1.6431498629467757e-8
1.7828276499813388e-8
1.8695504935923422e-8
1.948665966108004e-8
2.00948619369587e-8
2.075556911761198e-8
2.1291797959126708e-8
2.1685805272988277e-8
2.2263649457783076e-8
2.3038077163676768e-8
1.893460176875234e-8
2.0848670642280167e-8
2.2049723827979705e-8
2.3145479492158945e-8
2.398931949999384e-8
2.4905668423542432e-8
2.5649242003891267e-8
2.6195686158524043e-8
2.6996875864365e-8
2.807139474784196e-8
2.327482548516596e-8
2.4833401706538104e-8
2.6247719863579522e-8
2.7335750917057092e-8
2.8517648541036483e-8
2.9476525780584275e-8
3.0181816861895364e-8
3.121506425663452e-8
3.2601773670634697e-8
2.6702731254919156e-8
2.8414186885459333e-8
2.97196295494688e-8
3.11359501014265e-8
3.228515292377501e-8
3.313114563709091e-8
3.4370028317715525e-8
3.603288964703469e-8
3.0491792920818556e-8
3.207916487724332e-8
3.378508977293979e-8
3.5166928409637736e-8
3.6185311559476305e-8
3.7676437654218096e-8
3.967762398388048e-8
3.393713348191938e-8
3.593827056483733e-8
3.754231845369624e-8
3.872441038164445e-8
4.045639925780437e-8
4.278071931402881e-8
3.834301594572902e-8
4.026155502862415e-8
4.165912968694972e-8
4.370907093142892e-8
4.6462664247613786e-8
4.2513756820364956e-8
4.4145680091395677e-8
4.6503779965971755e-8
4.9676067130605895e-8
4.601336197766466e-8
4.86624288753376e-8
5.218717227341236e-8
5.194540502103057e-8
5.607696591486355e-8
6.164212001310265e-8
1.6796311706877607e-9
2.585736707587104e-9
2.991072213464116e-9
3.202308365685398e-9
3.3697053662677017e-9
3.5484910965308586e-9
3.6779134086145877e-9
3.757540561459707e-9
3.8299230895416425e-9
3.885256133490516e-9
3.945320167258307e-9
3.994414415504684e-9
4.030210689107806e-9
4.083087270442378e-9
4.15374473373624e-9
4.57529596563759e-9
5.686937289525752e-9
6.298792115277703e-9
6.797454523825103e-9
7.3330307342615985e-9
7.723278615151034e-9
7.962778977437822e-9
8.181221245834026e-9
8.347981369365957e-9
8.529322531332951e-9
8.676916652850744e-9
8.785113447469272e-9
8.944148543275204e-9
9.156767305061545e-9
7.429759564264149e-9
8.454884593695135e-9
9.315363460135049e-9
1.0244832321573386e-8
1.0924717519364845e-8
1.1342749130036366e-8
1.1724414270373262e-8
1.2016319242521061e-8
1.2333619937505899e-8
1.2591474283075659e-8
1.2780859438199979e-8
1.305877787234685e-8
1.3430737613070685e-8
9.799040872125921e-9
1.097017720983078e-8
1.2248369380847306e-8
1.318761273181421e-8
1.3767611418245374e-8
1.4296820685956617e-8
1.470276759711858e-8
1.514380886437577e-8
1.550192806214631e-8
1.5765044349049936e-8
1.6151037226082122e-8
1.666802558527715e-8
1.249646015054092e-8
1.4209052029850637e-8
1.54827401866551e-8
1.6274889759631677e-8
1.6997626721603697e-8
1.755353949227275e-8
1.8157213577045027e-8
1.8647232714051676e-8
1.9007176155745605e-8
1.953528537467462e-8
2.02430333820207e-8
1.652304444121392e-8
1.8301664243303507e-8
1.9420324681812906e-8
2.0440914878623292e-8
2.1227283141498313e-8
2.2080962963922123e-8
2.2773756205791344e-8
2.32827816603276e-8
2.4029311817408492e-8
2.503056948908292e-8
2.058870775164123e-8
2.2064414216857307e-8
2.34024560118292e-8
2.4432051601562015e-8
2.5550236048988223e-8
2.6457503141636867e-8
2.7124781191146073e-8
2.8102469458891057e-8
2.9414752129012167e-8
2.385561211289846e-8
2.5495949148156077e-8
2.674600600259832e-8
2.810180277376834e-8
2.9201998613308054e-8
3.00119372416111e-8
3.119810051594505e-8
3.279035790506363e-8
2.7513922076100897e-8
2.9054803909120867e-8
3.0708407660367995e-8
3.204774523117536e-8
3.303493053555672e-8
3.4480459065738206e-8
3.642056898060996e-8
3.087753831061822e-8
3.2838761700821575e-8
3.440877840025558e-8
3.5565931217437636e-8
3.726158017655976e-8
3.953724758345012e-8
3.522461554970757e-8
3.7125057553051745e-8
3.8507769827026154e-8
4.0536398596026606e-8
4.326175344193298e-8
3.9379843375848006e-8
4.101109529474262e-8
4.336483716628707e-8
4.653221662099541e-8
4.289520333225159e-8
4.5559095486672135e-8
4.910039744697641e-8
4.890858139954894e-8
5.309762544097973e-8
5.884905907786804e-8
1.3439677938422347e-9
2.088157691990913e-9
2.424560760241764e-9
2.6005878026777753e-9
2.740430206083384e-9
2.890109831597465e-9
2.9983926267329107e-9
3.0650844123882242e-9
3.1257134168454176e-9
3.1721133054709965e-9
3.222529138474491e-9
3.2636694607300434e-9
3.2937321832356573e-9
3.3380022157738158e-9
3.3972687318785666e-9
3.741811963106304e-9
4.675857872149511e-9
5.193096592639413e-9
5.616424304886792e-9
6.072056683695653e-9
6.404130055788121e-9
6.608088564325178e-9
6.794106970605209e-9
6.9362272116981095e-9
7.090799727340717e-9
7.216507094429876e-9
7.308756190094234e-9
7.4441576541521085e-9
7.625316545112363e-9
6.1508018155754905e-9
7.026252580586376e-9
7.765260288274113e-9
8.56533040702597e-9
9.150868200118176e-9
9.511212190530602e-9
9.840154314661211e-9
1.0091945355070566e-8
1.0365637133664808e-8
1.0587929805268463e-8
1.0751305274981439e-8
1.0990844322968685e-8
1.1311596787630006e-8
8.18331303774346e-9
9.199700288282684e-9
1.0312276870078998e-8
1.1130568216258725e-8
1.1636445592878558e-8
1.2097919874981141e-8
1.245222428656622e-8
1.2837132214959796e-8
1.3149533969556035e-8
1.3379168468260967e-8
1.3715831956277901e-8
1.416693304203251e-8
1.0539587681457888e-8
1.2051335872319889e-8
1.3177896820812576e-8
1.3879631705200289e-8
1.451975768465034e-8
1.5012568060474918e-8
1.5547668127338054e-8
1.598187322696484e-8
1.6300918673861295e-8
1.6768818842019016e-8
1.7396091396587488e-8
1.412466560032815e-8
1.5726780712635135e-8
1.6736639415525386e-8
1.7657742713948817e-8
1.83679785733491e-8
1.9138934891599406e-8
1.9764444410306644e-8
2.0224144978100012e-8
2.0898102479145884e-8
2.1802303880104213e-8
1.7817013799962017e-8
1.917184971945102e-8
2.0398851667225142e-8
2.1343303024174018e-8
2.2368982012697134e-8
2.3201045297917136e-8
2.381318640092174e-8
2.4709763821235554e-8
2.5913549112600634e-8
2.0837308530611123e-8
2.23626265273415e-8
2.352377748987379e-8
2.4782888451136665e-8
2.580450514329399e-8
2.6556854563888746e-8
2.7658292542206068e-8
2.9137204813624936e-8
2.426662403841085e-8
2.571944686013905e-8
2.7276123454577455e-8
2.8536575343108215e-8
2.9465997295067282e-8
3.082655508097169e-8
3.265296055077717e-8
2.7458207271901404e-8
2.9327103293714106e-8
3.08206412574715e-8
3.1921816150575175e-8
3.353518936034573e-8
3.570076783618778e-8
3.163192297887814e-8
3.346412221238308e-8
3.479545590903866e-8
3.6748778405691786e-8
3.9373615476165506e-8
3.566417929478812e-8
3.725309648893947e-8
3.954126095068097e-8
4.26217081718628e-8
3.91075922626487e-8
4.171912160958928e-8
4.518721197380368e-8
4.505787275357537e-8
4.920238176081697e-8
5.501918156262446e-8
1.059259021962809e-9
1.6601492595814306e-9
1.935468704335973e-9
2.07980454153675e-9
2.194832404741041e-9
2.3180060542423152e-9
2.407357706894929e-9
2.4623550104857962e-9
2.5123267855686724e-9
2.550608482033805e-9
2.592153736313452e-9
2.626069727266379e-9
2.650887141704357e-9
2.687443498274458e-9
2.7363516984722877e-9
3.0180330496530216e-9
3.79441961047781e-9
4.225580186292384e-9
4.57968463400274e-9
4.961193913122235e-9
5.2397535867111624e-9
5.41080274245001e-9
5.566704745876828e-9
5.685935002964933e-9
5.815517687096141e-9
5.92092592261771e-9
5.998315286806662e-9
6.111905985242195e-9
6.263832189429518e-9
5.026358006863488e-9
5.760741227280836e-9
6.383232501924663e-9
7.058047244446557e-9
7.552645226113294e-9
7.85704644458052e-9
8.134762785779698e-9
8.347530741106342e-9
8.578689758188692e-9
8.766457427290838e-9
8.904494355611556e-9
9.106882529124618e-9
9.377833626130658e-9
6.7359664950031285e-9
7.597729159239574e-9
8.542929750814233e-9
9.239192334895484e-9
9.669789143935148e-9
1.0062390817835094e-8
1.0364071854420193e-8
1.069168077335073e-8
1.0957598197564835e-8
1.1153091312520358e-8
1.1439709531775467e-8
1.1823704904797547e-8
8.743211217476616e-9
1.0041328232778143e-8
1.1010957606397979e-8
1.161544074057353e-8
1.2166645064047182e-8
1.2591323565900709e-8
1.3052303980938006e-8
1.3426384095851508e-8
1.3701270518336788e-8
1.4104426875279523e-8
1.4644866862463479e-8
1.1843787524421093e-8
1.3244241568051314e-8
1.4128323715053938e-8
1.49343666458251e-8
1.5556241902612514e-8
1.6231120202574937e-8
1.677871096213658e-8
1.718117194951745e-8
1.7771212037506026e-8
1.856283337184233e-8
1.5095968941690406e-8
1.630106166503394e-8
1.7390830370931195e-8
1.822972752056846e-8
1.9140660679621673e-8
1.987968286129559e-8
2.0423458715360088e-8
2.1219821307692616e-8
2.228913324816326e-8
1.780123552654746e-8
1.9175092645768457e-8
2.0219382207282885e-8
2.1351411731948343e-8
2.2270001805305216e-8
2.2946644864542398e-8
2.393711210673962e-8
2.526710330711271e-8
2.0916234459655318e-8
2.2243446499198142e-8
2.3662853351789897e-8
2.481196320212953e-8
2.565957940883682e-8
2.690025081923988e-8
2.8565741044471552e-8
2.3851764778265967e-8
2.557826464514476e-8
2.695543098921128e-8
2.797109391516059e-8
2.945921824931966e-8
3.145667990392345e-8
2.7739322012847456e-8
2.9453438529298878e-8
3.0696885515766183e-8
3.2521655989411375e-8
3.497410613114201e-8
3.153916761485057e-8
3.304228395513138e-8
3.5202092101257306e-8
3.811084275734776e-8
3.481740068673337e-8
3.730549384827935e-8
4.06050833579193e-8
4.0547143561225557e-8
4.453462739820614e-8
5.0273606958724344e-8
8.293561992113896e-10
1.3052204060513e-9
1.526535771934325e-9
1.6429026223277225e-9
1.7358614586928556e-9
1.8354725459143604e-9
1.907796517792375e-9
1.952311744801581e-9
1.9927377551685975e-9
2.0237448336466477e-9
2.0574155465368e-9
2.084942736367723e-9
2.1050381422164503e-9
2.134656529663958e-9
2.1743174616377848e-9
2.401587390986021e-9
3.0400075906842835e-9
3.3954605210614795e-9
3.6880794121732024e-9
4.0035496303121355e-9
4.234129586055459e-9
4.3756590029759165e-9
4.504640333472645e-9
4.603313331350432e-9
4.710608116804136e-9
4.7979212465022675e-9
4.861952548148338e-9
4.955975538902543e-9
5.081756412905403e-9
4.060694340868103e-9
4.670539807078796e-9
5.188645636269266e-9
5.750699555776772e-9
6.163015651324001e-9
6.4167054473825475e-9
6.6481510076455174e-9
6.825491638200928e-9
7.0182357515605e-9
7.174829371673553e-9
7.28986685273996e-9
7.458580823091701e-9
7.68447336351754e-9
5.482698690438827e-9
6.202517427849599e-9
6.992889600053948e-9
7.575647666800098e-9
7.936013270468507e-9
8.264579027544135e-9
8.517079885732834e-9
8.791365787490149e-9
9.014031751821117e-9
9.17763872431082e-9
9.417563284461842e-9
9.739027117913571e-9
7.1636778992398834e-9
8.255935029150414e-9
9.073038822010779e-9
9.5825438817643e-9
1.004715762734439e-8
1.0405153614300804e-8
1.0793843190010259e-8
1.1109293972411508e-8
1.134099860801009e-8
1.1680888078692371e-8
1.2136548345684073e-8
9.784892026370988e-9
1.0977806577244085e-8
1.1731437531243718e-8
1.2418438973102067e-8
1.294846812839687e-8
1.352376519050836e-8
1.3990595809655192e-8
1.4333612315041793e-8
1.483654804920578e-8
1.5511369297780713e-8
1.2571804881682974e-8
1.3612413660339213e-8
1.4552130717382837e-8
1.527520434197376e-8
1.606051614287467e-8
1.669767955099934e-8
1.7166463351981684e-8
1.785298106317794e-8
1.8774916788350512e-8
1.4922394398675094e-8
1.612208101785882e-8
1.7032096874290432e-8
1.801846890053297e-8
1.881896644795231e-8
1.940864685945203e-8
2.0271757990659314e-8
2.1430847063441047e-8
1.766461593036242e-8
1.8838740696904388e-8
2.009203603855047e-8
2.1106490918717486e-8
2.185492998011752e-8
2.2950383407225238e-8
2.4420981214315715e-8
2.0279275310749767e-8
2.1823760544155452e-8
2.305314354577081e-8
2.3959945811822906e-8
2.5288705923982874e-8
2.707228788238568e-8
2.378668503166377e-8
2.5339800884133916e-8
2.646407847901102e-8
2.8114470928706303e-8
3.033297735655335e-8
2.725633961764946e-8
2.8633932980747648e-8
3.060826482427648e-8
3.326844814752373e-8
3.028183343228322e-8
3.257903063820578e-8
3.562041682428944e-8
3.563548251088452e-8
3.935458769430852e-8
4.486092167833495e-8
6.496523454110792e-10
1.0209890869661285e-9
1.1957899550725756e-9
1.2880728790581718e-9
1.3619823253901325e-9
1.4412416966843909e-9
1.498822070996979e-9
1.5342519689466656e-9
1.566500699363812e-9
1.5911880734713458e-9
1.6180267221811881e-9
1.6399392799420944e-9
1.6559569490249102e-9
1.6795860456187735e-9
1.7112296590970586e-9
1.8875446266883237e-9
2.4032443682647086e-9
2.6919289184757208e-9
2.9302084574907593e-9
3.187260823406242e-9
3.375215368446149e-9
3.4905523552758444e-9
3.595836079443974e-9
3.676255167671751e-9
3.763763287474578e-9
3.834918209113668e-9
3.88714395192199e-9
3.963829169408045e-9
4.066420883743717e-9
3.238532026990846e-9
3.740400188680441e-9
4.167711581963746e-9
4.631501477064267e-9
4.971824268473521e-9
5.181182174227564e-9
5.372422567226678e-9
5.518785006565013e-9
5.6779341613220604e-9
5.807170178685973e-9
5.9021652357074905e-9
6.041466565202671e-9
6.227991784406367e-9
4.411823662609703e-9
5.008108405810901e-9
5.6631874934375885e-9
6.146322905021286e-9
6.44505051701625e-9
6.717690167901128e-9
6.9270165219446625e-9
7.1544832101542625e-9
7.3390739251228136e-9
7.47476741585219e-9
7.673730762605737e-9
7.940333297050337e-9
5.8066259541020046e-9
6.715086000438682e-9
7.395040074882328e-9
7.819011289472415e-9
8.205925921477644e-9
8.503836265404743e-9
8.827369592733743e-9
9.089877605805286e-9
9.282756708665726e-9
9.56566527868034e-9
9.944961369240528e-9
7.992005314448625e-9
8.990334325303934e-9
9.621138105407419e-9
1.0196365714347774e-8
1.0639880001312624e-8
1.1121357018539982e-8
1.1511988919073457e-8
1.1799101030268087e-8
1.2220012887869016e-8
1.2784824427750194e-8
1.0332803016717878e-8
1.1210841730519983e-8
1.200297693115965e-8
1.2611948743373312e-8
1.3273448864069936e-8
1.3810108433789101e-8
1.4205061842326235e-8
1.4783361028315734e-8
1.5560048255596262e-8
1.2325103049075482e-8
1.3345666893674734e-8
1.4117992863292603e-8
1.4955003255261563e-8
1.5634278066524243e-8
1.6134829840487004e-8
1.6867356969703957e-8
1.7851153544693402e-8
1.4673315063045479e-8
1.568221221925787e-8
1.675701774011806e-8
1.7626749772206095e-8
1.8268686796295947e-8
1.9208147026953458e-8
2.046935075633652e-8
1.693352905274328e-8
1.8273439949254963e-8
1.93375270284651e-8
2.0122656305897138e-8
2.127318758199413e-8
2.28175414698494e-8
2.0000671496907133e-8
2.1363694973168366e-8
2.23481977363488e-8
2.3793811642176316e-8
2.5737439955466077e-8
2.3069007213147584e-8
2.4291427857137087e-8
2.6038143298828314e-8
2.8392849640921197e-8
2.5773111451466123e-8
2.782580583399568e-8
3.0538229548690164e-8
3.0618459053747504e-8
3.3974105411106634e-8
3.909756127461546e-8
5.107839553656677e-10
7.99269019285125e-10
9.357905909361822e-10
1.0082618805779386e-9
1.0664580375001593e-9
1.1289397016342873e-9
1.1743556844524608e-9
1.202293533390842e-9
1.227748578674887e-9
1.247234453720682e-9
1.2684286451922895e-9
1.2857167391430352e-9
1.2983857558809793e-9
1.317037960749307e-9
1.3420554004799387e-9
1.4728883993820224e-9
1.879392989088753e-9
2.1090945492080407e-9
2.299426542396439e-9
2.5050083980192533e-9
2.6553715560099045e-9
2.747669287040107e-9
2.8319709182496602e-9
2.8963721554244505e-9
2.9664304864264896e-9
3.0233852113399476e-9
3.0652310841430474e-9
3.1266090825860746e-9
3.2087769821026463e-9
2.546654122559862e-9
2.9526127678522122e-9
3.299780424045411e-9
3.6770123486924452e-9
3.953878883318326e-9
4.124285439596825e-9
4.279996239974367e-9
4.399208142766811e-9
4.528781080214346e-9
4.633993940366087e-9
4.711374774949725e-9
4.824771671270304e-9
4.976679948292347e-9
3.500558376783283e-9
3.989505548289913e-9
4.5272571364192816e-9
4.923950055916776e-9
5.169365297070807e-9
5.393388767202316e-9
5.565461076248394e-9
5.75237294936899e-9
5.904045649829623e-9
6.01558792685954e-9
6.179059960820213e-9
6.398186296356014e-9
4.648057499259177e-9
5.398115316389978e-9
5.959643266658442e-9
6.309944403951892e-9
6.629651073317321e-9
6.875912490235706e-9
7.143263045203256e-9
7.360178023056249e-9
7.51960479163708e-9
7.753366627322417e-9
8.066861210486467e-9
6.456467807093555e-9
7.284383777196842e-9
7.807681182503941e-9
8.284790109951195e-9
8.652746355833e-9
9.052089048557935e-9
9.376076397970155e-9
9.614259505930495e-9
9.963350680559574e-9
1.0431889678440538e-8
8.401145003694164e-9
9.132224098309296e-9
9.791086282556095e-9
1.0297564477211977e-8
1.0847611383255486e-8
1.129385739616178e-8
1.162233444730921e-8
1.2103197059392568e-8
1.2749138298737322e-8
1.0063775979693604e-8
1.0916665898926356e-8
1.1561292634717858e-8
1.2259614645745938e-8
1.2826374708960653e-8
1.3244104606845324e-8
1.385531677980946e-8
1.4676297028177541e-8
1.2034120526732802e-8
1.28825960026206e-8
1.3784785661642527e-8
1.4514705153353647e-8
1.505360093396919e-8
1.5842173808364136e-8
1.6900895809654664e-8
1.3942874821470119e-8
1.5076781862024126e-8
1.597545823325691e-8
1.6638666536903434e-8
1.7610585127062223e-8
1.8915267083588014e-8
1.655457867315302e-8
1.771804865227967e-8
1.8556521982812416e-8
1.9788034407106232e-8
2.1444219282358218e-8
1.919086452585445e-8
2.0243735548374332e-8
2.1743513239495766e-8
2.3766478062234888e-8
2.153547796577073e-8
2.3313503082940417e-8
2.5658152365150023e-8
2.578547718401112e-8
2.8715439985446463e-8
3.333134979580793e-8
4.03231442813742e-10
6.274882300872994e-10
7.335400084135608e-10
7.900707086189897e-10
8.356234920937838e-10
8.845720949585443e-10
9.201861013156003e-10
9.421020472360735e-10
9.620520298165964e-10
9.773500708607251e-10
9.93977966428895e-10
1.0075680546143971e-9
1.0174965340044898e-9
1.0321541522241305e-9
1.0518081118033451e-9
1.1491561251944497e-9
1.4639319837744328e-9
1.6431596415327444e-9
1.792443558927775e-9
1.9539361122891477e-9
2.0721611261855446e-9
2.1447862555394814e-9
2.211045100396872e-9
2.261748216751824e-9
2.3168746154453748e-9
2.3617259759839076e-9
2.3946176799299227e-9
2.4429432377329298e-9
2.5076115439989815e-9
1.9826849709220947e-9
2.3022860851961507e-9
2.5775046570758643e-9
2.8771166620729697e-9
3.0972162009095775e-9
3.23282320822557e-9
3.3565938153326776e-9
3.451516859252051e-9
3.5546411800245337e-9
3.6384012162549156e-9
3.699935576486493e-9
3.790207657815298e-9
3.911108549987024e-9
2.7379285309005566e-9
3.1303238022858292e-9
3.562913364371591e-9
3.882368133641158e-9
4.080246358586133e-9
4.260680914533465e-9
4.3995065858893886e-9
4.550244531986913e-9
4.67257525743294e-9
4.762464916510821e-9
4.894313382275087e-9
5.0710253527578e-9
3.664713250483199e-9
4.275440798332129e-9
4.7332812992697505e-9
5.019296848295141e-9
5.280091943768429e-9
5.4812767999616165e-9
5.699618659896243e-9
5.876772585108261e-9
6.0068973599248836e-9
6.197813856575889e-9
6.453830133840621e-9
5.145024034739438e-9
5.826384990294317e-9
6.2576113943714825e-9
6.650465142579314e-9
6.953795956355746e-9
7.2829163566848465e-9
7.549929624649988e-9
7.746138998549612e-9
8.033846518684685e-9
8.419984230126919e-9
6.749414255649848e-9
7.354374008459828e-9
7.899046482288894e-9
8.31808707625148e-9
8.773076259738555e-9
9.142198727447412e-9
9.41381558742162e-9
9.81158119391388e-9
1.0345887792645628e-8
8.126890740853159e-9
8.833663824084047e-9
9.36792960857409e-9
9.946508617851064e-9
1.0416095379783563e-8
1.076211205378973e-8
1.1268546441652184e-8
1.1948776848289089e-8
9.762461949040261e-9
1.0467827049211424e-8
1.1216982142913405e-8
1.1823009505127442e-8
1.2270369915768324e-8
1.292516666017097e-8
1.3804262515661145e-8
1.1352370215915428e-8
1.229758224916375e-8
1.3045698804655207e-8
1.3597704821814929e-8
1.4406913710265644e-8
1.5493164641696257e-8
1.353697530498163e-8
1.4511196374646426e-8
1.521188314251095e-8
1.6241432777075545e-8
1.7626231337464566e-8
1.575395578829152e-8
1.664030250990775e-8
1.7899664912513865e-8
1.959910514411552e-8
1.773770052485162e-8
1.9239824111793482e-8
2.1216766475813448e-8
2.1366076482067267e-8
2.385315086316513e-8
2.7883534619450382e-8
3.2003194130914757e-10
4.9449800836587e-10
5.766773182445209e-10
6.205011022097719e-10
6.558989393174414e-10
6.939829553333577e-10
7.217203688863811e-10
7.387882261776188e-10
7.543316641158801e-10
7.662511372254847e-10
7.792105342416903e-10
7.897963440481736e-10
7.975401649633698e-10
8.089650227894206e-10
8.242965454909223e-10
8.992557249175301e-10
1.1425557889248884e-9
1.2811191605437395e-9
1.3969451888993772e-9
1.5224632274311206e-9
1.614440687876396e-9
1.670957072730822e-9
1.7225316572976928e-9
1.7619919372764495e-9
1.8049109946958466e-9
1.8398067914470241e-9
1.865430355951268e-9
1.9030361814965397e-9
1.9533800592507795e-9
1.5419888782880897e-9
1.788340567361472e-9
2.0015191537281635e-9
2.2340790983668575e-9
2.4051005847182266e-9
2.5105172644601036e-9
2.606746395058834e-9
2.6805386837102953e-9
2.760737575771976e-9
2.8258388064517386e-9
2.87371107697933e-9
2.9438834015299618e-9
3.0378881372436524e-9
2.1250410553207014e-9
2.430813147480919e-9
2.768943679358798e-9
3.018994383618119e-9
3.174006434938341e-9
3.3153642845482725e-9
3.4241280319155273e-9
3.542263127286463e-9
3.638092061434073e-9
3.7085541129872138e-9
3.8118458116072665e-9
3.950313818633098e-9
2.8517848591992763e-9
3.335872731700008e-9
3.6996925432289973e-9
3.927292737520294e-9
4.13484744827313e-9
4.29498639977221e-9
4.4688244964230895e-9
4.609827640349105e-9
4.713438661138008e-9
4.865397259519461e-9
5.06920859544856e-9
4.0351514082057885e-9
4.5857882301655986e-9
4.934988566643111e-9
5.253180127794408e-9
5.498900333604664e-9
5.765559857754906e-9
5.9818573898186775e-9
6.140840020402559e-9
6.373897417030883e-9
6.686739795012772e-9
5.339537995504804e-9
5.834932449180516e-9
6.281022092280194e-9
6.624239227947063e-9
6.996955436004576e-9
7.2992898273019335e-9
7.521808867606499e-9
7.847596600702811e-9
8.28528508054354e-9
6.470972698490538e-9
7.053071730920462e-9
7.493048410356862e-9
7.969551927658917e-9
8.356250736033714e-9
8.641243528604856e-9
9.058279394114387e-9
9.618505649373307e-9
7.820729932613284e-9
8.40368100824643e-9
9.02270921782688e-9
9.523399831627711e-9
9.893063196491652e-9
1.0434050422445174e-8
1.1160431228925559e-8
9.136226466392213e-9
9.918920839139252e-9
1.0538059464087139e-8
1.0994949172807214e-8
1.1664657866180149e-8
1.2563740524707303e-8
1.0947787459429317e-8
1.1755990511112974e-8
1.2336801914118214e-8
1.3190177135966018e-8
1.4338211790099656e-8
1.2790425748805187e-8
1.3527457177508452e-8
1.4572807972441797e-8
1.598392154323447e-8
1.4444312117004466e-8
1.5694626517167172e-8
1.733798452017017e-8
1.748428582163131e-8
1.955680622034151e-8
2.298411716614891e-8
2.558075805076859e-10
3.9233222131421576e-10
4.562855647951777e-10
4.903413530303683e-10
5.178360712589046e-10
5.474377337107318e-10
5.690071822230107e-10
5.822735995048341e-10
5.943662364331572e-10
6.036345689586133e-10
6.137159491589228e-10
6.219496719280571e-10
6.279704096722315e-10
6.368638846926442e-10
6.487998644489941e-10
7.064145146173479e-10
8.948195317195252e-10
1.0019182803539967e-9
1.0914115424208329e-9
1.1884763685382213e-9
1.259621690285066e-9
1.3033300624798177e-9
1.3432421290691846e-9
1.3737637917816535e-9
1.4069572005409157e-9
1.4339600068418225e-9
1.4537660713025194e-9
1.482870797254528e-9
1.5218232892309931e-9
1.2040680245730964e-9
1.3939992509160503e-9
1.5581882067778909e-9
1.7374416813542022e-9
1.869290974565784e-9
1.9505440713124026e-9
2.024764353069605e-9
2.0816438749694504e-9
2.143451089343735e-9
2.19365889655389e-9
2.2305380441918238e-9
2.284653361590883e-9
2.357129617072482e-9
1.6525819159128288e-9
1.8871598684668013e-9
2.1468616689224037e-9
2.3389929263751205e-9
2.4580775267946195e-9
2.566742731987933e-9
2.650298656146857e-9
2.7410402655726825e-9
2.8146991825293073e-9
2.868808166764825e-9
2.9481934589550116e-9
3.0545928512265326e-9
2.21032352987391e-9
2.5834563113476956e-9
2.8643488475849924e-9
3.0401188791723103e-9
3.2005101851206758e-9
3.324194693094985e-9
3.4584409658322454e-9
3.567396652219193e-9
3.6473959674438594e-9
3.764802596356866e-9
3.9222485531872495e-9
3.1276873361351062e-9
3.558930077619236e-9
3.832768970032022e-9
4.082428087331999e-9
4.275132783480628e-9
4.484238902601664e-9
4.653931165135578e-9
4.778599097991223e-9
4.961420581058501e-9
5.2068188411040845e-9
4.157713260566532e-9
4.5529544593968e-9
4.9087933451969e-9
5.182396617322406e-9
5.4795152183764636e-9
5.720614209135952e-9
5.8980241076921845e-9
6.1578050662019084e-9
6.506828365705325e-9
5.066538485168332e-9
5.537023432203463e-9
5.892175123750085e-9
6.276789206954462e-9
6.5890050430841566e-9
6.8190887355952004e-9
7.1557909925824035e-9
7.608115245801233e-9
6.164167034163737e-9
6.639975072551296e-9
7.145011491230214e-9
7.553555048075408e-9
7.855190403241576e-9
8.29662759307732e-9
8.889349544810586e-9
7.2415574429701964e-9
7.884164491495292e-9
8.392412983596963e-9
8.76747671459246e-9
9.317253394522779e-9
1.0055330242638304e-8
8.732857619687687e-9
9.399422334457369e-9
9.87835181339743e-9
1.0582025031545537e-8
1.152868726194717e-8
1.025484936392158e-8
1.0864231570680888e-8
1.1728069425260484e-8
1.2894225026342496e-8
1.1623876541741933e-8
1.2658577408130344e-8
1.4017769303552193e-8
1.4146475295085077e-8
1.5861532569565176e-8
1.872547633180956e-8
2.0555565454914954e-10
3.1327321703861743e-10
3.632985371759653e-10
3.899268847350976e-10
4.1138629532237664e-10
4.344787051619024e-10
4.513005052612997e-10
4.616427970703576e-10
4.710729840815621e-10
4.783013017758795e-10
4.861684065516169e-10
4.925893425891258e-10
4.972895260795711e-10
5.042290259041524e-10
5.135471647881568e-10
5.582469563480419e-10
7.039457369051941e-10
7.868288080428691e-10
8.559706146144781e-10
9.309197915360928e-10
9.858334632238574e-10
1.019564199285752e-9
1.0503548648358947e-9
1.073910746536788e-9
1.0995341374187298e-9
1.1203641610364198e-9
1.1356594900270914e-9
1.1581149091669332e-9
1.1881796787680267e-9
9.427797360353182e-10
1.089861394471278e-9
1.216805457649163e-9
1.355308458741793e-9
1.4571453933098785e-9
1.5198980931621747e-9
1.5771897406267869e-9
1.6211225249636093e-9
1.6688660544756857e-9
1.7076203772571423e-9
1.736118710018768e-9
1.7778972349487144e-9
1.8338687537704865e-9
1.2902517523798287e-9
1.4714562366182594e-9
1.6718378694324107e-9
1.8200044686102573e-9
1.9118184508230526e-9
1.9955561394061e-9
2.0599808413229606e-9
2.12995064565175e-9
2.186707051904903e-9
2.228443838091697e-9
2.2896276287992734e-9
2.371651838894429e-9
1.7199139800492994e-9
2.0061041847698757e-9
2.2213615384755406e-9
2.3559758823571994e-9
2.478746981693042e-9
2.5734599449599293e-9
2.6762650460678336e-9
2.7596496765275275e-9
2.8209311437176514e-9
2.910806124254128e-9
3.031352408932354e-9
2.4219078222385064e-9
2.75170801841218e-9
2.9609807065030918e-9
3.1516018593541897e-9
3.2987619440873673e-9
3.4584533097859214e-9
3.587979321930015e-9
3.683215188827782e-9
3.822791588528643e-9
4.010174087048693e-9
3.2122897506705633e-9
3.517091157703022e-9
3.790757171427557e-9
4.001085599315326e-9
4.229523589499979e-9
4.414820276405971e-9
4.551275929399325e-9
4.75096767985549e-9
5.01930989230881e-9
3.917987514147745e-9
4.285088826776485e-9
4.561495881590403e-9
4.860788527012648e-9
5.103682400399439e-9
5.282821021858388e-9
5.544830677660381e-9
5.8968544445246936e-9
4.782808331159318e-9
5.159830730889904e-9
5.559267222771728e-9
5.882232810975441e-9
6.120872259927593e-9
6.469972695334007e-9
6.938723586179545e-9
5.642749652621208e-9
6.158055753900776e-9
6.564896960881665e-9
6.865317588145925e-9
7.305573539770248e-9
7.896609543862705e-9
6.847502507250307e-9
7.388083337739854e-9
7.776342677026597e-9
8.346743869811752e-9
9.114133843109711e-9
8.087793566513725e-9
8.586016719788338e-9
9.291797228980486e-9
1.0244626109462164e-8
9.210220964102201e-9
1.005967746053773e-8
1.1175226619306523e-8
1.1287702061459421e-8
1.2701660591346759e-8
1.5074808529060358e-8
1.65808203500238e-10
2.516564046672226e-10
2.9110746103059694e-10
3.1207074556244337e-10
3.289545324970276e-10
3.4711690852540216e-10
3.6034066344335205e-10
3.6846923405301755e-10
3.7588219321594984e-10
3.815640945234294e-10
3.8775060927620213e-10
3.9280058980296146e-10
3.9649686364904285e-10
4.0195870590775694e-10
4.092931354320206e-10
4.4456992086959513e-10
5.57875141397543e-10
6.221942493746064e-10
6.75860457612492e-10
7.340225611580288e-10
7.766212415832707e-10
8.027886893319435e-10
8.266776998916129e-10
8.449490956127184e-10
8.648264573053861e-10
8.809895234956165e-10
8.928502442378487e-10
9.102788390721623e-10
9.336074631064515e-10
7.422086903249883e-10
8.554762593360422e-10
9.533494502029153e-10
1.0601365963297644e-9
1.1386401364445677e-9
1.1870188813237047e-9
1.2311935234110295e-9
1.265056600407923e-9
1.3018606743496986e-9
1.3317450566637872e-9
1.3537035442273035e-9
1.385923340491745e-9
1.4290763762901156e-9
1.009715870812165e-9
1.149623831632857e-9
1.3043792296865328e-9
1.418802608149545e-9
1.4897229477977673e-9
1.5544104815984468e-9
1.6041666829391658e-9
1.6582101265451747e-9
1.7020632639737604e-9
1.7342857210030226e-9
1.7815594996840572e-9
1.844921949432067e-9
1.3420013871736803e-9
1.5634441758280874e-9
1.7299135170059894e-9
1.8340299973719584e-9
1.9289803958767518e-9
2.002218621418818e-9
2.0817189131561234e-9
2.1462228534345405e-9
2.193593897413224e-9
2.2631130060385605e-9
2.3563427549017943e-9
1.8842736966933328e-9
2.1378722119478808e-9
2.298663164405032e-9
2.4450343577560986e-9
2.558008493929637e-9
2.6806047443217115e-9
2.780074576729478e-9
2.8531619588152786e-9
2.9603387664802384e-9
3.104205342343089e-9
2.489766677806054e-9
2.722182745350436e-9
2.930372006747727e-9
3.0902721813473938e-9
3.2639391091826212e-9
3.4048576679569234e-9
3.508568222513842e-9
3.6604203382299108e-9
3.864449473188819e-9
3.027599653610247e-9
3.3068436973468654e-9
3.5165121060529025e-9
3.743428845335783e-9
3.9276704649251065e-9
4.063486559603603e-9
4.262224795587966e-9
4.5292023716278245e-9
3.6885214115957396e-9
3.977171960086282e-9
4.2819735136442835e-9
4.528419737065425e-9
4.710480296316058e-9
4.976931607883508e-9
5.334641453106018e-9
4.351242771489992e-9
4.749617867735361e-9
5.063195286031732e-9
5.294686726616045e-9
5.634141399459403e-9
6.0897759794331475e-9
5.291837703041745e-9
5.715629770143659e-9
6.019019499214729e-9
6.465123474235083e-9
7.065344168472016e-9
6.272966275501099e-9
6.668430891449836e-9
7.227397406882894e-9
7.982307239657446e-9
7.170380434817825e-9
7.8505259653276e-9
8.742542368547833e-9
8.850286055143251e-9
9.995360500568763e-9
1.1946766897959707e-8
1.3382876731874615e-10
2.0288023285554632e-10
2.343017346249606e-10
2.5094169288867517e-10
2.6431234024705245e-10
2.78696874845219e-10
2.8916525072126255e-10
2.955999086700612e-10
3.0146629310617054e-10
3.059622586714411e-10
3.1085820692290724e-10
3.148544199261578e-10
3.1778108466341766e-10
3.221061568417759e-10
3.2791700934170197e-10
3.5632185443895535e-10
4.4529531032336904e-10
4.955668775219983e-10
5.374070078358063e-10
5.827619362369973e-10
6.159730291685765e-10
6.363760767392426e-10
6.549995978175924e-10
6.692439914494445e-10
6.847412491768512e-10
6.973406406083425e-10
7.065900747714721e-10
7.201780878270579e-10
7.383683793899699e-10
5.890996503125868e-10
6.769262850930173e-10
7.525904559250473e-10
8.35160666541333e-10
8.958532831238574e-10
9.332553593578751e-10
9.674040160852802e-10
9.935813263214132e-10
1.0220334741164058e-9
1.045131593219638e-9
1.0621115832819625e-9
1.087017104311764e-9
1.1203767625253585e-9
7.958141967968422e-10
9.032395269904422e-10
1.022101588785651e-9
1.1099829371807739e-9
1.1644467251848919e-9
1.2141244066723179e-9
1.252331902239494e-9
1.293833358809003e-9
1.327503001088698e-9
1.3522549129595597e-9
1.3885552546643786e-9
1.437211942665248e-9
1.0505340158195493e-9
1.2204861871739604e-9
1.3483562376701572e-9
1.4283542544829438e-9
1.5013225329401635e-9
1.5575993807514152e-9
1.6186892627292704e-9
1.6682473971450652e-9
1.7046581742011218e-9
1.7580772688086302e-9
1.8297167485017176e-9
1.4677050888161219e-9
1.6635752433573847e-9
1.7878985094465715e-9
1.9011442755890006e-9
1.9885419826628098e-9
2.0833813242132022e-9
2.1603188477701323e-9
2.2168717417440937e-9
2.299783563734943e-9
2.411077966528523e-9
1.9356959981501146e-9
2.1153500879549088e-9
2.276561143287337e-9
2.4003799722383094e-9
2.5348394428305495e-9
2.6439290433731055e-9
2.7242381173340817e-9
2.841808191730089e-9
2.999773201469926e-9
2.350106410050403e-9
2.564749524888963e-9
2.7260092820755507e-9
2.900481625562254e-9
3.042127555227552e-9
3.1465655623717807e-9
3.2993696698480328e-9
3.5046465607673567e-9
2.855634392112407e-9
3.0756461858362218e-9
3.3077197249130147e-9
3.4953174245812885e-9
3.6339383634054886e-9
3.8367942115276035e-9
4.109146640528237e-9
3.3598761566646155e-9
3.662313417607009e-9
3.899835154266061e-9
4.0752058834204786e-9
4.332390209602379e-9
4.6776349505087e-9
4.075540251635774e-9
4.397658011494638e-9
4.627426798913876e-9
4.965414373761884e-9
5.420378713312215e-9
4.826061473418418e-9
5.128778854631693e-9
5.554498489927651e-9
6.130040374344774e-9
5.518870990249049e-9
6.042295725492076e-9
6.7267407497095336e-9
6.833006530343442e-9
7.723322206916096e-9
9.294775394013905e-9
1.0771688892104134e-10
1.6366250734101535e-10
1.8891648245549383e-10
2.0225215265992855e-10
2.1293812458074908e-10
2.244231966251907e-10
2.3277302369686062e-10
2.379063425449789e-10
2.4258434429996943e-10
2.4616844421583964e-10
2.500706584600305e-10
2.5325468863997273e-10
2.555869360947533e-10
2.5903338137940726e-10
2.6366576654800196e-10
2.8694532147851417e-10
3.5754338775314113e-10
3.972644171331077e-10
4.302170112621191e-10
4.658911245195286e-10
4.91989255435889e-10
5.080201277915663e-10
5.226492707530557e-10
5.338367933828385e-10
5.460081477542946e-10
5.559039469107754e-10
5.631681956551552e-10
5.738404058225412e-10
5.881277842680791e-10
4.707372313915148e-10
5.395072342074822e-10
5.985619709903344e-10
6.629207389270678e-10
7.101906606214722e-10
7.39312876807148e-10
7.65898408145649e-10
7.862738574412807e-10
8.084205997077905e-10
8.264023929172731e-10
8.396188496040791e-10
8.590059587555946e-10
8.849736622465329e-10
6.322396535573384e-10
7.157125064363301e-10
8.079131248783348e-10
8.760260358975924e-10
9.182220941559617e-10
9.567062498906944e-10
9.862983825611146e-10
1.0184427305821284e-9
1.044525451572333e-9
1.063695716888932e-9
1.0918125277626012e-9
1.1295005251477306e-9
8.294619633743086e-10
9.601983694360645e-10
1.0584168819326394e-9
1.1198135637651905e-9
1.1758061057986522e-9
1.2189816007152277e-9
1.2658516617578079e-9
1.3038796883179962e-9
1.331814259019933e-9
1.3727988626105714e-9
1.4277640748003843e-9
1.1488754842623535e-9
1.2982439419441905e-9
1.3929635875302736e-9
1.4792286020220865e-9
1.545797351588699e-9
1.6180394663015829e-9
1.676650903464888e-9
1.7197288799153079e-9
1.7828812990779016e-9
1.867657927798504e-9
1.5061380865195436e-9
1.6436597256917943e-9
1.767081173126093e-9
1.8618867663367105e-9
1.9648543303197247e-9
2.04839473674784e-9
2.109896573162491e-9
2.1999187412814436e-9
2.3208839855141414e-9
1.8244544628605784e-9
1.9899447875785945e-9
2.1143995424388664e-9
2.249106969414137e-9
2.358453545901532e-9
2.4390813801088654e-9
2.5570286751487223e-9
2.7154920155602508e-9
2.214623045669345e-9
2.384624244529595e-9
2.5643188805953116e-9
2.709572848746669e-9
2.816901693081647e-9
2.9739365920126356e-9
3.1847879529035742e-9
2.6032802108063274e-9
2.836188857667729e-9
3.0193793600583315e-9
3.1546300807725232e-9
3.3529225099400197e-9
3.6191319210831223e-9
3.1515668704790943e-9
3.3977002173760645e-9
3.573334343702176e-9
3.8315630874062344e-9
4.1791937371683445e-9
3.7229914320478173e-9
3.952877835301315e-9
4.275338822793517e-9
4.711424287732339e-9
4.2492714948446425e-9
4.644570908110872e-9
5.1600821524590716e-9
5.250055521495623e-9
5.917910179201623e-9
7.138153932340188e-9
8.614444855512868e-11
1.316321321544884e-10
1.52066194295896e-10
1.6282401366655196e-10
1.7142369407207606e-10
1.806622176534272e-10
1.873717241041494e-10
1.914983015439071e-10
1.9525756956456715e-10
1.9813758508796044e-10
2.0127329124312393e-10
2.038308724842678e-10
2.0570457430164567e-10
2.0847197330561382e-10
2.1218998034656237e-10
2.314517652205925e-10
2.880633911814102e-10
3.1975869918972855e-10
3.459732213053342e-10
3.7433396429128113e-10
3.9506780255016927e-10
4.0780484311526613e-10
4.1942570506816585e-10
4.283115198358976e-10
4.379791050961416e-10
4.458384871401718e-10
4.5160850800275875e-10
4.600851600950936e-10
4.714314678427572e-10
3.782084479434436e-10
4.326119049147686e-10
4.791634982799344e-10
5.298592236813598e-10
5.67073065244674e-10
5.899971840884884e-10
6.109224109092407e-10
6.269561782233458e-10
6.443850219893023e-10
6.585354346447594e-10
6.689368225898266e-10
6.841951207832478e-10
7.046294400716534e-10
5.055461936363691e-10
5.70892606380058e-10
6.430063114302056e-10
6.962479499189174e-10
7.292218802292763e-10
7.592943535876999e-10
7.824117986065657e-10
8.075248712629787e-10
8.279013034937811e-10
8.428790749578486e-10
8.648478267646623e-10
8.942899454051042e-10
6.594932974561697e-10
7.612274169613091e-10
8.376053914967669e-10
8.853347393057848e-10
9.288622505936141e-10
9.624161026784163e-10
9.988435493035422e-10
1.0283975998478938e-9
1.0501094989050793e-9
1.0819663053522616e-9
1.1246832931816016e-9
9.073537001318915e-10
1.0226723678200345e-9
1.0957351866049754e-9
1.1622546667810088e-9
1.2135706516809247e-9
1.2692622732387579e-9
1.3144455537754663e-9
1.3476541629319854e-9
1.3963456430409218e-9
1.4616976724756176e-9
1.1817027937073242e-9
1.2865257166968836e-9
1.380438991669292e-9
1.452540840721513e-9
1.530853934868362e-9
1.5943967722987764e-9
1.641170780616548e-9
1.7096531175855264e-9
1.8016553386994019e-9
1.423584914215559e-9
1.5488644256881695e-9
1.6428948830796165e-9
1.744659412833934e-9
1.827285381421316e-9
1.8882022782553454e-9
1.9773388745696715e-9
2.0970705266787745e-9
1.7196379237568954e-9
1.8487661912209815e-9
1.985078024956841e-9
2.095285414305822e-9
2.176710146702439e-9
2.2958758887338506e-9
2.45584496456137e-9
2.0160761455931034e-9
2.194216603227839e-9
2.3343514263998005e-9
2.4378032360475825e-9
2.58950896733538e-9
2.793126784764151e-9
2.436965163370632e-9
2.626511654072853e-9
2.7619985223331715e-9
2.961206928890968e-9
3.2292688570047387e-9
2.876618033073168e-9
3.0537374547608606e-9
3.3029927895786013e-9
3.6397929302034905e-9
3.2804540970503e-9
3.5845968654632065e-9
3.981677878012656e-9
4.044559272316945e-9
4.553460961769985e-9
5.476912005532633e-9
6.821712464348322e-11
1.0516901897283085e-10
1.2175347678371916e-10
1.304647124260918e-10
1.37413162243886e-10
1.448729898299038e-10
1.5028481494753743e-10
1.5361479316755533e-10
1.5664652237858924e-10
1.589683456119662e-10
1.6149629106010188e-10
1.635581193913913e-10
1.6506945480410588e-10
1.673010414154746e-10
1.702971953493103e-10
1.863193910727262e-10
2.3209384447444613e-10
2.576166460327173e-10
2.786624955604737e-10
3.0140570918603516e-10
3.180188617800631e-10
3.282242085909545e-10
3.3753310963226194e-10
3.4464966984379126e-10
3.523926153439029e-10
3.5868733346774516e-10
3.6330941056436726e-10
3.700990398674615e-10
3.791857612633248e-10
3.046114264891797e-10
3.481193137055949e-10
3.8521495578395567e-10
4.2556170353948046e-10
4.5515698906491806e-10
4.733835704378527e-10
4.9001942664471e-10
5.027631709923154e-10
5.166166561564256e-10
5.278645354407596e-10
5.361331309481696e-10
5.482619852913427e-10
5.645037202415096e-10
4.0616822353011867e-10
4.5793926069586903e-10
5.149775405231412e-10
5.570546294887497e-10
5.831035359231587e-10
6.068598918846052e-10
6.251164077547361e-10
6.449502298961001e-10
6.610438961249588e-10
6.728744952098255e-10
6.902260469933955e-10
7.134781196867882e-10
5.276926083810799e-10
6.075106184956566e-10
6.673506345764496e-10
7.04719421787241e-10
7.387985635239254e-10
7.65060865431526e-10
7.935741948431965e-10
8.16708153483879e-10
8.337050060933309e-10
8.586416573894595e-10
8.920766786945016e-10
7.212168514889216e-10
8.107731088109675e-10
8.674788530539039e-10
9.191252513700476e-10
9.589591680113914e-10
1.0021909795447815e-9
1.0372657375178544e-9
1.063046869715072e-9
1.1008445844778906e-9
1.1515724706570157e-9
9.338461745274113e-10
1.0149649796415146e-9
1.0878001040841666e-9
1.1437244698098104e-9
1.2044606070922368e-9
1.253738419682492e-9
1.2900152874903342e-9
1.343123090514446e-9
1.4144682298181466e-9
1.1205570324085455e-9
1.2171332547067635e-9
1.2897308905368893e-9
1.3682884886075814e-9
1.432062237056308e-9
1.4790832464114103e-9
1.547879464294668e-9
1.6402903291081113e-9
1.347256692493516e-9
1.4456633653937884e-9
1.549537774068101e-9
1.6335033891825336e-9
1.695547480348755e-9
1.7863389112844913e-9
1.9082272884510814e-9
1.572121497437898e-9
1.7067170460026426e-9
1.8124331724491711e-9
1.8904890924658784e-9
2.0049556506388514e-9
2.158610673340653e-9
1.889880352720302e-9
2.0326627887134377e-9
2.1344709062289825e-9
2.2842306123761897e-9
2.4858272567939853e-9
2.2224774399265072e-9
2.3565411389855423e-9
2.5449207270262965e-9
2.7996204365393875e-9
2.5295599179960166e-9
2.76130150093817e-9
3.064073063349507e-9
3.1132063641758838e-9
3.5062922575196415e-9
4.211418338439753e-9
5.333086848116051e-11
8.318285994249704e-11
9.662495847733568e-11
1.036758037333415e-10
1.092910751133802e-10
1.153174810321449e-10
1.196853570869298e-10
1.2237452773613886e-10
1.24822074106512e-10
1.26695988574454e-10
1.287357709402211e-10
1.3039867025079264e-10
1.3161783401414335e-10
1.3341746905583647e-10
1.3583411742689052e-10
1.491227619275449e-10
1.8630675429451417e-10
2.069787558094484e-10
2.2398362475667387e-10
2.4234477001927224e-10
2.557493179628529e-10
2.6398393504889646e-10
2.714942093115281e-10
2.772346658134171e-10
2.834803522587615e-10
2.8855744050621474e-10
2.922859158162814e-10
2.97762236132947e-10
3.0509115061975187e-10
2.450730119296726e-10
2.801722177662194e-10
3.100066900381501e-10
3.424234353925055e-10
3.6618939084576713e-10
3.8082331157872605e-10
3.9417951688407103e-10
4.044084240129334e-10
4.1552861056886444e-10
4.2455724320216793e-10
4.311949625437415e-10
4.4093080977382565e-10
4.539674667134929e-10
3.268323921256285e-10
3.6826798506302644e-10
4.1385656029871176e-10
4.4746578424954473e-10
4.682652189481234e-10
4.872341710661698e-10
5.018074206270506e-10
5.176405478953972e-10
5.304881605212687e-10
5.399331967810991e-10
5.537850238205291e-10
5.723463287970879e-10
4.2378159390093885e-10
4.871428837184922e-10
5.345964124434707e-10
5.642139170114421e-10
5.91223934059787e-10
6.120323154807802e-10
6.346257379990204e-10
6.529567739133788e-10
6.664259181934598e-10
6.861855984309354e-10
7.126780208484506e-10
5.767944333295051e-10
6.472100970230888e-10
6.917556195944069e-10
7.323232033187654e-10
7.636056501811262e-10
7.975592495354115e-10
8.251067553552924e-10
8.4535563983945e-10
8.750421337159339e-10
9.148811293574458e-10
7.431743634547574e-10
8.062190828196938e-10
8.628034712220967e-10
9.062498022357925e-10
9.534403399329864e-10
9.917292766058413e-10
1.0199147370709353e-9
1.061179481132196e-9
1.1166095438580044e-9
8.877216821079427e-10
9.622236651851883e-10
1.0182436980385442e-9
1.0788881617793088e-9
1.1281222434401793e-9
1.1644186194512859e-9
1.2175276239472267e-9
1.2888611577479059e-9
1.0623595257870763e-9
1.1381551778760926e-9
1.2183015234691824e-9
1.2831038349561585e-9
1.3309749561661847e-9
1.4010306019362944e-9
1.4950751174841851e-9
1.2353303883457418e-9
1.3388810698361798e-9
1.4204058258120273e-9
1.4805798349631986e-9
1.5688127202328274e-9
1.6872436047879383e-9
1.4785612794050007e-9
1.5876596608097226e-9
1.6655779910381939e-9
1.7801268670248975e-9
1.934294848884092e-9
1.7310342377627143e-9
1.8324412166796685e-9
1.9747573306190853e-9
2.167167115018654e-9
1.962630128821292e-9
2.1362970377102373e-9
2.362677006572495e-9
2.4018565555769885e-9
2.6936290811099812e-9
3.229668112447965e-9
4.1060688965302463e-11
6.493828453991865e-11
7.576923372038788e-11
8.144866647851401e-11
8.596844691954546e-11
9.081827549607383e-11
9.433094549780942e-11
9.649470969029806e-11
9.846339409898578e-11
9.997020846078351e-11
1.0161032590138446e-10
1.0294727722833199e-10
1.0392777370501294e-10
1.0537410532958666e-10
1.0731483741817887e-10
1.1823520215775439e-10
1.4844122446975738e-10
1.6521081447373418e-10
1.78985857486807e-10
1.9384989716574274e-10
2.0469702184904135e-10
2.1136038967621373e-10
2.174372129917826e-10
2.220812022461461e-10
2.2713403660268436e-10
2.3124130640363207e-10
2.342580418112609e-10
2.3868806382371085e-10
2.446158269164903e-10
1.9621031976608177e-10
2.2466998330048073e-10
2.488119619933124e-10
2.750219762025376e-10
2.942298682507778e-10
3.060549266219962e-10
3.1684764100219996e-10
3.2511161612777974e-10
3.340960495537217e-10
3.4139060484888455e-10
3.4675399508522104e-10
3.546198237688619e-10
3.6515176108264346e-10
2.6243177838023867e-10
2.958631881726565e-10
3.326026931228532e-10
3.596738710537555e-10
3.7642177714050657e-10
3.9169640325891934e-10
4.034286947674445e-10
4.161757769993377e-10
4.265193603334612e-10
4.341241687373026e-10
4.4527614555234937e-10
4.60218711354607e-10
3.4047154274203497e-10
3.9126450832027233e-10
4.292659683422817e-10
4.529714203712312e-10
4.7459105566882e-10
4.912427408140093e-10
5.093237803163337e-10
5.239936861519994e-10
5.347736550241841e-10
5.505868971761444e-10
5.717869978080605e-10
4.626745282640598e-10
5.185955186441651e-10
5.539403251605384e-10
5.861366890811675e-10
6.109612947057751e-10
6.379062453078657e-10
6.59767320223653e-10
6.758367428073555e-10
6.993954515792644e-10
7.310085764054563e-10
5.942710079361114e-10
6.438992712505861e-10
6.885061296442879e-10
7.227660547555394e-10
7.599760203112513e-10
7.901657283378196e-10
8.123882266268255e-10
8.449246820879866e-10
8.886257184271982e-10
7.076871029436105e-10
7.660393921067234e-10
8.099880381880066e-10
8.575644655735349e-10
8.961839642685105e-10
9.24652584582742e-10
9.663112194157152e-10
1.0222601742322089e-9
8.437169073588662e-10
9.025370244576431e-10
9.647754244933116e-10
1.0150958083521353e-9
1.0522655569587578e-9
1.1066637222895596e-9
1.1796859130374062e-9
9.773005665270144e-10
1.0569768385012215e-9
1.1197105005259626e-9
1.1660185856658666e-9
1.2339234686031194e-9
1.3250671463546496e-9
1.1638351944981398e-9
1.2473402223948423e-9
1.3070151172463839e-9
1.3947695460233007e-9
1.5128641922584354e-9
1.356939035432494e-9
1.4345357038653873e-9
1.5437956910303962e-9
1.6914393413116267e-9
1.5336702134225955e-9
1.6668683918487387e-9
1.8409375568105059e-9
1.8670759750506347e-9
2.0898763578282697e-9
2.4897138236618357e-9
3.107870946965891e-11
4.991644209974206e-11
5.8555102444911e-11
6.30887906740499e-11
6.669736496816067e-11
7.056961317224002e-11
7.337329519553051e-11
7.510101946973774e-11
7.667272421308139e-11
7.787550477290227e-11
7.918452773547414e-11
8.025121561241851e-11
8.103366862331676e-11
8.218752206330371e-11
8.373559063381347e-11
9.257227551597099e-11
1.1699001113346442e-10
1.3055115087587928e-10
1.4168706091787563e-10
1.5369887741016548e-10
1.6246368957172594e-10
1.6784761368965235e-10
1.7275773667617312e-10
1.7650970105912464e-10
1.8059199728990104e-10
1.8391004971437922e-10
1.8634747895778446e-10
1.8992620333368732e-10
1.9471467964556942e-10
1.5574822090247895e-10
1.7883551696332453e-10
1.984050589853313e-10
2.1964000628366377e-10
2.351996729754651e-10
2.447774013083375e-10
2.535195190993289e-10
2.602125317427227e-10
2.6748919842534345e-10
2.733970026851135e-10
2.777412351345626e-10
2.841116506857541e-10
2.926411746827197e-10
2.0947271130612274e-10
2.365561806629893e-10
2.6629669043510495e-10
2.882049711451444e-10
3.0175583651053784e-10
3.1411547662037253e-10
3.2360749959288705e-10
3.3392071531679007e-10
3.4228918176088563e-10
3.48442379313498e-10
3.574648429831776e-10
3.6955382602665704e-10
2.726192144173218e-10
3.136099666416573e-10
3.4425690642300364e-10
3.6336767355350445e-10
3.807980477820608e-10
3.942210888198356e-10
4.0879679530301023e-10
4.2062239388376454e-10
4.2931300055197557e-10
4.4206029039855286e-10
4.591496771882632e-10
3.7098553177937253e-10
4.158168746869789e-10
4.441368968739436e-10
4.6993937070314e-10
4.898322655347764e-10
5.114248494711647e-10
5.289431583062111e-10
5.418207500216085e-10
5.606995431736211e-10
5.860317031842617e-10
4.761383446120051e-10
5.156280576479148e-10
5.511591439813677e-10
5.784517902477421e-10
6.080943990931561e-10
6.321439982538942e-10
6.498462420645037e-10
6.757652182862268e-10
7.105759625179297e-10
5.66054047650637e-10
6.121770752569442e-10
6.469491908308554e-10
6.845989846451926e-10
7.151602973749215e-10
7.376867554648819e-10
7.706513619424299e-10
8.149224614625218e-10
6.730517877202053e-10
7.19181398386273e-10
7.680567182573187e-10
8.075847735413294e-10
8.367770503999585e-10
8.795005856827878e-10
9.368513593287543e-10
7.774621749338427e-10
8.396478144368123e-10
8.887105392890521e-10
9.249207303891633e-10
9.780101501090738e-10
1.0492681621119057e-9
9.223715792848056e-10
9.871546897498315e-10
1.0335404093396744e-9
1.101713618356573e-9
1.193442852911303e-9
1.0712900964182012e-9
1.130965407794593e-9
1.2150235316535624e-9
1.3285920524791255e-9
1.2066033605692494e-9
1.3082085575428763e-9
1.4409608747691236e-9
1.4601893751378576e-9
1.629324133263082e-9
1.9321335587305037e-9
2.3100302356546034e-11
3.771404773265547e-11
4.450939990311209e-11
4.808286605487835e-11
5.0930251533784646e-11
5.398652842483631e-11
5.619954459390415e-11
5.7563660174661635e-11
5.88045278559262e-11
5.975405417064474e-11
6.078732447728087e-11
6.162914124170983e-11
6.22468607687023e-11
6.315736003836283e-11
6.437826831707088e-11
7.138538518017078e-11
9.093632901522468e-11
1.0181770693366773e-10
1.1076050376887913e-10
1.2040626201571312e-10
1.2744604646220186e-10
1.3177003934186522e-10
1.357138815348742e-10
1.387273393081925e-10
1.4200610228060856e-10
1.4467083348205378e-10
1.4662867684711362e-10
1.4950266108753838e-10
1.5334790079543367e-10
1.22170074544567e-10
1.4081650214892278e-10
1.5663081080096878e-10
1.7378841955795648e-10
1.863619189359207e-10
1.941008844759741e-10
2.011653368449863e-10
2.0657374886350866e-10
2.1245379928557222e-10
2.1722749143195089e-10
2.2073818526821537e-10
2.2588560011911153e-10
2.327776260502918e-10
1.6561393895840495e-10
1.875404096286089e-10
2.1161114607052075e-10
2.293431856151453e-10
2.4030989478141527e-10
2.5031330779018513e-10
2.5799559390614045e-10
2.663424606410878e-10
2.7311512018404795e-10
2.780954124227802e-10
2.8539729370542663e-10
2.9518091231445107e-10
2.1674195249370896e-10
2.4990460234625035e-10
2.746922842178238e-10
2.9014682905831005e-10
3.0424347187036975e-10
3.1509889685585763e-10
3.268866082588834e-10
3.364498760615056e-10
3.434784709747144e-10
3.5378706444988315e-10
3.6760706999180126e-10
2.962354437324758e-10
3.323857133502341e-10
3.552150300190367e-10
3.760185884078966e-10
3.920580655134311e-10
4.0946822208606024e-10
4.2359285159827963e-10
4.339761202270095e-10
4.4919767780464907e-10
4.696220353942788e-10
3.8083601675916184e-10
4.1250890004013544e-10
4.410317331016241e-10
4.629476505118374e-10
4.867506326446737e-10
5.060616394456999e-10
5.202755879669286e-10
5.410874699741022e-10
5.690379648617422e-10
4.52745747405795e-10
4.895539753305228e-10
5.173400663499082e-10
5.474329630798101e-10
5.718580351003998e-10
5.898600729540561e-10
6.162045591746479e-10
6.515840950521049e-10
5.377914844787387e-10
5.743810602125578e-10
6.132094619546454e-10
6.446155175589071e-10
6.678052368893444e-10
7.017443636612089e-10
7.473034861700749e-10
6.203004072072994e-10
6.693421533050259e-10
7.080907459217895e-10
7.366843582553448e-10
7.786035369554381e-10
8.348692692440896e-10
7.339714103377674e-10
7.846497520473784e-10
8.209787179067202e-10
8.743680086300822e-10
9.461988762148623e-10
8.499293911234883e-10
8.962937288642948e-10
9.61755158185039e-10
1.0501775880681493e-9
9.546449185261915e-10
1.033452715810589e-9
1.136655328361806e-9
1.1495312392677777e-9
1.2804903809558076e-9
1.5088928971892203e-9
1.6855517870567962e-11
2.7979380917750108e-11
3.3236060787487026e-11
3.600906387825836e-11
3.822301780364398e-11
4.060060717191485e-11
4.2322953483085667e-11
4.338479231503208e-11
4.435072839723449e-11
4.5089911486525984e-11
4.5894231600608226e-11
4.6549396737298945e-11
4.703028584617368e-11
4.773877387611799e-11
4.868869014731688e-11
5.4111575752991215e-11
6.955393136542165e-11
7.81812058445515e-11
8.528523717811411e-11
9.294994007382377e-11
9.854655997638122e-11
1.0198390392130427e-10
1.0511952478794019e-10
1.0751547771678075e-10
1.10122372932025e-10
1.1224087202717775e-10
1.1379763386838246e-10
1.1608237894534538e-10
1.1913931096382358e-10
9.444005136613902e-11
1.0936329418678112e-10
1.2204358495147207e-10
1.3580425235439252e-10
1.458919429690061e-10
1.5210088243016254e-10
1.5776933623660017e-10
1.6210925916653556e-10
1.6682757017934756e-10
1.7065787056005482e-10
1.7347509295129577e-10
1.7760517048763653e-10
1.831353233808364e-10
1.2928889447122794e-10
1.469421588165401e-10
1.6632627936846146e-10
1.8061000080728848e-10
1.894444507462418e-10
1.9750353052254718e-10
2.036931767872304e-10
2.1041811051755852e-10
2.158744291185774e-10
2.1988708971400855e-10
2.257696858366085e-10
2.3365199110325756e-10
1.7050995761129455e-10
1.972771363396054e-10
2.17287722805866e-10
2.297646249007048e-10
2.411460822281605e-10
2.499114010227275e-10
2.5942936773743726e-10
2.671508200958396e-10
2.728261242433687e-10
2.8114926042925925e-10
2.9230794432400184e-10
2.347033084142064e-10
2.6389150991026167e-10
2.823245456926718e-10
2.991247090322764e-10
3.120792887529603e-10
3.261407878024015e-10
3.375482407735983e-10
3.459342945276355e-10
3.5822757245213887e-10
3.7472305236969923e-10
3.0295007027167566e-10
3.2846477748976974e-10
3.514592423669306e-10
3.691333446037011e-10
3.8832890561754665e-10
4.039012529579785e-10
4.153631666958493e-10
4.3214560495560875e-10
4.5468449121750256e-10
3.6077394456067474e-10
3.9033689447448543e-10
4.126802292567255e-10
4.3688254988306094e-10
4.5652478008918655e-10
4.710008699398178e-10
4.921857230836792e-10
5.206362810253441e-10
4.2887158857223833e-10
4.5812538841643214e-10
4.892077001225255e-10
5.143508772166708e-10
5.329135894918581e-10
5.600809039636298e-10
5.965506574508283e-10
4.946320857172865e-10
5.336502140147667e-10
5.645213103934226e-10
5.873005807080027e-10
6.206923432950725e-10
6.655132499328658e-10
5.84669051133231e-10
6.247398395489358e-10
6.535148991631354e-10
6.957947454670283e-10
7.52670356832087e-10
6.759488614039405e-10
7.123968994450815e-10
7.639907252317122e-10
8.336485248886053e-10
7.578741291372776e-10
8.196060852519278e-10
9.005634004660076e-10
9.091626905913162e-10
1.010930781452585e-9
1.1851557808869383e-9
1.207796587393141e-11
2.0376331472302423e-11
2.4367285367146004e-11
2.648141593734293e-11
2.8174084590653684e-11
2.9993243655929264e-11
3.1312066119499865e-11
3.212521217444026e-11
3.286500651963392e-11
3.343122706211794e-11
3.404732688461742e-11
3.454909207966824e-11
3.491749127664612e-11
3.5460062964130577e-11
3.618743629775714e-11
4.0271537349806715e-11
5.226431734958295e-11
5.899977836373279e-11
6.45623741849787e-11
7.056781717811388e-11
7.495592181215834e-11
7.765096408629467e-11
8.010992806770855e-11
8.198899337271744e-11
8.403349524745638e-11
8.56948146784486e-11
8.69158016938868e-11
8.870742466068805e-11
9.110468287487942e-11
7.179400218298883e-11
8.358081579009398e-11
9.362658901144583e-11
1.0453504700408572e-10
1.1253618046844533e-10
1.1746135028483503e-10
1.2195837475527165e-10
1.254019134980205e-10
1.291455671914436e-10
1.3218442202436288e-10
1.3441976388067724e-10
1.3769639558128933e-10
1.4208412559197616e-10
9.94063199933642e-11
1.1347658616747923e-10
1.2893778121151344e-10
1.4033670746187227e-10
1.4738835279166385e-10
1.5382156225741044e-10
1.5876342336932246e-10
1.6413242913860022e-10
1.6848830379878016e-10
1.716919158207593e-10
1.7638803855385477e-10
1.826810041015307e-10
1.3234523428310426e-10
1.5379791212545627e-10
1.6984448013990696e-10
1.7985270045441639e-10
1.8898282036287297e-10
1.9601568464352349e-10
2.036521583308434e-10
2.0984688653003576e-10
2.1440023987165728e-10
2.210775943156635e-10
2.30030394067264e-10
1.838957803641765e-10
2.0738031973414507e-10
2.2221657751835526e-10
2.3574039801780986e-10
2.461707717937475e-10
2.5749206675751525e-10
2.666760992119974e-10
2.734277684375609e-10
2.833248744559584e-10
2.966057433494029e-10
2.388363003012531e-10
2.593855965218343e-10
2.7791507636154915e-10
2.921619099697548e-10
3.0763478152135533e-10
3.201865258992166e-10
3.2942510991341404e-10
3.429520340643889e-10
3.6111932970299734e-10
2.853806004944159e-10
3.0917135257855497e-10
3.271683338130557e-10
3.4666511553568315e-10
3.6248722013274685e-10
3.741475576675128e-10
3.9121167409635233e-10
4.1412895996110536e-10
3.400887277675938e-10
3.635755702087541e-10
3.885545272227959e-10
4.087621709216433e-10
4.236796032543832e-10
4.455116359604154e-10
4.748204084592563e-10
3.927761098031279e-10
4.2400450747102314e-10
4.487415877543672e-10
4.669940729210666e-10
4.937473169767069e-10
5.296586928076496e-10
4.645970038130277e-10
4.965259076287457e-10
5.194907108469535e-10
5.532258158821361e-10
5.986015559975902e-10
5.370535646054504e-10
5.659528987303749e-10
6.069479718612904e-10
6.62276713117637e-10
6.017338118876283e-10
6.505142192643988e-10
7.145846803897751e-10
7.202787174019393e-10
8.00380790028521e-10
9.346369972810851e-10
8.507497151209213e-12
1.4573092830663763e-11
1.7543667723128615e-11
1.9125319138272615e-11
2.0396163170942186e-11
2.1763371779568156e-11
2.2755545436361326e-11
2.336735426936543e-11
2.3924086948133598e-11
2.435030223343082e-11
2.4814074036410722e-11
2.5191734921387565e-11
2.5469096340086034e-11
2.5877477574883174e-11
2.6424942960907032e-11
2.941281267945144e-11
3.854883189089194e-11
4.3713377308998954e-11
4.7994917019188104e-11
5.2621833428993055e-11
5.600552351230133e-11
5.8083822388634446e-11
5.998050390422515e-11
6.143007673199202e-11
6.300727077821717e-11
6.428875851999396e-11
6.523071015425994e-11
6.661266857308129e-11
6.846193253257245e-11
5.359885705103311e-11
6.275566338725924e-11
7.059154711993427e-11
7.910870599123377e-11
8.53601337459631e-11
8.920911889287341e-11
9.27239689861149e-11
9.541599895018791e-11
9.834250817231742e-11
1.0071786794094628e-10
1.0246531070536332e-10
1.0502649501195556e-10
1.0845652090008392e-10
7.513340033573744e-11
8.619209638513605e-11
9.835865976825528e-11
1.0733486336258011e-10
1.1288977907044693e-10
1.1795781035849353e-10
1.2185204669494147e-10
1.260826243645245e-10
1.2951462387938852e-10
1.3203889751416298e-10
1.3573893836676962e-10
1.4069760292453668e-10
1.0111456170208308e-10
1.1811365368705213e-10
1.3084045490912343e-10
1.3878225096562783e-10
1.4602761186427667e-10
1.5161027622507599e-10
1.5767174227759232e-10
1.625885186031038e-10
1.6620260308335071e-10
1.715023587879487e-10
1.7860873354497665e-10
1.42100046618434e-10
1.6084240460934986e-10
1.7269065832572054e-10
1.8349175618445669e-10
1.9182444257248744e-10
2.0086848239262592e-10
2.082048232035341e-10
2.1359821600748502e-10
2.2150406820053648e-10
2.3211367443240598e-10
1.8603073453403794e-10
2.024984416417009e-10
2.1735150011852867e-10
2.287749907424127e-10
2.411811995986664e-10
2.5124481471939376e-10
2.586520895016124e-10
2.6949740767477983e-10
2.840640957505481e-10
2.233557550027681e-10
2.424488239608505e-10
2.569001694286564e-10
2.72556970086709e-10
2.852621014499429e-10
2.9462531241939725e-10
3.08327448718207e-10
3.267305868606302e-10
2.6725220647412817e-10
2.8610267709872994e-10
3.0616314809698195e-10
3.223925626300089e-10
3.3437264025448974e-10
3.5190536668504157e-10
3.7544367313737127e-10
3.0950286952374945e-10
3.345389002927186e-10
3.543870614078197e-10
3.690321398255131e-10
3.904960145334406e-10
4.193085565895669e-10
3.669697855990186e-10
3.925053534823365e-10
4.108946879072806e-10
4.37904040931887e-10
4.742303110614097e-10
4.2476492731475597e-10
4.478034381733465e-10
4.805436231417092e-10
5.247189492778315e-10
4.761565356877274e-10
5.14958988411065e-10
5.659982419297534e-10
5.697706349161326e-10
6.333522804720022e-10
7.377368640004526e-10
5.899432899409132e-12
1.0246415424311994e-11
1.2413769765475067e-11
1.3574492884258585e-11
1.4511008972549104e-11
1.5519835041269766e-11
1.6252789896843447e-11
1.670483158074161e-11
1.711629462842842e-11
1.743139527027498e-11
1.7774287181723645e-11
1.805349306035422e-11
1.825860890595574e-11
1.8560555856332557e-11
1.89653846751996e-11
2.1087875698983392e-11
2.7905325564956765e-11
3.178800212426995e-11
3.502143100989153e-11
3.8520226638899404e-11
4.108131978124782e-11
4.2654653816809875e-11
4.409084320514e-11
4.5188669692179284e-11
4.638313887717726e-11
4.735358497904603e-11
4.806698699775498e-11
4.911349788402524e-11
5.051404685238838e-11
3.9271007427788316e-11
4.6250673178799435e-11
5.225249022611712e-11
5.878467863120214e-11
6.35829005685935e-11
6.653819285124539e-11
6.92372371086213e-11
7.13050194459035e-11
7.355276306693811e-11
7.537703526423189e-11
7.671917112354912e-11
7.868613982279794e-11
8.132068980609601e-11
5.575719957905346e-11
6.43014435666691e-11
7.371688869400613e-11
8.066917892161907e-11
8.497381712987011e-11
8.890127624866438e-11
9.192016512443533e-11
9.519954514517767e-11
9.785967666827841e-11
9.981631105004052e-11
1.0268417720784936e-10
1.0652803135055877e-10
7.591859564415854e-11
8.918864104332033e-11
9.913543478428306e-11
1.0534688886735034e-10
1.1101379275541867e-10
1.153818210452069e-10
1.2012412551501239e-10
1.2397062476514404e-10
1.2679799541065129e-10
1.3094404280494265e-10
1.3650398965536728e-10
1.0805711950543988e-10
1.2283344418962092e-10
1.3218321742847515e-10
1.4070694466998995e-10
1.4728475532235641e-10
1.5442370307754133e-10
1.602144119520882e-10
1.6447152922419797e-10
1.707116722645196e-10
1.790866901859966e-10
1.4280090150435046e-10
1.558743828069638e-10
1.6766574400247637e-10
1.7673670706641117e-10
1.865877185575554e-10
1.9457833705124276e-10
2.0045990666576413e-10
2.090710748152665e-10
2.20638016998543e-10
1.7248761848139657e-10
1.8769862195221915e-10
1.9921388596938138e-10
2.1168988876687398e-10
2.2181348079731016e-10
2.292743916648375e-10
2.4019228629854697e-10
2.548570268331957e-10
2.0750387085559365e-10
2.2255866691442635e-10
2.385832987339382e-10
2.5154775092567857e-10
2.6111777121883426e-10
2.751229235214825e-10
2.9392641658531645e-10
2.412598792306117e-10
2.612721269212949e-10
2.7714424826114475e-10
2.88855903264315e-10
3.0601937599638294e-10
3.29060196736364e-10
2.871768599067563e-10
3.0758552112976263e-10
3.2229471897655767e-10
3.438967836040282e-10
3.729493223025856e-10
3.333082188772485e-10
3.5169734045731805e-10
3.7786629127154666e-10
4.131683928409435e-10
3.7424261544345334e-10
4.0519062152712957e-10
4.459448352588798e-10
4.485073490943327e-10
4.991779366704023e-10
5.809815040466952e-10
4.034517985979901e-12
7.093261195912181e-12
8.644339258997382e-12
9.48024502436004e-12
1.0157795095792777e-11
1.0888781446449368e-11
1.1420545274770231e-11
1.1748592118808933e-11
1.2047292683760846e-11
1.2276125085051477e-11
1.2525170778223899e-11
1.2727958775849448e-11
1.2876981172440448e-11
1.3096328293818622e-11
1.3390485433267575e-11
1.4856297973461047e-11
1.983789027099692e-11
2.2697792421407e-11
2.5091479113887572e-11
2.768571707317487e-11
2.958655632781816e-11
3.075462990360754e-11
3.182112591564329e-11
3.263654388863252e-11
3.35237242866369e-11
3.4244468571242533e-11
3.4774355977496946e-11
3.555158877630916e-11
3.659190836334177e-11
2.824103419248896e-11
3.3453212840107543e-11
3.7959470563773246e-11
4.287173313871853e-11
4.648304622888118e-11
4.870834369796291e-11
5.0740851551499924e-11
5.229851862859964e-11
5.399161378440081e-11
5.5365617327900316e-11
5.637654483161172e-11
5.785802161908912e-11
5.984256271287948e-11
4.06091990235861e-11
4.708434154035392e-11
5.4233712989067316e-11
5.951765115548652e-11
6.279139274685414e-11
6.57782705253873e-11
6.807511441301338e-11
7.05699254425107e-11
7.25934715890714e-11
7.408190164868491e-11
7.626345866203454e-11
7.918779769275168e-11
5.596358689693559e-11
6.614059990634361e-11
7.377975628156158e-11
7.855431428706831e-11
8.291027691254496e-11
8.626924197684718e-11
8.99157018123546e-11
9.287319014181337e-11
9.504704181131316e-11
9.823479839432379e-11
1.0251011365086405e-10
8.07440267861099e-11
9.221385434193781e-11
9.947967664994737e-11
1.0610340139026479e-10
1.1121666119305847e-10
1.1676575457766493e-10
1.2126668792415313e-10
1.2457559179770643e-10
1.2942577828887912e-10
1.3593598795411966e-10
1.0782622713924551e-10
1.1806913330400324e-10
1.2730463103224118e-10
1.3441066381180276e-10
1.4212756208250422e-10
1.4838693967434415e-10
1.529943538549743e-10
1.5973973685870019e-10
1.6880140752596087e-10
1.3115274951789557e-10
1.4313396978397874e-10
1.5220254037275519e-10
1.6202735383282397e-10
1.6999950701711766e-10
1.7587516415490667e-10
1.8447283598161851e-10
1.960220571904645e-10
1.5880735493034663e-10
1.7072064319961623e-10
1.83399163318165e-10
1.9365619832248843e-10
2.0122810805793046e-10
2.123086749059245e-10
2.2718643639480364e-10
1.8556089469871e-10
2.0144037819518606e-10
2.140347065813558e-10
2.2332834789447607e-10
2.36947600983759e-10
2.552313196203761e-10
2.2203564239467963e-10
2.382629334048333e-10
2.499629372935988e-10
2.671450140922641e-10
2.902530325204158e-10
2.587201536075379e-10
2.7335235866424167e-10
2.9419179266402683e-10
3.2230173026341506e-10
2.9126595665430626e-10
3.159036907685489e-10
3.483741133157486e-10
3.5020894009945e-10
3.9058307834454176e-10
4.5500452965810366e-10
2.7262483433724378e-12
4.843392519983928e-12
5.93362524013976e-12
6.5249470351226566e-12
7.006575930676443e-12
7.527094252834149e-12
7.906245412658368e-12
8.140232173127869e-12
8.353368719955732e-12
8.516722309695093e-12
8.694535776754584e-12
8.839330817204772e-12
8.9457705685407e-12
9.102436207739429e-12
9.312613467182851e-12
1.0299525477859818e-11
1.386626350826374e-11
1.593058043906036e-11
1.7667564169405195e-11
1.9553477877634084e-11
2.0936704588795e-11
2.178703920637962e-11
2.2563578872662478e-11
2.315746600386719e-11
2.3803599127940372e-11
2.4328491078230445e-11
2.471441707278194e-11
2.5280453491243804e-11
2.603820709451181e-11
1.9949081992360922e-11
2.3760425551234363e-11
2.707441408696187e-11
3.0693469910775393e-11
3.335636238172635e-11
3.499814189723143e-11
3.6497746123204857e-11
3.7647445693080314e-11
3.8896992130004854e-11
3.991095890019101e-11
4.065701938086783e-11
4.175030296678078e-11
4.3215022403949286e-11
2.903487700109771e-11
3.384186734457708e-11
3.9161114553836925e-11
4.3096327233119075e-11
4.553620362915554e-11
4.776219813179619e-11
4.9474702115211924e-11
5.133463583358507e-11
5.2843113521515045e-11
5.3952685034282724e-11
5.557894956582028e-11
5.7759194189775824e-11
4.049332910282063e-11
4.8146582733735396e-11
5.390040172335809e-11
5.75000779384988e-11
6.078406191171026e-11
6.331752660910339e-11
6.60675779883319e-11
6.829791693537356e-11
6.993722256647208e-11
7.23411811968086e-11
7.556563303783587e-11
5.924055197581413e-11
6.798443435118696e-11
7.35304533896248e-11
7.858593542863169e-11
8.248983929073767e-11
8.67262061283567e-11
9.016226626153009e-11
9.268829161456517e-11
9.639091293432143e-11
1.0136132957913028e-10
7.99897371528233e-11
8.788576624760875e-11
9.500100861286814e-11
1.0047615340051582e-10
1.0642184563128915e-10
1.1124448356773706e-10
1.147944909602622e-10
1.19991512725895e-10
1.2697392413510232e-10
9.803940838754809e-11
1.0733854977391947e-10
1.1437314873345793e-10
1.2199372395165516e-10
1.281773209013082e-10
1.3273514147521827e-10
1.3940402480790084e-10
1.483630969296218e-10
1.1958639171274727e-10
1.288930289121117e-10
1.3879197458483467e-10
1.467997898738904e-10
1.5271192582702989e-10
1.613631862042429e-10
1.7297975086676188e-10
1.4054080815257885e-10
1.5300035519472588e-10
1.628781972433515e-10
1.701679759669446e-10
1.808504702349088e-10
1.9519213816628438e-10
1.692318292330002e-10
1.8201611616639003e-10
1.9123314021102796e-10
2.0476914056363066e-10
2.2297411317155268e-10
1.9817579808335923e-10
2.0973391382036357e-10
2.261989288125647e-10
2.484083060049631e-10
2.2389755186374188e-10
2.433918953723527e-10
2.690939386802e-10
2.705051509336987e-10
3.0253031966250304e-10
3.533227897089302e-10
1.8236188100754613e-12
3.2681087688411456e-12
4.022053220991551e-12
4.43352347308214e-12
4.7703010046090804e-12
5.134954324015174e-12
5.400918015954663e-12
5.565128980285667e-12
5.714769372214868e-12
5.829513722084565e-12
5.954442964540681e-12
6.056187611800533e-12
6.131006923013495e-12
6.241139444172086e-12
6.388966429958814e-12
7.039367086940889e-12
9.545178020895974e-12
1.1006809365464433e-11
1.2243238692355762e-11
1.3588286891247012e-11
1.4575793286193284e-11
1.51831368297288e-11
1.5737862010312314e-11
1.6162237192682148e-11
1.6623930807952124e-11
1.69989784957192e-11
1.727474851192698e-11
1.7679206710114223e-11
1.8220745462733753e-11
1.3860641266755108e-11
1.6590956777680438e-11
1.8978567162642173e-11
2.1590946047262205e-11
2.3514791201452404e-11
2.470161278692142e-11
2.5785666805872684e-11
2.6617104175192472e-11
2.752066939817993e-11
2.8253828992188238e-11
2.8793291128989984e-11
2.9583810231018296e-11
3.064303397235143e-11
2.0397882124290828e-11
2.389257774104476e-11
2.7768740187362976e-11
3.063923780916832e-11
3.242031002394995e-11
3.404515135248693e-11
3.529573501845814e-11
3.665386148709342e-11
3.775527786487567e-11
3.856542305796609e-11
3.9752841008346753e-11
4.134493080770783e-11
2.8772158520040622e-11
3.4410147776747335e-11
3.865594958965037e-11
4.131483237156571e-11
4.374041430951454e-11
4.561246869194974e-11
4.764438585582282e-11
4.9292240872327134e-11
5.0503354716605264e-11
5.2279464128723695e-11
5.466201071221136e-11
4.267022798220213e-11
4.9205906739159276e-11
5.335675041767e-11
5.7139945669653335e-11
6.006222227220066e-11
6.323315809320224e-11
6.580501027062383e-11
6.769568885479623e-11
7.046701162050533e-11
7.41876437842559e-11
5.826597426375531e-11
6.424160492169441e-11
6.962178729870634e-11
7.376174142605318e-11
7.82574500734324e-11
8.190398234986418e-11
8.458839186903358e-11
8.851796323339059e-11
9.379811930541178e-11
7.198667713841095e-11
7.90803374070468e-11
8.444160256934681e-11
9.024870760808055e-11
9.496092565325025e-11
9.843458923753346e-11
1.0351676404522574e-10
1.1034481949447407e-10
8.850350260616095e-11
9.565980497409054e-11
1.0326467464266806e-10
1.0941608562878559e-10
1.1395834617034238e-10
1.206046898036839e-10
1.2952952096322887e-10
1.0467302043138314e-10
1.1430923413499661e-10
1.2194265283229833e-10
1.275767539419628e-10
1.3583303480191445e-10
1.4691771819788333e-10
1.2694572631921966e-10
1.3689047994059044e-10
1.440567780932074e-10
1.545819773059183e-10
1.6873847766996214e-10
1.4952233579797892e-10
1.585523518429128e-10
1.7141151018780336e-10
1.8875861828980492e-10
1.6965355063127335e-10
1.849256761046789e-10
2.0506090160253706e-10
2.0622797090797357e-10
2.3141535740605303e-10
2.713530639656838e-10
1.209615507368771e-12
2.1831712910194623e-12
2.6971697958976836e-12
2.9792988107997466e-12
3.211295751316928e-12
3.4629774525938405e-12
3.646774785449252e-12
3.760313790224921e-12
3.863823936715214e-12
3.943237303568984e-12
4.029723607402989e-12
4.1001747145109296e-12
4.152001855889917e-12
4.228303561771837e-12
4.3307900172753964e-12
4.752310474012327e-12
6.483179632588794e-12
7.500012295863963e-12
8.364564973020928e-12
9.306925141477998e-12
9.99944140902016e-12
1.0425559382528657e-11
1.0814811060233749e-11
1.1112688283708649e-11
1.1436751349128434e-11
1.1699992506191792e-11
1.1893562311929279e-11
1.217746021136142e-11
1.2557643865820663e-11
9.489165762771542e-12
1.1407869551131206e-11
1.3094868036240304e-11
1.4944225089746662e-11
1.6307292106282777e-11
1.714865288362798e-11
1.7917151426313822e-11
1.8506789949582506e-11
1.9147529416975803e-11
1.9667397243119092e-11
2.0049924879111767e-11
2.0610473853372513e-11
2.136164442252609e-11
1.4101327581959019e-11
1.6591001541949722e-11
1.93589136268321e-11
2.1410713166086197e-11
2.2684722576134604e-11
2.3846897450315296e-11
2.4741757871340024e-11
2.571349501388783e-11
2.6501512084645117e-11
2.7081124788317142e-11
2.7930673530501343e-11
2.906986780130296e-11
2.0097373230353495e-11
2.4165939178156054e-11
2.7235010136779358e-11
2.9158820652986815e-11
3.0913733043872234e-11
3.2268704701447425e-11
3.373926632711207e-11
3.49318378502398e-11
3.580828356740221e-11
3.709366075026877e-11
3.881807129600639e-11
3.01901102691841e-11
3.497623391211165e-11
3.801978531180323e-11
4.079325890273515e-11
4.293609052950425e-11
4.5261121006927226e-11
4.7146868591160537e-11
4.853315044446604e-11
5.056512189211574e-11
5.3293414824841576e-11
4.167828140646005e-11
4.611178075560702e-11
5.00991842679801e-11
5.3167005050272256e-11
5.6498454693861126e-11
5.920067509982784e-11
6.119006368690385e-11
6.410200302824212e-11
6.801522178182765e-11
5.190841199767835e-11
5.721746479083721e-11
6.122488363574101e-11
6.556481896038202e-11
6.908667133921249e-11
7.168318277629421e-11
7.548169071782814e-11
8.058551709835854e-11
6.433998840562178e-11
6.974487940424299e-11
7.548151785228324e-11
8.012117361067423e-11
8.354781036566005e-11
8.85614445954329e-11
9.52940627710534e-11
7.660424862497513e-11
8.39323590840461e-11
8.973069032073382e-11
9.401096536939902e-11
1.0028350525763065e-10
1.0870500835970949e-10
9.362320989721745e-11
1.0124060766211301e-10
1.0672486569084728e-10
1.1478074639610748e-10
1.2561693261096262e-10
1.1098211725313589e-10
1.1793888543802797e-10
1.2783677086697607e-10
1.4119147948153044e-10
1.2653606834921884e-10
1.3834431268727965e-10
1.5390648113183516e-10
1.5492391564162713e-10
1.7449739963427134e-10
2.0569896977039522e-10
7.968405747032202e-13
1.4463186852106842e-12
1.7924788568322386e-12
1.9834471716268435e-12
2.1411559516291026e-12
2.312564891478916e-12
2.4378869894963436e-12
2.5153454507454436e-12
2.5859943231766294e-12
2.640226233678412e-12
2.699308022495483e-12
2.7474498811283274e-12
2.7828804390231543e-12
2.835056808529226e-12
2.905198159343389e-12
3.175116748619873e-12
4.353236080497658e-12
5.0496835888029355e-12
5.644588533202717e-12
6.294267479445587e-12
6.772114980451361e-12
7.066276140930475e-12
7.335016657406179e-12
7.540733497074437e-12
7.764530821023664e-12
7.946324339327772e-12
8.080009709806286e-12
8.276082242897943e-12
8.538701273049913e-12
6.413592199762042e-12
7.738874614407824e-12
8.909859925486105e-12
1.0195893030663642e-11
1.1144494883719728e-11
1.1730334073065557e-11
1.2265428386629571e-11
1.2676126080655045e-11
1.3122387000728385e-11
1.3484445464640075e-11
1.3750856647441153e-11
1.4141254781599658e-11
1.4664467008553656e-11
9.61021931096098e-12
1.1350855268643807e-11
1.329032361791102e-11
1.472933505128444e-11
1.5623435190478006e-11
1.6438992961225457e-11
1.7067196044651457e-11
1.7749323063664208e-11
1.8302461440054786e-11
1.87093027376132e-11
1.9305634702657666e-11
2.0105355236786414e-11
1.3821537544031728e-11
1.6700056554309572e-11
1.8874920029557185e-11
2.023938785326381e-11
2.1483994547386588e-11
2.244528651776847e-11
2.348851333203835e-11
2.4334518756820244e-11
2.4956229980119847e-11
2.5868064502834064e-11
2.7091439876858418e-11
2.1005042309815918e-11
2.443931735996028e-11
2.662573257861244e-11
2.861767827401906e-11
3.015694500649059e-11
3.182700501508182e-11
3.318153224037838e-11
3.417729271752738e-11
3.5636831754720184e-11
3.759671220346921e-11
2.929706201572324e-11
3.252008330943389e-11
3.541506701976905e-11
3.7641843221960905e-11
4.0059999562278136e-11
4.202147480490566e-11
4.346564104625374e-11
4.55793366049676e-11
4.84201486699947e-11
3.6772737131435926e-11
4.0667355963728756e-11
4.3602508349516744e-11
4.6780537293231254e-11
4.9359689059885265e-11
5.1261472876930986e-11
5.404337300739464e-11
5.778152179685437e-11
4.594890264891097e-11
4.995288223339474e-11
5.4196191624064496e-11
5.762755589590405e-11
6.016238656664401e-11
6.387096070755937e-11
6.885116613650922e-11
5.507811569337727e-11
6.054861538584422e-11
6.487073381879113e-11
6.806179534814934e-11
7.273839056652936e-11
7.901722156002951e-11
6.785437261743363e-11
7.358808841088488e-11
7.771089216036348e-11
8.37680648718529e-11
9.191665352330236e-11
8.098228450358403e-11
8.625510621062192e-11
9.374655192734381e-11
1.0385698767895978e-10
9.281679027844608e-11
1.018052103188497e-10
1.1364202278234591e-10
1.1455092802121607e-10
1.2953914984341294e-10
1.5368091679078895e-10
5.220127765602912e-13
9.516642184217137e-13
1.1824123407777276e-12
1.3102604721020117e-12
1.4162404752561916e-12
1.5316250304038952e-12
1.6160741402532993e-12
1.6682976369757492e-12
1.7159520528575547e-12
1.752553332419375e-12
1.792443181278948e-12
1.8249589672822827e-12
1.8489007019726104e-12
1.8841712977585134e-12
1.931634962038419e-12
2.1031350903570134e-12
2.8950847347206208e-12
3.3657284094344132e-12
3.769390315653886e-12
4.210986830583146e-12
4.53603636310859e-12
4.736216451412505e-12
4.919114004496031e-12
5.059157923363043e-12
5.21150982130629e-12
5.3352690776237915e-12
5.426282488888525e-12
5.559774375272291e-12
5.738606650241233e-12
4.287933589538307e-12
5.189684677300817e-12
5.989866562671506e-12
6.8701264412377815e-12
7.519867714698056e-12
7.921320280600857e-12
8.287990608223946e-12
8.56950294039639e-12
8.875375890455978e-12
9.123526281277539e-12
9.306122178538837e-12
9.573702428547086e-12
9.932347760897578e-12
6.469236867485479e-12
7.665925125771354e-12
9.001989490834068e-12
9.994111709654385e-12
1.0610894021354009e-11
1.117345878352403e-11
1.1606925149122563e-11
1.2077575404146173e-11
1.2459215554700708e-11
1.2739910503375365e-11
1.3151355204405641e-11
1.3703175537567625e-11
9.376096473953656e-12
1.137597926708534e-11
1.2889195171126231e-11
1.3839261763020255e-11
1.4705820971939802e-11
1.5375310225220388e-11
1.6101821945820064e-11
1.6690983059116264e-11
1.71239226057653e-11
1.7758925124157388e-11
1.8610942167380606e-11
1.4394037732955925e-11
1.6811005269560577e-11
1.8351274161207684e-11
1.9754166561699532e-11
2.083835423699521e-11
2.2014613546761917e-11
2.2968645110349415e-11
2.3669991157905634e-11
2.4697974778948525e-11
2.6078475638753997e-11
2.0262654665314505e-11
2.255923095075633e-11
2.4619054002782498e-11
2.6202878230901963e-11
2.7922850379061942e-11
2.9318046048921935e-11
3.0345372277348865e-11
3.1848841824640355e-11
3.386971809762577e-11
2.561718910555644e-11
2.8417213905385723e-11
3.052360869763476e-11
3.2803733812861685e-11
3.46543506054387e-11
3.6019156673605995e-11
3.801537565335788e-11
4.069794806566131e-11
3.225702672382723e-11
3.5164766133671575e-11
3.8240891539881676e-11
4.0727972934157965e-11
4.256570437624866e-11
4.52542370433542e-11
4.886467186305012e-11
3.89210371741422e-11
4.292613427852079e-11
4.608491973695055e-11
4.8417470833678316e-11
5.183616472048237e-11
5.642611566126069e-11
4.833311950844514e-11
5.2568824190345916e-11
5.560953833931851e-11
6.007797613584884e-11
6.609009772522242e-11
5.808387692103554e-11
6.200946871525969e-11
6.757631114349837e-11
7.509180824029688e-11
6.693584116111734e-11
7.365962945332968e-11
8.250427198100376e-11
8.331614577221337e-11
9.460165817528524e-11
1.1305217392364331e-10