3.0338777779252043e-9
4.519118802920156e-9
5.154621692157686e-9
5.48055235656658e-9
5.736205637706936e-9
6.008024643086768e-9
6.204734840724113e-9
6.325367676477778e-9
6.434844651072869e-9
6.518671132385388e-9
6.609531118802823e-9
6.683853984846166e-9
6.737993495783665e-9
6.8179784303469645e-9
6.9247761653825325e-9
7.622630715298563e-9
9.244287090973617e-9
1.0113193656905008e-8
1.08101034290881e-8
1.1554707132845222e-8
1.2096152908128286e-8
1.2427798355910897e-8
1.2729780681037202e-8
1.2960496666806077e-8
1.3211216923365764e-8
1.3415408873171925e-8
1.356501960262448e-8
1.3784999141895532e-8
1.4078917909464925e-8
1.1671704850170702e-8
1.3045162388960577e-8
1.4174479864874565e-8
1.5387004466347736e-8
1.6271741495422548e-8
1.6814423113721244e-8
1.7309346980454365e-8
1.768776869869267e-8
1.8099035091414436e-8
1.8433476540687084e-8
1.8678993663393527e-8
1.9039411194113834e-8
1.9521462617525696e-8
1.4783934122537994e-8
1.6257047694712236e-8
1.7851847509223457e-8
1.9019771293782794e-8
1.9738659656497067e-8
2.0394181702838322e-8
2.08965029667953e-8
2.144226045406382e-8
2.1885707045977978e-8
2.2211398687095138e-8
2.26893080139931e-8
2.3328961778108196e-8
1.810218976533475e-8
2.0142092248341116e-8
2.1650125236141528e-8
2.25837814135219e-8
2.3435194233784045e-8
2.408908720275451e-8
2.4799260920127645e-8
2.5376067238917653e-8
2.5799695596663565e-8
2.6421311239036985e-8
2.725379480002636e-8
2.2774794395113193e-8
2.4770431289599686e-8
2.6017658474086007e-8
2.7155302904448673e-8
2.8030508039906783e-8
2.8980806460213485e-8
2.9752380780056314e-8
3.0319184460498846e-8
3.115059199904266e-8
3.2264883428529986e-8
2.7235746117489123e-8
2.880784305740797e-8
3.023596665535431e-8
3.133390819692631e-8
3.252638775077488e-8
3.34942886763148e-8
3.4205920973386165e-8
3.524895617911606e-8
3.664786840453069e-8
3.065487867461949e-8
3.234512834120596e-8
3.363590370775112e-8
3.5036352438583333e-8
3.6173080343709375e-8
3.700946033904311e-8
3.823486500301562e-8
3.987865227414965e-8
3.43513142514863e-8
3.5885408202785595e-8
3.7537154212761173e-8
3.8875772663431075e-8
3.986171939200816e-8
4.130593453823575e-8
4.324323264880723e-8
3.764941064263278e-8
3.955193849525765e-8
4.108054554400028e-8
4.2206371847078836e-8
4.3856335672154455e-8
4.606963223473025e-8
4.179201236229798e-8
4.358440584811795e-8
4.4892115755154916e-8
4.6810119223775605e-8
4.938509973432926e-8
4.565178674434639e-8
4.71532063909702e-8
4.9328208109682154e-8
5.225176297605604e-8
4.8845814737150843e-8
5.125958809732813e-8
5.447452265865477e-8
5.418040686376779e-8
5.789274366114613e-8
6.273870498858759e-8
2.5166603121989598e-9
3.79512563996529e-9
4.352387586992594e-9
4.63986373693857e-9
4.866035547629297e-9
5.106872464327965e-9
5.2811436605946754e-9
5.388168618394556e-9
5.485199425728013e-9
5.559569369169983e-9
5.6402289740677345e-9
5.706189343795479e-9
5.7542865278891265e-9
5.825184046699361e-9
5.919943564543347e-9
6.525578675253447e-9
7.993171024762453e-9
8.786877544865115e-9
9.42673270166652e-9
1.0111429147275468e-8
1.0609703491936142e-8
1.0915080656268024e-8
1.1193123995720473e-8
1.1405628994600271e-8
1.1636640505387672e-8
1.1824734861498782e-8
1.1962625137682966e-8
1.2165145334755544e-8
1.2435882191741048e-8
1.0230732352840114e-8
1.1513562249725773e-8
1.2575380267303564e-8
1.3717470147330476e-8
1.4551579391456462e-8
1.5063551596351016e-8
1.553048378983449e-8
1.588765838544794e-8
1.6275900596930926e-8
1.659153885342694e-8
1.6823348333457508e-8
1.7163379990264e-8
1.7618369273141286e-8
1.3157787155777035e-8
1.456325881738194e-8
1.608850477185154e-8
1.7206811545912965e-8
1.7895804720746546e-8
1.8524050920843782e-8
1.9005752627010963e-8
1.9529148740283774e-8
1.995432119122586e-8
2.0266691446656963e-8
2.0724783472300214e-8
2.1338161270809986e-8
1.6346714972039653e-8
1.832708993896759e-8
1.9793931332476436e-8
2.0703304611040093e-8
2.1532578296853363e-8
2.2169897366850528e-8
2.2862091901717833e-8
2.3424170261016634e-8
2.383707237757676e-8
2.4442681909836374e-8
2.5254030579611148e-8
2.0920323086469347e-8
2.28942633832556e-8
2.4130292855033943e-8
2.5257681403587977e-8
2.612556645809773e-8
2.7067905495021633e-8
2.783287763874477e-8
2.8394934650682414e-8
2.9219090236634348e-8
3.032404179643151e-8
2.5362810219375567e-8
2.694245395682266e-8
2.8376624084624563e-8
2.9479712671635387e-8
3.067779875986424e-8
3.165010895869613e-8
3.236512482602472e-8
3.341276173111953e-8
3.4818320895323e-8
2.881645695305219e-8
3.053168790595982e-8
3.184104363818061e-8
3.326156377952851e-8
3.441444223328426e-8
3.526291481895825e-8
3.6505621535856585e-8
3.81731297966934e-8
3.258907932542653e-8
3.416196530479798e-8
3.585400065830177e-8
3.722499810948231e-8
3.8235071019022604e-8
3.971421393558517e-8
4.169886151438856e-8
3.598562098714984e-8
3.795125249531006e-8
3.9528925301741063e-8
4.069120853948345e-8
4.2394252882850625e-8
4.467926655594305e-8
4.028773075883328e-8
4.215488443501379e-8
4.3516214300376484e-8
4.551274158052587e-8
4.819385685477894e-8
4.432614642876564e-8
4.5901463528482875e-8
4.8180787903346816e-8
5.124573160198966e-8
4.7689732691963085e-8
5.0233685356906326e-8
5.362048495724082e-8
5.3345919020149085e-8
5.728428543567482e-8
6.250022157855711e-8
2.0684524917374072e-9
3.149758892354048e-9
3.627832755633291e-9
3.875940087467072e-9
4.071699859603965e-9
4.280607259162744e-9
4.431693492773883e-9
4.524543431882486e-9
4.608886751716365e-9
4.673409847803718e-9
4.743560143775023e-9
4.8007629852803326e-9
4.842559608115667e-9
4.904114394135712e-9
4.9864925118503e-9
5.495409888956376e-9
6.784978391975376e-9
7.489079640847228e-9
8.059683293648557e-9
8.671508224667514e-9
9.11695010761005e-9
9.390085542804505e-9
9.63906181278891e-9
9.829186853180785e-9
1.0036074449419186e-8
1.0204325191238107e-8
1.0327764520169121e-8
1.0508995811082118e-8
1.0751415118734934e-8
8.782761252507124e-9
9.943755526236287e-9
1.091139265533035e-8
1.1954469650935989e-8
1.2716786984077126e-8
1.3185033035295923e-8
1.3612408423152928e-8
1.3939230535764728e-8
1.4294666621250212e-8
1.4583397997170495e-8
1.4795556384747077e-8
1.510668612392739e-8
1.5523191317192134e-8
1.1449835847099208e-8
1.2749430272395547e-8
1.4163810925687362e-8
1.5201896982772574e-8
1.5842125897852258e-8
1.642620256132093e-8
1.687406301715571e-8
1.7360852429590674e-8
1.775602430050202e-8
1.804646402863759e-8
1.847232312077617e-8
1.904277120111782e-8
1.4420960054351511e-8
1.6286514794941658e-8
1.7670977475990865e-8
1.8530559983466566e-8
1.9314737522180033e-8
1.99175748405826e-8
2.0572453219044013e-8
2.1103951242255158e-8
2.1494482441794464e-8
2.206722860156356e-8
2.2834823920793118e-8
1.8767501679382832e-8
2.0664683862912762e-8
2.1855164028583136e-8
2.2941270495885407e-8
2.3777671860713705e-8
2.4685938067278838e-8
2.5422951746005666e-8
2.5964574930936392e-8
2.6758696149814185e-8
2.7823735099317994e-8
2.3069349974027745e-8
2.461419331782436e-8
2.601611120446404e-8
2.709457260588826e-8
2.8266050712889738e-8
2.9216469273046165e-8
2.9915538015559307e-8
3.0939669606183484e-8
3.2314144784718884e-8
2.6466956108763544e-8
2.8163393500580916e-8
2.9457394394590282e-8
3.0861249157315853e-8
3.200031709311894e-8
3.283884631506038e-8
3.40667990064305e-8
3.571498976602194e-8
3.0222608621815575e-8
3.1796038308048004e-8
3.3487000342369997e-8
3.4856666719999755e-8
3.586606663242877e-8
3.7344037518344296e-8
3.9327568441511e-8
3.363757525199791e-8
3.5621127112325836e-8
3.72110874689621e-8
3.8382762007939985e-8
4.0099472677161845e-8
4.2403286693488503e-8
3.800455067299552e-8
3.9906238949285e-8
4.129156076902969e-8
4.332344528519013e-8
4.6052747501868806e-8
4.213844777538399e-8
4.375604123414182e-8
4.6093481781238365e-8
4.9237799597237637e-8
4.560707841282199e-8
4.8232976211948467e-8
5.1726748059821586e-8
5.1486337407086245e-8
5.558205958302934e-8
6.109720196821715e-8
1.66946075420516e-9
2.5700941155089684e-9
2.9729821110317754e-9
3.182941527338474e-9
3.3493263950386254e-9
3.5270310165364293e-9
3.6556707935679667e-9
3.734816474425122e-9
3.8067612898678976e-9
3.861759708921044e-9
3.92146050068299e-9
3.970257848595289e-9
4.00583764195618e-9
4.0583944477504946e-9
4.12862458650476e-9
4.5476206719454915e-9
5.652541938819224e-9
6.260697777585609e-9
6.756345014088659e-9
7.2886825839438326e-9
7.676570981093088e-9
7.9146232474725e-9
8.131744575314551e-9
8.297496228465519e-9
8.477740719500215e-9
8.624442255955902e-9
8.731984722351302e-9
8.890058039395146e-9
9.101390963775326e-9
7.3848224763044e-9
8.40374849229473e-9
9.259024970398626e-9
1.0182873842577885e-8
1.0858648471337494e-8
1.1274152566548921e-8
1.1653509787476655e-8
1.1943649501430523e-8
1.2259031310570664e-8
1.2515326265429372e-8
1.2703566100177258e-8
1.2979803798905129e-8
1.3349514076644968e-8
9.739773571355242e-9
1.0903828216018769e-8
1.217429248254027e-8
1.3107857707475565e-8
1.3684349878981443e-8
1.4210359226327705e-8
1.4613851292407614e-8
1.5052225371259934e-8
1.5408178824722786e-8
1.5669703897071844e-8
1.6053362449277645e-8
1.6567224272167324e-8
1.2420875998161106e-8
1.4123109297409621e-8
1.538910030531537e-8
1.617646303059944e-8
1.6894831200188067e-8
1.7447382703219194e-8
1.8047406225568712e-8
1.8534461971615583e-8
1.8892228633389756e-8
1.9417144066852112e-8
2.0120611903735924e-8
1.6423083949130948e-8
1.819094724450385e-8
1.9302859317422512e-8
2.0317290649148533e-8
2.1098907794469222e-8
2.1947426222611338e-8
2.2636029938915304e-8
2.314197704017039e-8
2.3883992493919137e-8
2.4879194973711336e-8
2.0464097946545678e-8
2.1930892514968128e-8
2.3260899304525116e-8
2.4284290088371405e-8
2.539571798022054e-8
2.6297499047211586e-8
2.6960741739563848e-8
2.7932517362831183e-8
2.9236863888195508e-8
2.371120259666263e-8
2.5341679055615525e-8
2.6584231958348703e-8
2.7931851514479865e-8
2.902539677196672e-8
2.983043743091907e-8
3.1009427313241e-8
3.2592055396969296e-8
2.734740216536543e-8
2.8879011515423172e-8
3.0522680370293706e-8
3.185393242346738e-8
3.283514872339916e-8
3.427193547621753e-8
3.620031244246159e-8
3.069069270021973e-8
3.264010748762494e-8
3.420067764024127e-8
3.5350841241292584e-8
3.703623732312641e-8
3.92981426295719e-8
3.501145241776852e-8
3.690045812052849e-8
3.827486679258623e-8
4.029124916835912e-8
4.300012406802435e-8
3.9141514314534844e-8
4.076295229817265e-8
4.310257009765329e-8
4.625080840319405e-8
4.263553808910712e-8
4.528347431738636e-8
4.880345602796843e-8
4.8612203406682614e-8
5.277638371602675e-8
5.849232666321976e-8
1.3383996352372625e-9
2.079514717283822e-9
2.4145280551132167e-9
2.589827188575094e-9
2.7290910994538756e-9
2.8781514685162842e-9
2.985986332560178e-9
3.052402227469726e-9
3.1127803908039864e-9
3.1589882987010315e-9
3.2091955304443616e-9
3.2501656304616387e-9
3.280103965281785e-9
3.324190825250322e-9
3.383212105812857e-9
3.726326321706582e-9
4.656509017036918e-9
5.171608341808178e-9
5.593184797607105e-9
6.046932115565054e-9
6.37763188058519e-9
6.5807466964681735e-9
6.765995504901561e-9
6.907527724390574e-9
7.061460681294934e-9
7.186647920958626e-9
7.278515325566003e-9
7.41335654931174e-9
7.593765867934977e-9
6.125348928266491e-9
6.997177683620867e-9
7.733128551257583e-9
8.52988894965674e-9
9.113004753597543e-9
9.47185817209744e-9
9.79943942305393e-9
1.0050188691608039e-8
1.0322748049666214e-8
1.0544120962297879e-8
1.070682044803758e-8
1.0945368374190825e-8
1.1264793683073894e-8
8.149449091535434e-9
9.161631418404821e-9
1.0269605919890725e-8
1.1084512869809693e-8
1.1588297869217049e-8
1.2047863112233552e-8
1.24007016558095e-8
1.2784017014374253e-8
1.3095126177616039e-8
1.3323810538412836e-8
1.3659081040462909e-8
1.4108315636908383e-8
1.0495971497685551e-8
1.2001463470259967e-8
1.3123366964268205e-8
1.3822200954330873e-8
1.4459679767817786e-8
1.4950451554228894e-8
1.548333772994951e-8
1.5915746283564218e-8
1.62334716476709e-8
1.669943582223709e-8
1.732411295751071e-8
1.4066197869044614e-8
1.566168369115137e-8
1.6667375781054123e-8
1.758467731851896e-8
1.829197772412163e-8
1.9059745062171796e-8
1.968266660518503e-8
2.0140465121869188e-8
2.0811634043113405e-8
2.1712094200549698e-8
1.7743224077075062e-8
1.90924628247139e-8
2.0314428538069775e-8
2.1254987749867564e-8
2.2276427034359317e-8
2.3105048101614254e-8
2.3714656443100058e-8
2.4607524171991133e-8
2.580632865307947e-8
2.0750990497933197e-8
2.2270039783503e-8
2.342642664688639e-8
2.4680343909196487e-8
2.56977356871065e-8
2.644697231987568e-8
2.754385298823851e-8
2.9016646085952633e-8
2.4166125574351316e-8
2.5612970452745436e-8
2.7163253777425614e-8
2.8418500825313227e-8
2.9344077978647113e-8
3.069900642487631e-8
3.251785494395773e-8
2.7344514248327238e-8
2.9205715401767595e-8
3.0693109179288493e-8
3.1789734306870035e-8
3.339643325481297e-8
3.555305153061232e-8
3.150093906405425e-8
3.3325599133620875e-8
3.4651467620597175e-8
3.659672431567622e-8
3.921070220261654e-8
3.55164832921477e-8
3.709886398941925e-8
3.9377643308491185e-8
4.244535518875412e-8
3.894559038425278e-8
4.154642950984874e-8
4.5000242462534686e-8
4.487098800066666e-8
4.8998703000659795e-8
5.479089398819182e-8
1.0562608590086562e-9
1.65545521754402e-9
1.9299977381115243e-9
2.0739258603465062e-9
2.188628671456884e-9
2.311454208620917e-9
2.400553377937677e-9
2.4553952705694173e-9
2.5052258156001693e-9
2.543399313760748e-9
2.5848271427629166e-9
2.618647272395471e-9
2.6433945419534965e-9
2.679847573849117e-9
2.728617527688061e-9
3.009500742967186e-9
3.783693729121481e-9
4.213636071727333e-9
4.566739835001543e-9
4.947170889102869e-9
5.224943478591603e-9
5.395509313327401e-9
5.550970719169894e-9
5.6698639902907386e-9
5.799080418123929e-9
5.90419072394429e-9
5.98136135149545e-9
6.094630991278548e-9
6.246127779628995e-9
5.012149303652533e-9
5.744456956515695e-9
6.36518931640587e-9
7.038097126176465e-9
7.531297636461531e-9
7.834838745353127e-9
8.111770247642936e-9
8.32393685534199e-9
8.554442521720041e-9
8.74167947766875e-9
8.879326252867076e-9
9.08114238638963e-9
9.351327651070317e-9
6.716924775347464e-9
7.576251978902253e-9
8.518781826755453e-9
9.213077362652831e-9
9.64245761647733e-9
1.0033949872136834e-8
1.0334778297892681e-8
1.0661461270026533e-8
1.092662709819731e-8
1.1121567663595581e-8
1.1407375770882106e-8
1.17902857973684e-8
8.718494136335953e-9
1.0012941215356947e-8
1.0979832489870757e-8
1.1582608845148277e-8
1.2132256198060513e-8
1.2555734694638513e-8
1.301541227690994e-8
1.3388435094529464e-8
1.366254456894859e-8
1.4064561424769433e-8
1.4603473883187396e-8
1.1810294636564903e-8
1.3206789933045346e-8
1.408838123044076e-8
1.489215238942935e-8
1.551227218985018e-8
1.618524364292028e-8
1.6731286767569674e-8
1.7132610230323677e-8
1.772098260038672e-8
1.8510366456264444e-8
1.505325300213387e-8
1.6254945251471947e-8
1.734166183328288e-8
1.8178198764823184e-8
1.9086560141745686e-8
1.9823493898951464e-8
2.0365732830858627e-8
2.1159844548819092e-8
2.222613413067245e-8
1.7750850783155903e-8
1.91208540822411e-8
2.0162220195256757e-8
2.1291061386653012e-8
2.2207056634599952e-8
2.2881787302495104e-8
2.3869455055410304e-8
2.5195687106095468e-8
2.0857050597756864e-8
2.218053462385367e-8
2.359596335248038e-8
2.474183273739097e-8
2.558705377149801e-8
2.682421858266261e-8
2.8485001400240124e-8
2.3784290965827213e-8
2.5505937795986288e-8
2.6879237094116764e-8
2.789203397044177e-8
2.9375953112966954e-8
3.136776914709587e-8
2.7660843923422397e-8
2.937014552013421e-8
3.061010932003008e-8
3.242973402361264e-8
3.4875253460353524e-8
3.1449928355461245e-8
3.294882347990677e-8
3.510258717721022e-8
3.8003124011490795e-8
3.4718852163194344e-8
3.719999714693939e-8
4.049031369352721e-8
4.04322045046063e-8
4.440867977482847e-8
5.0131032471347026e-8
8.277545573260789e-10
1.3027025625905172e-9
1.5235918985554596e-9
1.6397345000931613e-9
1.7325141229656873e-9
1.8319331473935912e-9
1.9041176973340986e-9
1.9485471090899777e-9
1.98889517457467e-9
2.019842464326775e-9
2.0534482505043163e-9
2.0809223602344148e-9
2.100979016483121e-9
2.1305402910768173e-9
2.1701247380434655e-9
2.3969552836297703e-9
3.034144908912528e-9
3.3889126583131578e-9
3.6809673880171944e-9
3.995829333028221e-9
4.225964819314144e-9
4.367221416614347e-9
4.4959540672306275e-9
4.594436802967997e-9
4.701524694637873e-9
4.788669460137187e-9
4.852577291148943e-9
4.946418978044084e-9
5.071957306956798e-9
4.052862999047042e-9
4.661532563394471e-9
5.178639626218066e-9
5.73960996458938e-9
6.151131295609002e-9
6.4043320740249e-9
6.6353314133655e-9
6.812330099591183e-9
7.004702552039486e-9
7.160994215947597e-9
7.27580987220776e-9
7.444198512954515e-9
7.66965546489375e-9
5.472124737765876e-9
6.190555584798783e-9
6.979404158803384e-9
7.561039058729382e-9
7.92071009665278e-9
8.248642447553166e-9
8.500656460594099e-9
8.774413475073308e-9
8.996650078877752e-9
9.159941570855358e-9
9.399403486680582e-9
9.720247442201077e-9
7.149861223597491e-9
8.240011544939659e-9
9.055541286451069e-9
9.564065004469705e-9
1.0027783482890792e-8
1.0385089366713811e-8
1.07730295068363e-8
1.108787202293582e-8
1.131912986777646e-8
1.165836393272942e-8
1.2113145552467046e-8
9.766012934064448e-9
1.0956626760158135e-8
1.1708809627839316e-8
1.239449059179565e-8
1.2923499192098092e-8
1.349768736197911e-8
1.3963617865945564e-8
1.4305972943340837e-8
1.480793887158288e-8
1.5481458868008787e-8
1.2547531136207267e-8
1.3586136830110445e-8
1.4524060428754179e-8
1.5245747041361335e-8
1.602954651093097e-8
1.666548154474379e-8
1.7133361416774516e-8
1.7818555325155837e-8
1.8738713288353614e-8
1.4893572484006787e-8
1.60909651774923e-8
1.6999245233507268e-8
1.7983722921548598e-8
1.8782677920117468e-8
1.9371221329503608e-8
2.0232668142867658e-8
2.1389522157172047e-8
1.7630509035217072e-8
1.880238542806182e-8
2.0053287139602405e-8
2.1065790982555655e-8
2.181278723327476e-8
2.290612837491517e-8
2.4373890453304692e-8
2.0240130977882454e-8
2.1781656320989507e-8
2.300868637520222e-8
2.3913743328352933e-8
2.5239941849861757e-8
2.702008461744015e-8
2.3740765404498736e-8
2.529090718136058e-8
2.641303885816391e-8
2.8060257242755547e-8
3.027448647206275e-8
2.720371402211911e-8
2.857867003648803e-8
3.054923748592954e-8
3.3204296642622886e-8
3.0223342100614334e-8
3.2516169616144136e-8
3.55517292616999e-8
3.556652540328353e-8
3.927864783418652e-8
4.477406585741866e-8
6.487972938246104e-10
1.0196467897037904e-9
1.194218361888444e-9
1.2863800931476787e-9
1.360192432990901e-9
1.4393476544131377e-9
1.4968523832532353e-9
1.5322357352431642e-9
1.5644420912904427e-9
1.589097023849887e-9
1.615900402870064e-9
1.6377841645865676e-9
1.6537807842677902e-9
1.6773788288411438e-9
1.708980852891299e-9
1.885063453741717e-9
2.4000857792683016e-9
2.6883910917544312e-9
2.9263575474430977e-9
3.1830721314702726e-9
3.370779769725887e-9
3.485965242268842e-9
3.591110629404578e-9
3.6714240404739405e-9
3.758817163179178e-9
3.829878577627223e-9
3.882035688534874e-9
3.958620130508802e-9
4.061077022461687e-9
3.2342754806534316e-9
3.735484144847907e-9
4.16223414900439e-9
4.6254146772070265e-9
4.965290413232283e-9
5.1743732963205315e-9
5.36536241767618e-9
5.51153252833455e-9
5.670472541987536e-9
5.799538725878978e-9
5.894408946381205e-9
6.033527213937851e-9
6.219807310818822e-9
4.406024905103828e-9
5.001526104798336e-9
5.655744580796537e-9
6.138245412971784e-9
6.436580651327269e-9
6.708862116906145e-9
6.9179134176055815e-9
7.145081192065833e-9
7.3294293311066325e-9
7.464944501995236e-9
7.663646382362031e-9
7.929898561249991e-9
5.798993420864173e-9
6.706259209927598e-9
7.385320647948033e-9
7.808735393758177e-9
8.195141965861143e-9
8.49266095042915e-9
8.815769154325992e-9
9.077932203722627e-9
9.270557837874744e-9
9.55309462543951e-9
9.931892265234429e-9
7.981495951568067e-9
8.978512637212792e-9
9.608490589331364e-9
1.0182964938074663e-8
1.062589733476418e-8
1.1106741911561067e-8
1.1496860511427772e-8
1.1783595321089403e-8
1.2203954040368258e-8
1.2768023336377342e-8
1.0319204337107189e-8
1.1196091224065214e-8
1.1987197179379355e-8
1.259537336855017e-8
1.3256005462911891e-8
1.3791959956045329e-8
1.4186394353948002e-8
1.4763933573750761e-8
1.5539600121166667e-8
1.230887591228312e-8
1.3328110835406157e-8
1.4099434061834392e-8
1.493534949425822e-8
1.5613732326075396e-8
1.6113626351649676e-8
1.6845190842692883e-8
1.782769456928035e-8
1.4654003288731177e-8
1.566158469360702e-8
1.6734992898966752e-8
1.7603585372470993e-8
1.8244679064934627e-8
1.9182904755508277e-8
2.0442451089891504e-8
1.6911249488219684e-8
1.8249411540995866e-8
1.9312112043583022e-8
2.00962117478252e-8
2.1245231498842217e-8
2.27875559346034e-8
1.9974352705194594e-8
2.133559884123771e-8
2.2318822732437488e-8
2.376254260399263e-8
2.5703617211103507e-8
2.3038645167314816e-8
2.4259472191454007e-8
2.600392149745707e-8
2.8355537180972812e-8
2.5739173361965662e-8
2.7789211484924906e-8
3.0498097203319645e-8
3.0578052748740174e-8
3.392942135332485e-8
3.9045930792211905e-8
5.10326212297789e-10
7.985535155615773e-10
9.34953147656754e-10
1.0073596327254662e-9
1.0655037262684848e-9
1.1279294849846673e-9
1.1733048420735994e-9
1.2012176999130348e-9
1.226649970643176e-9
1.246118410153287e-9
1.2672936368458097e-9
1.284566261274585e-9
1.2972239416549884e-9
1.3158594562559445e-9
1.340854506389011e-9
1.4715700586438498e-9
1.8777110617170697e-9
2.1072071603133773e-9
2.297368870412071e-9
2.5027667797841606e-9
2.6529954434181185e-9
2.7452106170959684e-9
2.8294368263045378e-9
2.89378043932096e-9
2.9637760817882567e-9
3.0206798431427876e-9
3.062488271781556e-9
3.12381134820229e-9
3.205905721171533e-9
2.5443749657723444e-9
2.9499703730961905e-9
3.2968274693900653e-9
3.673721907177148e-9
3.9503407986461445e-9
4.120594932857813e-9
4.276166427932232e-9
4.395271665682626e-9
4.524728661642227e-9
4.62984737653634e-9
4.707158970015555e-9
4.820454397129761e-9
4.97222674340409e-9
3.4974254660819675e-9
3.985935153337498e-9
4.5232056938106935e-9
4.919543833500823e-9
5.1647395879366246e-9
5.38856265915895e-9
5.560481014287818e-9
5.747225642125479e-9
5.898762625360647e-9
6.010205093289445e-9
6.173530850077919e-9
6.392461107048178e-9
4.643897325928405e-9
5.393283730874603e-9
5.9543097374738594e-9
6.30429782037009e-9
6.62371864936231e-9
6.869759790718984e-9
7.13687114458805e-9
7.353592029686169e-9
7.512876142205006e-9
7.746428804372094e-9
8.059642867072656e-9
6.450686549650332e-9
7.277861411313227e-9
7.800692384805201e-9
8.277375977446369e-9
8.645003545054788e-9
9.04398907794871e-9
9.367686547146272e-9
9.605656528490312e-9
9.954435331353258e-9
1.0422555073277267e-8
8.393615671034984e-9
9.124041703577365e-9
9.782321353516375e-9
1.0288349165515642e-8
1.0837904668255065e-8
1.1283751480017984e-8
1.1611934614368227e-8
1.209236694471124e-8
1.2737730185286156e-8
1.0054752446305442e-8
1.0906886505730039e-8
1.155094387165648e-8
1.2248644100977215e-8
1.2814897447321735e-8
1.323225358496422e-8
1.38429188411117e-8
1.466316446514847e-8
1.2023334285873357e-8
1.2871056685921925e-8
1.3772448488651742e-8
1.4501716978747644e-8
1.504013071708656e-8
1.582799799426794e-8
1.6885772640406645e-8
1.3930381830292046e-8
1.5063281692586036e-8
1.5961161419693944e-8
1.662377769038145e-8
1.759482687826847e-8
1.8898341419317587e-8
1.65397428169926e-8
1.7702180530864122e-8
1.8539913237353688e-8
1.977032741775916e-8
2.1425030645009076e-8
1.9173662111052586e-8
2.0225599240832944e-8
2.1724054201279993e-8
2.374521134766698e-8
2.151616219554829e-8
2.3292623579903463e-8
2.563519257943846e-8
2.5762289609413917e-8
2.8689719655583133e-8
3.3301350946803126e-8
4.0298557652647104e-10
6.271060254659843e-10
7.330933476989024e-10
7.895896521501923e-10
8.351147069162534e-10
8.840335094980284e-10
9.196258395491901e-10
9.415284464911928e-10
9.614662842234839e-10
9.767550114595515e-10
9.933727831902684e-10
1.0069545971168545e-9
1.0168770315876496e-9
1.031525725513972e-9
1.051167716318021e-9
1.148456259498119e-9
1.4630405450454476e-9
1.642159123823486e-9
1.7913521667106977e-9
1.9527464021159698e-9
2.0708994644344963e-9
2.143480394042069e-9
2.209698904216385e-9
2.2603711517019213e-9
2.3154639870879603e-9
2.360288040091828e-9
2.393159718004921e-9
2.4414558527339236e-9
2.506084784676165e-9
1.9814775947123e-9
2.3008841325391178e-9
2.575935192860435e-9
2.875364818333461e-9
3.0953304068168236e-9
3.2308548838346092e-9
3.354550148578252e-9
3.449415402916408e-9
3.552476937775798e-9
3.6361859771606313e-9
3.6976828724462665e-9
3.787899991618264e-9
3.90872727260642e-9
2.7362612193039113e-9
3.1284176036588662e-9
3.5607438661222128e-9
3.8800042409445126e-9
4.077762052320782e-9
4.258086785177843e-9
4.396827943389117e-9
4.5474741163134e-9
4.6697303617350995e-9
4.7595652918411475e-9
4.891333481667495e-9
5.067937860309124e-9
3.6624814099717715e-9
4.272836977589101e-9
4.7303990142011805e-9
5.01624064814638e-9
5.276877093898568e-9
5.477939506315701e-9
5.69614844523746e-9
5.873194513825134e-9
6.0032400629963645e-9
6.194040320135581e-9
6.44990072125301e-9
5.1418892738380665e-9
5.822835213180837e-9
6.253800090290276e-9
6.646415555664818e-9
6.94956201756338e-9
7.27848213694882e-9
7.545332850705966e-9
7.741422764396987e-9
8.028955113873438e-9
8.414857725054787e-9
6.745298097976764e-9
7.349890121889454e-9
7.894234991791958e-9
8.313022083076573e-9
8.767734706314822e-9
9.136632496646426e-9
9.408083988237087e-9
9.80560741582291e-9
1.0339588701183396e-8
8.121932092881004e-9
8.828279033781005e-9
9.362223858224474e-9
9.94045241279927e-9
1.0409753521129122e-8
1.075555954123597e-8
1.1261685589403223e-8
1.1941501838171815e-8
9.756507520435252e-9
1.0461446725204913e-8
1.1210151279300117e-8
1.181581094334121e-8
1.2262899081316468e-8
1.2917297170732042e-8
1.3795857791537751e-8
1.1345448328927177e-8
1.229008926776901e-8
1.3037754866656884e-8
1.3589425660061551e-8
1.4398142037577371e-8
1.5483731625684215e-8
1.352871950398119e-8
1.4502352743295286e-8
1.5202618838100695e-8
1.6231543950750788e-8
1.7615499584484884e-8
1.574434522027716e-8
1.6630157302062306e-8
1.7888765036801742e-8
1.9587172150681646e-8
1.7726872109037512e-8
1.9228098288499256e-8
2.120384832579937e-8
2.1352993851338297e-8
2.3838611347354412e-8
2.786644228991192e-8
3.198992480848395e-10
4.942931878562273e-10
5.764385337177817e-10
6.202441854443925e-10
6.556273700461988e-10
6.936956193091424e-10
7.214215529399194e-10
7.384823462432901e-10
7.540193497262938e-10
7.659338880704655e-10
7.788879195680135e-10
7.894693465916403e-10
7.972099613689127e-10
8.086300889823982e-10
8.239552623966904e-10
8.988833026281176e-10
1.1420826719771448e-9
1.2805886964729302e-9
1.3963667787067862e-9
1.5218328532120877e-9
1.6137722495270882e-9
1.6702652453177441e-9
1.7218184805452626e-9
1.7612624238453596e-9
1.8041637118074607e-9
1.8390450608509866e-9
1.8646580165326825e-9
1.9022482721816025e-9
1.9525713054936104e-9
1.5413503280793256e-9
1.7876000250484504e-9
2.0006903813919118e-9
2.2331540634572375e-9
2.404104775472118e-9
2.5094778292196522e-9
2.605667126988913e-9
2.6794288660220167e-9
2.7595945542642023e-9
2.8246688314826794e-9
2.872521281704298e-9
2.942664552956746e-9
3.0366303676481827e-9
2.1241610385130873e-9
2.4298065464922137e-9
2.7677971336143116e-9
3.0177443717693507e-9
3.172692280732515e-9
3.313991623785159e-9
3.4227103460804962e-9
3.5407965322894127e-9
3.636585791187792e-9
3.707018669692778e-9
3.81026760267095e-9
3.948678279583421e-9
2.8506038024756114e-9
3.334491173994096e-9
3.698160525005698e-9
3.9256666153294355e-9
4.133135469226532e-9
4.293208145661382e-9
4.466974277815093e-9
4.607919044545887e-9
4.7114871679681915e-9
4.863382851252358e-9
5.0671098031802566e-9
4.033479479389836e-9
4.5838882362694245e-9
4.932944577729934e-9
5.251004910266243e-9
5.49662356794708e-9
5.763172746549045e-9
5.9793807350124575e-9
6.138297543438049e-9
6.371258447840774e-9
6.683971300123518e-9
5.33732345327835e-9
5.832513143126928e-9
6.278420357616873e-9
6.621496311062316e-9
6.994058464474401e-9
7.2962677166991435e-9
7.518694631107424e-9
7.84434747939131e-9
8.281854743446629e-9
6.468287565041383e-9
7.050147939521937e-9
7.489944897248194e-9
7.966252155854402e-9
8.35279100510126e-9
8.637665813261507e-9
9.054529015960989e-9
9.614523322113166e-9
7.817485950797293e-9
8.400197673870944e-9
9.018972761063797e-9
9.519456808561715e-9
9.888967181806665e-9
1.0429730434486925e-8
1.1155810500619485e-8
9.132438094108404e-9
9.914810898996477e-9
1.0533695794662783e-8
1.0990396841074424e-8
1.1659828359590041e-8
1.2558538784937372e-8
1.094324673469189e-8
1.1751118226497773e-8
1.2331692628818219e-8
1.3184715897849677e-8
1.4332275357741763e-8
1.2785119063432138e-8
1.3521848236925253e-8
1.4566773421396556e-8
1.5977303706145678e-8
1.4438314456965579e-8
1.5688121433840773e-8
1.7330805912116003e-8
1.7477001478901095e-8
1.9548698906196913e-8
2.297452779903849e-8
2.5573549559920486e-10
3.92221771878871e-10
4.561571499081777e-10
4.902033607171627e-10
5.1769034320624e-10
5.472836759343137e-10
5.688470570143607e-10
5.821097425335187e-10
5.941989770589047e-10
6.034647015348976e-10
6.135432447749659e-10
6.217746505299757e-10
6.277936940013362e-10
6.366846663247822e-10
6.486172862005975e-10
7.062156682978529e-10
8.945676876564041e-10
1.0016363085081622e-9
1.0911043902986778e-9
1.1881419031636308e-9
1.259267214044412e-9
1.3029632924244833e-9
1.3428641297680557e-9
1.3733772040115691e-9
1.4065612720155472e-9
1.433556479583648e-9
1.4533569704875642e-9
1.4824535061175038e-9
1.5213950361327416e-9
1.2037291263009939e-9
1.3936069043163245e-9
1.557749670855424e-9
1.7369527141327655e-9
1.868764923378187e-9
1.9499951663366812e-9
2.0241945670129215e-9
2.0810580839842775e-9
2.142847905753633e-9
2.193041584238768e-9
2.2299103538772337e-9
2.284010442797035e-9
2.356466302610718e-9
1.6521167607554011e-9
1.886628705461127e-9
2.146257451059452e-9
2.3383346776901406e-9
2.4573857886227426e-9
2.5660204259807925e-9
2.6495528404014275e-9
2.7402689155978765e-9
2.813907104693838e-9
2.8680008623496348e-9
2.947363814889403e-9
3.0537332652151144e-9
2.2097013288905947e-9
2.5827290617813874e-9
2.863542654775558e-9
3.0392632997291603e-9
3.199609515041198e-9
3.323259232765473e-9
3.457467732855532e-9
3.5663927594084546e-9
3.6463695624685834e-9
3.763743152224582e-9
3.921144802240827e-9
3.126806433409879e-9
3.55792777567936e-9
3.831689954322903e-9
4.081279113686336e-9
4.273929688858716e-9
4.482976997440903e-9
4.6526215126903895e-9
4.777254363621456e-9
4.960024399293509e-9
5.205353602161797e-9
4.156541021933336e-9
4.551671211611739e-9
4.907411274987487e-9
5.180938080881463e-9
5.477973218599267e-9
5.7190043825176465e-9
5.896364358341147e-9
6.156072212656163e-9
6.504997293877335e-9
5.065109295224398e-9
5.535463205716685e-9
5.890516348919779e-9
6.275022781238658e-9
6.587150839338975e-9
6.817169790448299e-9
7.153777297696595e-9
7.605974263350556e-9
6.1624290007498015e-9
6.638104286006925e-9
7.143000375624284e-9
7.551429378603268e-9
7.852979884636145e-9
8.294292856501136e-9
8.886848012395093e-9
7.239516388288142e-9
7.881944005570457e-9
8.390050943003653e-9
8.765009411598431e-9
9.314631438429115e-9
1.0052500592688452e-8
8.730395592027233e-9
9.396774447861478e-9
9.875571112504397e-9
1.0579047087558466e-8
1.1525442990525142e-8
1.0251957271102648e-8
1.0861169615280645e-8
1.1724768477670342e-8
1.2890596461035023e-8
1.162059556253664e-8
1.2655011100419407e-8
1.4013824474810388e-8
1.414246790710246e-8
1.5857062971984615e-8
1.8720162646172187e-8
2.0551630238208988e-10
3.1321329911014775e-10
3.6322907118365274e-10
3.8985233086032113e-10
4.113076393034679e-10
4.343956341554742e-10
4.5121421936749765e-10
4.615545346870621e-10
4.709829190564832e-10
4.782098548371136e-10
4.860754555035656e-10
4.924951639258709e-10
4.971944487880816e-10
5.041326218392556e-10
5.13448978584196e-10
5.581401953558392e-10
7.03811130479499e-10
7.866783609134368e-10
8.558069498447654e-10
9.307417973528256e-10
9.856449754752211e-10
1.019369265999492e-9
1.050154046004167e-9
1.0737054243595403e-9
1.0993239163520408e-9
1.120149957492017e-9
1.1354423621648635e-9
1.1578934880130477e-9
1.187952509243331e-9
9.425994520289602e-10
1.0896529901677695e-9
1.2165727893832333e-9
1.3550493148137954e-9
1.4568667895367891e-9
1.5196074982047e-9
1.5768881949933137e-9
1.620812580600033e-9
1.6685469822231124e-9
1.707293895603638e-9
1.7357867797818423e-9
1.7775573170238545e-9
1.833518134418741e-9
1.290005014629487e-9
1.4711748544594728e-9
1.6715181874916393e-9
1.8196564779647003e-9
1.911452918681148e-9
1.9951746040543915e-9
2.0595869906276344e-9
2.1295434180348596e-9
2.1862889731577004e-9
2.2280177797031935e-9
2.2891898726060553e-9
2.3711984002044337e-9
1.7195850408793458e-9
2.005720497459847e-9
2.2209367508326158e-9
2.35552540163174e-9
2.478273054545051e-9
2.5729679186876485e-9
2.675753367482305e-9
2.759122056202803e-9
2.820391807071094e-9
2.910249604298405e-9
3.030772841417534e-9
2.4214443445239957e-9
2.7511814519534913e-9
2.960414330478253e-9
3.1509992144943386e-9
3.2981312271658823e-9
3.457792081020457e-9
3.5872933321083755e-9
3.6825109911006494e-9
3.822060705029281e-9
4.0094073775551635e-9
3.211674272505232e-9
3.5164175287880593e-9
3.7900319996246865e-9
4.000320527358578e-9
4.228714929507556e-9
4.413976201188691e-9
4.550405766112777e-9
4.750059337389956e-9
5.01835024494662e-9
3.91723639860642e-9
4.284268336289946e-9
4.560623369992045e-9
4.859859135849641e-9
5.102706617866704e-9
5.28181099304753e-9
5.543770555445896e-9
5.895727018474816e-9
4.781891910229221e-9
5.1588429057190015e-9
5.558204077439021e-9
5.881108157145358e-9
6.119701999532911e-9
6.4687356933890725e-9
6.937396963610876e-9
5.6416689400665225e-9
6.156877342899244e-9
6.563641611294782e-9
6.864004962474548e-9
7.304176774143942e-9
7.895099781144371e-9
6.846190741552092e-9
7.386669205149674e-9
7.774855425662788e-9
8.345148001447724e-9
9.112391296343183e-9
8.08624369447553e-9
8.584372514164059e-9
9.290020394542935e-9
1.0242667410669934e-8
9.2084544623547e-9
1.0057751839382952e-8
1.117308994718467e-8
1.1285529022277027e-8
1.2699228724862543e-8
1.507190093488209e-8
1.6578664545859653e-10
2.5162371420728626e-10
2.9106965616869084e-10
3.120302202130784e-10
3.2891181512696e-10
3.470718327489756e-10
3.602938711458924e-10
3.6842138666896983e-10
3.7583338340284604e-10
3.8151454693409514e-10
3.87700258349799e-10
3.9274958312259777e-10
3.96445376995759e-10
4.0190651001120093e-10
4.0923998679359776e-10
4.445121767134846e-10
5.578026895150006e-10
6.221134484471698e-10
6.757726890031289e-10
7.339272401184521e-10
7.76520391597907e-10
8.026844431671118e-10
8.265703523637386e-10
8.44839375649917e-10
8.647141562306816e-10
8.808751236043814e-10
8.927343041927809e-10
9.101606358468553e-10
9.334862304230617e-10
7.421122937800584e-10
8.553651550063935e-10
9.532256408010188e-10
1.059998922852046e-9
1.1384922740773637e-9
1.1868647401188005e-9
1.2310336475408526e-9
1.2648923277361938e-9
1.3016916226655896e-9
1.331572124421432e-9
1.3535277606145178e-9
1.3857433730085129e-9
1.4288908051187883e-9
1.0095847273840042e-9
1.1494745217662984e-9
1.3042098301203836e-9
1.4186183595958333e-9
1.4895294962800139e-9
1.5542086337306636e-9
1.6039583751839546e-9
1.6579948014268459e-9
1.7018422444626368e-9
1.734060517314349e-9
1.7813281573047362e-9
1.8446823790775285e-9
1.3418270701019557e-9
1.5632410873266258e-9
1.7296888374981898e-9
1.8337918200624209e-9
1.9287299029995796e-9
2.0019586233567205e-9
2.0814485934553868e-9
2.1459441580257375e-9
2.1933090507743546e-9
2.2628191320630806e-9
2.356036774573365e-9
1.884028796810405e-9
2.137594354611483e-9
2.2983645294347007e-9
2.444716811445699e-9
2.5576763131794996e-9
2.6802566553481166e-9
2.779713573042661e-9
2.8527914646423584e-9
2.9599543549738156e-9
3.103802249123067e-9
2.4894426543517236e-9
2.7218285941120017e-9
2.9299912512658148e-9
3.0898708394187495e-9
3.2635152664322084e-9
3.404415533280159e-9
3.508112621214728e-9
3.6599450183978737e-9
3.863947659227193e-9
3.0272053540462364e-9
3.3064135853199664e-9
3.5160552425316895e-9
3.7429427159793385e-9
3.927160439169502e-9
4.0629588996110455e-9
4.261671328954995e-9
4.5286142368952495e-9
3.688041275308903e-9
3.9766547345035394e-9
4.281417326847164e-9
4.5278316901731756e-9
4.70986861949606e-9
4.976285333285807e-9
5.333948728702458e-9
4.3506766378961795e-9
4.7490004913560596e-9
5.062537692204962e-9
5.293999168367402e-9
5.633409781136212e-9
6.088985197339676e-9
5.291149008931834e-9
5.7148866331469185e-9
6.018237622637863e-9
6.464283926370974e-9
7.064426702609498e-9
6.2721496235159064e-9
6.667563436651514e-9
7.226458713361922e-9
7.98127069575793e-9
7.169446104606776e-9
7.849505225322902e-9
8.741407076338536e-9
8.849128323549734e-9
9.994060628806139e-9
1.194520123648332e-8
1.3381695306109564e-10
2.028623385414725e-10
2.342810743266743e-10
2.509195663023345e-10
2.642890349669387e-10
2.7867230132100593e-10
2.8913975452925507e-10
2.9557384535039325e-10
3.014397126289644e-10
3.059352818025519e-10
3.1083079837826774e-10
3.148266590361885e-10
3.1775306572919545e-10
3.220777565624943e-10
3.278880965257993e-10
3.5629042951879426e-10
4.4525604346426555e-10
4.955231796840361e-10
5.373596214342939e-10
5.827105510420346e-10
6.159187171381097e-10
6.363199666420369e-10
6.549418460268784e-10
6.691849838100559e-10
6.846808751557445e-10
6.972791557028755e-10
7.06527774341959e-10
7.201145893291427e-10
7.383032769619168e-10
5.890477000687433e-10
6.768665910634201e-10
7.525240925213292e-10
8.350870244911543e-10
8.957742924929807e-10
9.331730726267408e-10
9.673187192236044e-10
9.93493721615011e-10
1.0219433608392028e-9
1.0450394433924939e-9
1.0620179363335525e-9
1.0869212614265565e-9
1.120277978244552e-9
7.95744014449871e-10
9.031598733449655e-10
1.0220114587289542e-9
1.1098850636373093e-9
1.1643440526903419e-9
1.214017355818322e-9
1.2522214831795847e-9
1.2937192807418005e-9
1.327385954408464e-9
1.3521356839083616e-9
1.388432824987308e-9
1.4370852228359156e-9
1.050441361112256e-9
1.2203785406449014e-9
1.3482373307784169e-9
1.4282283051132312e-9
1.5011901568041033e-9
1.5574620451872801e-9
1.6185465417588925e-9
1.6681003068111265e-9
1.7045078735558397e-9
1.757922258165043e-9
1.82955542130464e-9
1.4675755705065186e-9
1.6634284440869617e-9
1.7877407981696136e-9
1.900976625871585e-9
1.98836664481978e-9
2.0831976302172586e-9
2.1601283711280726e-9
2.2166762789072136e-9
2.299580790508787e-9
2.4108653803677844e-9
1.9355249762337704e-9
2.1151632485221105e-9
2.276360299159069e-9
2.4001682993177545e-9
2.5346159405781064e-9
2.6436959262925568e-9
2.72399791967914e-9
2.841557627880759e-9
2.999508709668748e-9
2.3498986240247994e-9
2.564523028953807e-9
2.7257688073688932e-9
2.900225871980839e-9
3.0418593277507208e-9
3.14628812764334e-9
3.2990787624550162e-9
3.504337553982553e-9
2.855381996557943e-9
3.075374588554566e-9
3.3074279953738868e-9
3.4950092325249184e-9
3.633617955475822e-9
3.83645591881285e-9
4.108784334472237e-9
3.359579304789818e-9
3.6619901583266e-9
3.8994912352689945e-9
4.074846556998849e-9
4.332008218445784e-9
4.677222520207074e-9
4.0751800265503375e-9
4.3972697179141905e-9
4.62701862920804e-9
4.964976554740285e-9
5.419900793453181e-9
4.825634729396155e-9
5.12832573982297e-9
5.5540086353012966e-9
6.129499879242761e-9
5.5183824727976036e-9
6.041762190948857e-9
6.726147626330574e-9
6.832399048644829e-9
7.722640101762032e-9
9.293947615443542e-9
1.077104337928627e-10
1.6365270814314305e-10
1.8890517407571152e-10
2.022400465469528e-10
2.129253789716375e-10
2.2440976359539055e-10
2.3275909107720237e-10
2.378921027975211e-10
2.4256982460079655e-10
2.4615371000406684e-10
2.500556906857871e-10
2.53239530289734e-10
2.555716381504301e-10
2.5901787715029705e-10
2.6364998494025135e-10
2.8692814250998537e-10
3.575219847207872e-10
3.972406374393953e-10
4.301912594616978e-10
4.658632374854338e-10
4.919598070824282e-10
5.079897204165272e-10
5.226179879547847e-10
5.338048410111452e-10
5.459754668863427e-10
5.55870673743454e-10
5.631344876939896e-10
5.738060590815195e-10
5.880925823199128e-10
4.707090511094704e-10
5.394749378370732e-10
5.985261409280618e-10
6.628810573759171e-10
7.101481512340556e-10
7.392686252644887e-10
7.658525657692368e-10
7.862267956264469e-10
8.083722123532154e-10
8.263529292892302e-10
8.395685949230883e-10
8.589545436729851e-10
8.849206928554704e-10
6.322018039317338e-10
7.156696607057475e-10
8.078647620547943e-10
8.759735989407839e-10
9.181671333600779e-10
9.56648986604347e-10
9.862393483588738e-10
1.0183817725051924e-9
1.0444629323643202e-9
1.0636320502698803e-9
1.091747178231741e-9
1.129432919794331e-9
8.294123017204117e-10
9.601408780574132e-10
1.0583535194308025e-9
1.119746532638156e-9
1.1757357270109706e-9
1.2189086390037751e-9
1.2657758951349135e-9
1.3038016456605643e-9
1.3317345443856112e-9
1.3727166948714332e-9
1.4276786171276648e-9
1.1488066581199919e-9
1.2981661704655773e-9
1.3928801752185596e-9
1.4791400513985895e-9
1.545704825692464e-9
1.617942619335005e-9
1.6765505488451363e-9
1.7196259469516801e-9
1.782774586171415e-9
1.867546140628811e-9
1.5060477500817026e-9
1.6435611750451244e-9
1.7669753459907445e-9
1.861775309726068e-9
1.964736723576215e-9
2.0482721315778493e-9
2.1097702870123726e-9
2.1997870669378823e-9
2.3207450708409594e-9
1.824344968873933e-9
1.989825502204426e-9
2.1142729275421048e-9
2.2489723428680296e-9
2.358312381911557e-9
2.4389353907556016e-9
2.5568756262333497e-9
2.7153294819389495e-9
2.2144901923079477e-9
2.384481312668701e-9
2.564165353232023e-9
2.70941066549538e-9
2.8167330889428425e-9
2.973758589254917e-9
3.1845973298691068e-9
2.603124096011798e-9
2.8360189256228442e-9
3.0191986028012563e-9
3.1544412560433056e-9
3.352721822481636e-9
3.6189153005678023e-9
3.1513777888039686e-9
3.3974965656995e-9
3.5731203761116127e-9
3.831333743685677e-9
4.178943593783438e-9
3.72276794348464e-9
3.9526407456980904e-9
4.275082863557985e-9
4.711142285799492e-9
4.249016092986711e-9
4.6442924665190275e-9
5.159773286623228e-9
5.249738374077479e-9
5.917555300354217e-9
7.137721800550484e-9
8.614094472893918e-11
1.3162678292487067e-10
1.5206001623131291e-10
1.6281739882140348e-10
1.7141672993089105e-10
1.806548782173387e-10
1.873641121882528e-10
1.9149052204915682e-10
1.9524963737635895e-10
1.98129535907096e-10
2.012651146774862e-10
2.0382259201973583e-10
2.0569621771979893e-10
2.0846350429996844e-10
2.1218136023453131e-10
2.3144236051932593e-10
2.8805168750807093e-10
3.197457083408871e-10
3.459591656528565e-10
3.743187565416487e-10
3.950517528708768e-10
4.077882762437213e-10
4.1940866620724663e-10
4.2829412002041686e-10
4.379613125484151e-10
4.4582037531424057e-10
4.515901617752634e-10
4.6006646950854065e-10
4.714123162930819e-10
3.7819308113212683e-10
4.325943280288582e-10
4.791440307999874e-10
5.298376971219252e-10
5.67050027604222e-10
5.899732156259102e-10
6.108975925943775e-10
6.269307086122697e-10
6.443588443649681e-10
6.585086821775698e-10
6.689096475781705e-10
6.841673259143181e-10
7.046008150553547e-10
5.05525652345196e-10
5.708694105582257e-10
6.429801869487968e-10
6.962196638293417e-10
7.291922554569338e-10
7.592635076391974e-10
7.823800136907218e-10
8.07492066203171e-10
8.278676706728824e-10
8.428448336817006e-10
8.648126930238361e-10
8.942536155786545e-10
6.594664986313166e-10
7.611964832203058e-10
8.375713584904647e-10
8.852987703270684e-10
9.288245152935639e-10
9.623770049906575e-10
9.98802972030896e-10
1.028355822019192e-9
1.0500668390597993e-9
1.081922351346999e-9
1.1246376038105252e-9
9.073168097334055e-10
1.0226307887849083e-9
1.095690653135117e-9
1.162207444233281e-9
1.213521349460593e-9
1.2692107101941667e-9
1.3143921554547546e-9
1.3475994155651976e-9
1.3962889176180347e-9
1.461638292159974e-9
1.1816546886060674e-9
1.286473359634968e-9
1.3803828793441607e-9
1.452481824219665e-9
1.5307917440880322e-9
1.5943320011171116e-9
1.6411041093625216e-9
1.7095836642962084e-9
1.8015821478591318e-9
1.42352691985712e-9
1.548801404617048e-9
1.6428281091342499e-9
1.7445885331099904e-9
1.8272111490666145e-9
1.888125571486174e-9
1.9772585467357677e-9
2.0969853348289794e-9
1.7195678995369727e-9
1.8486909768559251e-9
1.984997360585079e-9
2.0952002929998315e-9
2.17662171920559e-9
2.2957826205078204e-9
2.4557451977366383e-9
2.0159940868224403e-9
2.1941273761820503e-9
2.334256578026089e-9
2.4377041988559605e-9
2.5894037700990448e-9
2.793013316037561e-9
2.436865941950095e-9
2.62640481504481e-9
2.7618862753429444e-9
2.9610866279633778e-9
3.229137669904234e-9
2.8765008570162547e-9
3.0536131598609275e-9
3.3028585774641486e-9
3.639645064645237e-9
3.280320311064067e-9
3.5844510234211176e-9
3.9815161184522076e-9
4.044393480744718e-9
4.553275630558446e-9
5.476686782591797e-9
6.821524165423162e-11
1.0516611867940324e-10
1.2175011998902317e-10
1.3046111561305564e-10
1.3740937390672074e-10
1.448689958445944e-10
1.5028067181588265e-10
1.5361055826599507e-10
1.56642203909573e-10
1.5896396313721937e-10
1.614918388947452e-10
1.63553610385526e-10
1.650649041335987e-10
1.6729642922385317e-10
1.7029250052408177e-10
1.8631425342136608e-10
2.3208744536035378e-10
2.576095435278439e-10
2.7865481293303654e-10
3.013973995800586e-10
3.18010094376186e-10
3.2821515997013416e-10
3.375238044309678e-10
3.4464016846370096e-10
3.5238290050733197e-10
3.586774450985581e-10
3.63299394773271e-10
3.7008883689749266e-10
3.791753077733365e-10
3.0460302764618805e-10
3.481097154500958e-10
3.852043351425939e-10
4.255499707961664e-10
4.5514444081003054e-10
4.733705199463912e-10
4.900059176403796e-10
5.027493106962844e-10
5.166024139541318e-10
5.278499831578267e-10
5.361183507167489e-10
5.482468706885204e-10
5.644881578727148e-10
4.06157024210976e-10
4.5792663419941934e-10
5.149633420060574e-10
5.570392716786936e-10
5.830874604425118e-10
6.068431617264222e-10
6.250991743747345e-10
6.449324497600313e-10
6.610256723232362e-10
6.728559452622057e-10
6.90207018693674e-10
7.134584503566917e-10
5.276780569904498e-10
6.074938655160336e-10
6.673322338703714e-10
7.046999924708981e-10
7.387781956617398e-10
7.650397739093535e-10
7.935523173847609e-10
8.166856382917386e-10
8.336820223348493e-10
8.586179861707987e-10
8.920520857198858e-10
7.211969531667301e-10
8.107507402340401e-10
8.674549284131694e-10
9.190999093582747e-10
9.589327302648333e-10
1.0021633507737406e-9
1.037237141932999e-9
1.0630175634050195e-9
1.1008142361508105e-9
1.1515407238424306e-9
9.338203815537873e-10
1.014936954234158e-9
1.0877700993581756e-9
1.1436929352853355e-9
1.2044274017052e-9
1.2537038562960303e-9
1.2899797240597486e-9
1.3430860629993286e-9
1.4144292354264776e-9
1.1205260630368365e-9
1.2170996519834275e-9
1.2896953185641255e-9
1.3682507650701384e-9
1.4320227574597876e-9
1.4790424706824727e-9
1.5478367919979242e-9
1.6402451092005501e-9
1.347219468087111e-9
1.4456234542051775e-9
1.5494950441743112e-9
1.6334583552922726e-9
1.6955007369082751e-9
1.786289665043059e-9
1.908174681971368e-9
1.572078072619078e-9
1.7066699458001514e-9
1.8123831972889837e-9
1.890436973185181e-9
2.0049003773143654e-9
2.158551164186136e-9
1.8898281280243875e-9
2.032606674394736e-9
2.1344120391384164e-9
2.2841676379792422e-9
2.4857587266321133e-9
2.222415997159252e-9
2.3564760453002845e-9
2.5448505522725825e-9
2.7995432550395696e-9
2.5294899116003248e-9
2.7612252652993164e-9
3.063988588799247e-9
3.1131198104982922e-9
3.5061954255843456e-9
4.211300890609284e-9
5.3329869565125904e-11
8.318130339857349e-11
9.662315087671894e-11
1.0367386431508395e-10
1.0928903067493619e-10
1.1531532386959738e-10
1.196831182438957e-10
1.2237223860562695e-10
1.2481973919863434e-10
1.2669361861482646e-10
1.2873336282485315e-10
1.303962310296525e-10
1.3161537198756853e-10
1.3341497336540264e-10
1.3583157651396605e-10
1.4911997182656528e-10
1.8630326889035278e-10
2.0697488384226698e-10
2.2397943474038523e-10
2.423402365536251e-10
2.5574453385251973e-10
2.6397899696557234e-10
2.7148913076731906e-10
2.7722947989522785e-10
2.8347504951094126e-10
2.885520427877699e-10
2.9228044835367854e-10
2.9775666623047613e-10
3.0508544361618257e-10
2.450684269681288e-10
2.8016697626108807e-10
3.1000089060049285e-10
3.4241702967787384e-10
3.6618254075772217e-10
3.808161878683463e-10
3.941721433900473e-10
4.0440085919423817e-10
4.155208377422499e-10
4.245493014886899e-10
4.311868966668762e-10
4.4092256177909845e-10
4.5395897485176286e-10
3.268262774117671e-10
3.682610952947682e-10
4.1384881799314283e-10
4.474574136032806e-10
4.68256459453728e-10
4.872250568670762e-10
5.01798033863353e-10
5.176308649729302e-10
5.30478237276829e-10
5.399230968602282e-10
5.537746647886253e-10
5.723356225539657e-10
4.2377366472516755e-10
4.871337687791041e-10
5.345864108125491e-10
5.642033621400669e-10
5.912128744396202e-10
6.120208668023082e-10
6.346138667543717e-10
6.529445597844025e-10
6.664134521155025e-10
6.861727627300914e-10
7.126646895781595e-10
5.767836360827007e-10
6.471979817414564e-10
6.917426745918457e-10
7.323095028240914e-10
7.63591365788809e-10
7.975443304180306e-10
8.250913210038691e-10
8.453398267219272e-10
8.750257652854748e-10
9.148640156993353e-10
7.431604365238127e-10
8.062039782408584e-10
8.627873233407123e-10
9.062328479585883e-10
9.534225047225679e-10
9.917107254167122e-10
1.0198956586699032e-9
1.0611596308391086e-9
1.1165886566887943e-9
8.877050353755645e-10
9.622056406766856e-10
1.0182246426020652e-9
1.0788679791192895e-9
1.1281011408325748e-9
1.1643968379624643e-9
1.2175048490181042e-9
1.2888370484600093e-9
1.0623396114647441e-9
1.1381338597347632e-9
1.2182787283541165e-9
1.283079832839928e-9
1.3309500590056998e-9
1.4010043944008529e-9
1.4950471507703341e-9
1.2353072399961512e-9
1.3388560016294003e-9
1.4203792512458465e-9
1.4805521384875838e-9
1.5687833740744859e-9
1.6872120433687278e-9
1.4785335622268496e-9
1.5876299241652916e-9
1.6655468229895937e-9
1.7800935670024139e-9
1.9342586660370174e-9
1.7310017693117125e-9
1.8324068719547699e-9
1.974720382435107e-9
2.167126575763546e-9
1.962593269187793e-9
2.1362570145093974e-9
2.362632808745561e-9
2.4018112192869766e-9
2.693578600804811e-9
3.229607004989891e-9
4.106016712402246e-11
6.493746009800934e-11
7.576827203814104e-11
8.144763275907709e-11
8.596735584924611e-11
9.081712287892728e-11
9.432974831356615e-11
9.64934850535655e-11
9.846214448044352e-11
9.996893971971396e-11
1.0160903634535553e-10
1.0294597070491726e-10
1.0392645473798308e-10
1.0537276800682637e-10
1.0731347545608645e-10
1.1823370126623222e-10
1.4843934037219955e-10
1.6520871761952157e-10
1.7898358583501004e-10
1.9384743687911776e-10
2.0469442395096007e-10
2.1135770724467975e-10
2.1743445345107273e-10
2.2207838377085326e-10
2.2713115400161244e-10
2.3123837167682207e-10
2.342550687986247e-10
2.3868503458857886e-10
2.446127224469903e-10
1.9620782927364613e-10
2.2466713163359537e-10
2.4880880401702937e-10
2.750184856477212e-10
2.942261340232323e-10
3.0605104238175896e-10
3.1684361981799624e-10
3.251074900718993e-10
3.340918094771555e-10
3.4138627219658936e-10
3.4674959436561986e-10
3.5461532322239173e-10
3.6514712687060727e-10
2.624284472685458e-10
2.958594327998541e-10
3.3259847160865146e-10
3.596693061550422e-10
3.7641699980747077e-10
3.9169143213671617e-10
4.0342357476880673e-10
4.1617049523196316e-10
4.265139472957482e-10
4.3411865918618717e-10
4.452704944691591e-10
4.602128706291976e-10
3.404672207364766e-10
3.9125954141856204e-10
4.2926051965705466e-10
4.529656712434782e-10
4.745850324142062e-10
4.912365063194993e-10
5.09317316383847e-10
5.239870360481117e-10
5.347668681113269e-10
5.505799095740821e-10
5.717797411482746e-10
4.626686523494799e-10
5.185889326137454e-10
5.539332924286691e-10
5.86129249438297e-10
6.109535406382616e-10
6.378981494806907e-10
6.597589469875369e-10
6.75828165634851e-10
6.993865754182504e-10
7.309992990334493e-10
5.942634531367359e-10
6.438910876474989e-10
6.884973875265653e-10
7.227568809529712e-10
7.599663751710564e-10
7.901557001817299e-10
8.123779164520927e-10
8.449139589875521e-10
8.88614440703577e-10
7.076781012720134e-10
7.660296576927683e-10
8.09977754321295e-10
8.575535814902421e-10
8.961725905796269e-10
9.246408496317673e-10
9.662989557722387e-10
1.022247200527585e-9
8.437061786182009e-10
9.025255559255788e-10
9.647631773645478e-10
1.0150829253000144e-9
1.0522522024024862e-9
1.1066496773948488e-9
1.179670941405548e-9
9.772881423385782e-10
1.0569634119177888e-9
1.1196962876576443e-9
1.1660037870334849e-9
1.2339078085767056e-9
1.3250503296481653e-9
1.1638203929236584e-9
1.247324372724068e-9
1.3069985237423958e-9
1.3947518441637827e-9
1.5128449921217944e-9
1.3569217707291956e-9
1.4345174654913826e-9
1.543776094347326e-9
1.691417874675031e-9
1.5336506800635807e-9
1.6668472082718246e-9
1.8409141921676318e-9
1.867052084309321e-9
2.0898497881563e-9
2.489681852174079e-9
3.107844148486045e-11
4.991601216676648e-11
5.855459825662495e-11
6.308824747514964e-11
6.669679070642189e-11
7.056900557354373e-11
7.337266346475814e-11
7.510037286802207e-11
7.667206408102174e-11
7.787483428560743e-11
7.918384597788553e-11
8.025052467099413e-11
8.103297094520756e-11
8.218681445079308e-11
8.373486968816e-11
9.257147830167685e-11
1.1698900377045192e-10
1.3055002679398633e-10
1.4168584097271509e-10
1.536975540513826e-10
1.6246229077748264e-10
1.678461685581912e-10
1.7275624927650343e-10
1.7650818135767843e-10
1.8059044244134729e-10
1.8390846629848677e-10
1.8634587455634438e-10
1.8992456812026516e-10
1.9471300320261288e-10
1.5574687976269273e-10
1.7883397705652033e-10
1.9840335063515264e-10
2.1963811513842416e-10
2.351976479176426e-10
2.4477529382065054e-10
2.535173363588848e-10
2.6021029138134817e-10
2.6748689541510037e-10
2.733946488106881e-10
2.7773884385770725e-10
2.84109204561254e-10
2.9263865511996294e-10
2.09470907514332e-10
2.3655414370482105e-10
2.6629439748856435e-10
2.882024896699628e-10
3.0175323842639236e-10
3.1411277215571725e-10
3.236047134148914e-10
3.3391784034833606e-10
3.4228623474319536e-10
3.484393793187469e-10
3.5746176530731846e-10
3.695506442663203e-10
2.72616866706208e-10
3.136072658732095e-10
3.4425394205776465e-10
3.6336454486062555e-10
3.8079476914683613e-10
3.9421769466190924e-10
4.0879327566856485e-10
4.206187724376649e-10
4.293093042828912e-10
4.420564843785375e-10
4.591457240316738e-10
3.7098233561096956e-10
4.1581329234417227e-10
4.4413307166475694e-10
4.699353242058332e-10
4.898280480870937e-10
5.114204462215358e-10
5.289386042457818e-10
5.418160850903787e-10
5.606947157007905e-10
5.860266576070875e-10
4.761342386834135e-10
5.156236122524298e-10
5.511543965256091e-10
5.784468094012941e-10
6.080891634931075e-10
6.321385556574592e-10
6.49840647062078e-10
6.757594001286701e-10
7.105698446469046e-10
5.660491637332748e-10
6.121717981860716e-10
6.469436186477232e-10
6.845930901450584e-10
7.151541400129633e-10
7.376804041751687e-10
7.706447268388622e-10
8.149154451957609e-10
6.730459821708774e-10
7.191751991801682e-10
7.680501040104145e-10
8.075778203163129e-10
8.367698459468624e-10
8.794930134109521e-10
9.368432932833183e-10
7.77455470659643e-10
8.396405792870517e-10
8.887028865556055e-10
9.24912766836352e-10
9.78001729668529e-10
1.0492591281813072e-9
9.223636228191268e-10
9.871461810809873e-10
1.0335315078650563e-9
1.101704132602455e-9
1.1934325776449235e-9
1.0712808510977494e-9
1.1309556538534515e-9
1.2150130684939423e-9
1.3285806135312694e-9
1.2065929357295094e-9
1.3081972788838163e-9
1.4409484680068888e-9
1.4601767021596395e-9
1.6293100819238018e-9
1.9321167455687934e-9
2.31001672183268e-11
3.771382737371537e-11
4.450913992347632e-11
4.8082585217512134e-11
5.092995406981342e-11
5.3986213112094615e-11
5.619921635984888e-11
5.75633239758204e-11
5.880418441070006e-11
5.975370517995665e-11
6.078696945184929e-11
6.162878129972111e-11
6.224649721896805e-11
6.315699117088765e-11
6.437789231667594e-11
7.138496815078616e-11
9.093579784514106e-11
1.0181711223325589e-10
1.1075985684654401e-10
1.2040555876093175e-10
1.274453021064571e-10
1.3176926974094082e-10
1.3571308890359136e-10
1.3872652907780528e-10
1.4200527290095434e-10
1.446699885392726e-10
1.4662782046967946e-10
1.495017879246817e-10
1.5334700517365265e-10
1.2216936091246396e-10
1.4081567961860116e-10
1.566298959333336e-10
1.7378740450033178e-10
1.863608304711882e-10
1.940997508288903e-10
2.0116416194588715e-10
2.0657254237897667e-10
2.1245255845954527e-10
2.1722622272562707e-10
2.207368960579827e-10
2.2588428084562244e-10
2.3277626652358816e-10
1.6561297154252869e-10
1.87539314161721e-10
2.1160991005844584e-10
2.293418460912342e-10
2.403084912386592e-10
2.5031184583999926e-10
2.579940870933385e-10
2.66340905080632e-10
2.731135250687218e-10
2.7809378822046887e-10
2.8539562685678656e-10
2.9517918832426564e-10
2.1674068633943875e-10
2.4990314243713156e-10
2.746906796794014e-10
2.901451343690396e-10
3.0424169491721874e-10
3.150970565259373e-10
3.268846990917594e-10
3.3644791104239885e-10
3.434764649058618e-10
3.537849981741177e-10
3.6760492300018713e-10
2.962337124928157e-10
3.3238377088695737e-10
3.552129547254108e-10
3.7601639206086927e-10
3.9205577565473376e-10
4.0946583059736483e-10
4.235903776240697e-10
4.3397358561076447e-10
4.4919505428754557e-10
4.696192925890468e-10
3.8083378913591777e-10
4.1250648771535743e-10
4.410291561868313e-10
4.629449464178873e-10
4.867477897656901e-10
5.060586838142963e-10
5.202725493225129e-10
5.410843097790981e-10
5.690346414220355e-10
4.5274309783961717e-10
4.895511128459387e-10
5.173370437724488e-10
5.474297656795181e-10
5.718546951795235e-10
5.898566279028439e-10
6.16200960261105e-10
6.515802895055906e-10
5.377883380802937e-10
5.743777019162862e-10
6.132058797878302e-10
6.446117526443248e-10
6.678013365919128e-10
7.017402651538722e-10
7.472991215773534e-10
6.202967790836498e-10
6.693382410157821e-10
7.080866097562045e-10
7.366800555685794e-10
7.78598989542279e-10
8.348643932243264e-10
7.33967115945708e-10
7.846451644819012e-10
8.209739215196736e-10
8.743629017814734e-10
9.461933499647088e-10
8.499244161009286e-10
8.962884857961877e-10
9.617495400607036e-10
1.0501714544937684e-9
9.546393251715592e-10
1.0334466726016607e-9
1.136648689546375e-9
1.1495244769333117e-9
1.2804828908865887e-9
1.5088839931838385e-9
1.6855450974939108e-11
2.7979270022350467e-11
3.323592910369783e-11
3.60089212158713e-11
3.8222866372209994e-11
4.060044632200342e-11
4.232278581181743e-11
4.338462043832093e-11
4.4350552694251624e-11
4.508973285525122e-11
4.589404978289559e-11
4.654921232405716e-11
4.703009952781733e-11
4.773858475096007e-11
4.868849725777166e-11
5.411136132200313e-11
6.955365578218403e-11
7.818089609510149e-11
8.528489928945167e-11
9.294957182207788e-11
9.854616956056898e-11
1.019834998926216e-10
1.0511910833880034e-10
1.0751505177611927e-10
1.1012193666380972e-10
1.1224042736622844e-10
1.1379718304007903e-10
1.1608191906561202e-10
1.1913883897304813e-10
9.443967716876326e-11
1.0936286087168114e-10
1.2204310141558327e-10
1.358037143136372e-10
1.4589136497925116e-10
1.5210027985156492e-10
1.5776871120547735e-10
1.621086169432014e-10
1.6682690926397303e-10
1.7065719447041736e-10
1.7347440570082438e-10
1.7760446687515517e-10
1.831345978594006e-10
1.2928838218633764e-10
1.469415766010646e-10
1.663256203813531e-10
1.8060928526066338e-10
1.8944370021737674e-10
1.9750274807527457e-10
2.0369236982146688e-10
2.1041727691078354e-10
2.1587357389594927e-10
2.198862185946395e-10
2.25768791412325e-10
2.336510654515153e-10
1.7050928195448004e-10
1.972763546040129e-10
2.1728686187206483e-10
2.2976371459662056e-10
2.4114512686982475e-10
2.4991041095156085e-10
2.594283399635686e-10
2.671497617330791e-10
2.728250433971543e-10
2.8114814660950773e-10
2.9230678629688064e-10
2.3470237801699354e-10
2.638904638363564e-10
2.823234268613286e-10
2.991235238805833e-10
3.120780523661843e-10
3.2613949573610673e-10
3.3754690351924383e-10
3.4593292405100744e-10
3.582261532735827e-10
3.7472156784122615e-10
3.0294886831397767e-10
3.284634746069373e-10
3.514578494356784e-10
3.691318820803188e-10
3.8832736716915805e-10
4.038996528338839e-10
4.1536152116493267e-10
4.321438929383508e-10
4.5468268990810795e-10
3.6077251252073696e-10
3.903353463995628e-10
4.126785938003065e-10
4.368808190254081e-10
4.5652297148367906e-10
4.709990039898083e-10
4.921837732070063e-10
5.206342184367966e-10
4.288698867232709e-10
4.5812357160529406e-10
4.892057616627254e-10
5.143488394944096e-10
5.329114782585736e-10
5.600786851074419e-10
5.965482941138888e-10
4.94630123446257e-10
5.336480983278894e-10
5.645190736462797e-10
5.87298253959338e-10
6.206898843097118e-10
6.655106133874157e-10
5.84666730986091e-10
6.247373620969654e-10
6.535123094054135e-10
6.957919888871618e-10
7.52667374991653e-10
6.759461780104157e-10
7.12394073046121e-10
7.639876980374505e-10
8.3364522221906e-10
7.578711178824986e-10
8.196028345703258e-10
9.005598326164791e-10
9.091590643307981e-10
1.0109267707240798e-9
1.1851510412528302e-9
1.2077933355629085e-11
2.037627669123937e-11
2.4367219881701033e-11
2.648134477481388e-11
2.8174008880742158e-11
2.9993163058114765e-11
3.131198197893069e-11
3.212512584949527e-11
3.286491820700437e-11
3.34311372280367e-11
3.4047235395001743e-11
3.4548999241753405e-11
3.4917397448799175e-11
3.545996767831937e-11
3.6187339056842555e-11
4.0271429102686975e-11
5.226417688998616e-11
5.899961981179226e-11
6.456220068820164e-11
7.056762754505934e-11
7.495572039200347e-11
7.765075542677581e-11
8.010971280161522e-11
8.198877305757022e-11
8.403326943851893e-11
8.569458440535857e-11
8.691556813985557e-11
8.870718629231839e-11
9.110443806452295e-11
7.179380923146138e-11
8.358059116768708e-11
9.362633740276187e-11
1.045347660887922e-10
1.125358780613263e-10
1.1746103464796577e-10
1.219580470364591e-10
1.254015765265685e-10
1.2914522016048611e-10
1.321840668276666e-10
1.344194026773595e-10
1.3769602557322838e-10
1.420837437933529e-10
9.940605282862035e-11
1.1347628119749959e-10
1.2893743470756497e-10
1.4033633034280277e-10
1.4738795673306287e-10
1.5382114891675226e-10
1.5876299675074569e-10
1.6413198809330136e-10
1.6848785104881866e-10
1.716914544623199e-10
1.763875645763111e-10
1.8268051321378063e-10
1.3234487857063312e-10
1.5379749874786308e-10
1.6984402368543027e-10
1.7985221713851903e-10
1.8898231253205213e-10
1.9601515792108958e-10
2.03651611090479e-10
2.0984632264411793e-10
2.143996637503969e-10
2.2107700025146477e-10
2.3002977594554404e-10
1.8389528589876412e-10
2.0737976214208558e-10
2.222159802043748e-10
2.3573976448978744e-10
2.461701102838603e-10
2.5749137484024375e-10
2.6667538261837033e-10
2.734270337015715e-10
2.8332411312513645e-10
2.966049463310111e-10
2.3883565757318043e-10
2.593848986621381e-10
2.779143292686583e-10
2.921611248194056e-10
3.076339548570726e-10
3.2018566551550173e-10
3.2942422470518496e-10
3.4295111250761144e-10
3.61118359328061e-10
2.85379832173713e-10
3.091705209072226e-10
3.2716745437949843e-10
3.466641839628262e-10
3.6248624607925065e-10
3.7414655228373166e-10
3.9121062285942644e-10
4.1412784714235163e-10
3.400878124423453e-10
3.635745922617135e-10
3.88553482928945e-10
4.0876107250650114e-10
4.2367846476867384e-10
4.455104388117281e-10
4.748191325542482e-10
3.9277505296370576e-10
4.24003367323185e-10
4.4874038177369126e-10
4.669928180172995e-10
4.937459902090479e-10
5.296572695442186e-10
4.645957533997561e-10
4.96524572161897e-10
5.194893145294524e-10
5.532243292559795e-10
5.985999474720075e-10
5.370521186913743e-10
5.659513758658871e-10
6.069463406534486e-10
6.622749334784871e-10
6.017321905195277e-10
6.505124694054056e-10
7.145827601500139e-10
7.202767697490867e-10
8.003786364643222e-10
9.346344639759813e-10
8.50748161305318e-12
1.4573066255826268e-11
1.7543635744672154e-11
1.9125284279201983e-11
2.0396125996225512e-11
2.1763332113242233e-11
2.2755503962327736e-11
2.33673116806251e-11
2.3924043344840338e-11
2.435025785336229e-11
2.4814028811090403e-11
2.5191689007759938e-11
2.5469049920951106e-11
2.587743041144453e-11
2.6424894799407667e-11
2.941275905523657e-11
3.854876162291637e-11
4.371329763193328e-11
4.799482954014713e-11
5.2621737517721633e-11
5.6005421436394476e-11
5.808371652628966e-11
5.998039458558431e-11
6.142996477153712e-11
6.300715594324894e-11
6.428864134944395e-11
6.523059126694531e-11
6.661254716704807e-11
6.846180775601548e-11
5.359875934606035e-11
6.275554899437509e-11
7.059141845007517e-11
7.910856180154529e-11
8.535997816718073e-11
8.920895630169378e-11
9.272379999005081e-11
9.541582504804174e-11
9.834232893650847e-11
1.0071768437591692e-10
1.0246512395551982e-10
1.0502630359417898e-10
1.0845632323077806e-10
7.513326337412232e-11
8.619193927023192e-11
9.835848048583581e-11
1.0733466772885922e-10
1.1288957331752902e-10
1.1795759537136022e-10
1.2185182461111366e-10
1.2608239457045047e-10
1.2951438783033965e-10
1.3203865686447996e-10
1.3573869097350958e-10
1.4069734649368778e-10
1.0111437736805714e-10
1.1811343836085798e-10
1.3084021641087e-10
1.3878199801040788e-10
1.4602734571414563e-10
1.5160999990372316e-10
1.5767145491002134e-10
1.6258822227463684e-10
1.6620230016803093e-10
1.7150204621346167e-10
1.7860840801855894e-10
1.4209978746050925e-10
1.608421112819876e-10
1.726903434834387e-10
1.834914217247498e-10
1.9182409295056871e-10
2.008681162950127e-10
2.0820444373618472e-10
2.1359782671044962e-10
2.2150366449454868e-10
2.3211325138963312e-10
1.860303949705371e-10
2.0249807211370928e-10
2.1735110382087951e-10
2.2877457374570164e-10
2.4118076002472e-10
2.5124435680846013e-10
2.5865161809082776e-10
2.6949691649771127e-10
2.840635780245887e-10
2.233553471362391e-10
2.4244838160831735e-10
2.568997010572708e-10
2.725564733130577e-10
2.852615815390229e-10
2.946247754447422e-10
3.08326886770683e-10
3.2672999137211683e-10
2.6725171861361297e-10
2.861021551445371e-10
3.061625899907011e-10
3.223919750386387e-10
3.3437203083619207e-10
3.519047253134927e-10
3.7544298886578693e-10
3.0950230469990047e-10
3.3453829016003856e-10
3.5438641543420567e-10
3.6903146722438196e-10
3.90495302826122e-10
4.1930779237089495e-10
3.669691157461558e-10
3.925046374785462e-10
4.108939388305174e-10
4.379032428040337e-10
4.742294467423385e-10
4.247641517290248e-10
4.4780262096369166e-10
4.805427471873363e-10
5.247179929348202e-10
4.761556656106116e-10
5.149580489343598e-10
5.659972103314618e-10
5.697695903938864e-10
6.33351124737746e-10
7.377355086864415e-10
5.899425590482506e-12
1.0246402751005318e-11
1.2413754418424244e-11
1.3574476103473185e-11
1.4510991034397193e-11
1.5519815856192543e-11
1.6252769806064628e-11
1.6704810931376766e-11
1.711627347051428e-11
1.7431373722873508e-11
1.7774265210466637e-11
1.8053470743966286e-11
1.8258586336020176e-11
1.856053291315191e-11
1.8965361231469267e-11
2.1087849622518546e-11
2.7905291064999044e-11
3.17879628267653e-11
3.502138771621876e-11
3.852017902061519e-11
4.10812689984294e-11
4.2654601089921256e-11
4.4090788703232234e-11
4.5188613833290694e-11
4.6383081541790215e-11
4.735352644407393e-11
4.8066927580931205e-11
4.91134371735792e-11
5.051398441063153e-11
3.927095887435649e-11
4.625061599811954e-11
5.2252425628859994e-11
5.87846059611319e-11
6.35828219698247e-11
6.653811060081149e-11
6.923715152246675e-11
7.130493130388611e-11
7.355267214647942e-11
7.537694208876064e-11
7.671907628903846e-11
7.868604255686544e-11
8.132058928349128e-11
5.5757130641879903e-11
6.430136406877915e-11
7.371679756122806e-11
8.066907919958693e-11
8.497371208951665e-11
8.890116635490528e-11
9.192005149939238e-11
9.519942746655227e-11
9.785955570143594e-11
9.981618766456474e-11
1.0268405027732857e-10
1.0652789966850773e-10
7.591850177393376e-11
8.91885307640934e-11
9.913531222248967e-11
1.0534675863703237e-10
1.110136555256945e-10
1.1538167841798552e-10
1.2012397702635977e-10
1.2397047152187335e-10
1.2679783867242618e-10
1.3094388094167883e-10
1.3650382091926944e-10
1.0805698583938734e-10
1.228332922529049e-10
1.3218305397786795e-10
1.4070677072026913e-10
1.4728457325503039e-10
1.5442351218971698e-10
1.60214213906883e-10
1.6447132591673262e-10
1.707114612434511e-10
1.7908646881232318e-10
1.4280072470635488e-10
1.5587418987599493e-10
1.6766553665992312e-10
1.7673648857663825e-10
1.8658748790897996e-10
1.945780965277392e-10
2.0045965887211735e-10
2.0907081637715446e-10
2.2063774426217866e-10
1.724874048390739e-10
1.8769838967762277e-10
1.9921363963341957e-10
2.1168962708071281e-10
2.2181320660711044e-10
2.2927410825273017e-10
2.401919893906542e-10
2.548567117978285e-10
2.075036139380427e-10
2.225583915294873e-10
2.385830037599736e-10
2.515474399761285e-10
2.611174484435393e-10
2.7512258343475323e-10
2.9392605325517256e-10
2.4125958061218773e-10
2.6127180373766665e-10
2.7714390563429854e-10
2.8885554619412923e-10
3.060189977168684e-10
3.290597899762553e-10
2.8717650438078095e-10
3.0758514058266714e-10
3.2229432047912136e-10
3.438963584949373e-10
3.7294886128909815e-10
3.333078061267408e-10
3.5169690516860164e-10
3.7786582411394137e-10
4.1316788210912677e-10
3.7424215167639024e-10
4.051901201858593e-10
4.459442840007235e-10
4.485067916075144e-10
4.991773189175587e-10
5.809807805671998e-10
4.034514595464475e-12
7.093255245424804e-12
8.644332010842432e-12
9.480237075952134e-12
1.0157786579494649e-11
1.0888772317371644e-11
1.1420535700055033e-11
1.1748582269177412e-11
1.2047282583748573e-11
1.2276114793203748e-11
1.2525160277586705e-11
1.272794810520376e-11
1.2876970376860662e-11
1.3096317314346098e-11
1.3390474207121079e-11
1.4856285513736218e-11
1.983787363675644e-11
2.2697773390528136e-11
2.509145807662185e-11
2.768569386116918e-11
2.958653152292827e-11
3.0754604119869385e-11
3.182109923795437e-11
3.2636516527366306e-11
3.352369618160037e-11
3.4244439861965366e-11
3.4774326823983536e-11
3.5551558971191203e-11
3.6591877686031435e-11
2.8241010511135834e-11
3.345318478929111e-11
3.795943873636928e-11
4.287169719401984e-11
4.648300725796434e-11
4.870830286223402e-11
5.074080901214167e-11
5.229847478344782e-11
5.399156851984983e-11
5.536557091144541e-11
5.6376497567637894e-11
5.785797311309995e-11
5.98425125431071e-11
4.060916497058974e-11
4.7084302059378155e-11
5.423366751637499e-11
5.951760125548652e-11
6.279134010378252e-11
6.577821537901133e-11
6.807505734129119e-11
7.056986627931032e-11
7.259341072942713e-11
7.408183954120334e-11
7.626339472561629e-11
7.91877313046559e-11
5.596353996529854e-11
6.614054443960808e-11
7.377969441753655e-11
7.855424842551227e-11
8.291020740218157e-11
8.626916965151036e-11
8.991562643031739e-11
9.287311228040337e-11
9.504696212744389e-11
9.823471603795729e-11
1.0251002771021365e-10
8.0743959041826e-11
9.221377697894616e-11
9.947959321952405e-11
1.0610331242718431e-10
1.1121656795052814e-10
1.1676565668523182e-10
1.2126658625866472e-10
1.245754873581956e-10
1.2942566978315285e-10
1.359358739904635e-10
1.0782613658948347e-10
1.1806903418225228e-10
1.2730452425757106e-10
1.3441055111552143e-10
1.4212744292660515e-10
1.483868152721599e-10
1.5299422559022303e-10
1.5973960293888412e-10
1.6880126600915223e-10
1.3115263933190256e-10
1.431338496467727e-10
1.522024127270496e-10
1.6202721798928506e-10
1.6999936449542453e-10
1.758750167076678e-10
1.8447268132647022e-10
1.9602189285287837e-10
1.588072215661941e-10
1.7072049992541308e-10
1.833990095335466e-10
1.9365603596574427e-10
2.0122793935532496e-10
2.123084969141564e-10
2.2718624593011752e-10
1.8556073892084458e-10
2.0144020919810114e-10
2.1403452712044486e-10
2.233281606601162e-10
2.3694740233517465e-10
2.5523110564380984e-10
2.2203545596092373e-10
2.3826273347769474e-10
2.49962727680929e-10
2.6714479012295e-10
2.902527891825013e-10
2.5871993631611785e-10
2.733521292091347e-10
2.941915459895837e-10
3.2230146005580497e-10
2.912657118650002e-10
3.159034256809216e-10
3.483738212446718e-10
3.502086449182844e-10
3.905827505346336e-10
4.5500414554421716e-10
2.726246789371835e-12
4.843389764287929e-12
5.933621865883703e-12
6.524943324920886e-12
7.00657194670047e-12
7.527089972926252e-12
7.906240917266033e-12
8.140227544753401e-12
8.353363970417796e-12
8.516717467283026e-12
8.69453083324257e-12
8.839325791366385e-12
8.945765482183516e-12
9.102431032305669e-12
9.312608172215948e-12
1.0299519619383725e-11
1.386625562272776e-11
1.59305713803025e-11
1.766755412323326e-11
1.9553466759257498e-11
2.0936692684329895e-11
2.178702681866309e-11
2.256356604351063e-11
2.3157452837066e-11
2.3803585593767598e-11
2.4328477245618692e-11
2.471440302074247e-11
2.5280439117368376e-11
2.6038192289781946e-11
1.99490706470716e-11
2.3760412039002447e-11
2.7074398691142482e-11
3.0693452457748046e-11
3.335634341538223e-11
3.4998121997842374e-11
3.649772537136642e-11
3.7647424287601994e-11
3.8896970014079065e-11
3.991093620775231e-11
4.065699626423913e-11
4.175027922853619e-11
4.321499783289038e-11
2.9034860488382345e-11
3.3841848098981133e-11
3.91610922849244e-11
4.309630272811628e-11
4.5536177737719525e-11
4.776217097513882e-11
4.9474673984996684e-11
5.133460664589739e-11
5.284308347615372e-11
5.3952654358048546e-11
5.5578917964929525e-11
5.7759161349238475e-11
4.0493306071742767e-11
4.814655534948993e-11
5.3900371071473914e-11
5.7500045242802825e-11
6.078402735049428e-11
6.33174906079958e-11
6.606754042380277e-11
6.829787810276622e-11
6.993718280180273e-11
7.234114006530373e-11
7.556559007297339e-11
5.924051826491462e-11
6.798439566713417e-11
7.353041156531895e-11
7.858589074106108e-11
8.248979238749457e-11
8.672615681764058e-11
9.016221499734525e-11
9.268823891416223e-11
9.63908581286942e-11
1.0136127194743375e-10
7.998969158929181e-11
8.788571620293765e-11
9.500095457171704e-11
1.0047609626589329e-10
1.0642178512150594e-10
1.1124442031664464e-10
1.1479442569078154e-10
1.1999144450151562e-10
1.2697385194067389e-10
9.803935251765028e-11
1.0733848866784722e-10
1.1437308367914557e-10
1.2199365458567493e-10
1.2817724802241438e-10
1.3273506600506274e-10
1.394039455460048e-10
1.483630125738063e-10
1.195863235955743e-10
1.2889295554582682e-10
1.3879189565488712e-10
1.4679970640552648e-10
1.5271183899832205e-10
1.6136309445682933e-10
1.7297965251446481e-10
1.4054072813011775e-10
1.5300026813905722e-10
1.6287810462264671e-10
1.7016787921113267e-10
1.808503674072351e-10
1.9519202718449058e-10
1.6923173285702372e-10
1.820160125816855e-10
1.9123303145197288e-10
2.0476902413406017e-10
2.229739863933435e-10
1.9817568519695369e-10
2.097337944182003e-10
2.2619880018263386e-10
2.484081647648148e-10
2.2389742424214558e-10
2.4339175685628117e-10
2.690937856759214e-10
2.7050499630821836e-10
3.025301474649596e-10
3.5332258747326725e-10
1.823618105031145e-12
3.2681075077574816e-12
4.022051669817851e-12
4.433521763372983e-12
4.770299165070025e-12
5.134952343874096e-12
5.400915933305701e-12
5.565126834347327e-12
5.71476716858626e-12
5.829511474212981e-12
5.954440668496538e-12
6.05618527652385e-12
6.1310045588865466e-12
6.2411370375777866e-12
6.388963966346651e-12
7.039364371361251e-12
9.545174339497761e-12
1.1006805120703143e-11
1.2243233970918269e-11
1.3588281651192846e-11
1.457578766555781e-11
1.5183130975023802e-11
1.5737855941751387e-11
1.6162230960492808e-11
1.6623924397735474e-11
1.699897194088477e-11
1.7274741850755598e-11
1.7679199892982637e-11
1.822073843677728e-11
1.3860635920670948e-11
1.6590950378818134e-11
1.8978559843450154e-11
2.1590937720987257e-11
2.3514782133734328e-11
2.470160326179589e-11
2.5785656862837236e-11
2.6617093911581808e-11
2.752065878616141e-11
2.825381809746481e-11
2.879328002625044e-11
2.958379882345308e-11
3.064302215634327e-11
2.0397874256645186e-11
2.3892568525958004e-11
2.7768729478178916e-11
3.063922599385061e-11
3.2420297522291455e-11
3.4045138224518214e-11
3.529572140833385e-11
3.665384735329636e-11
3.775526330637688e-11
3.8565408187075905e-11
3.975282567958596e-11
4.134491486502941e-11
2.87721474214344e-11
3.4410134503177644e-11
3.8655934680946464e-11
4.131481643914478e-11
4.3740397442693576e-11
4.5612451103574837e-11
4.7644367484042446e-11
4.929222186515307e-11
5.050333524242849e-11
5.2279443969675806e-11
5.466198963444489e-11
4.2670211513328486e-11
4.9205887749204637e-11
5.335672983420518e-11
5.7139923633437145e-11
6.006219911132081e-11
6.323313371027107e-11
6.580498489608803e-11
6.769566275122297e-11
7.046698444830535e-11
7.418761517737105e-11
5.82659517511414e-11
6.42415801093465e-11
6.962176043840257e-11
7.376171298001498e-11
7.825741989679043e-11
8.190395076751013e-11
8.458835925160101e-11
8.851792910071241e-11
9.379808313669048e-11
7.198664931118144e-11
7.908030687225192e-11
8.444156999524222e-11
9.024867280628999e-11
9.496088903601652e-11
9.843455128096258e-11
1.0351672412897668e-10
1.1034477694531615e-10
8.850346841205056e-11
9.56597680436004e-11
1.0326463481490459e-10
1.0941604343698469e-10
1.1395830222766676e-10
1.2060464329827484e-10
1.2952947101640434e-10
1.0467298000719982e-10
1.1430919002285716e-10
1.2194260580453356e-10
1.2757670474692755e-10
1.3583298242429923e-10
1.4691766154611416e-10
1.2694567728498183e-10
1.3689042710431717e-10
1.4405672252940826e-10
1.5458191769745167e-10
1.6873841260395144e-10
1.4952227802978967e-10
1.5855229062312472e-10
1.7141144408137233e-10
1.8875854550365622e-10
1.6965348504230454e-10
1.8492560472839911e-10
2.0506082252875712e-10
2.0622789095206866e-10
2.3141526807454443e-10
2.71352958640923e-10
1.2096151901781088e-12
2.1831707196714587e-12
2.6971690904298986e-12
2.979298031612382e-12
3.211294911474174e-12
3.4629765469364125e-12
3.6467738317514696e-12
3.760312806851533e-12
3.863822926278752e-12
3.943236272366414e-12
4.02972255358346e-12
4.100173642267814e-12
4.152000770093503e-12
4.228302456021619e-12
4.330788884715977e-12
4.752309230654808e-12
6.483177936785399e-12
7.500010334263312e-12
8.36456278537254e-12
9.306922707406064e-12
9.999438793952967e-12
1.0425556656091913e-11
1.0814808232028297e-11
1.1112685377610942e-11
1.1436748358285865e-11
1.1699989446509292e-11
1.1893559201626274e-11
1.2177457026815615e-11
1.2557640581849138e-11
9.48916328054077e-12
1.1407866567147411e-11
1.3094864611251363e-11
1.4944221181254432e-11
1.6307287841538873e-11
1.7148648398981985e-11
1.7917146740751675e-11
1.8506785109838323e-11
1.9147524409675408e-11
1.966739209986871e-11
2.004991963582675e-11
2.06104684634974e-11
2.1361638836208975e-11
1.4101323893174461e-11
1.6590997202136787e-11
1.9358908563456642e-11
2.1410707566525308e-11
2.2684716643640732e-11
2.3846891214022946e-11
2.474175140106976e-11
2.571348828950956e-11
2.6501505154194698e-11
2.7081117706292386e-11
2.7930666226309705e-11
2.906986019919634e-11
2.0097367972556044e-11
2.4165932855862835e-11
2.723500301296308e-11
2.9158813026895467e-11
3.0913724959336865e-11
3.226869626273962e-11
3.373925750389221e-11
3.493182871516063e-11
3.5808274203125013e-11
3.7093651049850484e-11
3.881806114463264e-11
3.0190102366069053e-11
3.4976224756838675e-11
3.801977536435771e-11
4.0793248233237245e-11
4.293607930079852e-11
4.5261109170559086e-11
4.7146856261704896e-11
4.85331377524879e-11
5.056510866875373e-11
5.329340088799826e-11
4.167827048290884e-11
4.61117686749867e-11
5.0099171158911535e-11
5.3166991144660593e-11
5.6498439918628844e-11
5.920065961814828e-11
6.119004768499481e-11
6.410198626482951e-11
6.801520399506043e-11
5.190839838585e-11
5.7217449805532435e-11
6.122486761755157e-11
6.556480181348791e-11
6.908665327217688e-11
7.168316403030236e-11
7.5481670978492e-11
8.05854960243139e-11
6.433997154374544e-11
6.974486114139169e-11
7.548149810826987e-11
8.012115265764652e-11
8.35477885168679e-11
8.856142143557617e-11
9.529403785054797e-11
7.660422855845584e-11
8.393233711618497e-11
8.973066685162202e-11
9.401094078378855e-11
1.0028347903225003e-10
1.087049799320737e-10
9.362318536831869e-11
1.0124058115889987e-10
1.0672483777282314e-10
1.1478071637887185e-10
1.2561689976060144e-10
1.1098208816946592e-10
1.1793885455158785e-10
1.2783673743089256e-10
1.4119144255806828e-10
1.2653603516701028e-10
1.383442764718756e-10
1.53906440882491e-10
1.549238748958892e-10
1.7449735394960785e-10
2.0569891561824857e-10
7.968404329862118e-13
1.446318428505676e-12
1.7924785388719192e-12
1.9834468198257883e-12
2.141155571864363e-12
2.312564481315102e-12
2.437886557118852e-12
2.515345004638868e-12
2.585993864543459e-12
2.6402257654278186e-12
2.6993075437667077e-12
2.7474493938615775e-12
2.78287994547276e-12
2.8350563057252176e-12
2.9051976440956616e-12
3.1751161852338964e-12
4.353235308258199e-12
5.04968269310083e-12
5.6445875320116914e-12
6.294266363037486e-12
6.7721137793498254e-12
7.0662748876926345e-12
7.335015356519725e-12
7.540732159706806e-12
7.764529443965772e-12
7.946322930028725e-12
8.080008276797947e-12
8.276080775115558e-12
8.538699758689742e-12
6.413591061949497e-12
7.738873241554288e-12
8.909858345033375e-12
1.019589122218906e-11
1.1144492907113534e-11
1.1730331992623554e-11
1.226542621131623e-11
1.2676123832511533e-11
1.312238467344186e-11
1.3484443073142396e-11
1.3750854208695232e-11
1.4141252273615669e-11
1.46644644077756e-11
9.610217606001193e-12
1.1350853254996932e-11
1.329032126042954e-11
1.4729332438786712e-11
1.562343241953172e-11
1.6438990045703023e-11
1.7067193017736e-11
1.7749319915778553e-11
1.8302458194070548e-11
1.8709299419475275e-11
1.930563127875882e-11
2.0105351671053953e-11
1.3821535091671559e-11
1.6700053591156838e-11
1.887491668123623e-11
2.023938426337952e-11
2.1483990737023715e-11
2.2445282537007186e-11
2.348850916628856e-11
2.433451444103576e-11
2.4956225554074828e-11
2.5868059915072977e-11
2.7091435072127724e-11
2.1005038580325754e-11
2.443931302108436e-11
2.66257278539243e-11
2.8617673197762733e-11
3.015693965786011e-11
3.182699937045403e-11
3.318152635555258e-11
3.417728665610443e-11
3.563682543444461e-11
3.759670553560365e-11
2.929705680706075e-11
3.25200775303516e-11
3.541506073481008e-11
3.7641836545117477e-11
4.00599924574176e-11
4.202146735228755e-11
4.3465633337519306e-11
4.557932852136544e-11
4.8420140082566464e-11
3.677273058996464e-11
4.066734873940772e-11
4.3602500612674804e-11
4.6780528996090706e-11
4.93596803057886e-11
5.1261463785581464e-11
5.4043363422673645e-11
5.778151154916454e-11
4.594889448039955e-11
4.9952873361403356e-11
5.419618200970488e-11
5.76275456752974e-11
6.016237589666245e-11
6.387094937988506e-11
6.885115392558865e-11
5.507810590709012e-11
6.054860463740652e-11
6.487072231192753e-11
6.806178327687506e-11
7.2738377666158e-11
7.901720754612812e-11
6.785436055886556e-11
7.358807534496956e-11
7.771087837371135e-11
8.376805001498817e-11
9.191663722162367e-11
8.098227010852721e-11
8.625509088932767e-11
9.374653529832421e-11
1.0385696925954072e-10
9.281677376785792e-11
1.0180519224368834e-10
1.136420026271219e-10
1.1455090758135389e-10
1.2953912684180703e-10
1.5368088934586168e-10
5.220127135999478e-13
9.516641038772883e-13
1.1824121985442432e-12
1.3102603145053016e-12
1.416240304916252e-12
1.5316248461869331e-12
1.6160739458860377e-12
1.6682974363319402e-12
1.7159518464840898e-12
1.7525531216443482e-12
1.7924429657065356e-12
1.824958747799332e-12
1.8489004796102756e-12
1.8841710711542724e-12
1.931634729723791e-12
2.1031348372922037e-12
2.8950843864496962e-12
3.3657280045850077e-12
3.769389862265181e-12
4.210986324086116e-12
4.536035817545618e-12
4.736215881791617e-12
4.919113412885292e-12
5.059157314911237e-12
5.211509194531905e-12
5.335268435965392e-12
5.426281836284249e-12
5.559773706613237e-12
5.738605960073635e-12
4.287933073673006e-12
5.189684052982956e-12
5.989865842153753e-12
6.870125614880634e-12
7.519866810250652e-12
7.92131932790443e-12
8.287989611443909e-12
8.569501909763765e-12
8.875374823038092e-12
9.123525184015668e-12
9.30612105931686e-12
9.573701277143927e-12
9.932346566360507e-12
6.469236089170757e-12
7.66592420354016e-12
9.00198840798116e-12
9.994110507579064e-12
1.0610892745162017e-11
1.1173457439707292e-11
1.1606923753184489e-11
1.2077573951607716e-11
1.2459214056264365e-11
1.2739908971180894e-11
1.3151353622727788e-11
1.3703173889523147e-11
9.3760953457758e-12
1.137597789823855e-11
1.2889193620562479e-11
1.3839260098412243e-11
1.4705819203244526e-11
1.5375308376053605e-11
1.6101820009293486e-11
1.6690981051736202e-11
1.71239205463175e-11
1.7758922988339497e-11
1.8610939929092334e-11
1.4394035999684122e-11
1.681100324542951e-11
1.8351271952827374e-11
1.975416418547893e-11
2.0838351730703905e-11
2.2014610899105575e-11
2.296864234797035e-11
2.3669988311179295e-11
2.469797180858937e-11
2.6078472502365416e-11
2.0262652221782796e-11
2.255922823160825e-11
2.4619051039819353e-11
2.6202875079040852e-11
2.792284702078943e-11
2.931804252291337e-11
3.034536862779176e-11
3.184883799426559e-11
3.3869714024204925e-11
2.5617186014350736e-11
2.841721048150365e-11
3.052360502462456e-11
3.280372986737916e-11
3.465434643763167e-11
3.601915234167485e-11
3.8015371081349496e-11
4.069794317102751e-11
3.225702283416741e-11
3.516476189777593e-11
3.8240886939406826e-11
4.072796803579441e-11
4.256569925696355e-11
4.525423160074333e-11
4.886466598622461e-11
3.892103248364569e-11
4.2926129110590043e-11
4.6084914193433896e-11
4.841746501044897e-11
5.183615848626061e-11
5.6426108875036896e-11
4.833311368251204e-11
5.256881786007022e-11
5.560953164892949e-11
6.007796891021634e-11
6.609008977672006e-11
5.8083869917953744e-11
6.2009461244815e-11
6.757630301474848e-11
7.50917992091328e-11
6.693583308446506e-11
7.365962058387512e-11
8.250426205814572e-11
8.33161356855194e-11
9.460164678306067e-11
1.130521602267906e-10