3.3345117570232e-9
5.0047962902044995e-9
5.6792810525179115e-9
6.029574986220911e-9
6.38560227499078e-9
6.667804965146089e-9
6.832706842493363e-9
6.972431239873811e-9
7.082577083435089e-9
7.194898533294676e-9
7.2738013167415084e-9
7.36629097253875e-9
7.497580126472536e-9
8.583802170222501e-9
1.0348867484082882e-8
1.1316783478967679e-8
1.231124641369631e-8
1.3105973585401579e-8
1.3569634298032039e-8
1.3963161413003133e-8
1.427439311964454e-8
1.4591244752186262e-8
1.4813377150746145e-8
1.507455242853462e-8
1.544436154593618e-8
1.2945722468251575e-8
1.4457949336689475e-8
1.6034809273696588e-8
1.730187380415198e-8
1.804301146959072e-8
1.8673672235431183e-8
1.9171878747789917e-8
1.9679738336944595e-8
2.0035454438417295e-8
2.0454133461826386e-8
2.1046675650101214e-8
1.640046667927181e-8
1.8486592363667552e-8
2.017869745327966e-8
2.1174434757337513e-8
2.2023492837982972e-8
2.2693688423154682e-8
2.3377663738526268e-8
2.3856440749523087e-8
2.4420316625093842e-8
2.5218350004259173e-8
2.126965429896157e-8
2.359491250002119e-8
2.498140416066767e-8
2.6166569356912824e-8
2.710152769341893e-8
2.8056714562551144e-8
2.8724975119740948e-8
2.951248882608671e-8
3.06271344310457e-8
2.6593515206995735e-8
2.84348143682101e-8
3.0005137570671955e-8
3.124316586252019e-8
3.250864965314669e-8
3.339380232497907e-8
3.4437316446623804e-8
3.591440439567676e-8
3.065750584855151e-8
3.2573586438201025e-8
3.4074288649107953e-8
3.5607394448535057e-8
3.66797877197439e-8
3.794434479782839e-8
3.973473916048059e-8
3.489406786874176e-8
3.6716091513146173e-8
3.856274358798282e-8
3.985357352301485e-8
4.1376642099156515e-8
4.353335086040607e-8
3.886511014060088e-8
4.1045022089420793e-8
4.255450563131545e-8
4.433718356857975e-8
4.686281476376204e-8
4.3649323362151295e-8
4.544923880081282e-8
4.7553260959467187e-8
5.05381071606207e-8
4.7520929890275554e-8
4.9914191932110145e-8
5.328180708843099e-8
5.279604463163622e-8
5.6714931017235496e-8
6.18474945331124e-8
2.774426172735261e-9
4.219834774275064e-9
4.814731468624568e-9
5.125612019935035e-9
5.442414253701926e-9
5.693647290541921e-9
5.840583228379076e-9
5.965010865990873e-9
6.0632652355401505e-9
6.163312793831466e-9
6.233667588673683e-9
6.3161848479314185e-9
6.4331915372746835e-9
7.394380348988844e-9
9.005922342308045e-9
9.89890590015651e-9
1.0819318619511124e-8
1.1555813257816192e-8
1.1985692357657478e-8
1.2350613337076358e-8
1.2639420965572286e-8
1.2933291823203297e-8
1.3139369324501477e-8
1.3381764346343991e-8
1.3724786114468749e-8
1.1420311028959572e-8
1.2846819459751376e-8
1.4340543883117283e-8
1.5542601651889064e-8
1.6246216203908102e-8
1.6845194675814497e-8
1.7318492846329163e-8
1.7800890654702423e-8
1.813880602664301e-8
1.8536660622086358e-8
1.9099520454607494e-8
1.470479382960848e-8
1.6713662922144538e-8
1.8346728713096036e-8
1.930891131497574e-8
2.012976855435364e-8
2.0777764647688183e-8
2.1439105190548172e-8
2.1902039718925314e-8
2.244741642964499e-8
2.3219066804681653e-8
1.943842053564021e-8
2.172598375038537e-8
2.30930225362092e-8
2.4262217112063116e-8
2.5184584793433093e-8
2.612702965921657e-8
2.6786347091579823e-8
2.7563518318935443e-8
2.86633379101358e-8
2.4719005731878983e-8
2.6565291493733963e-8
2.813996022541829e-8
2.9381321016882475e-8
3.0650403974455746e-8
3.153803984050214e-8
3.2584712552285735e-8
3.406609542767236e-8
2.881913616272111e-8
3.076397856436941e-8
3.228604681221925e-8
3.384105937056074e-8
3.492878395577312e-8
3.6211665303133494e-8
3.80278637558454e-8
3.314678592043553e-8
3.5016847399159594e-8
3.691076371594078e-8
3.823458445795608e-8
3.979691220904835e-8
4.200910232314062e-8
3.7244200054506084e-8
3.950221773577526e-8
4.1064313468162594e-8
4.290965484863249e-8
4.5524096838523815e-8
4.222727408482206e-8
4.410875111764261e-8
4.630660525673416e-8
4.9425014683075485e-8
4.629178537462375e-8
4.8809435749539416e-8
5.2350051429487105e-8
5.187316813317971e-8
5.6025149953350754e-8
6.154136028467575e-8
2.2858407345968273e-9
3.5130407462816254e-9
4.025831499402285e-9
4.295464504775603e-9
4.571064961030593e-9
4.78973510119946e-9
4.917684870266717e-9
5.026125486812462e-9
5.111795415328499e-9
5.19902845796959e-9
5.260407303676338e-9
5.332314677276226e-9
5.434333296062132e-9
6.257662299264263e-9
7.68510671268996e-9
8.484482668952636e-9
9.311489562790498e-9
9.974031883977067e-9
1.0360943866796646e-8
1.0689648252569517e-8
1.0949798980420766e-8
1.1214550081617248e-8
1.1400216956182722e-8
1.1618529607135859e-8
1.1927524002403141e-8
9.858932382767517e-9
1.116264267173943e-8
1.253430756651878e-8
1.3639730486434096e-8
1.4287335152027586e-8
1.4839068714750057e-8
1.5274935923236318e-8
1.571932109125752e-8
1.6030593010324854e-8
1.639701861617447e-8
1.6915478373639772e-8
1.2884559286826203e-8
1.4760605181823577e-8
1.6289205173205092e-8
1.719112630173023e-8
1.7961172887682366e-8
1.856889314566757e-8
1.9189362818643235e-8
1.962364073209651e-8
2.013522088752224e-8
2.0859139119050712e-8
1.735014841937308e-8
1.9535860040387056e-8
2.0845327668538807e-8
2.1966124445399824e-8
2.285008391573894e-8
2.3753623714895008e-8
2.4385646324050216e-8
2.5130636497082752e-8
2.6185030184868827e-8
2.2441081787852987e-8
2.4242627782223926e-8
2.5779259793297467e-8
2.6990275579934452e-8
2.8228751842319908e-8
2.9094897848511576e-8
3.011625169568158e-8
3.156193961944255e-8
2.6469567796598394e-8
2.8393424405364337e-8
2.9897427411186195e-8
3.1434260060177633e-8
3.250922958839444e-8
3.3777102761665835e-8
3.55722432286344e-8
3.078161475591117e-8
3.265459860364403e-8
3.4549940057889536e-8
3.5874647157112514e-8
3.7438153370659705e-8
3.965224113748121e-8
3.4910369507748184e-8
3.719576069515777e-8
3.877495617185658e-8
4.064085141949503e-8
4.32848153221314e-8
3.998575902949457e-8
4.190974922057807e-8
4.415507808626897e-8
4.734175621719784e-8
4.41627983274763e-8
4.6755676931563806e-8
5.039989308529095e-8
4.99496181281359e-8
5.426100246674978e-8
6.008380868105122e-8
1.8501541920938482e-9
2.8755197003520484e-9
3.309076813044734e-9
3.5383439899150678e-9
3.773378552267427e-9
3.9600694137965845e-9
4.069456392877775e-9
4.162187329519202e-9
4.235348653672804e-9
4.309974109414105e-9
4.362365455916431e-9
4.4238305382584146e-9
4.51108914779104e-9
5.199690369932284e-9
6.430225109930369e-9
7.126047596510827e-9
7.848708370409294e-9
8.428407423121376e-9
8.767289037831508e-9
9.055346105920952e-9
9.283153943854442e-9
9.515163774133811e-9
9.67772245985223e-9
9.868966343683596e-9
1.0139716374848474e-8
8.328612617189227e-9
9.483227552228944e-9
1.0704052092568275e-8
1.1689383758263983e-8
1.2267347766125493e-8
1.2760044221719973e-8
1.3148993870675774e-8
1.3545809542153925e-8
1.38235890740535e-8
1.4150705815026834e-8
1.4613632147845597e-8
1.1028229014040223e-8
1.2725159876566373e-8
1.4111178198790262e-8
1.493040440689096e-8
1.5630279095218346e-8
1.618228319606077e-8
1.674621505835629e-8
1.7140721131117006e-8
1.7605592132410048e-8
1.826352112071119e-8
1.510913147271634e-8
1.7133208496580936e-8
1.8349313928280422e-8
1.939083254565881e-8
2.021187249493933e-8
2.105153576236518e-8
2.1638650749274413e-8
2.2330878810748836e-8
2.3310732572708655e-8
1.986875531779801e-8
2.157517591597704e-8
2.3030393923189684e-8
2.4176701401722878e-8
2.5349506633965863e-8
2.6169496429872086e-8
2.7136625956312767e-8
2.8505719962589153e-8
2.3713614694868398e-8
2.5563082012462358e-8
2.7006892199295583e-8
2.848254883809584e-8
2.9514549071047127e-8
3.073196024071687e-8
3.245586818142176e-8
2.7892803955567528e-8
2.9718314600462777e-8
3.15638076278436e-8
3.285341047615756e-8
3.437581420291135e-8
3.653195418675299e-8
3.1944685379452855e-8
3.419860966693093e-8
3.5753754943396204e-8
3.7591817642610275e-8
4.019679524630568e-8
3.698626155947054e-8
3.8905778793715e-8
4.1143407035124875e-8
4.432020108435841e-8
4.117741559167281e-8
4.378522961950432e-8
4.744768553929857e-8
4.704279795932636e-8
5.14192199590242e-8
5.7442447650326624e-8
1.4867447834145757e-9
2.3332621535227217e-9
2.694842862445245e-9
2.8869982655300086e-9
3.0844144908862223e-9
3.2413314604217007e-9
3.3333101681578908e-9
3.4113553858990797e-9
3.4730244338890473e-9
3.5357419760925185e-9
3.5798959583573585e-9
3.631665029086546e-9
3.705134305942612e-9
4.274725631100992e-9
5.314678343836235e-9
5.907193544598363e-9
6.524577156295598e-9
7.0203665957388754e-9
7.310386192066268e-9
7.557052371216966e-9
7.752186205731192e-9
7.950726758097193e-9
8.089968127214583e-9
8.253754864494839e-9
8.485584100804822e-9
6.932321420869553e-9
7.927186076829503e-9
8.983690249868815e-9
9.837531404963975e-9
1.033884738845314e-8
1.0766422218709448e-8
1.1103958829753119e-8
1.144818255137616e-8
1.168927192971284e-8
1.1973165184851364e-8
1.2374876710390104e-8
9.272457503793065e-9
1.0761144858795041e-8
1.1979884364835497e-8
1.2701317779099933e-8
1.3317959630246274e-8
1.3804284073605456e-8
1.4301027112384572e-8
1.4648641435932045e-8
1.5058258271000473e-8
1.563795197816955e-8
1.2886613453453398e-8
1.4702158336890084e-8
1.5795902579462436e-8
1.673306918021942e-8
1.7471783278466386e-8
1.8227217631063443e-8
1.8755537518967294e-8
1.937846867436595e-8
2.026021231968388e-8
1.7196823329149865e-8
1.8762531947560015e-8
2.0097097188585148e-8
2.1148146332234484e-8
2.2223497307701384e-8
2.297546112505462e-8
2.386240670781235e-8
2.5117984013540178e-8
2.0753186878441346e-8
2.2476645899290433e-8
2.3820210299616383e-8
2.5193203203502592e-8
2.615357816754594e-8
2.7286557329530905e-8
2.889095222069353e-8
2.4682590498914097e-8
2.6409727424203608e-8
2.8153125170686788e-8
2.9371467346059882e-8
3.080992816932754e-8
3.284726752258991e-8
2.8545551801838904e-8
3.070531481920431e-8
3.2193228710352735e-8
3.395229239871084e-8
3.644560782423235e-8
3.341568414989336e-8
3.5279123143986685e-8
3.744823822968565e-8
4.0528737308217115e-8
3.751084939722011e-8
4.0065061139142147e-8
4.3648685350773044e-8
4.330704824449169e-8
4.763751986700295e-8
5.372754443731397e-8
1.1758223959825102e-9
1.8633392738679025e-9
2.1605001454428004e-9
2.3190142815651393e-9
2.4821230609449754e-9
2.612067296910964e-9
2.6882502872020197e-9
2.752852932370865e-9
2.8038408199640115e-9
2.8558664269544968e-9
2.8923817891533825e-9
2.9352978600251918e-9
2.9961685443356173e-9
3.4658391800872504e-9
4.333301237047855e-9
4.8298170255631645e-9
5.348335825577937e-9
5.765446433507022e-9
6.009506494117384e-9
6.217024274525224e-9
6.38109287218297e-9
6.548267842988075e-9
6.66535926893102e-9
6.803235823771596e-9
6.998313207371659e-9
5.6893410464834576e-9
6.528795667632592e-9
7.422994167943088e-9
8.146824710407157e-9
8.572025191820172e-9
8.934631712016076e-9
9.220760303022981e-9
9.512844472510163e-9
9.717245682368504e-9
9.95809767103747e-9
1.029881895155115e-8
7.671674176616813e-9
8.943687558603564e-9
9.987477216757578e-9
1.0605956763974215e-8
1.1134590538952159e-8
1.1551378809803545e-8
1.1977420021615991e-8
1.2275370202126254e-8
1.2626642782941648e-8
1.3123686040427306e-8
1.078306958462637e-8
1.2363460018730667e-8
1.3317556718575113e-8
1.413509671407677e-8
1.4779370747525924e-8
1.543859141022737e-8
1.589942184362266e-8
1.6442979044402066e-8
1.721229317196719e-8
1.4567455556340867e-8
1.5958661299724725e-8
1.714328146184799e-8
1.807593484677259e-8
1.9030548805098343e-8
1.9697892556615126e-8
2.048525100111689e-8
2.1599780929295292e-8
1.7752789645580414e-8
1.9307267180705666e-8
2.051704449281211e-8
2.1753485932729248e-8
2.2618217917431574e-8
2.3638601945675833e-8
2.5083527204499396e-8
2.1330273339344888e-8
2.2912640554528035e-8
2.4507450177059102e-8
2.562172454406243e-8
2.693768186611102e-8
2.880152562919031e-8
2.4898734559050988e-8
2.690481505187961e-8
2.8284042022303318e-8
2.991528169891555e-8
3.222765801422492e-8
2.9462428341801306e-8
3.121739207577788e-8
3.325681882829146e-8
3.615412586681647e-8
3.334729452094616e-8
3.5776291527519334e-8
3.918000542768855e-8
3.891547407879347e-8
4.307960036624943e-8
4.908093507295121e-8
9.221450659772482e-10
1.4697654667736567e-9
1.7098715955962576e-9
1.8384192476401692e-9
1.9708445752665974e-9
2.0764713277270862e-9
2.138371626961417e-9
2.190888526578608e-9
2.2323888549249424e-9
2.2746697321774523e-9
2.304408262867818e-9
2.339333928986145e-9
2.3888857683136575e-9
2.7726251950665305e-9
3.4890408981627736e-9
3.9004094692560045e-9
4.330520131487493e-9
4.67691824261953e-9
4.879514378036138e-9
5.0518058789297565e-9
5.188119069643376e-9
5.3269275302688005e-9
5.424217416049465e-9
5.5387335393734425e-9
5.7007743465147755e-9
4.6156274882175626e-9
5.315239770871125e-9
6.061565190119369e-9
6.666342993172052e-9
7.02153083710179e-9
7.324466118160746e-9
7.56363194784817e-9
7.807676543646725e-9
7.978526852335884e-9
8.17979639889085e-9
8.464538621240375e-9
6.271150530871352e-9
7.3383279421130425e-9
8.215384966596759e-9
8.735145013079112e-9
9.17945016530982e-9
9.529893240490904e-9
9.888015995328341e-9
1.0138531799618144e-8
1.0433833771923003e-8
1.0851702888990155e-8
8.893602207792146e-9
1.0235679561869145e-8
1.104677438131509e-8
1.174180147509006e-8
1.2289668014734172e-8
1.2850142442346166e-8
1.3242009926745707e-8
1.3704181627237267e-8
1.4358334108694596e-8
1.2128360350320474e-8
1.3328344587332026e-8
1.4348938029436233e-8
1.5152439074389143e-8
1.597475633168106e-8
1.6549703621168823e-8
1.722801042300917e-8
1.8188209462571546e-8
1.4895255293944471e-8
1.6253673439947205e-8
1.730917229666886e-8
1.8387594001821814e-8
1.9141969324121648e-8
2.003210072030538e-8
2.1292653055604605e-8
1.804977488221283e-8
1.9453441186277322e-8
2.0865198001751848e-8
2.1851639455688817e-8
2.3016714019564425e-8
2.466696207755145e-8
2.1241597035327676e-8
2.3044982634235043e-8
2.428226191229524e-8
2.5746003606968172e-8
2.7821285618024176e-8
2.5382087520371515e-8
2.698251552472674e-8
2.883835506594596e-8
3.147597757530778e-8
2.895269385322515e-8
3.1189863614935043e-8
3.432017248776497e-8
3.4139138213790246e-8
3.8019274323532704e-8
4.3766025547002536e-8
7.222908260946115e-10
1.151159143194544e-9
1.3416582499186718e-9
1.4441183949754943e-9
1.5498021251492199e-9
1.6341864974050532e-9
1.6836252606122494e-9
1.7256084347433754e-9
1.758792041744467e-9
1.792625924188684e-9
1.816392552239686e-9
1.8443240771333717e-9
1.883980223579448e-9
2.1884671051559705e-9
2.771176162809464e-9
3.10751856137459e-9
3.4595758567301843e-9
3.7433251559445536e-9
3.909229367886616e-9
4.0504143518959555e-9
4.162151128331079e-9
4.275921833411786e-9
4.355620405564255e-9
4.449461085721294e-9
4.582255508220108e-9
3.6977548108223413e-9
4.275936594436548e-9
4.893282182216424e-9
5.393831921554145e-9
5.687740712864638e-9
5.938548929922618e-9
6.136605119956286e-9
6.3386711860926016e-9
6.480087519349092e-9
6.646718899303308e-9
6.882459176153466e-9
5.068912715579926e-9
5.955258727093715e-9
6.684202575218927e-9
7.116140652437416e-9
7.485527745514551e-9
7.77692778433743e-9
8.074677065295001e-9
8.282912991362134e-9
8.528416477888002e-9
8.875817452983164e-9
7.252252798865564e-9
8.37378901335138e-9
9.051795823876853e-9
9.63287840321669e-9
1.009095424964044e-8
1.0559527119341756e-8
1.0887094828351538e-8
1.1273476417783863e-8
1.1820348840503823e-8
9.965577740503824e-9
1.0977408784973633e-8
1.1837068053101186e-8
1.2513733101623962e-8
1.3206198791717311e-8
1.36903290037494e-8
1.4261541344713617e-8
1.5070135307136706e-8
1.2310265313026631e-8
1.3466211713394095e-8
1.436284442008108e-8
1.5278711221328463e-8
1.59194065614042e-8
1.6675456693903765e-8
1.774614993408565e-8
1.501440733206454e-8
1.6223126382584185e-8
1.743630532231009e-8
1.8283941476107387e-8
1.928523808581159e-8
2.0703545145641133e-8
1.778337553095367e-8
1.9354571261595927e-8
2.0430031600389088e-8
2.1702774263614844e-8
2.3507516666923847e-8
2.142235557437468e-8
2.283524529327965e-8
2.4469727399352244e-8
2.6793755495002226e-8
2.4599534006118244e-8
2.6593348499783496e-8
2.937830902346297e-8
2.927699493891679e-8
3.27742079157107e-8
3.8107707388161856e-8
5.674075706755506e-10
9.007893602779658e-10
1.0499561375007403e-9
1.130681396566517e-9
1.2140654285772548e-9
1.2807133005000752e-9
1.3197585095933065e-9
1.352942580464982e-9
1.379172432100896e-9
1.4059206117002173e-9
1.424719879552077e-9
1.446817339731551e-9
1.4781931805138784e-9
1.7102456036866454e-9
2.1730651646791694e-9
2.4427496263239716e-9
2.7256409786869806e-9
2.9538067309130327e-9
3.0872656130140174e-9
3.2009213826036226e-9
3.290828589413173e-9
3.3823948085282294e-9
3.4465486857988713e-9
3.522089997635931e-9
3.6289743557849334e-9
2.919392316083924e-9
3.390566636903612e-9
3.894804275547749e-9
4.3038826000984525e-9
4.544213792434045e-9
4.749435963311533e-9
4.911395049071813e-9
5.076694157007284e-9
5.1923850713991606e-9
5.328709316052069e-9
5.521557002496367e-9
4.042124551849707e-9
4.7721665110553845e-9
5.372899699493434e-9
5.729065674647378e-9
6.033814555359036e-9
6.274087801868435e-9
6.5196842994926265e-9
6.691450595152712e-9
6.8939639513313245e-9
7.180517935623663e-9
5.846160913209784e-9
6.775528696610066e-9
7.337618557873934e-9
7.819478132384749e-9
8.199145487550246e-9
8.587625481007295e-9
8.859206703663573e-9
9.179557863399493e-9
9.632958571689917e-9
8.099144012749487e-9
8.941475942621866e-9
9.656644905294774e-9
1.021923323928529e-8
1.079509889632875e-8
1.119772162366116e-8
1.1672774261643387e-8
1.234523852893693e-8
1.0055883692590146e-8
1.1022457014163871e-8
1.1770926863772253e-8
1.2535480751038498e-8
1.3070375990368845e-8
1.3701589599740739e-8
1.4595496972643083e-8
1.2327193482241502e-8
1.3344701241790426e-8
1.4364400361047688e-8
1.5076846850613733e-8
1.5918535303478004e-8
1.711077659957099e-8
1.4670578083998782e-8
1.600430948179517e-8
1.691528747765861e-8
1.7993675847606016e-8
1.9523011249488127e-8
1.7781179437907795e-8
1.8992867177420266e-8
2.039115576941298e-8
2.238016594787654e-8
2.0525076124590815e-8
2.224813162409767e-8
2.4650386882719937e-8
2.4613652040938544e-8
2.7664713041786912e-8
3.245587786349826e-8
4.4739394852200026e-10
7.064370254922564e-10
8.22425428054982e-10
8.855327400470381e-10
9.508698724720161e-10
1.003141867131095e-9
1.0337796671166112e-9
1.0598317707984182e-9
1.0804097454795416e-9
1.1014109248397682e-9
1.1161724121193578e-9
1.1335285312043365e-9
1.1581864792070414e-9
1.3329683847062625e-9
1.6924953413795627e-9
1.90399900368307e-9
2.126681900109542e-9
2.3064732654108595e-9
2.411742782335728e-9
2.5014114423666896e-9
2.5722824312020477e-9
2.644529291004655e-9
2.6951376310696523e-9
2.7547299242139295e-9
2.8390713620951208e-9
2.2765310526685497e-9
2.6507652428203073e-9
3.053175754795566e-9
3.380023364280462e-9
3.5722979507472108e-9
3.736523605858168e-9
3.866012295755187e-9
3.9982970865840065e-9
4.09086238666562e-9
4.1999376334349815e-9
4.3542726138931946e-9
3.174589983456295e-9
3.765519690566273e-9
4.252558399129925e-9
4.541779646013169e-9
4.789311297319586e-9
4.984325082828759e-9
5.183825686360357e-9
5.323325216944504e-9
5.487800477317759e-9
5.72057789275579e-9
4.645343442434959e-9
5.4083927952551496e-9
5.870668642360113e-9
6.267038566797421e-9
6.579164679460365e-9
6.898739618167028e-9
7.122114188671593e-9
7.385610219990038e-9
7.758603659126167e-9
6.501719561383753e-9
7.198562999510619e-9
7.790109558211966e-9
8.255189320937509e-9
8.73148115619549e-9
9.064445991548882e-9
9.457321558772825e-9
1.0013530562712594e-8
8.122857298042095e-9
8.924493328853633e-9
9.544610155556646e-9
1.0178244740593146e-8
1.0621521011901012e-8
1.1144632996292352e-8
1.1885527777491318e-8
1.0010119587370059e-8
1.0856105487426122e-8
1.170334447119762e-8
1.2295237814441174e-8
1.2994558223529812e-8
1.398522327705904e-8
1.1963608004452569e-8
1.3077132416162033e-8
1.3836510125763084e-8
1.4735613757288266e-8
1.6010882566540414e-8
1.4571269223715204e-8
1.558864550122757e-8
1.6760294148652178e-8
1.8427526231735568e-8
1.688654816741241e-8
1.8340002665014072e-8
2.036296495997342e-8
2.0367197163257874e-8
2.2956505547968165e-8
2.7127944260557703e-8
3.544756576833547e-10
5.558474689273403e-10
6.457116273843994e-10
6.94695408107028e-10
7.455160154623316e-10
7.862262964277218e-10
8.100900693921566e-10
8.303889641442243e-10
8.464302132810584e-10
8.628004815604885e-10
8.743047260287455e-10
8.878383467671215e-10
9.070710909237363e-10
1.0416286002234856e-9
1.3191270207708907e-9
1.4827940122506655e-9
1.6556720790693373e-9
1.7954402121649352e-9
1.877310370022519e-9
1.9470538320117695e-9
2.0022069528779935e-9
2.0584073318209786e-9
2.0977737010830965e-9
2.1441437310200194e-9
2.209761521121802e-9
1.7685758150961494e-9
2.0581326420586507e-9
2.3709144533419464e-9
2.625364569558801e-9
2.7751613340847354e-9
2.9031126444969567e-9
3.0040521920552264e-9
3.1071318364671308e-9
3.1792601932761587e-9
3.2642721422852543e-9
3.3845452639607834e-9
2.4664267969333147e-9
2.9310782810409294e-9
3.3150868105782737e-9
3.5434556306184832e-9
3.7389332758911434e-9
3.893012932551328e-9
4.0505916946033826e-9
4.160771755770107e-9
4.290705526413866e-9
4.474584471847699e-9
3.634084973913479e-9
4.247525504843391e-9
4.620137531882126e-9
4.939720606310106e-9
5.191488915973371e-9
5.449209968230281e-9
5.62934058608334e-9
5.8418614479524045e-9
6.142689209741493e-9
5.138126069587779e-9
5.708049485802453e-9
6.191968574403059e-9
6.572565442649804e-9
6.962265078192411e-9
7.234685392280892e-9
7.556166121167815e-9
8.011293106184041e-9
6.4690512999794145e-9
7.129361685166289e-9
7.640235128336053e-9
8.16213595355617e-9
8.527237933021825e-9
8.958144778194508e-9
9.568444622777013e-9
8.027068202866404e-9
8.726701499581589e-9
9.42706804484526e-9
9.916332729192987e-9
1.0494459013712266e-8
1.131343969150095e-8
9.64478438655936e-9
1.0567515742665477e-8
1.119638126803463e-8
1.1941054991735367e-8
1.2997319298442558e-8
1.1809301576630487e-8
1.2654316400328072e-8
1.3626385482665884e-8
1.5009822058940145e-8
1.373684223107227e-8
1.4946118604589987e-8
1.6627240595322308e-8
1.6648366009083296e-8
1.8806994899805577e-8
2.234617188112572e-8
2.8283035956885676e-10
4.400660651773528e-10
5.098993779627509e-10
5.479040533691882e-10
5.873470653013783e-10
6.189629180856612e-10
6.374918703919871e-10
6.532605258534435e-10
6.657213746243626e-10
6.784445642590285e-10
6.873865537608314e-10
6.97898975417523e-10
7.12850297792488e-10
8.167818060410762e-10
1.031637883412288e-9
1.1580466768614985e-9
1.2916487065792523e-9
1.3997187658629866e-9
1.463016374285646e-9
1.5169521628541666e-9
1.5596022055068172e-9
1.603070144079649e-9
1.6335191962307773e-9
1.6693677547795566e-9
1.7201166257388311e-9
1.379002928583411e-9
1.6016629529655868e-9
1.842279304067341e-9
2.0381274566624463e-9
2.153406973631446e-9
2.2518902229812478e-9
2.329590689947744e-9
2.408938283889892e-9
2.464460568282338e-9
2.5298808172357116e-9
2.622457460607307e-9
1.914599336189032e-9
2.271598568610088e-9
2.5670790884217275e-9
2.7428307230746502e-9
2.8932941033978724e-9
3.0119116991991026e-9
3.1332155508241385e-9
3.218032266131826e-9
3.318035031032018e-9
3.4595793638764043e-9
2.815582248355299e-9
3.2934339503639986e-9
3.584204037601061e-9
3.833653751768557e-9
4.030201826584575e-9
4.231382631317694e-9
4.371998233716031e-9
4.5378782663783506e-9
4.7727082568514125e-9
3.997880457580694e-9
4.451528052159168e-9
4.836567172704682e-9
5.139433221770761e-9
5.449515090761341e-9
5.6662880835612925e-9
5.922080662723443e-9
6.2842357154157855e-9
5.0657283348704596e-9
5.599290300809524e-9
6.011901149382944e-9
6.433335518905873e-9
6.72817302201812e-9
7.076132195912623e-9
7.568988580550616e-9
6.333191280862049e-9
6.905107025471507e-9
7.477293057856684e-9
7.87701492730983e-9
8.349326079703655e-9
9.01845250661077e-9
7.660578228750764e-9
8.419545655258899e-9
8.936675695551482e-9
9.549032828902848e-9
1.0417675745969372e-8
9.445403954170643e-9
1.0143342721286094e-8
1.0945952989145184e-8
1.2088296571653065e-8
1.1039588454069272e-8
1.2040050328710703e-8
1.3430331066208074e-8
1.3453759694892921e-8
1.5240923591883005e-8
1.8194769280858613e-8
2.2694655561920775e-10
3.5065287568113594e-10
4.051924774975513e-10
4.3483670617033874e-10
4.655625556828675e-10
4.901803286158279e-10
5.046029823192923e-10
5.168799609679476e-10
5.26582617653475e-10
5.364927786066441e-10
5.434583746470777e-10
5.516474049994822e-10
5.632977212776923e-10
6.435844521714768e-10
8.096880238649794e-10
9.074122183013651e-10
1.0105682610582972e-9
1.0939680943656559e-9
1.142807232274224e-9
1.1844208571776259e-9
1.2173184494851725e-9
1.2508564639680413e-9
1.2743486718592836e-9
1.302011358883977e-9
1.3411682720536882e-9
1.0784123740026104e-9
1.2508037503964516e-9
1.4367848283382044e-9
1.5880771119258567e-9
1.677115080971931e-9
1.7531779154657937e-9
1.8131625451592265e-9
1.8744405118996534e-9
1.917318522609425e-9
1.9678458928918243e-9
2.039339952878773e-9
1.4926367629854615e-9
1.7674032923712258e-9
1.9945828680439202e-9
2.1296301474772603e-9
2.245235291997652e-9
2.336327917632073e-9
2.4295138193902052e-9
2.494673309827328e-9
2.5715009580346112e-9
2.6802358998479383e-9
2.1835043130766856e-9
2.5488898320103365e-9
2.7710605984546177e-9
2.961575011467053e-9
3.111608702249234e-9
3.2652197706058e-9
3.3725938584621253e-9
3.4992605705469405e-9
3.6785624245749157e-9
3.0893883180863588e-9
3.438669281236972e-9
3.734440582674264e-9
3.9669268535466005e-9
4.2050082706122585e-9
4.37146406873361e-9
4.567882100542114e-9
4.845957976048121e-9
3.917695644972761e-9
4.334068875709958e-9
4.655238295877778e-9
4.983260022805105e-9
5.212787159460317e-9
5.483668154437284e-9
5.867350508961992e-9
4.9174396979838215e-9
5.371496215352151e-9
5.824965642108999e-9
6.141764708189716e-9
6.516127328335248e-9
7.0465003800217524e-9
5.980349878896491e-9
6.591353509509616e-9
7.007137913208113e-9
7.499576295850567e-9
8.198168378807686e-9
7.427760117495243e-9
7.996231122755755e-9
8.649586951399917e-9
9.57963278371307e-9
8.731441789720313e-9
9.551481575368464e-9
1.0690814318228457e-8
1.0717199810544578e-8
1.2189660133724598e-8
1.4636413125262586e-8
1.829069530164621e-10
2.811911470247084e-10
3.2408886395293526e-10
3.473695625086241e-10
3.7149408647102897e-10
3.9080930741573354e-10
4.0212433350819975e-10
4.117557564562985e-10
4.193699119185829e-10
4.2714861867386303e-10
4.3261792705412315e-10
4.3904603013683195e-10
4.4819709786880877e-10
5.110083942425662e-10
6.397486522062386e-10
7.154078933515161e-10
7.952932079135587e-10
8.598502376077837e-10
8.976583682238026e-10
9.298687678369313e-10
9.553381853386637e-10
9.813014496637862e-10
9.994905436563947e-10
1.0209010808686837e-9
1.051219671119889e-9
8.466339494385897e-10
9.794337213529794e-10
1.1228535118154818e-9
1.2395011326851782e-9
1.3081639027595874e-9
1.3668119203999032e-9
1.4130775174843425e-9
1.4603327512099238e-9
1.4934007041246388e-9
1.5323580090391911e-9
1.587497328900611e-9
1.1661664629224716e-9
1.3787248071034725e-9
1.5544165815715976e-9
1.6588852748547452e-9
1.7482987353554049e-9
1.8187766971874393e-9
1.8908626475736553e-9
1.941267155012263e-9
2.000691190295299e-9
2.0848110033569027e-9
1.7006005987402383e-9
1.982300774320953e-9
2.1534550434992374e-9
2.3001426517931054e-9
2.4156827357424314e-9
2.533961338100367e-9
2.616633677155382e-9
2.7141570098789957e-9
2.852223908706593e-9
2.396078976205471e-9
2.6626732659865314e-9
2.887928100719741e-9
3.0649196134739682e-9
3.2461645375196347e-9
3.372881102583492e-9
3.5224024906760178e-9
3.734111241047587e-9
3.027538577193582e-9
3.3442693656897587e-9
3.5879174876024066e-9
3.836701485346835e-9
4.010806261051449e-9
4.2162786611187755e-9
4.507344636571495e-9
3.7920452290411215e-9
4.140057653077646e-9
4.486574156788946e-9
4.728648424654802e-9
5.014753723182931e-9
5.420123950688657e-9
4.613685627194513e-9
5.088117545421431e-9
5.409931720915616e-9
5.79124229381058e-9
6.332303661468559e-9
5.7496316909073696e-9
6.198042282809748e-9
6.712127594268945e-9
7.444315502705057e-9
6.786979695805747e-9
7.441137021526492e-9
8.348891447752445e-9
8.387368798561451e-9
9.577130141277005e-9
1.1587271125106264e-8
1.476207455431246e-10
2.264544115582548e-10
2.60526831816667e-10
2.789363594681065e-10
2.980041991095682e-10
3.13263086585217e-10
3.2220256564216925e-10
3.2980894238952586e-10
3.358223635119683e-10
3.419656636542432e-10
3.4628695498525404e-10
3.5136541270871637e-10
3.5859925660499826e-10
4.085381326959462e-10
5.092891079297629e-10
5.681751240229529e-10
6.303206583967095e-10
6.80532660702774e-10
7.099435731051504e-10
7.349959848428537e-10
7.548047379752178e-10
7.749968048595429e-10
7.891455220281833e-10
8.057986279458503e-10
8.293818472055655e-10
6.70151504039273e-10
7.72628014937279e-10
8.832086340590342e-10
9.731386673760548e-10
1.0260726047419268e-9
1.0712808829782301e-9
1.1069427334140356e-9
1.1433656250061025e-9
1.1688576396231126e-9
1.1988876060547562e-9
1.2413900146393283e-9
9.158108253315331e-10
1.078817770826475e-9
1.2136287700742973e-9
1.2937993423508752e-9
1.362416701686447e-9
1.4164999403361943e-9
1.4718141556676858e-9
1.5104986430647838e-9
1.5561001266127229e-9
1.6206526100503406e-9
1.3261469938224864e-9
1.5433206112175251e-9
1.6754290077839137e-9
1.788700924037811e-9
1.877916499490429e-9
1.969241469969815e-9
2.0330854942110363e-9
2.108388286058088e-9
2.2150009703543967e-9
1.8633557522367546e-9
2.069529879736143e-9
2.2440144044378477e-9
2.3811055960678473e-9
2.521477235717327e-9
2.6196308229858473e-9
2.7354374086589385e-9
2.8994104588720474e-9
2.3501646163665376e-9
2.5936289211923213e-9
2.7809700789375884e-9
2.9722299187147187e-9
3.1060944238303473e-9
3.2640662529554137e-9
3.4878370346556434e-9
2.9347017708042773e-9
3.1996475199642037e-9
3.4631821801564883e-9
3.647298516809194e-9
3.864906941359072e-9
4.173216272885783e-9
3.559464000718302e-9
3.91958184754605e-9
4.163207490116648e-9
4.451956324249883e-9
4.86172545496279e-9
4.425085464032054e-9
4.766935428366668e-9
5.1572534143330465e-9
5.713512718053912e-9
5.2222953404851625e-9
5.724252568213554e-9
6.418748433862647e-9
6.468719032595893e-9
7.392159993631315e-9
9.00594213568776e-9
1.1891531105537584e-10
1.8265498373056855e-10
2.0997328550734611e-10
2.246757634224336e-10
2.3987871684499996e-10
2.520281172039029e-10
2.591464344800708e-10
2.651994246764631e-10
2.699847275507824e-10
2.748717088781308e-10
2.783093177994663e-10
2.8234814817963344e-10
2.881040318050691e-10
3.284203132028772e-10
4.080521694210053e-10
4.5436780846489223e-10
5.031361296784785e-10
5.424917937203898e-10
5.655374185393512e-10
5.851594487570487e-10
6.006766130420631e-10
6.16491620570856e-10
6.275736458992699e-10
6.406162618651965e-10
6.590883614524606e-10
5.342260531817336e-10
6.141818462369781e-10
7.002488275074814e-10
7.701682650004586e-10
8.113080310420206e-10
8.464304367457448e-10
8.741422340814502e-10
9.024405996458178e-10
9.222459293898119e-10
9.455769060696015e-10
9.785993581864201e-10
7.254067079941787e-10
8.51443190866212e-10
9.555038663853152e-10
1.0173397960266217e-9
1.0702448552706306e-9
1.1119522089688842e-9
1.1546020727777424e-9
1.184427988500943e-9
1.2195891517110139e-9
1.2693617822349536e-9
1.0408277714576165e-9
1.2066950576033255e-9
1.3074689230708886e-9
1.3938383321022223e-9
1.46187926640893e-9
1.5315206966830652e-9
1.5802020117233068e-9
1.6376276957377856e-9
1.7189218665727367e-9
1.4508394769631217e-9
1.6085010034752367e-9
1.741915182028861e-9
1.8467911824914898e-9
1.9541617963808312e-9
2.029231851118189e-9
2.1178143736494543e-9
2.243229560958744e-9
1.8245513520352294e-9
2.012235130284049e-9
2.156882213093209e-9
2.3045439970511094e-9
2.407873143118289e-9
2.5298225756476037e-9
2.7025606847133222e-9
2.2756169084696316e-9
2.4803972615948105e-9
2.6843960700781632e-9
2.8268920453509085e-9
2.9953085636004193e-9
3.2339203797843242e-9
2.7567217375136823e-9
3.0334104247266353e-9
3.2208114885180484e-9
3.442878073750715e-9
3.758002021300419e-9
3.418180001749349e-9
3.6785177561953854e-9
3.9754956071213245e-9
4.398716062337488e-9
4.024083462059232e-9
4.4038379709742205e-9
4.928124748134943e-9
4.97176262859818e-9
5.666134460144656e-9
6.913936563192615e-9
9.526165198384211e-11
1.470363784523404e-10
1.6910111672077343e-10
1.8092675682003789e-10
1.9314450132092741e-10
2.0289636607765267e-10
2.0861175686423373e-10
2.1346893528341557e-10
2.1730979761426076e-10
2.2123148999840687e-10
2.239899575808103e-10
2.2722902257358538e-10
2.3184426661041133e-10
2.647443647044173e-10
3.2837045524857365e-10
3.6516166593034914e-10
4.0384447774530725e-10
4.350344128793114e-10
4.532985496071302e-10
4.688434611610593e-10
4.811378169246225e-10
4.936666783908621e-10
5.024470256677823e-10
5.127783355428879e-10
5.274114877674838e-10
4.2846645461811806e-10
4.914067176247336e-10
5.590280630026885e-10
6.139195176248913e-10
6.462095173884612e-10
6.737678430040472e-10
6.95514101885324e-10
7.177175559782527e-10
7.332594794834918e-10
7.515643005197292e-10
7.774745862862868e-10
5.783839686113258e-10
6.767057563369792e-10
7.578167278875927e-10
8.059975538617369e-10
8.472089773195796e-10
8.797002711795324e-10
9.129213568091622e-10
9.361573881456879e-10
9.63543529017945e-10
1.0023135959198224e-9
8.237148546858831e-10
9.52154982281244e-10
1.030119406169774e-9
1.0969144911556015e-9
1.1495330231932775e-9
1.2033845690120506e-9
1.2410343143342376e-9
1.285436027361264e-9
1.3483020570201568e-9
1.139488353805068e-9
1.2598774703311124e-9
1.3615821302598807e-9
1.4414964584257839e-9
1.5233176231388516e-9
1.5805340284246714e-9
1.6480336731328702e-9
1.7436127692397311e-9
1.4236782655716124e-9
1.5657694729519665e-9
1.675057644543341e-9
1.7866392749893504e-9
1.864740087830002e-9
1.956897355189297e-9
2.0874485292011405e-9
1.7660794677748886e-9
1.921755916074261e-9
2.076707620409913e-9
2.1849664570156214e-9
2.3129034481616796e-9
2.494175329152931e-9
2.1336461250575833e-9
2.3458203649798238e-9
2.4896302446843234e-9
2.660012834776677e-9
2.90179088082039e-9
2.6421831168062287e-9
2.8428608117870525e-9
3.0723141712957564e-9
3.3991755980877546e-9
3.107920313521471e-9
3.400481648886039e-9
3.805014716712154e-9
3.8326876770593195e-9
4.363259760790761e-9
5.306945296839206e-9
7.562614513486165e-11
1.1769792521046665e-10
1.3559106905595392e-10
1.451490483297296e-10
1.550132052620322e-10
1.62876553448646e-10
1.6748642363717667e-10
1.714006678611888e-10
1.744961642353381e-10
1.7765625225146587e-10
1.798794611199207e-10
1.8249003433889335e-10
1.862082588144322e-10
2.1326519498633105e-10
2.645698770035692e-10
2.940871793136825e-10
3.2505893707671967e-10
3.500043964312133e-10
3.646091670185156e-10
3.770341343620593e-10
3.8686241485058544e-10
3.9687656199831136e-10
4.0389516328284294e-10
4.1215330928187925e-10
4.2384935984546413e-10
3.4482336967535986e-10
3.9494314375052785e-10
4.4865503437115826e-10
4.922103088733023e-10
5.178215624750483e-10
5.396722153211764e-10
5.569177987630198e-10
5.745226953036246e-10
5.868465505999533e-10
6.013609509271038e-10
6.219048925490441e-10
4.6380607495760944e-10
5.41319172634227e-10
6.051638680718224e-10
6.430611783771095e-10
6.754667181250182e-10
7.010196246137356e-10
7.271417635864068e-10
7.454136539627827e-10
7.669489414807886e-10
7.974335288017734e-10
6.561334638824196e-10
7.561293974028971e-10
8.167611547374642e-10
8.687029799716711e-10
9.096273842131735e-10
9.515036086759246e-10
9.807819126248468e-10
1.0153115205786592e-9
1.0641948192578593e-9
9.011936244768433e-10
9.943922010871062e-10
1.0732638980263196e-9
1.1352593612416733e-9
1.1987167995024012e-9
1.2430909697216197e-9
1.295442075161774e-9
1.3695639829237837e-9
1.120647573131625e-9
1.2301651583652999e-9
1.3145348221776317e-9
1.4006448314641893e-9
1.4609123882585042e-9
1.5320293427341416e-9
1.6327663844239397e-9
1.382615718597904e-9
1.5010614092306493e-9
1.6189056004381363e-9
1.7012362414993453e-9
1.7985370389724454e-9
1.9363939100457874e-9
1.6609632770306496e-9
1.8209917474244361e-9
1.929247393549124e-9
2.0575511234563914e-9
2.2396325989762354e-9
2.044926777795642e-9
2.196361725344901e-9
2.3691632275308285e-9
2.6154508983913165e-9
2.39821722733253e-9
2.620460145028816e-9
2.927759076242337e-9
2.9513265129862527e-9
3.359636061931901e-9
4.081809902998137e-9
5.931244245493993e-11
9.335454400512507e-11
1.078613156873568e-10
1.1559296428153176e-10
1.23566792907104e-10
1.2991721512707824e-10
1.336415236067244e-10
1.3680191295450426e-10
1.3930154361761124e-10
1.4185214499165057e-10
1.4364600940687213e-10
1.4575245251779245e-10
1.487530166209603e-10
1.7102907847204075e-10
2.1264337619873512e-10
2.364938163534567e-10
2.614779292994647e-10
2.815858102727852e-10
2.9335716188619676e-10
3.033681935295974e-10
3.112882447589511e-10
3.1935650440926397e-10
3.2501115211115114e-10
3.3166460396604317e-10
3.410878061281944e-10
2.7752704818988755e-10
3.1782247276385976e-10
3.6090959711027687e-10
3.95822088962595e-10
4.1634458561934775e-10
4.338486589512632e-10
4.4766613334085205e-10
4.61768912633932e-10
4.716413525589617e-10
4.832686763802424e-10
4.997257941646604e-10
3.7291082056978004e-10
4.3468110079040404e-10
4.854985927722157e-10
5.156454051949512e-10
5.414165814798766e-10
5.617409445252919e-10
5.825145334677931e-10
5.970456418468182e-10
6.141719221620833e-10
6.384145539543055e-10
5.254846585968714e-10
6.043461051782833e-10
6.521101015093719e-10
6.930166387565796e-10
7.252501448486298e-10
7.582296121425391e-10
7.812881670093552e-10
8.084821827862274e-10
8.469792203477365e-10
7.177596324941087e-10
7.903143107888253e-10
8.516835673988399e-10
8.999272336037838e-10
9.493095639435104e-10
9.838418517812703e-10
1.0245814443981447e-9
1.0822598621848842e-9
8.877980238741026e-10
9.722891125490902e-10
1.03740600768217e-9
1.1038884930003411e-9
1.1504178958991338e-9
1.2053229073170635e-9
1.2830897521229029e-9
1.0895876641038474e-9
1.1808388503761197e-9
1.2717877327495461e-9
1.335327291030607e-9
1.410413140978974e-9
1.5167865755582857e-9
1.303537566125947e-9
1.4264604911698197e-9
1.5098043427993364e-9
1.608536987373365e-9
1.7486262608999029e-9
1.596562943811149e-9
1.7117124828334253e-9
1.8431533613696803e-9
2.0304178840034853e-9
1.8636991151112463e-9
2.0308216532531677e-9
2.2615106641809327e-9
2.2798638420783734e-9
2.58362979395639e-9
3.1312435121671273e-9
4.583741843825941e-11
7.31422678698077e-11
8.484721452358057e-11
9.10803386301739e-11
9.750656193628002e-11
1.0262125857882352e-10
1.0562175756573585e-10
1.0816644114414246e-10
1.1017928024559582e-10
1.1223276819690779e-10
1.1367683421555215e-10
1.1537246674435216e-10
1.1778603342239023e-10
1.3604019353882558e-10
1.6984472674667415e-10
1.8917988663400086e-10
2.0940963719497003e-10
2.2568266872582685e-10
2.352075402415344e-10
2.433060853408168e-10
2.497139821236618e-10
2.562408792234584e-10
2.608150861539429e-10
2.6619760456185375e-10
2.7381958214909007e-10
2.2253300851959403e-10
2.551424433350258e-10
2.8995165515815626e-10
3.181400042852425e-10
3.347044561356681e-10
3.488300024583424e-10
3.599820759638086e-10
3.713628495668902e-10
3.7932972703323857e-10
3.8871314534509933e-10
4.01993210464189e-10
2.9958133998818557e-10
3.4925687555125754e-10
3.9008129528662397e-10
4.1428616404683554e-10
4.349743032114124e-10
4.512917449362834e-10
4.679676998311483e-10
4.796326397513917e-10
4.933810434373356e-10
5.128410076723234e-10
4.2181484953404576e-10
4.846320402759895e-10
5.226329710636597e-10
5.551765972946175e-10
5.808234774682996e-10
6.070609166612264e-10
6.254057532366231e-10
6.470403901225918e-10
6.776663544104167e-10
5.742539926589767e-10
6.314308938263041e-10
6.798475209561877e-10
7.179216989929725e-10
7.568886785247102e-10
7.841371542679587e-10
8.162829646606853e-10
8.617937796080099e-10
7.077531775247781e-10
7.739272786410473e-10
8.250078190392154e-10
8.77152122611262e-10
9.136433171501674e-10
9.567022150141531e-10
1.017689535689527e-9
8.648285946973798e-10
9.355412484229376e-10
1.006050983142089e-9
1.0553112510438065e-9
1.1135205682827534e-9
1.195984651459388e-9
1.0297217087440052e-9
1.1240890669901129e-9
1.188082311043009e-9
1.2639015762788628e-9
1.3714777227237909e-9
1.2541234856779805e-9
1.3422348608228445e-9
1.4429857809113134e-9
1.5865103189723473e-9
1.4582578892290414e-9
1.5864015868005929e-9
1.7636991345908113e-9
1.7748577790799556e-9
2.0071657615790824e-9
2.4161441699817165e-9
3.483783170548295e-11
5.646142528636337e-11
6.581965103197345e-11
7.080650780288481e-11
7.594815596770284e-11
8.0039730798649e-11
8.244053484477397e-11
8.447590987942415e-11
8.608609723434329e-11
8.772832781653405e-11
8.888275134212807e-11
9.023863005415085e-11
9.216814933179307e-11
1.0696879722814552e-10
1.3433650735904473e-10
1.4999024652048196e-10
1.6635782969330755e-10
1.7952216630539636e-10
1.872263573754747e-10
1.9377624697399893e-10
1.9895939594977762e-10
2.042381603077686e-10
2.0793724727686911e-10
2.122906471187325e-10
2.1845459136205995e-10
1.7710520255438165e-10
2.0355307705420757e-10
2.3175695407521974e-10
2.5459038196668853e-10
2.6800490966966616e-10
2.7944364339118553e-10
2.8847534004351667e-10
2.9769140897054416e-10
3.041425934275195e-10
3.117415288972626e-10
3.224951973198771e-10
2.3956048976650093e-10
2.797297159641621e-10
3.127203304115807e-10
3.3227291749930134e-10
3.4898367211532947e-10
3.6216488144079104e-10
3.756346343985492e-10
3.8505653124722123e-10
3.9616191785674725e-10
4.1187987009734113e-10
3.381632234041752e-10
3.8863417121110796e-10
4.1914114270596144e-10
4.4526732827027647e-10
4.658580983089796e-10
4.86921741058436e-10
5.016488303118643e-10
5.190173954638597e-10
5.436033906106341e-10
4.6020202381253084e-10
5.057469366936017e-10
5.44346567433822e-10
5.747051883189263e-10
6.0577418709684e-10
6.274991918855066e-10
6.531290664504241e-10
6.894138621395579e-10
5.661094149484927e-10
6.184147827238662e-10
6.588279030639002e-10
7.000889413695195e-10
7.28962446315173e-10
7.63032445720086e-10
8.112863596487807e-10
6.896004554281082e-10
7.450144334842021e-10
8.003482793031461e-10
8.390100511631548e-10
8.846909440803353e-10
9.494037872282648e-10
8.182941917373191e-10
8.918247711530641e-10
9.417950072736893e-10
1.0009762779976449e-9
1.0849339448493417e-9
9.92164570074467e-10
1.0602496881984327e-9
1.1381907717135604e-9
1.2491768741076124e-9
1.1489684524630222e-9
1.2470375018625275e-9
1.3826968487584513e-9
1.3901906364050117e-9
1.5665462951181512e-9
1.876507223065181e-9
2.6007086890718957e-11
4.2859492204235306e-11
5.0245117006691064e-11
5.41895188969213e-11
5.825833344195708e-11
6.149710698901738e-11
6.339777101625152e-11
6.500887927602246e-11
6.628353893196027e-11
6.758331647868043e-11
6.849677690810643e-11
6.956996395620206e-11
7.1096199440544e-11
8.29115064503365e-11
1.0488828382404244e-10
1.174847812648325e-10
1.3065598730758306e-10
1.412519505170735e-10
1.4745233531008065e-10
1.527239645057147e-10
1.5689592281150172e-10
1.6114455570622403e-10
1.6412142704338842e-10
1.6762550433404038e-10
1.7258596409613417e-10
1.39419157722631e-10
1.6081269150062464e-10
1.8362292662653136e-10
2.020914637779106e-10
2.129402650623918e-10
2.221917794015648e-10
2.294967880892748e-10
2.369507165783614e-10
2.4216802662259087e-10
2.4831430964699593e-10
2.570113451603742e-10
1.8997911629147723e-10
2.2249426541018467e-10
2.491941174869152e-10
2.6501552827567007e-10
2.7853809742879433e-10
2.892046802471761e-10
3.0010461516823903e-10
3.077285410505821e-10
3.1671546972537423e-10
3.294340866708759e-10
2.6973744061827115e-10
3.104872807409224e-10
3.3510694682493117e-10
3.561933493043301e-10
3.728128676265253e-10
3.8981397793462433e-10
4.017001505026398e-10
4.1571894603332844e-10
4.355622339662126e-10
3.6804906056854366e-10
4.046086542188406e-10
4.3561710314061417e-10
4.600102877219469e-10
4.849741892577036e-10
5.024292998558085e-10
5.230224491723077e-10
5.521755021950196e-10
4.527918963663948e-10
4.945364910388109e-10
5.268294962763941e-10
5.598056291699673e-10
5.828791576956449e-10
6.101057565754717e-10
6.486655199358958e-10
5.509093217060168e-10
5.948309306737393e-10
6.387544127296959e-10
6.694423968057863e-10
7.056996487108609e-10
7.570604429029671e-10
6.524318111562121e-10
7.102767103124685e-10
7.496398812577271e-10
7.962512811664682e-10
8.623705062953957e-10
7.884207796963639e-10
8.4149536439936e-10
9.02343959962201e-10
9.88980040442803e-10
9.101159872438599e-10
9.862386673707692e-10
1.091738499344604e-9
1.095951672540866e-9
1.2325337765131595e-9
1.46690391168729e-9
1.9059693395136683e-11
3.195410441675042e-11
3.769026996402777e-11
4.076497934888805e-11
4.393965649363321e-11
4.646849750553664e-11
4.7952649823941e-11
4.9210718966142126e-11
5.0206168028225656e-11
5.122113848223628e-11
5.1934233170675746e-11
5.277225673838043e-11
5.396360948424432e-11
6.321173975001155e-11
8.064194149337249e-11
9.067276389568973e-11
1.0116862878632983e-10
1.0961717046544994e-10
1.1456065655161159e-10
1.1876436849301278e-10
1.2209134664107061e-10
1.2547943477900144e-10
1.278530160530908e-10
1.3064750824893938e-10
1.3460284275653492e-10
1.0824321641624256e-10
1.2541937358115072e-10
1.437457639269542e-10
1.5859019059279494e-10
1.673101614383426e-10
1.747476044631979e-10
1.8062011903149828e-10
1.8661258168475156e-10
1.9080654797373196e-10
1.9574794305268477e-10
2.027394147745552e-10
1.489206471027386e-10
1.751391251211034e-10
1.9667508035248595e-10
2.0943726251993307e-10
2.2034682388637262e-10
2.28951977159293e-10
2.377458472232401e-10
2.438962034122185e-10
2.5114685559852396e-10
2.6140758359134443e-10
2.1330312417673903e-10
2.462123617524614e-10
2.660941543943889e-10
2.831259288023322e-10
2.9654978084340724e-10
3.1028251957516184e-10
3.198830376693402e-10
3.312068309162103e-10
3.4723481292475526e-10
2.9264873070817005e-10
3.221124038899352e-10
3.4712087492372134e-10
3.667972161022774e-10
3.8693456090319786e-10
4.01013985561432e-10
4.1762533783591856e-10
4.411408046704983e-10
3.608122418203343e-10
3.9434278568512786e-10
4.203084947295267e-10
4.468273017980593e-10
4.6538073794352207e-10
4.87274286885176e-10
5.18280087525853e-10
4.393556363699944e-10
4.744482743412935e-10
5.095851740197168e-10
5.341337893952693e-10
5.631363288243881e-10
6.042189808934708e-10
5.201491365111696e-10
5.660812067118023e-10
5.973840171707819e-10
6.344457153419012e-10
6.870127762990783e-10
6.276055929458318e-10
6.694545022241415e-10
7.175313730151185e-10
7.859592684663082e-10
7.230971023728887e-10
7.828411081013778e-10
8.657595763704409e-10
8.67742021998801e-10
9.740585620293082e-10
1.1531248036997323e-9
1.3715351978532237e-11
2.338728563896999e-11
2.776191657381542e-11
3.011847663966595e-11
3.255511744278424e-11
3.449813972779671e-11
3.5638552070894416e-11
3.660541162214618e-11
3.737053498053612e-11
3.815064986240728e-11
3.869858977357621e-11
3.93427580162015e-11
4.025819064508864e-11
4.733366969752756e-11
6.093953313579023e-11
6.881457099449566e-11
7.706608851377717e-11
8.371374749787383e-11
8.760358931509442e-11
9.091224284190604e-11
9.353087693318572e-11
9.619772353140625e-11
9.806575044649351e-11
1.0026549123266924e-10
1.0337855538500527e-10
8.269346960200147e-11
9.632174286822791e-11
1.10884939924412e-10
1.2268948913402123e-10
1.296248563925835e-10
1.3554178722295044e-10
1.4021338445996537e-10
1.4498087558755838e-10
1.4831715725084502e-10
1.5224856837112706e-10
1.578105964327372e-10
1.150722855987501e-10
1.3603442480375182e-10
1.532656355758415e-10
1.6347990802631981e-10
1.722135764257133e-10
1.7910188010532672e-10
1.8614204097543646e-10
1.9106540230409983e-10
1.968701892736207e-10
2.0508440574879362e-10
1.666896330833197e-10
1.9314542923517636e-10
2.091347978435149e-10
2.2283573750126847e-10
2.336339055507506e-10
2.4468162954234495e-10
2.524044847747598e-10
2.6151426900314014e-10
2.74408169165773e-10
2.3054233041094186e-10
2.5427162223589357e-10
2.7442528809772397e-10
2.9028325765370793e-10
3.065139470805687e-10
3.1786119278107573e-10
3.3124978326465024e-10
3.502026706632979e-10
2.854121037879647e-10
3.1239847700774256e-10
3.3331147122210124e-10
3.5467307432788047e-10
3.696170298518136e-10
3.872519643179582e-10
4.122261998357357e-10
3.485054805921708e-10
3.7666876530325747e-10
4.0489541440871575e-10
4.246157831198307e-10
4.4791356608747307e-10
4.809146427317692e-10
4.1316993114024715e-10
4.4988231394142127e-10
4.749348958869894e-10
5.045926674030552e-10
5.466545335981407e-10
4.98729887164719e-10
5.320000878751986e-10
5.70287906055354e-10
6.247669314227532e-10
5.743211489564273e-10
6.21611949299641e-10
6.873332534515198e-10
6.879547042118644e-10
7.716580718352132e-10
9.099596810983777e-10
9.699073860779929e-12
1.6807622648764248e-11
2.0079405514753835e-11
2.18526041649818e-11
2.368957972378419e-11
2.5156385284737388e-11
2.601738791710528e-11
2.6747586669787565e-11
2.732550983952512e-11
2.7914790853073663e-11
2.832859862444018e-11
2.8815265422016466e-11
2.9506673139292274e-11
3.4787133559376485e-11
4.5212295515199116e-11
5.1289719411392504e-11
5.767059378935267e-11
6.281671710626833e-11
6.58283840068452e-11
6.83909910454799e-11
7.041911599045266e-11
7.248476987746425e-11
7.393147663030581e-11
7.563542006354011e-11
7.804653949566983e-11
6.206333355368444e-11
7.271093396280665e-11
8.411513557447822e-11
9.33676722029946e-11
9.880543595389442e-11
1.0344626803717681e-10
1.0710988690094177e-10
1.1084928017426372e-10
1.1346581046872853e-10
1.165494968236331e-10
1.2091193258605147e-10
8.746524042738467e-11
1.0401483347750765e-10
1.176340953862337e-10
1.25711643618221e-10
1.3262046236125996e-10
1.3806881485405912e-10
1.436381840461961e-10
1.475325868310707e-10
1.521247022865856e-10
1.586227017433368e-10
1.283902073463042e-10
1.494648249712006e-10
1.6221227511930253e-10
1.7313864207520857e-10
1.81749403985584e-10
1.9056038508459415e-10
1.967191644475139e-10
2.039845551653511e-10
2.1426781875495295e-10
1.7938832513296548e-10
1.9839605087175827e-10
2.145466146105931e-10
2.272549027971241e-10
2.4026324369001793e-10
2.4935707835753573e-10
2.600875171577704e-10
2.752774411669407e-10
2.2338137286367411e-10
2.450413548012752e-10
2.618327297452083e-10
2.7898659709087345e-10
2.9098609024762153e-10
3.0514695544331e-10
3.25201214972673e-10
2.740090330417284e-10
2.9661028521678444e-10
3.192777804422308e-10
3.3511389415553227e-10
3.538227788018013e-10
3.8032359422701835e-10
3.258388352992855e-10
3.552516637591763e-10
3.7534186425902965e-10
3.99123226132028e-10
4.3284907420240363e-10
3.942236789845477e-10
4.207936528648676e-10
4.514145135356462e-10
4.949749707998618e-10
4.5440252182857354e-10
4.920645569068431e-10
5.444677367067526e-10
5.443331121852858e-10
6.107679028142355e-10
7.185565543398548e-10
6.749679224995946e-12
1.1871031006145983e-11
1.4269750983716933e-11
1.5578809634728413e-11
1.693821239908567e-11
1.8025350052954444e-11
1.8663623525037867e-11
1.9205160502223554e-11
1.963383055804969e-11
2.007098286949168e-11
2.0377910888566365e-11
2.0739020061574156e-11
2.1251959655564508e-11
2.5093120172455456e-11
3.2920786632056147e-11
3.7521707327298366e-11
4.2364978242549926e-11
4.6275831088314414e-11
4.8565232853993886e-11
5.05140765298353e-11
5.205634451142617e-11
5.362736609731357e-11
5.4727504889796364e-11
5.602349477524141e-11
5.7857187973926446e-11
4.572006399737312e-11
5.388868082326609e-11
6.266368972844414e-11
6.979090824433118e-11
7.398163353668024e-11
7.755955969603138e-11
8.038359765913039e-11
8.326661547340661e-11
8.528370109719629e-11
8.766121239851291e-11
9.102451211383552e-11
6.530207425275682e-11
7.816076073891644e-11
8.875774541572498e-11
9.504753740491017e-11
1.004291476086234e-10
1.0467245298243508e-10
1.0901088253156726e-10
1.1204423042411589e-10
1.1562139457964484e-10
1.2068315667778272e-10
9.727394344185319e-11
1.1384398281961061e-10
1.2387856438103733e-10
1.3248240702723727e-10
1.3926211523475205e-10
1.4620062170328626e-10
1.510501730710269e-10
1.5677153338733858e-10
1.64869456164697e-10
1.3753228209961144e-10
1.5260989280321597e-10
1.6542382452897367e-10
1.7550610858145542e-10
1.8582775166120658e-10
1.9304295333793007e-10
2.0155717426984145e-10
2.1360992539821056e-10
1.7250812812082295e-10
1.8976596056206248e-10
2.0314470923051997e-10
2.168137449610412e-10
2.2637505847618001e-10
2.3765907626283586e-10
2.5363940914801723e-10
2.129028400792514e-10
2.3095627025244847e-10
2.490681015982207e-10
2.617211969637902e-10
2.7666994495542644e-10
2.9784480499911655e-10
2.543149102267896e-10
2.7782738422134997e-10
2.938958456792729e-10
3.12916040895995e-10
3.3988923123314843e-10
3.089413100424566e-10
3.301656457339699e-10
3.5465093164119124e-10
3.8947874831082646e-10
3.569274758694574e-10
3.869825427725306e-10
4.2884149431571275e-10
4.283795262076392e-10
4.813099811714882e-10
5.659563290353122e-10
4.6303338131878915e-12
8.251471424814128e-12
9.976208676894197e-12
1.092450677743407e-11
1.1912065154755018e-11
1.2703145455354508e-11
1.3167753634931935e-11
1.3562148982171078e-11
1.3874394809059542e-11
1.4192883771069947e-11
1.4416475120352425e-11
1.4679640845952772e-11
1.5053437060831133e-11
1.777869033231928e-11
2.3534177655129587e-11
2.694734067502606e-11
3.055142937189341e-11
3.346553884019185e-11
3.517216677135254e-11
3.662556758129546e-11
3.777562885354102e-11
3.894733764822698e-11
3.976775275819742e-11
4.073438067735764e-11
4.21019866883249e-11
3.305439370030996e-11
3.9196721756557417e-11
4.581808813304971e-11
5.120262621699926e-11
5.437064549469217e-11
5.707648857511791e-11
5.921175026615284e-11
6.139210961954421e-11
6.291742522178852e-11
6.471549233961533e-11
6.725905729292336e-11
4.7856506592069745e-11
5.766435654700095e-11
6.57605705056312e-11
7.057050625300205e-11
7.468742360367834e-11
7.793295322650589e-11
8.125198960420429e-11
8.35723611616955e-11
8.630898520527686e-11
9.018140340119546e-11
7.239881069641548e-11
8.521718353635689e-11
9.299122479588813e-11
9.965893287542041e-11
1.0491232060790988e-10
1.102897316077542e-10
1.1404789541912802e-10
1.1848199050203642e-10
1.2475805290533086e-10
1.0370283016642369e-10
1.1550245774670035e-10
1.2553027811059004e-10
1.3341952295794348e-10
1.414971713296566e-10
1.4714346473918765e-10
1.5380669379394828e-10
1.6323934622090584e-10
1.3116886849980317e-10
1.447636054131393e-10
1.552990030676608e-10
1.6606377182351292e-10
1.7359340647254412e-10
1.8248007815422108e-10
1.9506562891055942e-10
1.6308267674308536e-10
1.7737521952217311e-10
1.917128554873472e-10
2.017290049826935e-10
2.13562853299808e-10
2.3032585880855785e-10
1.9592406144429822e-10
2.1459512003780377e-10
2.2735614227711185e-10
2.4246175073888746e-10
2.6388380772557104e-10
2.3934181131428026e-10
2.562255876227483e-10
2.757141878837919e-10
3.0343373722529653e-10
2.775020388371266e-10
3.0142744910883823e-10
3.347711658788544e-10
3.3425611005979103e-10
3.764107231357706e-10
4.431766345671452e-10
3.1371133438349208e-12
5.6543151674086575e-12
6.871916382143711e-12
7.546519960238174e-12
8.251272693061144e-12
8.816787969989166e-12
9.149071022933636e-12
9.431300974622895e-12
9.654783913888045e-12
9.882796743770302e-12
1.0042866400400012e-11
1.0231344425449876e-11
1.0499077008441176e-11
1.238868467070651e-11
1.653411025865395e-11
1.901490954481136e-11
2.1643513067696624e-11
2.3771841145305408e-11
2.501894107454188e-11
2.6081463699443486e-11
2.692211490806283e-11
2.7778763260366232e-11
2.837851662252464e-11
2.90852604777138e-11
3.008515611190148e-11
2.3466661119534367e-11
2.798967554180226e-11
3.288422427220346e-11
3.68696418380783e-11
3.921617366233663e-11
4.122114458881705e-11
4.2802975468683464e-11
4.441861222175967e-11
4.5548756073219585e-11
4.6881116369296434e-11
4.87658979993864e-11
3.44255642091925e-11
4.17574692572266e-11
4.782092095640572e-11
5.1426959916701025e-11
5.4514514574413245e-11
5.6948112244619334e-11
5.943740663941584e-11
6.117753183315006e-11
6.322999176197788e-11
6.613436719838813e-11
5.290068629366129e-11
6.263431600879229e-11
6.854739894518949e-11
7.362040759474547e-11
7.761682375145743e-11
8.170832746087874e-11
8.456760128820428e-11
8.794135969110821e-11
9.271674217992134e-11
7.681498921965831e-11
8.589834910206268e-11
9.361562051204359e-11
9.968612451447932e-11
1.0590243771604113e-10
1.1024750008938374e-10
1.1537540723947048e-10
1.2263480068340476e-10
9.805181391665384e-11
1.0860404571638661e-10
1.1677614609743065e-10
1.2512640517174552e-10
1.3096717865077065e-10
1.3786089694564218e-10
1.4762431728210768e-10
1.229289976488488e-10
1.3410201410759484e-10
1.4530515798034823e-10
1.5313139318094303e-10
1.6237843083810219e-10
1.7547757865504506e-10
1.4868012050387313e-10
1.6335042170273552e-10
1.7337375011547984e-10
1.8523960957019826e-10
2.020679281050436e-10
1.8287796260577654e-10
1.9619791409762807e-10
2.1157413407316702e-10
2.334454809516602e-10
2.1301624881037712e-10
2.319353441470559e-10
2.58309878394762e-10
2.578938269489147e-10
2.9130643660834774e-10
3.440013267994921e-10
2.103032675654522e-12
3.8268147206864965e-12
4.6721395569263606e-12
5.143993215235874e-12
5.638581974451813e-12
6.036144380863305e-12
6.269871757624347e-12
6.468512939988493e-12
6.625838180377286e-12
6.786405444192239e-12
6.899133035726096e-12
7.031923824424118e-12
7.2205945762978135e-12
8.504883947079068e-12
1.1433090473413103e-11
1.3200979619889296e-11
1.5080979928652804e-11
1.6605313550180447e-11
1.7499031502635586e-11
1.8260788964254993e-11
1.8863396406657546e-11
1.947760261854062e-11
1.9907582925566217e-11
2.0414334180850583e-11
2.1131287895896104e-11
1.6378884998543786e-11
1.964088080564641e-11
2.3184959418202818e-11
2.607454810400308e-11
2.7777182456516995e-11
2.923249281750612e-11
3.038042215920148e-11
3.15531677572278e-11
3.237343761151733e-11
3.334055934800038e-11
3.47086946752187e-11
2.432427334781949e-11
2.969250827315963e-11
3.4140538040182416e-11
3.678873593034708e-11
3.905689049185156e-11
4.084434409793829e-11
4.2673111681424357e-11
4.3951390337946354e-11
4.545921999867582e-11
4.759297996986493e-11
3.7949282920737126e-11
4.5193919665755975e-11
4.9602747804283204e-11
5.338607635430305e-11
5.63661327891069e-11
5.941760071027448e-11
6.154994057112874e-11
6.406611634370216e-11
6.762774704530016e-11
5.586646032384972e-11
6.272977198632828e-11
6.855777337782054e-11
7.314126470997596e-11
7.783542071752917e-11
8.111646258875177e-11
8.498882975001656e-11
9.047095883701607e-11
7.19960112496403e-11
8.004589702994343e-11
8.627405000201818e-11
9.263784957895614e-11
9.708928305959477e-11
1.0234339935763964e-10
1.0978499392755968e-10
9.107602501494022e-11
9.967520099556742e-11
1.0829053858563445e-10
1.1430887216335742e-10
1.214203057430562e-10
1.314946034549565e-10
1.1097748946872353e-10
1.2234540181637487e-10
1.3010670173200757e-10
1.3929588901023946e-10
1.5232900779240946e-10
1.37578154590398e-10
1.4796239654801296e-10
1.599451087055268e-10
1.7699162686733842e-10
1.611306012535726e-10
1.7593539684792612e-10
1.9657321347198175e-10
1.9632250607507865e-10
2.2257614838208775e-10
2.640270405581898e-10
1.397415896454474e-12
2.5627842668360583e-12
3.1410348456728344e-12
3.466058946440881e-12
3.80788460187723e-12
4.083115534148042e-12
4.245022984737823e-12
4.38271127567174e-12
4.49178755189957e-12
4.603154162611672e-12
4.681350769223629e-12
4.773506835237354e-12
4.904492047652028e-12
5.763187307570568e-12
7.795442446065235e-12
9.032449504653922e-12
1.0352630969036197e-11
1.1424514977623071e-11
1.2053342759508246e-11
1.2589522157088777e-11
1.3013627274208737e-11
1.3445986330942981e-11
1.3748644256759504e-11
1.4105382474058666e-11
1.4610114217454512e-11
1.1257692709543014e-11
1.3564205494187178e-11
1.608002923830367e-11
1.8133896123238243e-11
1.934501044464925e-11
2.0380517508238098e-11
2.1197158902234454e-11
2.2031640033555222e-11
2.2615270372680588e-11
2.3303437756202005e-11
2.4276979454329956e-11
1.6903359178582324e-11
2.0754074386185185e-11
2.3950829254949562e-11
2.5856077675237508e-11
2.74883542469818e-11
2.8774516664780683e-11
3.009066671070555e-11
3.101056632843988e-11
3.209573165655084e-11
3.363143214645719e-11
2.6746342992893262e-11
3.202859918563618e-11
3.524883921407145e-11
3.801266198810386e-11
4.018942438867434e-11
4.241866593501738e-11
4.3976369739141225e-11
4.581457120676275e-11
4.8416615360054347e-11
3.9900312302301645e-11
4.498379845979744e-11
4.9297083387907495e-11
5.268853366002672e-11
5.6162225464748437e-11
5.859019665275797e-11
6.145586892843739e-11
6.551293213789345e-11
5.191527065833615e-11
5.7940014623578006e-11
6.259555523201365e-11
6.735215163050952e-11
7.067954530823103e-11
7.460707188880174e-11
8.01700105881527e-11
6.628464006051549e-11
7.278618552228356e-11
7.929249677666952e-11
8.383746944703297e-11
8.920839613018741e-11
9.681735566535495e-11
8.140805701972959e-11
9.007356660727123e-11
9.598328448831803e-11
1.029814401688984e-10
1.1290788640679565e-10
1.0178596821958984e-10
1.0976293933249122e-10
1.1896023520827793e-10
1.3204680389815886e-10
1.1994310495338546e-10
1.313722247301282e-10
1.4729803922617763e-10
1.4722066139022038e-10
1.6760044616460856e-10
1.9997807767826144e-10
9.218418966678955e-13
1.701226904236287e-12
2.0917666082493165e-12
2.3126450138618303e-12
2.545681279527641e-12
2.733612938540834e-12
2.844234594027025e-12
2.9383668377851446e-12
3.0129591887957215e-12
3.0891502604446417e-12
3.1426600636311936e-12
3.2057533974907146e-12
3.295478291343343e-12
3.8623220497626884e-12
5.251138932719894e-12
6.1026149507705244e-12
7.01441959940376e-12
7.755676811047793e-12
8.190790043234023e-12
8.561916946086016e-12
8.855439169034576e-12
9.154732960492444e-12
9.364234606129598e-12
9.611197516929136e-12
9.960633260017061e-12
7.634400247496165e-12
9.23619729049261e-12
1.0989752533959884e-11
1.2423047270086463e-11
1.3268813531933425e-11
1.399213471336527e-11
1.456248591306109e-11
1.514541005954614e-11
1.5553079188662505e-11
1.6033798416677907e-11
1.671388995063014e-11
1.1572192446590532e-11
1.4281405290970774e-11
1.653461132016891e-11
1.78788102096015e-11
1.9030685067359892e-11
1.9938212754065872e-11
2.0867056368808798e-11
2.151621623267527e-11
2.2282045198192776e-11
2.3365874094309113e-11
1.8543359322092645e-11
2.2317608678510377e-11
2.4622298616558208e-11
2.6600516257901898e-11
2.8158379646749913e-11
2.97539863687657e-11
3.086889540597325e-11
3.2184630175091914e-11
3.4047157183727634e-11
2.800612446276624e-11
3.16953208204228e-11
3.482239545704746e-11
3.7280497556605875e-11
3.979841794072343e-11
4.155836220672541e-11
4.3635653599673e-11
4.6576650384587306e-11
3.6777656373370225e-11
4.1197170023790185e-11
4.4607229147069984e-11
4.809089746789207e-11
5.0528033755629245e-11
5.340482384903874e-11
5.7479679305784064e-11
4.7390809244174365e-11
5.2212839252882985e-11
5.7031470608569376e-11
6.039746935037593e-11
6.437555306672206e-11
7.001152378827207e-11
5.867256164335108e-11
6.515890940442146e-11
6.957607851766795e-11
7.480788510368114e-11
8.222967383323469e-11
7.401608387595233e-11
8.004104158911824e-11
8.697910357904474e-11
9.68536272620951e-11
8.779265322595376e-11
9.647593844056705e-11
1.0856683075583662e-10
1.0863638968693205e-10
1.242235704525448e-10
1.4925636361292916e-10
6.045551048231338e-13
1.1211676798315836e-12
1.3821034044923974e-12
1.5304675978608555e-12
1.68745007052008e-12
1.8142275870029776e-12
1.888896735273021e-12
1.9524733884970232e-12
2.002869113523037e-12
2.0543687136604123e-12
2.090548381796951e-12
2.1332306015564713e-12
2.193971330488171e-12
2.5646003868963084e-12
3.5012623559469287e-12
4.079069687601433e-12
4.6996974603577605e-12
5.204816726862968e-12
5.501470010339237e-12
5.754568435563234e-12
5.95472703226709e-12
6.158857991778717e-12
6.301743960429486e-12
6.470196381746429e-12
6.7085633994169085e-12
5.118145072196373e-12
6.213052997980687e-12
7.415598811371754e-12
8.399582394048996e-12
8.980569763187665e-12
9.477550736629301e-12
9.869380978690366e-12
1.0269914930490283e-11
1.0550016483943557e-11
1.0880327437211005e-11
1.1347649126979089e-11
7.819812915004876e-12
9.692746718113906e-12
1.1253000372041486e-11
1.2184585820854522e-11
1.2983028295380725e-11
1.3612044653294316e-11
1.425592478415972e-11
1.47059056784866e-11
1.5236784331868932e-11
1.59881346093516e-11
1.2667683705880421e-11
1.5313516951056244e-11
1.6931506481825673e-11
1.832032491932563e-11
1.9413922241465617e-11
2.0534117098936592e-11
2.1316822286676813e-11
2.224055236557077e-11
2.3548199206381246e-11
1.9343817505945236e-11
2.1968208180623823e-11
2.4190037905696213e-11
2.593602143624312e-11
2.7724612486706848e-11
2.8974809094891977e-11
3.045048099754688e-11
3.253976667363127e-11
2.5620634612730335e-11
2.8797865447780122e-11
3.124525779766239e-11
3.3745087281475075e-11
3.5494117847006836e-11
3.755872594058139e-11
4.048328166843579e-11
3.330513387484279e-11
3.6811208109786965e-11
4.0308923910748e-11
4.275218150665994e-11
4.564003726159156e-11
4.973159457599942e-11
4.155949090864114e-11
4.632214742306092e-11
4.955982583833767e-11
5.3395541069910846e-11
5.883751249454951e-11
5.290000508223685e-11
5.7367873906701515e-11
6.250453678693805e-11
6.981752784469363e-11
6.31710331670913e-11
6.965253759970491e-11
7.866827222246046e-11
7.884246620452665e-11
9.056476583728281e-11
1.0967198134321901e-10