3.817934476963077e-10
6.871620666867592e-10
8.13716160422379e-10
9.227072630668478e-10
9.866643061895554e-10
1.0295195837448156e-9
1.066709182478533e-9
1.0941667202489278e-9
1.132058404275356e-9
1.4993192749838128e-9
1.927109764829352e-9
2.3126704728987505e-9
2.540477572514749e-9
2.693781107376714e-9
2.8269424269954273e-9
2.925105992956288e-9
3.0604338125638973e-9
2.625884926544804e-9
3.3171184997658096e-9
3.7351126246777585e-9
4.018149710182917e-9
4.264516356564444e-9
4.4459251925593225e-9
4.696194581339045e-9
4.480296575374806e-9
5.248978521455491e-9
5.773730084083848e-9
6.230740420563702e-9
6.567211175686068e-9
7.031554135987639e-9
6.384008918935366e-9
7.1978337769142205e-9
7.897314530537866e-9
8.412586221733988e-9
9.12388421287181e-9
8.359411801072052e-9
9.373268997866582e-9
1.0110212490038103e-8
1.1128776656227835e-8
1.0816758218538685e-8
1.1870685003834546e-8
1.3305153451481056e-8
1.3289824334795702e-8
1.5182183434624525e-8
1.8144260117176556e-8
3.2645250663804264e-10
5.996834770119206e-10
7.160953719163466e-10
8.1712079734716e-10
8.764973480468914e-10
9.163279529910361e-10
9.509089253778822e-10
9.764451283756724e-10
1.011683441410356e-9
1.3497617948276633e-9
1.758378346001441e-9
2.129821562768496e-9
2.349659025383652e-9
2.497718165183332e-9
2.6263618318943397e-9
2.7211869180980426e-9
2.8519121315970365e-9
2.43935002357106e-9
3.1220250631525596e-9
3.5360606313886605e-9
3.816669916811395e-9
4.0609973760792775e-9
4.240882223101999e-9
4.489064211849684e-9
4.295904944348104e-9
5.077904171915548e-9
5.612174711742459e-9
6.077542560179156e-9
6.420145502507793e-9
6.892975169877203e-9
6.2510453958936955e-9
7.095155448732642e-9
7.81999180927617e-9
8.353943550388281e-9
9.091068205312434e-9
8.31747731703376e-9
9.384521757157642e-9
1.0159436989318819e-8
1.123061532482329e-8
1.0924290024125732e-8
1.2048007594661329e-8
1.357615786329789e-8
1.357752941087652e-8
1.56132210694587e-8
1.884721819841343e-8
2.7478093780238285e-10
5.12789877621007e-10
6.168039099962243e-10
7.078395602960361e-10
7.614518392135305e-10
7.974603786298981e-10
8.287348024607409e-10
8.518293652690035e-10
8.837093730617546e-10
1.1836584389786132e-9
1.5612890548129568e-9
1.907868583149417e-9
2.113405820619377e-9
2.251947817403395e-9
2.3723554799173597e-9
2.4610948580844523e-9
2.583444701239164e-9
2.2039283270886647e-9
2.857939886025891e-9
3.255945877472602e-9
3.525944325957062e-9
3.761104129201692e-9
3.934209369326372e-9
4.173068412743361e-9
4.00973233648393e-9
4.784198937306713e-9
5.3137349420012184e-9
5.775032356282056e-9
6.114612792145259e-9
6.583310250543406e-9
5.967165957779575e-9
6.821772030733737e-9
7.554749257055861e-9
8.094701280562564e-9
8.840167090431544e-9
8.080131214346522e-9
9.178800952870167e-9
9.975821132760341e-9
1.1077726747555471e-8
1.0789172262431212e-8
1.1963771254075103e-8
1.3559430130285463e-8
1.3582862916629264e-8
1.5732791614356758e-8
1.920852582553642e-8
2.278187820825508e-10
4.3075447201822675e-10
5.212787008753031e-10
6.012038726071141e-10
6.483850215746253e-10
6.801086812946197e-10
7.076678334575412e-10
7.280187674590036e-10
7.561380476400119e-10
1.0134827140380982e-9
1.3507919076943146e-9
1.6634815205106354e-9
1.8493445311091742e-9
1.9747126814032458e-9
2.0836964002208207e-9
2.1640014869068183e-9
2.274754393952702e-9
1.9364117060036095e-9
2.542157285477129e-9
2.9121962855109865e-9
3.16344533417452e-9
3.38233563104963e-9
3.543435445229983e-9
3.7657775330787325e-9
3.6365594104320697e-9
4.380267126051357e-9
4.889110270485277e-9
5.3324071775938206e-9
5.658715707455333e-9
6.109150661938805e-9
5.539334523939452e-9
6.3804654192814256e-9
7.100785952070808e-9
7.631429643055244e-9
8.364120649546764e-9
7.642911253349246e-9
8.745292313041828e-9
9.543960055475991e-9
1.0648357664002228e-8
1.0390575962923572e-8
1.1589864268941568e-8
1.3216956326406965e-8
1.3267478462911361e-8
1.548886999259978e-8
1.9154202427843808e-8
1.8676893710177865e-10
3.573228952476147e-10
4.345005020289728e-10
5.031738944164517e-10
5.438057415094961e-10
5.711380506821964e-10
5.949039712376383e-10
6.124615946378813e-10
6.367298033571461e-10
8.524840503281756e-10
1.144755974181002e-9
1.41814730117732e-9
1.5810104951177876e-9
1.6909041551141938e-9
1.7864768726571222e-9
1.8568972919117716e-9
1.9540210162728675e-9
1.6604128653131876e-9
2.2021233623866708e-9
2.53432165924871e-9
2.7600283955367683e-9
2.956735321523416e-9
3.1014963833303666e-9
3.301302557572809e-9
3.205984138648712e-9
3.896113892973181e-9
4.368489371729768e-9
4.780030242304922e-9
5.0829664108805915e-9
5.501153128658977e-9
4.995320606188146e-9
5.796938044194191e-9
6.482121427956955e-9
6.986927660344821e-9
7.683978431481999e-9
7.026219911059955e-9
8.099770380655572e-9
8.876342329845755e-9
9.95038121187179e-9
9.735431185927836e-9
1.0926817795384141e-8
1.2540557055117584e-8
1.2621943503854613e-8
1.4858790389309829e-8
1.8638302170060398e-8
1.5064384458112716e-10
2.9234539101492845e-10
3.571480023961338e-10
4.151376177155548e-10
4.495111727628119e-10
4.726444413579407e-10
4.927726054413233e-10
5.076501802769547e-10
5.282227117643808e-10
7.075198833078949e-10
9.551778066203048e-10
1.1883239959815292e-9
1.3274421560400246e-9
1.4213371073406453e-9
1.503019079216173e-9
1.563203128443366e-9
1.6462086795777127e-9
1.3965608159170633e-9
1.865854021465458e-9
2.154549064007731e-9
2.3507942209784443e-9
2.5218625122222046e-9
2.647748741471804e-9
2.8215092929989996e-9
2.754236537919553e-9
3.371896443344731e-9
3.794678247200872e-9
4.162969517372447e-9
4.43408175121683e-9
4.808339543766501e-9
4.37764369811334e-9
5.1149510666508404e-9
5.7436667964999065e-9
6.206930641713871e-9
6.846641281665673e-9
6.27235992364413e-9
7.2831738848170285e-9
8.013003831604771e-9
9.02259925149602e-9
8.859096824491362e-9
1.000597018537147e-8
1.1556299446080269e-8
1.166963248968283e-8
1.3855751026511245e-8
1.765194142765889e-8
1.1941237859270453e-10
2.354185732945015e-10
2.8912482184977814e-10
3.373608449108826e-10
3.659744018169827e-10
3.852489499945124e-10
4.02032617536298e-10
4.1444068084122345e-10
4.316182561688046e-10
5.806385604015218e-10
7.880541432210768e-10
9.838943799260907e-10
1.100828512703192e-9
1.1797820159202686e-9
1.2484740736773661e-9
1.2990816784916108e-9
1.3688931177213888e-9
1.1592135341428137e-9
1.5564135036530402e-9
1.8012079197957255e-9
1.967674770808157e-9
2.112792231967924e-9
2.219575496204922e-9
2.3669849160437672e-9
2.3190702499418997e-9
2.853975025242081e-9
3.219916134256949e-9
3.5386005040346437e-9
3.773209083118542e-9
4.097087661628106e-9
3.741351549902981e-9
4.394927055347152e-9
4.950646300225398e-9
5.360184713492511e-9
5.925742273745543e-9
5.445390175803588e-9
6.362826314464387e-9
7.023775566720334e-9
7.938313897360823e-9
7.829137381759628e-9
8.895107296509699e-9
1.033260382310486e-8
1.0474885675627508e-8
1.2540338090942025e-8
1.6239462419027764e-8
9.337692115022921e-11
1.8635480456395216e-10
2.3017422085180702e-10
2.6965282367590414e-10
2.9308688493801873e-10
3.088907273453449e-10
3.2265401050721913e-10
3.328340097706635e-10
3.4694266782489844e-10
4.69571744926423e-10
6.422486071175227e-10
8.054906169809013e-10
9.029781259134627e-10
9.688310154847065e-10
1.0261129904860823e-9
1.068317776647674e-9
1.126541597201973e-9
9.523409532899334e-10
1.2846167615947075e-9
1.489493597802587e-9
1.6288411727574121e-9
1.7502974116189166e-9
1.8396758185359774e-9
1.9630612416058134e-9
1.9262152419043405e-9
2.378416492483479e-9
2.6875070531600726e-9
2.9565687902150517e-9
3.1546683548850467e-9
3.4281431045913386e-9
3.1381472686756268e-9
3.699545833074028e-9
4.175508360027566e-9
4.526324999375517e-9
5.0108067474654e-9
4.6193815581099235e-9
5.4225409041346566e-9
5.999760434428007e-9
6.7986491880511e-9
6.736741014485078e-9
7.691101690596103e-9
8.974401404461986e-9
9.1379180105781e-9
1.1018397966881496e-8
1.4502135420291185e-8
7.262776510769462e-11
1.455591973285953e-10
1.806341930571462e-10
2.1239917127730633e-10
2.312783981329452e-10
2.4401534379246514e-10
2.5511469206102655e-10
2.633318754605871e-10
2.7472771551605534e-10
3.7213605624758794e-10
5.139424322724903e-10
6.485669810401825e-10
7.290281542629719e-10
7.83383492232728e-10
8.306753873744756e-10
8.655248031848007e-10
9.135995555824223e-10
7.715074726200153e-10
1.0482908266502646e-9
1.2190120720448362e-9
1.335119978256574e-9
1.4363360237679993e-9
1.5108240395481325e-9
1.6136528616801265e-9
1.584184849269146e-9
1.962112094078439e-9
2.220146919358861e-9
2.444725268170616e-9
2.6100826771999912e-9
2.838357378029954e-9
2.599958451997111e-9
3.0718311308131843e-9
3.471013908029556e-9
3.765263666990302e-9
4.1716434541754255e-9
3.854623420750636e-9
4.538042120503328e-9
5.02813329364973e-9
5.706592024136357e-9
5.676708202939543e-9
6.502634603957534e-9
7.609923565868659e-9
7.779911781411277e-9
9.429052194313712e-9
1.2590058516956284e-8
5.650255029921408e-11
1.1301773324586561e-10
1.4056778388970283e-10
1.6572308988817408e-10
1.8070116391408394e-10
1.9081093654584132e-10
1.996297872562068e-10
2.0615795050458116e-10
2.1522772379308164e-10
2.8941191151254314e-10
4.024898540243405e-10
5.108853631555685e-10
5.757935013220668e-10
6.19654976906133e-10
6.578423343428826e-10
6.859704313606864e-10
7.247924446058883e-10
6.118623179468874e-10
8.396498518160491e-10
9.804489242123484e-10
1.0762458795904223e-9
1.159797909370433e-9
1.2212659870699271e-9
1.3061478029084074e-9
1.2858589091466826e-9
1.600877837097456e-9
1.8159498097691094e-9
2.0031672266854026e-9
2.1409889298005647e-9
2.3312855775083214e-9
2.1332735912429324e-9
2.5269841276227965e-9
2.859757555013947e-9
3.105023381922097e-9
3.4437999921546477e-9
3.182173546585169e-9
3.754061973992085e-9
4.163518245020903e-9
4.730481194052565e-9
4.716056587673579e-9
5.413200202392089e-9
6.345569870621867e-9
6.507009457711339e-9
7.910997078358184e-9
1.0677659704427197e-8
4.403479951699731e-11
8.771064191634542e-11
1.0905612204439354e-10
1.286964094765714e-10
1.4041576271727924e-10
1.4833395501464167e-10
1.5524248516539588e-10
1.6035932732535511e-10
1.674720161745343e-10
2.2354412528568702e-10
3.109799089393127e-10
3.9559345175693135e-10
4.4637576058779185e-10
4.807203268416954e-10
5.106221897408567e-10
5.326489597269833e-10
5.63045793024011e-10
4.749271959427098e-10
6.565883881640548e-10
7.693535481155457e-10
8.461644594645015e-10
9.131616826833349e-10
9.624500539641106e-10
1.0305103454378405e-9
1.0214185435385594e-9
1.2811440866331435e-9
1.4587224219510512e-9
1.613307702876419e-9
1.7271075118349514e-9
1.884234149388163e-9
1.7243152540598207e-9
2.052416375065192e-9
2.3297472284533265e-9
2.5341460130692874e-9
2.816473066227954e-9
2.59910400441358e-9
3.0761465845373487e-9
3.417569849839916e-9
3.89034015860878e-9
3.879575472380265e-9
4.461508712819832e-9
5.238680536651903e-9
5.3796882740709094e-9
6.553308001584157e-9
8.906563429509134e-9
3.450229251113046e-11
6.82556306594751e-11
8.470624366274277e-11
9.98684070251201e-11
1.0892738064965117e-10
1.1505063495580421e-10
1.2039410446179927e-10
1.2435283229647595e-10
1.2986182496965655e-10
1.7316986831876065e-10
2.403160736588391e-10
3.053383063524467e-10
3.443986205525143e-10
3.708178706739548e-10
3.9381525838346277e-10
4.1075717410009937e-10
4.341436000735498e-10
3.657045334695554e-10
5.055183933159727e-10
5.925696773695462e-10
6.51885562506939e-10
7.036146403663957e-10
7.41674517051629e-10
7.942370021338785e-10
7.921496021497601e-10
9.992133767354032e-10
1.1409006808091803e-9
1.2642173898874796e-9
1.3550136315367633e-9
1.480379885181813e-9
1.360781204886646e-9
1.6298399831981807e-9
1.8570946498971952e-9
2.0246128674249233e-9
2.255996926707274e-9
2.08406976286884e-9
2.480387727104661e-9
2.7640607435485768e-9
3.1568549827858593e-9
3.150482115914087e-9
3.635783121234586e-9
4.283822914128217e-9
4.401918680103082e-9
5.380067298381126e-9
7.349370971479521e-9
2.7245882674165868e-11
5.3372013218934337e-11
6.606660124522996e-11
7.77352666822513e-11
8.470217467004622e-11
8.941164891024038e-11
9.352425921347726e-11
9.657270641883845e-11
1.0081664609359265e-10
1.3425012205120944e-10
1.861441882247322e-10
2.362553902529052e-10
2.663341430095927e-10
2.866690732094532e-10
3.043755723826775e-10
3.1742048005869e-10
3.354241228750369e-10
2.8283708343381785e-10
3.898288819566689e-10
4.563391804858174e-10
5.016204546120314e-10
5.411165924152008e-10
5.701769211792096e-10
6.103054994219085e-10
6.081737243988899e-10
7.667599944664335e-10
8.75005687438022e-10
9.691851507484598e-10
1.0385368522311283e-9
1.1342830767247893e-9
1.049237649709424e-9
1.2607884030450794e-9
1.4388777305172343e-9
1.5701849612782453e-9
1.7515480443869488e-9
1.6282688011906523e-9
1.9490317616490493e-9
2.178309548085844e-9
2.495819703906775e-9
2.5024161136195037e-9
2.9030524777964422e-9
3.437879914089632e-9
3.5405115382096685e-9
4.354470399978971e-9
5.997720973138523e-9
2.1723532213512054e-11
4.20860073033137e-11
5.19139600022453e-11
6.095022724341926e-11
6.634266642934086e-11
6.998880187201545e-11
7.31745702076394e-11
7.553747995896246e-11
7.883100537407755e-11
1.0438243134794678e-10
1.4419162194976128e-10
1.8272669800271583e-10
2.0585639977890712e-10
2.2149659675100685e-10
2.35114227884096e-10
2.451460886838505e-10
2.589960958617076e-10
2.1871714934445264e-10
3.014738225154962e-10
3.5288059188184465e-10
3.878817943511825e-10
4.1840873770617716e-10
4.4086757158234453e-10
4.71887370760704e-10
4.693758060061142e-10
5.903308014159554e-10
6.72648327071951e-10
7.442260229674496e-10
7.969320482660717e-10
8.697097303428211e-10
8.04472827123028e-10
9.647123268448731e-10
1.0989753563047421e-9
1.1979799123762933e-9
1.3347531088780963e-9
1.2482848443152821e-9
1.4958868326785281e-9
1.6722038233384275e-9
1.9164931203229496e-9
1.9365496502916484e-9
2.255265994160328e-9
2.679593292992639e-9
2.7748232558088477e-9
3.4360898894946386e-9
4.800694998522491e-9
1.746757576958943e-11
3.349594971809236e-11
4.113511004624146e-11
4.814849970488465e-11
5.233558824103441e-11
5.516569698524691e-11
5.763863277623598e-11
5.947417879389182e-11
6.203593344201289e-11
8.193947461717598e-11
1.1250747828913676e-10
1.4205098867960362e-10
1.5979338497144553e-10
1.7178960005741014e-10
1.8223448952850392e-10
1.8993052817678225e-10
2.005551500416731e-10
1.6930329648411742e-10
2.3249772091530148e-10
2.7183658392077404e-10
2.9862899370259534e-10
3.2199590863173605e-10
3.391899240196597e-10
3.629362881440327e-10
3.619897261130552e-10
4.556588460773596e-10
5.195338737326463e-10
5.750727746130675e-10
6.159717804842902e-10
6.724440339964081e-10
6.205340730469752e-10
7.433286701172484e-10
8.46212388930216e-10
9.220724996643174e-10
1.0268702713957694e-9
9.577453797025976e-10
1.1446981916530423e-9
1.2774685235715849e-9
1.461471516174235e-9
1.4800454900556714e-9
1.7222563092923992e-9
2.043070006134365e-9
2.1272355527655117e-9
2.637751196789298e-9
3.738848022304785e-9
1.4138138039806182e-11
2.6899124424760735e-11
3.290367684074931e-11
3.838673644753905e-11
4.165498854740014e-11
4.38626649126294e-11
4.5790358511138906e-11
4.722068482579133e-11
4.9218154567351576e-11
6.494357189779269e-11
8.865344876869437e-11
1.1146769540852783e-10
1.2515010641408576e-10
1.3439789921889609e-10
1.4244851967831482e-10
1.4838028581076822e-10
1.5656988781257576e-10
1.3243841649923514e-10
1.8075487470662403e-10
2.1075919896603445e-10
2.3118300435470383e-10
2.489941638109244e-10
2.6209974770662715e-10
2.8020037703909863e-10
2.7877529285786063e-10
3.498610133697829e-10
3.98350951181294e-10
4.405221302550923e-10
4.715764064192372e-10
5.144539376434744e-10
4.765599516087219e-10
5.714546324411879e-10
6.511401339890974e-10
7.098873491217509e-10
7.910401255864433e-10
7.372122913398072e-10
8.816057071636088e-10
9.843356703735821e-10
1.126670239833326e-9
1.1363002745223884e-9
1.3200500962930377e-9
1.5630512913603319e-9
1.6259002861615335e-9
2.0082797182515164e-9
2.8537913184239223e-9
1.1476841376773366e-11
2.174458505580479e-11
2.651382020815579e-11
3.085102341828689e-11
3.343394381106236e-11
3.517835044150476e-11
3.670141203332083e-11
3.7830936190156115e-11
3.940637977468491e-11
5.198720428893944e-11
7.055531715629488e-11
8.835242161303047e-11
9.901911051269953e-11
1.0622692454850725e-10
1.1250087143865032e-10
1.17123704383729e-10
1.2350543956740333e-10
1.0453655554387923e-10
1.418848822925213e-10
1.6506375226377256e-10
1.8083755525804228e-10
1.945918003975644e-10
2.0471278239791216e-10
2.18690559836598e-10
2.1712266214891724e-10
2.7126649173415666e-10
3.0809713421454083e-10
3.4011679570732783e-10
3.6369720958090897e-10
3.9625671353775207e-10
3.6658372707183125e-10
4.377704259387884e-10
4.973786155532562e-10
5.413373290803194e-10
6.020655639347257e-10
5.637771644339071e-10
6.738253480761917e-10
7.521198015460435e-10
8.606014504723829e-10
8.705978200497776e-10
1.0126869554808396e-9
1.2011558614017378e-9
1.2470816701257941e-9
1.5414004708534013e-9
2.1784721264451467e-9
9.304155000206498e-12
1.7631767280852252e-11
2.145948300406827e-11
2.4922246660493454e-11
2.698134320802973e-11
2.8370741006820133e-11
2.9583416569753046e-11
3.0483178243032605e-11
3.173753330531901e-11
4.1943077357704335e-11
5.6668681324351727e-11
7.070882663158899e-11
7.9112779420635e-11
8.478959724032443e-11
8.973013629958956e-11
9.33708862208967e-11
9.83963824801809e-11
8.337886899740097e-11
1.1249024263386137e-10
1.305180982027302e-10
1.42782301484483e-10
1.534749696821975e-10
1.6134374767668116e-10
1.7221007503372725e-10
1.7044603285477704e-10
2.1209482807573649e-10
2.404843037109756e-10
2.651662650355703e-10
2.8334237350525936e-10
3.084377918188733e-10
2.851826691724983e-10
3.3968607530957636e-10
3.8538058347322315e-10
4.1906932067835045e-10
4.6560733818010954e-10
4.3439268445624094e-10
5.1685093477823e-10
5.753982057209413e-10
6.565395002534108e-10
6.642456775564643e-10
7.707104242618602e-10
9.115835716422608e-10
9.494944116177361e-10
1.1742814145910874e-9
1.665007546268538e-9
7.49932599221534e-12
1.4279398294254269e-11
1.737498127455581e-11
2.016347506038864e-11
2.1819923544401255e-11
2.2937195101127163e-11
2.3911646733886002e-11
2.4634026847841472e-11
2.5641115598034162e-11
3.399067228757309e-11
4.580505328538243e-11
5.7016120470767276e-11
6.372015139978352e-11
6.824747831393217e-11
7.218692254413071e-11
7.508993801039129e-11
7.909694262459535e-11
6.705770924477069e-11
9.004590072188494e-11
1.0425943829235509e-10
1.1392542129285658e-10
1.2235180268878894e-10
1.2855298899420808e-10
1.3711615019033504e-10
1.3529441911460554e-10
1.676029014489281e-10
1.8959739759267006e-10
2.0872181375841968e-10
2.2280552783804156e-10
2.4225035873082713e-10
2.2358787778078802e-10
2.652285449756206e-10
3.001768615213278e-10
3.259463994704347e-10
3.615431121271473e-10
3.3757433413860873e-10
4.007268082444642e-10
4.4567618495898727e-10
5.079477065851147e-10
5.122287624924999e-10
5.926274810096161e-10
6.989801262386223e-10
7.257944436088644e-10
8.91947071130738e-10
1.2604617597700277e-9
5.984692584542612e-12
1.1498841565201235e-11
1.401165831322025e-11
1.6268079665199486e-11
1.7607176234794512e-11
1.8509880947608088e-11
1.929691965146061e-11
1.9880304756558292e-11
2.069218218674056e-11
2.7548908081994744e-11
3.7112857823329114e-11
4.615348241571505e-11
5.1554344259920976e-11
5.520078225510214e-11
5.837333593397391e-11
6.07113124304419e-11
6.393782757933592e-11
5.421285485206554e-11
7.258470788221879e-11
8.392385314314017e-11
9.163300466000143e-11
9.835290732817207e-11
1.0329844061717887e-10
1.1012699748549026e-10
1.0832614054087094e-10
1.3369390725954445e-10
1.5097616922584464e-10
1.6600626859287446e-10
1.7707414157822595e-10
1.9235469855658155e-10
1.7722500876155275e-10
2.0957066062934127e-10
2.3676557428043045e-10
2.568129279055825e-10
2.8450489073715164e-10
2.649171377120281e-10
3.1311745577358116e-10
3.4741978305336603e-10
3.9494698490248076e-10
3.975497495637839e-10
4.5857052664886095e-10
5.394629027522434e-10
5.595085393193415e-10
6.864797153275018e-10
9.609966081637044e-10
4.7115258339455425e-12
9.168597384947102e-12
1.1206114778625747e-11
1.3032789967091454e-11
1.4116229960495434e-11
1.484638694465902e-11
1.5482740564948716e-11
1.5954112877006602e-11
1.6609877903704537e-11
2.2226390345756627e-11
3.00043246901094e-11
3.733874945841706e-11
4.1717455567211055e-11
4.467345664440624e-11
4.724507935247772e-11
4.9140153974573976e-11
5.175527508361093e-11
4.3868099373027864e-11
5.868957031591977e-11
6.782510996399417e-11
7.403509717493852e-11
7.944787125598753e-11
8.343142311345776e-11
8.893147451312412e-11
8.725962286523782e-11
1.0743435669805395e-10
1.2118635728564894e-10
1.3314771613019394e-10
1.4195552154993652e-10
1.5411563774668357e-10
1.4168249386631774e-10
1.67049481227561e-10
1.88408092052985e-10
2.0415353819572619e-10
2.259023084766972e-10
2.0990757106333712e-10
2.4727644329537197e-10
2.7392778705959547e-10
3.108438154003682e-10
3.119737047847363e-10
3.58737892616009e-10
4.2078660167237815e-10
4.3494517048541727e-10
5.305625026623615e-10
7.369854868835246e-10
3.648631613566804e-12
7.21242598466707e-12
8.854656941186656e-12
1.0327119815842038e-11
1.1200351844979765e-11
1.1788788647468418e-11
1.2301479410884088e-11
1.2681150623178868e-11
1.3208772599270468e-11
1.7771325133280484e-11
2.4093244487812964e-11
3.0050339993395924e-11
3.360577002948771e-11
3.6006008994895847e-11
3.809407109123525e-11
3.9632770375788934e-11
4.17558821227002e-11
3.536504583758532e-11
4.738605518240831e-11
5.4789688294558906e-11
5.982221629708577e-11
6.420864676369393e-11
6.743683192814494e-11
7.189369325980235e-11
7.042695087973631e-11
8.663177229833494e-11
9.76835906605501e-11
1.0729867292888565e-10
1.1437843761224062e-10
1.2415260081798387e-10
1.1389061735321259e-10
1.340356824187104e-10
1.5103249833578924e-10
1.6356140960043876e-10
1.8086644688155763e-10
1.6766648511420457e-10
1.9700016621049167e-10
2.179531965241004e-10
2.469709576880237e-10
2.4701891392324945e-10
2.8317102931654094e-10
3.312264324007822e-10
3.414196698298067e-10
4.150169966316263e-10
5.705325158019335e-10
2.77369941097647e-12
5.581310670512918e-12
6.8910622197542395e-12
8.067591572357214e-12
8.765529780271783e-12
9.235897397039579e-12
9.64567184576963e-12
9.949030450708155e-12
1.0370314805239375e-11
1.4026638012437493e-11
1.9135040184582766e-11
2.3953680415459137e-11
2.6829944182690576e-11
2.8771932815663653e-11
3.0461393261411686e-11
3.170630122138991e-11
3.3423931139985204e-11
2.827631345025336e-11
3.8028036621555914e-11
4.4033142883842394e-11
4.8115460196468644e-11
5.167381001231754e-11
5.429248392266229e-11
5.790774217990062e-11
5.669104937810707e-11
6.978607708669696e-11
7.872270030712456e-11
8.64994128272261e-11
9.222522655277769e-11
1.0013008975037238e-10
9.167902530042048e-11
1.0783409638927182e-10
1.2148929345143124e-10
1.315540762048309e-10
1.454551738038388e-10
1.3452552231880555e-10
1.5780762597165708e-10
1.744639303139767e-10
1.9752759746727455e-10
1.969731129845802e-10
2.2531203793102022e-10
2.6307350301581297e-10
2.703604263789059e-10
3.2753788275402713e-10
4.4555726461834913e-10
2.067547074007114e-12
4.240183623440639e-12
5.26986339915991e-12
6.198050715070761e-12
6.749064913533019e-12
7.120538776480364e-12
7.444167887382996e-12
7.683693891166113e-12
8.016176096176874e-12
1.0894063518706795e-11
1.4977659957711612e-11
1.8840161597396975e-11
2.1146833533258487e-11
2.270461875282819e-11
2.4059945083784116e-11
2.5058576538447104e-11
2.643637631403824e-11
2.23337562283746e-11
3.0204530303559246e-11
3.505374216982108e-11
3.83510373789978e-11
4.122535580216636e-11
4.334052737099615e-11
4.626065719252522e-11
4.5309133333793854e-11
5.590293880655174e-11
6.313741669109765e-11
6.943423530627778e-11
7.40701931100419e-11
8.047045635616935e-11
7.35694019005473e-11
8.659573910923942e-11
9.762209816591921e-11
1.0574873222863204e-10
1.1697268101836543e-10
1.0796309241797753e-10
1.2660430716270515e-10
1.3995943362943053e-10
1.5844937832673414e-10
1.5761499820705214e-10
1.8007553645072877e-10
2.100682669601255e-10
2.1531686173878608e-10
2.6024414099373246e-10
3.5098149003854587e-10
1.5108223022933095e-12
3.158864542035922e-12
3.954464254767465e-12
4.6752327842618844e-12
5.103592723194059e-12
5.3925309419435314e-12
5.644295518645641e-12
5.830607975598243e-12
6.089157413942709e-12
8.30647431912701e-12
1.1522445099096824e-11
1.4577218882416192e-11
1.6403056608359174e-11
1.7636521053631462e-11
1.8709812371263504e-11
1.9500576328080197e-11
2.0591590409855867e-11
1.7368819783917025e-11
2.3658277126095273e-11
2.753746688014834e-11
3.01760711580674e-11
3.247646295942343e-11
3.416918211735039e-11
3.6506137059114344e-11
3.580935789516674e-11
4.4344625270011934e-11
5.0176937037100056e-11
5.525420228289321e-11
5.899211220530664e-11
6.415262059142211e-11
5.859545453338388e-11
6.910423082617444e-11
7.80078706119624e-11
8.456977855458091e-11
9.363254169182885e-11
8.628436057905685e-11
1.0127605092361645e-10
1.1202816507466636e-10
1.2691272197045687e-10
1.2602567397940375e-10
1.4396490057437e-10
1.6796490828506295e-10
1.7181528593575605e-10
2.0747568947015266e-10
2.780323737083339e-10
1.082899184531882e-12
2.3070685274258995e-12
2.9100438715258756e-12
3.4597434682351424e-12
3.786919171994647e-12
4.0077599991909595e-12
4.200244959425607e-12
4.3426864637658e-12
4.54034964699442e-12
6.208828820867769e-12
8.695808832297936e-12
1.1071185985408918e-11
1.2492583326621227e-11
1.3453200739689107e-11
1.4289213719810026e-11
1.4905110057020136e-11
1.5754891977385238e-11
1.3267156306744042e-11
1.8222029317223133e-11
2.128301529803542e-11
2.336594763872824e-11
2.5182153154119645e-11
2.651849280739041e-11
2.8363509720507077e-11
2.7892038972021512e-11
3.470703408809991e-11
3.936630784918853e-11
4.342290415310749e-11
4.6409292821814527e-11
5.053234249615606e-11
4.6139846572192104e-11
5.457826156812656e-11
6.173063920188731e-11
6.700181996140952e-11
7.428195177446443e-11
6.83840616296154e-11
8.043376480440501e-11
8.908169037808657e-11
1.0105262161229716e-10
1.0025844186290162e-10
1.146351746529362e-10
1.3389679879894232e-10
1.3679503463152319e-10
1.6527599928823868e-10
2.2068375220366678e-10
7.623087029508685e-13
1.6527621685089146e-12
2.1005485232870426e-12
2.5117564316072014e-12
2.7569408365871127e-12
2.9225745715332977e-12
3.06700240731675e-12
3.1738922748134288e-12
3.322252554305592e-12
4.547197394265663e-12
6.431456204316007e-12
8.242891029678239e-12
9.328352680340675e-12
1.0062251870321444e-11
1.0701080205119414e-11
1.1171671081312158e-11
1.1821010818247544e-11
9.937757377470068e-12
1.3773218983806645e-11
1.6147504718116782e-11
1.7763904732528216e-11
1.9173546226245968e-11
2.0210663433875585e-11
2.1642643057336263e-11
2.135548587320255e-11
2.6725166781748476e-11
3.03977785765632e-11
3.359556097572561e-11
3.594966193226802e-11
3.9199846548637305e-11
3.5804593759405495e-11
4.2517015427323955e-11
4.820564294181797e-11
5.23981253716225e-11
5.818851910558215e-11
5.355021034120943e-11
6.318172185680053e-11
7.009566646846587e-11
7.966622769162004e-11
7.904211869508908e-11
9.054748958144168e-11
1.0597602551265128e-10
1.0822305237012054e-10
1.310038118999796e-10
1.7481389905418433e-10
5.279616822278337e-13
1.162833361243458e-12
1.4886519405681717e-12
1.7902462416219913e-12
1.9704358831376444e-12
2.0922740257006396e-12
2.19857206786675e-12
2.2772610917020203e-12
2.386529893026196e-12
3.2643306700298514e-12
4.661395114256501e-12
6.014085887709382e-12
6.8259366407611284e-12
7.375086978504384e-12
7.853202750618928e-12
8.205378070893833e-12
8.691367091920782e-12
7.294611227990266e-12
1.0204865499257774e-11
1.20106617276322e-11
1.3240634809784933e-11
1.4313457899922511e-11
1.5102709688196073e-11
1.6192531527956842e-11
1.6044246415659947e-11
2.0205043243169605e-11
2.305151784815398e-11
2.5529991364738227e-11
2.7354556230740023e-11
2.98737051482195e-11
2.7314490545886476e-11
3.2582360404673394e-11
3.7043792234593185e-11
4.03319726000436e-11
4.487349822875545e-11
4.131187035966185e-11
4.8933448694030925e-11
5.440334301373349e-11
6.19752711551306e-11
6.154675570986119e-11
7.069741592549474e-11
8.297248281450654e-11
8.476532919063113e-11
1.029250077409324e-10
1.3766158028712065e-10
3.604697300669901e-13
8.048661839770151e-13
1.0373190985879316e-12
1.2542674776488072e-12
1.3841631485227665e-12
1.4720798178430369e-12
1.5488344891672053e-12
1.6056752151123122e-12
1.6846623267195057e-12
2.2997150811878577e-12
3.313346264024544e-12
4.302051442872986e-12
4.896437825885008e-12
5.298667285093705e-12
5.648945124189494e-12
5.90693931002695e-12
6.2630006324029715e-12
5.248063229490582e-12
7.409671626182516e-12
8.754340275667048e-12
9.67066505931885e-12
1.0470042326895124e-11
1.1058088346985731e-11
1.1870143242935429e-11
1.1816993893235311e-11
1.497964519858874e-11
1.714337357960137e-11
1.902725134068103e-11
2.0414118328751854e-11
2.2328993871977e-11
2.045142863290612e-11
2.4516917309931092e-11
2.7956042815240185e-11
3.0490925978229047e-11
3.3992120463170025e-11
3.132896295036786e-11
3.7277011999355084e-11
4.1543082085136455e-11
4.744904230757642e-11
4.7205942707246604e-11
5.440823712062194e-11
6.406760370365839e-11
6.55304212173941e-11
7.989260835452137e-11
1.0738880806185296e-10
2.4311601449367087e-13
5.491330448708386e-13
7.119685062587343e-13
8.651755511047449e-13
9.571052180799355e-13
1.019387838347225e-12
1.0738054200936311e-12
1.1141260300334986e-12
1.17021246276696e-12
1.5927294031273333e-12
2.3131005124519906e-12
3.0208428258217327e-12
3.4470280123782843e-12
3.735551409584577e-12
3.986864288948671e-12
4.171957742872252e-12
4.427439530011701e-12
3.7043000477888056e-12
5.27549007107111e-12
6.255388120126584e-12
6.923432784328568e-12
7.506301411376004e-12
7.935055425558147e-12
8.527186632001492e-12
8.531673210920671e-12
1.088613655044364e-11
1.2496657040844887e-11
1.3898688097584205e-11
1.493086770053631e-11
1.635605237419054e-11
1.5016337971628803e-11
1.8094420422028202e-11
2.0694060494957788e-11
2.2610351768359698e-11
2.525723204504507e-11
2.3321635595534256e-11
2.788606965881086e-11
3.1156389147283006e-11
3.5684374016512604e-11
3.5595019028154035e-11
4.118515707959803e-11
4.8676802575487636e-11
4.9885660136543315e-11
6.111131866366785e-11
8.274740200205426e-11
1.6229068364807046e-13
3.700586181661318e-13
4.822670972293256e-13
5.886399088169277e-13
6.525992366331065e-13
6.959750168216963e-13
7.339064973034269e-13
7.620313247905181e-13
8.012036970279978e-13
1.0866975768440962e-12
1.589065705478577e-12
2.0859382690127852e-12
2.385610506235922e-12
2.5885594611284753e-12
2.7653707924313196e-12
2.8955899275902536e-12
3.07535422384523e-12
2.5694194579377236e-12
3.687856287331892e-12
4.3870960356435214e-12
4.863980165036722e-12
5.28011249359646e-12
5.586205877472503e-12
6.0089717580639445e-12
6.0424084522889455e-12
7.758132211909e-12
8.931234702495986e-12
9.952262425868477e-12
1.0703986317824957e-11
1.1741952588942798e-11
1.081160546235242e-11
1.309454700212854e-11
1.5018738416166026e-11
1.6437282146328443e-11
1.839672340592002e-11
1.703038538587977e-11
2.0467145917950784e-11
2.2926083885504797e-11
2.63311876423868e-11
2.6354314636260827e-11
3.0621229061430586e-11
3.633248220188781e-11
3.733374374713796e-11
4.597758046747678e-11
6.283775226348862e-11
1.0742084426690167e-13
2.4680808946889917e-13
3.2302874529755705e-13
3.957728442912784e-13
4.3959403158572305e-13
4.693411201618701e-13
4.953792863743677e-13
5.147020577076997e-13
5.416575299093109e-13
7.320140215487148e-13
1.076564488670417e-12
1.4193688907660291e-12
1.626408432163765e-12
1.7666661263700736e-12
1.888883359300686e-12
1.9788942761093004e-12
2.1031707930061224e-12
1.7549543051345275e-12
2.5359028672809942e-12
3.0252257205794987e-12
3.3590436081412556e-12
3.650364405552223e-12
3.864646415842448e-12
4.160630451392744e-12
4.203719839930374e-12
5.428050902468766e-12
6.264602244233406e-12
6.992509380837084e-12
7.528461127375787e-12
8.268507857799391e-12
7.638295577697875e-12
9.296037061826093e-12
1.0689972971026215e-11
1.171772472477002e-11
1.3137426165877493e-11
1.2200157391036786e-11
1.473584812931992e-11
1.654698937016964e-11
1.905550740031233e-11
1.9149316388135732e-11
2.2345978619920177e-11
2.6617475637323188e-11
2.744081841888331e-11
3.398207016165979e-11
4.695264870310976e-11