2.446942642781395e-9
4.075631431216493e-9
4.844665831881426e-9
5.270033493649183e-9
5.469087506838691e-9
5.600433236749971e-9
5.684560861896043e-9
5.7472063621195175e-9
5.8027427671927e-9
5.835702180355099e-9
8.75992900848773e-9
1.1849183680120019e-8
1.3712574145474823e-8
1.459074019722042e-8
1.516991177001526e-8
1.554126734131236e-8
1.581755131732327e-8
1.6062048411197346e-8
1.6205869732081763e-8
1.7722664644506898e-8
2.185240526859446e-8
2.3851115235419622e-8
2.517204371771852e-8
2.6019115363737348e-8
2.6649434496823498e-8
2.7207270898703102e-8
2.753420785877086e-8
2.877263998861815e-8
3.2454749771270646e-8
3.4885916714085996e-8
3.6445300837250394e-8
3.7606315583420436e-8
3.863393870153626e-8
3.9235257127180805e-8
3.7703413012966784e-8
4.128347817117877e-8
4.356541141192705e-8
4.5265966442133264e-8
4.6771658509994084e-8
4.765188255282133e-8
4.6039503221105806e-8
4.909357864565124e-8
5.135211545966938e-8
5.335565159083771e-8
5.452588153651434e-8
5.291558173756355e-8
5.568170260052249e-8
5.8104564797016806e-8
5.952820881511881e-8
5.912433246863919e-8
6.193917666589397e-8
6.356783251406149e-8
6.558542517908612e-8
6.750021595628796e-8
6.98507200924599e-8
2.016917066472403e-9
3.4123176535903648e-9
4.083685930680728e-9
4.457242372112826e-9
4.632260734786599e-9
4.747800440307464e-9
4.821821065142239e-9
4.876880036307051e-9
4.925759286918909e-9
4.9547653030775346e-9
7.565523902429137e-9
1.0407556315320754e-8
1.214350458661102e-8
1.2962758988147568e-8
1.3503236455667445e-8
1.3849815070867022e-8
1.4107552527186753e-8
1.433573997071305e-8
1.4469882535714938e-8
1.5983726076860433e-8
1.999561551272662e-8
2.194406198686814e-8
2.3232207012351873e-8
2.4058279822029662e-8
2.467287566788933e-8
2.5216919217072486e-8
2.553561119308763e-8
2.6912115684978045e-8
3.0631568103481705e-8
3.3087331081830047e-8
3.466256704937692e-8
3.583533547348121e-8
3.687350240475655e-8
3.7480767567797067e-8
3.6041280621965806e-8
3.974111952102386e-8
4.20980682020968e-8
4.3854638544648784e-8
4.541011724814171e-8
4.631916059956585e-8
4.4732958782351275e-8
4.793867922085243e-8
5.030785859301675e-8
5.2410128105527334e-8
5.363766347058873e-8
5.1999857440808056e-8
5.4931922398586256e-8
5.749795391080266e-8
5.900622419703615e-8
5.8627116538786795e-8
6.162914969755755e-8
6.336442176882673e-8
6.557841180689657e-8
6.763529245958999e-8
7.019242241358572e-8
1.6489993621215113e-9
2.8255500666011832e-9
3.4002707425244914e-9
3.7220026209739153e-9
3.872995524257931e-9
3.972666685011551e-9
4.0365490882629476e-9
4.084073806300925e-9
4.1262410694540215e-9
4.151300041152686e-9
6.417807215964776e-9
8.955086229433267e-9
1.0525002818800544e-8
1.1267173499131072e-8
1.1756847886009964e-8
1.207087691777586e-8
1.2304415466541837e-8
1.2511139406124526e-8
1.2632664407492953e-8
1.4085011305568238e-8
1.7867345977027684e-8
1.9711606912760836e-8
2.0931178298274726e-8
2.1713282852770498e-8
2.2295217108506947e-8
2.2810305295651346e-8
2.3111984336814582e-8
2.4590090440241387e-8
2.824960405844755e-8
3.066539599865006e-8
3.2215054473892036e-8
3.336890088262711e-8
3.439027773111292e-8
3.4987623048733456e-8
3.369353281290079e-8
3.742826316302702e-8
3.980577385421539e-8
4.157798496134288e-8
4.314732309120274e-8
4.4064308124362445e-8
4.255629661156149e-8
4.584974461730895e-8
4.8282055361278196e-8
5.0440823656529435e-8
5.1701108690640386e-8
5.0081175311092996e-8
5.3127638458372185e-8
5.579082134162008e-8
5.7357012267913556e-8
5.70227425745183e-8
6.016349053506203e-8
6.197698628645663e-8
6.436907704452112e-8
6.653892919135826e-8
6.927611166489754e-8
1.3225136066094352e-9
2.2993785203387375e-9
2.7828036244159293e-9
3.0550778866282754e-9
3.183097284937564e-9
3.26760404080289e-9
3.321746321689602e-9
3.3621153652200494e-9
3.397860702713238e-9
3.4191082817496694e-9
5.343732624269692e-9
7.547097825924702e-9
8.927046446122758e-9
9.580579955431477e-9
1.0011795851874829e-8
1.0288298759655495e-8
1.0494057662624851e-8
1.0676081745461336e-8
1.0783064495195406e-8
1.212006720337799e-8
1.5575327183591007e-8
1.726723891667524e-8
1.8386310181145847e-8
1.9103898682474994e-8
1.9638013873022014e-8
2.0110655706725096e-8
2.038741162913354e-8
2.1913747920507066e-8
2.541110289140112e-8
2.7719148730330815e-8
2.919968704088263e-8
3.030232894360718e-8
3.1278260086419775e-8
3.184892243340508e-8
3.074511265139635e-8
3.441750152086512e-8
3.675326297899167e-8
3.8494838173440825e-8
4.0036983718790724e-8
4.093791479794857e-8
3.9560407043467606e-8
4.2863670157187544e-8
4.5301242876735336e-8
4.7465179442365414e-8
4.872822619603101e-8
4.7176416800556334e-8
5.027113542977918e-8
5.297269574461839e-8
5.456251074601774e-8
5.429449993214663e-8
5.750943169877431e-8
5.9363334488563437e-8
6.190445911463266e-8
6.414697244850927e-8
6.702439000571609e-8
1.0552370168538667e-9
1.8556787272158433e-9
2.2568488355602387e-9
2.4840146060296353e-9
2.5909259994681194e-9
2.661530480828173e-9
2.706788280051422e-9
2.7405109956109e-9
2.770425607306197e-9
2.7881898155322065e-9
4.399302096074192e-9
6.271885593131918e-9
7.456065843588807e-9
8.017638217964353e-9
8.388217354348759e-9
8.62586909497203e-9
8.802682448894265e-9
8.95917113815544e-9
9.051088727112535e-9
1.0235119011938013e-8
1.3295330739742178e-8
1.4799764295316291e-8
1.579504970422458e-8
1.6433273118362118e-8
1.690830935611481e-8
1.7328755376303893e-8
1.7574855101609464e-8
1.908266845399388e-8
2.2321939538243192e-8
2.4458678295714218e-8
2.5829420030717128e-8
2.685033670205832e-8
2.7754031290372362e-8
2.8282325514417994e-8
2.739631635721913e-8
3.090423318940474e-8
3.313310666628109e-8
3.479526349141982e-8
3.6267253995022985e-8
3.712700950618859e-8
3.592538043183575e-8
3.915085701460801e-8
4.152835318253809e-8
4.3639790904524526e-8
4.4871908181484145e-8
4.343939378551384e-8
4.650421678073466e-8
4.917530687069627e-8
5.074848215071193e-8
5.0566120032795345e-8
5.377713159935657e-8
5.5625777174400255e-8
5.82739620219175e-8
6.053831856248972e-8
6.350242354339499e-8
8.298924880228781e-10
1.4735701064110494e-9
1.800818269852098e-9
1.9870042719449465e-9
2.074737515930941e-9
2.132681664772034e-9
2.1698598505952062e-9
2.197566381774324e-9
2.222149994443583e-9
2.236727983834639e-9
3.5709827218025446e-9
5.13807898179735e-9
6.135396163057502e-9
6.608787730754547e-9
6.921209174247309e-9
7.1216093274159604e-9
7.270690952583288e-9
7.4026323447800664e-9
7.480083165020682e-9
8.49785855165574e-9
1.1133692775535765e-8
1.2433724681594231e-8
1.3293935582300018e-8
1.384557226432138e-8
1.4256157707972348e-8
1.4619559086740567e-8
1.4832198190711346e-8
1.625119268177519e-8
1.9155738760751162e-8
2.107039555205163e-8
2.2298789104392872e-8
2.3213718915050588e-8
2.402359979183877e-8
2.449695693248528e-8
2.383163483832857e-8
2.7078724107983322e-8
2.9139380891361655e-8
3.067636503585645e-8
3.20375781148692e-8
3.283248111629918e-8
3.1837255940662634e-8
3.4894496381197014e-8
3.7144852265138463e-8
3.91442040075279e-8
4.0310668848341967e-8
3.904284933625067e-8
4.199296728474259e-8
4.4558771959512655e-8
4.607155750319375e-8
4.5990051672168855e-8
4.910908669726563e-8
5.090124530261871e-8
5.360156037346109e-8
5.582846364825946e-8
5.881275993892682e-8
6.502279443248416e-10
1.1583020045884683e-9
1.4204391412285874e-9
1.5702483860104476e-9
1.6408728422821272e-9
1.6875897165457096e-9
1.7175687196004434e-9
1.739916056857293e-9
1.7597387302922798e-9
1.7715121839622789e-9
2.8608190966869545e-9
4.157569644866534e-9
4.986316710820141e-9
5.379832365626418e-9
5.639659657946262e-9
5.806305009199491e-9
5.930274593024944e-9
6.039972989028212e-9
6.104368308498846e-9
6.965975081963531e-9
9.188972728125122e-9
1.0287552717676996e-8
1.1014636538845859e-8
1.1480865766154685e-8
1.1827883984184267e-8
1.2135009839401052e-8
1.2314707768910356e-8
1.3586897371784831e-8
1.611225539038211e-8
1.777556376294262e-8
1.8842749852740114e-8
1.9637632024864955e-8
2.0341236747939697e-8
2.0752452674066055e-8
2.0282129978087546e-8
2.319154973656983e-8
2.5035274829264727e-8
2.6410714002292093e-8
2.7628913166707692e-8
2.834022910823589e-8
2.755896445722214e-8
3.036526682499717e-8
3.242743425394364e-8
3.426046267848125e-8
3.532973030189631e-8
3.425802466922479e-8
3.701024360565699e-8
3.9397836026069524e-8
4.080751300690015e-8
4.0833139322782776e-8
4.3770241464341643e-8
4.5453821953660985e-8
4.8140168422558274e-8
5.026631010630792e-8
5.319488935446056e-8
5.108423063470995e-10
9.073467964972923e-10
1.1142186281504072e-9
1.2330060823928097e-9
1.289081957546738e-9
1.3261846299685266e-9
1.3500023290968645e-9
1.3677705038920234e-9
1.3835636143733919e-9
1.392921479833122e-9
2.262970631700588e-9
3.321559411704466e-9
4.001947754901943e-9
4.325228405915922e-9
4.5386741697539115e-9
4.67557221320826e-9
4.777411227904012e-9
4.867585643273018e-9
4.920464857410814e-9
5.646616687554239e-9
7.497760759455736e-9
8.413446629040165e-9
9.019446665540567e-9
9.40803755974182e-9
9.69725933892967e-9
9.953307510140841e-9
1.0103049322176645e-8
1.1199281114352456e-8
1.3340525602163423e-8
1.4749334696183036e-8
1.5653316755508717e-8
1.632663399714458e-8
1.6922711385098576e-8
1.7271004714911617e-8
1.694733487950388e-8
1.9474697012324402e-8
2.1073895275684647e-8
2.2267120805462594e-8
2.3324075372873404e-8
2.3941125128885148e-8
2.3354147669195322e-8
2.584715552489011e-8
2.767550140732023e-8
2.930165881254387e-8
3.0250062188001315e-8
2.9384346949983553e-8
3.1868340930817086e-8
3.401674679555659e-8
3.52873061856545e-8
3.541350076164263e-8
3.8088032744724927e-8
3.9616523239121504e-8
4.221579764758563e-8
4.4180646898561465e-8
4.6974113517870737e-8
4.030213316745147e-10
7.116794593224564e-10
8.737430602407042e-10
9.67301895977189e-10
1.011506472991237e-9
1.040763867880125e-9
1.0595709205749932e-9
1.073603929368758e-9
1.0860727269958282e-9
1.0934748803559922e-9
1.772270765481598e-9
2.6192659105618992e-9
3.1690811346095283e-9
3.4305664022142163e-9
3.6032046053473086e-9
3.7139750260951413e-9
3.796373730342038e-9
3.869304935804798e-9
3.9120889374940945e-9
4.518568905958795e-9
6.047331326457747e-9
6.804177931617563e-9
7.305038375374791e-9
7.626268778072745e-9
7.865356683648746e-9
8.076974820521895e-9
8.20074847719423e-9
9.127911356804708e-9
1.0914954154416274e-8
1.208966245329758e-8
1.2843539325170388e-8
1.3405062910489248e-8
1.3902110990735609e-8
1.4192558292019519e-8
1.3960768604297542e-8
1.6101668238333946e-8
1.745447825346326e-8
1.8464038123976736e-8
1.9358276229855578e-8
1.9880334723238924e-8
1.944552244242076e-8
2.1594379028913982e-8
2.3167053029889985e-8
2.4566534199422427e-8
2.5382689942895633e-8
2.470751103529894e-8
2.6877829298525446e-8
2.8748328134498955e-8
2.9856761198167494e-8
3.006207894782121e-8
3.241556737586389e-8
3.375586781243855e-8
3.6194262059327925e-8
3.794907889733851e-8
4.053349261769124e-8
3.194166229927528e-10
5.596317870401033e-10
6.859664634980341e-10
7.592633874205922e-10
7.939152372742055e-10
8.168764357650468e-10
8.3163794293027e-10
8.426564803029796e-10
8.524663503990905e-10
8.582853961442389e-10
1.3819922037842437e-9
2.0449464489342367e-9
2.4800433283905776e-9
2.687241870089615e-9
2.824101247556357e-9
2.9118948675598697e-9
2.9772146122524144e-9
3.0350465714511097e-9
3.068958419831164e-9
3.5617208793545573e-9
4.807033163818402e-9
5.425028658425885e-9
5.8341378298332684e-9
6.096482339946599e-9
6.291774212395536e-9
6.464642834243562e-9
6.5657283943150624e-9
7.353490379180873e-9
8.833919452953878e-9
9.806818694655899e-9
1.043113781364768e-8
1.08962109175288e-8
1.1307897179950601e-8
1.154843636587613e-8
1.137076020965459e-8
1.3156407716951485e-8
1.4283525897899352e-8
1.5124808999168922e-8
1.5870027478978776e-8
1.6305055279167164e-8
1.597329046716294e-8
1.77830633140581e-8
1.910514223233629e-8
2.02822281896347e-8
2.096863203877987e-8
2.0447053461370043e-8
2.2291482873300086e-8
2.3875466909248384e-8
2.4816018262277867e-8
2.5065669633634333e-8
2.7073710569568626e-8
2.821272515210915e-8
3.042556821605206e-8
3.194233464695993e-8
3.4259496886149864e-8
2.546796662099907e-10
4.419119612110571e-10
5.400448850750858e-10
5.971409590674611e-10
6.241578973739353e-10
6.420684075848556e-10
6.53587470601356e-10
6.621913328642701e-10
6.698543311118003e-10
6.744024463751499e-10
1.0789342079101475e-9
1.5913558526866995e-9
1.9293846341083666e-9
2.0905702264998904e-9
2.1970525016936783e-9
2.2653634319188153e-9
2.316186168435144e-9
2.3611872012774975e-9
2.3875723169798307e-9
2.7726122772356404e-9
3.761596285830445e-9
4.254478460939441e-9
4.580848148290073e-9
4.790127084719412e-9
4.945917626693645e-9
5.083836756532968e-9
5.164474542574322e-9
5.836303183865165e-9
7.0526595042698056e-9
7.852124546127138e-9
8.365131070236375e-9
8.747297614915576e-9
9.085622931940066e-9
9.283282778871137e-9
9.153357526430888e-9
1.0632340983021109e-8
1.156545479756117e-8
1.2261982046649274e-8
1.28790158329611e-8
1.3239197972180136e-8
1.2975595778399396e-8
1.4480481899881539e-8
1.5578502336209516e-8
1.655645851753914e-8
1.7126724792581742e-8
1.671509505055581e-8
1.8254364924524765e-8
1.9572434509901768e-8
2.0356400968323194e-8
2.061098387423958e-8
2.2286970843502262e-8
2.3233929105252352e-8
2.517592825936115e-8
2.6453013497470586e-8
2.8469864033895247e-8
2.043847843466744e-10
3.5140502881006814e-10
4.279563845594884e-10
4.724758207216795e-10
4.935523341437052e-10
5.075279897952126e-10
5.165206374484837e-10
5.232380494536977e-10
5.292268608897326e-10
5.327837238057445e-10
8.457359412160337e-10
1.241686197534644e-9
1.5025990960924413e-9
1.6270493917272992e-9
1.7092593047152704e-9
1.762000916145599e-9
1.8012429258648721e-9
1.8359936458244488e-9
1.856373267842834e-9
2.1505831255280655e-9
2.915086518466934e-9
3.2972028257293576e-9
3.5502298585901813e-9
3.7124742898085627e-9
3.833263138916111e-9
3.9401943822461745e-9
4.002722508391944e-9
4.5564351883855e-9
5.533891147911794e-9
6.176216078097459e-9
6.588405806626727e-9
6.8954897447210885e-9
7.16734317377737e-9
7.326176253565671e-9
7.256591785710402e-9
8.471258035450885e-9
9.237457258835284e-9
9.809430266252993e-9
1.0316129617390471e-8
1.061190972413004e-8
1.04095206535965e-8
1.1653914761735175e-8
1.256151744087943e-8
1.3369977518399474e-8
1.3841411072288952e-8
1.3509079919855792e-8
1.4784133560486614e-8
1.5874226039061586e-8
1.65231728604656e-8
1.6752893764009375e-8
1.813887558274069e-8
1.891970460528268e-8
2.0573963874467422e-8
2.163378622023606e-8
2.3346692610180186e-8
1.6470991364289554e-10
2.8109499199858433e-10
3.411609692167206e-10
3.7601047403859953e-10
3.92507046382148e-10
4.0345125735032255e-10
4.1049625820817807e-10
4.1576001496128865e-10
4.204544567694458e-10
4.2324463992654933e-10
6.659692814319086e-10
9.72300099055445e-10
1.1739012992496895e-9
1.2700151939846241e-9
1.33351027494835e-9
1.3742483933206729e-9
1.4045582341801532e-9
1.4314004314356932e-9
1.447142882105443e-9
1.673844455985175e-9
2.2603627623841646e-9
2.5531130173260687e-9
2.7469347419045575e-9
2.8712302998204724e-9
2.9637562496956353e-9
3.0456699378552965e-9
3.0935672847807205e-9
3.521464618845487e-9
4.28017354245617e-9
4.778080132792037e-9
5.0976641878934954e-9
5.335738323439718e-9
5.546499905211646e-9
5.669634902304073e-9
5.655244940154885e-9
6.629866272970624e-9
7.244151927052324e-9
7.70274713091823e-9
8.109026788098033e-9
8.34616715755448e-9
8.215082033887102e-9
9.232987572919478e-9
9.975159468052329e-9
1.063633971431251e-8
1.102184757450818e-8
1.0762794723537003e-8
1.181354814774084e-8
1.2711519685743528e-8
1.3246158928290433e-8
1.3443488171536464e-8
1.458806716659117e-8
1.523203809642366e-8
1.6612731744282883e-8
1.748936269825984e-8
1.8919952190419824e-8
1.3302916358824308e-10
2.2607510243535517e-10
2.736062734010074e-10
3.0112046736816086e-10
3.1414085604505326e-10
3.2278343172872603e-10
3.283501001716885e-10
3.325110568427885e-10
3.3622252820461674e-10
3.384307045513854e-10
5.280147753998694e-10
7.651200499448525e-10
9.209925073441881e-10
9.953024691691985e-10
1.0443944631271162e-9
1.0758910540946367e-9
1.099330792076651e-9
1.1200860869813956e-9
1.1322646507894806e-9
1.3063256183898995e-9
1.7593936777300538e-9
1.985283971092092e-9
2.134831232616362e-9
2.2307249946333625e-9
2.302119766755479e-9
2.3653225798607844e-9
2.402287261839858e-9
2.725587157409048e-9
3.3032270242976797e-9
3.681586844774025e-9
3.924438556211036e-9
4.105373556084564e-9
4.2655407033698014e-9
4.359128941532264e-9
4.36104711162417e-9
5.1154438692916145e-9
5.5898973324685665e-9
5.944209907270018e-9
6.2581142339551385e-9
6.441338500937242e-9
6.374343641850751e-9
7.183261057387444e-9
7.772151480244237e-9
8.296997423828867e-9
8.602985843602199e-9
8.424217041640839e-9
9.273831215644854e-9
9.999135665070716e-9
1.0431219411553117e-8
1.0610183280724377e-8
1.1545041908717807e-8
1.2070767395795128e-8
1.3214307560990614e-8
1.393577838498598e-8
1.511836928923369e-8
1.0730390203051497e-10
1.8232582271783763e-10
2.2025319892170504e-10
2.421287214526724e-10
2.5247562976171125e-10
2.5934304009907044e-10
2.6376917535178343e-10
2.670791609617616e-10
2.70033001261969e-10
2.717923366600737e-10
4.216104610324368e-10
6.064884477835661e-10
7.27446872048502e-10
7.851073792823677e-10
8.231972316191871e-10
8.476385735825188e-10
8.658265179069466e-10
8.819333722935994e-10
8.91387410559586e-10
1.0234612490339518e-9
1.3717687806484365e-9
1.5457130423065883e-9
1.660868888642111e-9
1.7347171121955652e-9
1.7896959328384847e-9
1.838366009394548e-9
1.8668347664272e-9
2.1176902160858865e-9
2.56273622590641e-9
2.8542286722782023e-9
3.04132650422099e-9
3.180716847954992e-9
3.3041101274052044e-9
3.376215063273754e-9
3.3674614972883116e-9
3.940423438924537e-9
4.300134921236171e-9
4.568806016719349e-9
4.80684328711617e-9
4.9457932040981625e-9
4.9038979072663285e-9
5.5231792602516515e-9
5.972508145872653e-9
6.373305480167583e-9
6.606973002038804e-9
6.497386184474505e-9
7.158048137229295e-9
7.71967060525042e-9
8.055105822330645e-9
8.230104615837963e-9
8.965434751089885e-9
9.378033827230877e-9
1.0323843255295633e-8
1.0901863122059787e-8
1.1868442027214208e-8
8.613943954643265e-11
1.4699836370208513e-10
1.775135808335118e-10
1.950334963629818e-10
2.0331396493842452e-10
2.0880552926904897e-10
2.1234403408417494e-10
2.1499111650512552e-10
2.1735438276660203e-10
2.1876421791954525e-10
3.385133016207821e-10
4.840951944245367e-10
5.787316747984252e-10
6.238007745067282e-10
6.535687942769244e-10
6.726685810216413e-10
6.868827765268171e-10
6.994714255196917e-10
7.068638826549108e-10
8.08349028280915e-10
1.0761040934352154e-9
1.2095249619910257e-9
1.2978455034143768e-9
1.3544813732339422e-9
1.3966447830297844e-9
1.4339732271927857e-9
1.455811894189894e-9
1.6457997117669043e-9
1.9879182300084415e-9
2.212218926731567e-9
2.3561836064403583e-9
2.4634338139011883e-9
2.55838233301272e-9
2.6138683992129402e-9
2.6092248962127462e-9
3.0500391675445286e-9
3.3269708776282196e-9
3.533792433610215e-9
3.7170344790894665e-9
3.8240054649989e-9
3.7822559038871674e-9
4.251848274930191e-9
4.591883041060474e-9
4.895359547310787e-9
5.072308667138892e-9
4.993428105990419e-9
5.491229318751914e-9
5.911760672943376e-9
6.163886401178059e-9
6.323360060583599e-9
6.874774989459021e-9
7.182147819546462e-9
7.951479340122313e-9
8.392383767574675e-9
9.165908651712437e-9
6.857560096838243e-11
1.1805244539394384e-10
1.4273472695820404e-10
1.5685065648961254e-10
1.6352008359454886e-10
1.6794173190691295e-10
1.7078895377267217e-10
1.7291782574383556e-10
1.7481744087986555e-10
1.7595240701706678e-10
2.7263400447385587e-10
3.884728140258832e-10
4.633006173566703e-10
4.989157129024207e-10
5.224359473663649e-10
5.375264827410521e-10
5.487569715698393e-10
5.587021386999996e-10
5.645449318838792e-10
6.430091143886325e-10
8.512292768869024e-10
9.54835276749353e-10
1.023407000036716e-9
1.0673791048623269e-9
1.1001163731398331e-9
1.1290968921891903e-9
1.1460556247893054e-9
1.2879768816164525e-9
1.5477392402362295e-9
1.7178351388845037e-9
1.8270138295717518e-9
1.9083562972977745e-9
1.980360960378901e-9
2.02244554345852e-9
2.020625531560457e-9
2.357996281423725e-9
2.570025715707349e-9
2.7283696553038056e-9
2.8686606486923355e-9
2.9505603927265627e-9
2.9223359952364476e-9
3.2842359121517176e-9
3.546771222356893e-9
3.780981899890667e-9
3.91754324582051e-9
3.8492824436263824e-9
4.22954645735882e-9
4.550570059208805e-9
4.743049899972124e-9
4.861297986136648e-9
5.275299176556152e-9
5.504418355124567e-9
6.100853503773314e-9
6.4290231225235804e-9
7.029590666578555e-9
5.396664927766134e-11
9.409745133870643e-11
1.1409564432045607e-10
1.2549418743362678e-10
1.3087620803687196e-10
1.344426676616872e-10
1.3673971657805186e-10
1.384569357755948e-10
1.3998722766240288e-10
1.409016625687688e-10
2.1951237580714948e-10
3.125703084658954e-10
3.723034298545505e-10
4.007092118924012e-10
4.194654440143354e-10
4.314997526301702e-10
4.404557623969123e-10
4.4838543836428807e-10
4.530452479465801e-10
5.145930168270735e-10
6.77816310721136e-10
7.588670126929445e-10
8.125041536005527e-10
8.46901124953103e-10
8.725071543904251e-10
8.951747967472223e-10
9.084412298612161e-10
1.0159615793100707e-9
1.2165258568430603e-9
1.3479256096821114e-9
1.4322639416897256e-9
1.4950927596289052e-9
1.5507107992082878e-9
1.5832198946438087e-9
1.575598342419451e-9
1.8305552095634783e-9
1.990622124248946e-9
2.110175739515019e-9
2.216093453843099e-9
2.2779329065851343e-9
2.2570716710721623e-9
2.5313019627994106e-9
2.7301467459642118e-9
2.9075345001617634e-9
3.0109682022399383e-9
2.9640439227119287e-9
3.256444553702881e-9
3.5041551944541954e-9
3.6523730033802045e-9
3.73764493507864e-9
4.059847198663686e-9
4.238776210901849e-9
4.683525247284052e-9
4.937086635334248e-9
5.392384795849882e-9
4.186928913132648e-11
7.419716807215399e-11
9.035868656182155e-11
9.955100482940635e-11
1.0389053991894949e-10
1.0676372849823474e-10
1.0861326118384538e-10
1.0999656829185016e-10
1.1122904895205544e-10
1.1196532756669866e-10
1.7604060601794715e-10
2.5130926741500226e-10
2.9939035362020144e-10
3.2224101697161253e-10
3.373265491628739e-10
3.470051890862637e-10
3.5420855882492274e-10
3.605858835071125e-10
3.643338227625393e-10
4.132816079666899e-10
5.427608581680625e-10
6.069374811503545e-10
6.494022800697656e-10
6.766346842637056e-10
6.969070973237365e-10
7.148522873602119e-10
7.253558391823525e-10
8.068427774281838e-10
9.621093907892937e-10
1.0638658219688495e-9
1.1291784255985565e-9
1.177830716479709e-9
1.2209002776130887e-9
1.246075942795251e-9
1.238019858548804e-9
1.4339908238663694e-9
1.557174714941561e-9
1.6491557073500304e-9
1.7306512173440993e-9
1.7782323775502815e-9
1.7572557678059392e-9
1.964279356163395e-9
2.1141843971712383e-9
2.247980625323701e-9
2.326001539052375e-9
2.289354937930945e-9
2.5071894872809737e-9
2.691005943119279e-9
2.8013025570954687e-9
2.872668495812675e-9
3.1132114043914682e-9
3.2470942977769723e-9
3.5885720024887635e-9
3.781735801192523e-9
4.126226239505418e-9
3.19577097298607e-11
5.771366589772268e-11
7.068506660819167e-11
7.805779012676471e-11
8.153779578906229e-11
8.384082435929906e-11
8.532279964218105e-11
8.643041496452806e-11
8.741649529844364e-11
8.800591528229627e-11
1.401024788310246e-10
2.0115227237365518e-10
2.400384084702202e-10
2.5850974557765617e-10
2.7070270476406975e-10
2.7852527818795285e-10
2.843469512109693e-10
2.8950038860389647e-10
2.925291254072396e-10
3.319753275547418e-10
4.3567030482259894e-10
4.86975436254198e-10
5.209206688703065e-10
5.426895534576096e-10
5.588945155009611e-10
5.732382863898961e-10
5.816341478286008e-10
6.442952960401268e-10
7.661931849861481e-10
8.461418371074119e-10
8.97452058815398e-10
9.356739088787703e-10
9.69508112024206e-10
9.892860179183374e-10
9.793868033593133e-10
1.130179387446503e-9
1.225000473845266e-9
1.2958044434519456e-9
1.3585309312623778e-9
1.3951567421445916e-9
1.376985965329733e-9
1.5355893664423718e-9
1.6507083414770034e-9
1.7533776454307927e-9
1.8132510083843408e-9
1.7821187580700442e-9
1.948528560114832e-9
2.089163100248787e-9
2.1734180859367024e-9
2.2225758710339555e-9
2.402666785604927e-9
2.5021368366646065e-9
2.7605459317749255e-9
2.901963098175868e-9
3.163070368614969e-9
2.3963993732373964e-11
4.4186538798904286e-11
5.448545156528347e-11
6.034420427108039e-11
6.31098816746254e-11
6.493918275464945e-11
6.611590050315637e-11
6.699567894046826e-11
6.777826041326802e-11
6.824559046712179e-11
1.102814079922813e-10
1.5970395294735337e-10
1.91167558604698e-10
2.0610935869205694e-10
2.1597162008171131e-10
2.2229876893942733e-10
2.2700758876128524e-10
2.311754190286442e-10
2.336243160643656e-10
2.6571431702653227e-10
3.4933420353166796e-10
3.9065624343742035e-10
4.1799498726090345e-10
4.355273322121371e-10
4.485784072676039e-10
4.6012995459330393e-10
4.66890962926953e-10
5.15852458628333e-10
6.124937368536174e-10
6.759081048720596e-10
7.166058515240108e-10
7.469217929558147e-10
7.737567735011061e-10
7.894429834971784e-10
7.79105758375044e-10
8.96764329646712e-10
9.708494097888465e-10
1.026158734759267e-9
1.075155648802363e-9
1.103765086088888e-9
1.0867241173074356e-9
1.2085203162688042e-9
1.2969263084557986e-9
1.3757728891086024e-9
1.4217566977251237e-9
1.3956893930051558e-9
1.5219713578574427e-9
1.6288924400313268e-9
1.6929236793319934e-9
1.728853598052636e-9
1.867089393860602e-9
1.944114527721818e-9
2.134139910291607e-9
2.243609826276766e-9
2.43814500632227e-9
1.7642036080872204e-11
3.32468048039962e-11
4.130906606277376e-11
4.5906629729753243e-11
4.8077596038270667e-11
4.9513034526900924e-11
5.043626738459025e-11
5.112625332440134e-11
5.173961582384439e-11
5.210577778261018e-11
8.561424496631787e-11
1.253591439004523e-10
1.5071031100365965e-10
1.6274960949150057e-10
1.7069588919204765e-10
1.7579386844565723e-10
1.7958765812305025e-10
1.8294531452450576e-10
1.849175806196691e-10
2.111348880010832e-10
2.787498867914071e-10
3.121436635863494e-10
3.342372956441903e-10
3.484061285926602e-10
3.5895311134398495e-10
3.68288017200507e-10
3.737509079721798e-10
4.126322916138931e-10
4.899410902249873e-10
5.407072690620108e-10
5.732862850326636e-10
5.975539270779335e-10
6.190348212701575e-10
6.315906298766733e-10
6.216058240709674e-10
7.143314962367467e-10
7.72768851266134e-10
8.163916683160406e-10
8.550341833725096e-10
8.775976946483659e-10
8.619181672005275e-10
9.565751883946375e-10
1.0254134457780699e-9
1.086775258473193e-9
1.122563077263002e-9
1.1002030758330055e-9
1.1978828198346672e-9
1.2808127658364776e-9
1.3303748054410616e-9
1.3547138376774178e-9
1.4603208011813707e-9
1.518955439314404e-9
1.661611975807565e-9
1.7432539671348367e-9
1.888971305067372e-9
1.2751678329321254e-11
2.4564333663368896e-11
3.0771475353377463e-11
3.432514941951873e-11
3.600405032736909e-11
3.711395356343205e-11
3.78276947980645e-11
3.836108867914905e-11
3.8835103954039424e-11
3.9117790844215965e-11
6.540558094188145e-11
9.701883672994064e-11
1.1726875571257328e-10
1.2688833130518902e-10
1.3323773847136874e-10
1.3731128029557808e-10
1.40342552808216e-10
1.4302525185524776e-10
1.4460036622353177e-10
1.6598400068230816e-10
2.2054504721677898e-10
2.4749531277262335e-10
2.653269846067235e-10
2.767626937859091e-10
2.8527504340821305e-10
2.928090546627079e-10
2.972171710232916e-10
3.285360202462819e-10
3.9071940228923763e-10
4.3158070836205095e-10
4.5780225938296167e-10
4.773340324862028e-10
4.946228724444848e-10
5.047274096426107e-10
4.95676497944487e-10
5.694203936350157e-10
6.159434219197518e-10
6.506680993252086e-10
6.814272746467158e-10
6.993871079073355e-10
6.853729841105462e-10
7.597797041536982e-10
8.139812878653334e-10
8.622735859113472e-10
8.904395399066895e-10
8.710495011386175e-10
9.470145308471342e-10
1.011626287623826e-9
1.0502016762380092e-9
1.0668896694130682e-9
1.1485532448445604e-9
1.1941770013403155e-9
1.3003868906605642e-9
1.363624658658886e-9
1.4729596352481575e-9
9.055802583290466e-12
1.782023074567675e-11
2.2512473351681987e-11
2.5213258200865906e-11
2.6490178002041204e-11
2.7334349973323423e-11
2.7877205758046583e-11
2.828288596610282e-11
2.8643247483063488e-11
2.8857953654453577e-11
4.9095852473195274e-11
7.38757002387519e-11
8.984860140850036e-11
9.744075128213986e-11
1.0245238247734106e-10
1.05667740484121e-10
1.080602761156151e-10
1.1017762512238792e-10
1.1142022267572897e-10
1.287310738616682e-10
1.724603282480447e-10
1.9407832974923634e-10
2.0838344840052732e-10
2.1755758872753546e-10
2.243864499029115e-10
2.3043044280781175e-10
2.33965967661976e-10
2.5943621668680106e-10
3.095016083192622e-10
3.424179729760459e-10
3.6354051939473334e-10
3.7927413363349855e-10
3.93201017155844e-10
4.013397176439429e-10
3.936154215047894e-10
4.526194064623515e-10
4.898773916397033e-10
5.176838406439945e-10
5.423141763076866e-10
5.566947131804597e-10
5.445259529908922e-10
6.035116971596252e-10
6.465426957683864e-10
6.848672624459387e-10
7.072195882269192e-10
6.905521858080202e-10
7.502891030731926e-10
8.012620769764613e-10
8.316404143440787e-10
8.427399528636149e-10
9.069245617377021e-10
9.42928091310405e-10
1.0225724006570615e-9
1.0717649431138332e-9
1.1545655239132426e-9
6.32670128707131e-12
1.2700602910625054e-11
1.6180665238384058e-11
1.8196969554574696e-11
1.9151235829778065e-11
1.978223221464587e-11
2.018805289496871e-11
2.0491322888382035e-11
2.076065522836159e-11
2.0920986961921085e-11
3.6181269030187466e-11
5.526806477942511e-11
6.767020508263447e-11
7.357000732726114e-11
7.74650021181194e-11
7.996403475941808e-11
8.182346031221776e-11
8.346901363055658e-11
8.443428654385714e-11
9.827104775029857e-11
1.3293260953808135e-10
1.5009325832858571e-10
1.6145045994597123e-10
1.6873405692884657e-10
1.7415569965728028e-10
1.7895424925571899e-10
1.8176059904541048e-10
2.025464525607933e-10
2.4270289795124546e-10
2.6911459228438095e-10
2.8606282241140064e-10
2.986872401171011e-10
3.0986205225444817e-10
3.163917074356944e-10
3.101775024950151e-10
3.57471452846317e-10
3.8735476316125617e-10
4.0965596615349786e-10
4.2940958255502635e-10
4.4094207126179743e-10
4.307217614040014e-10
4.777431104942836e-10
5.120904250357089e-10
5.426706425249071e-10
5.605057222618922e-10
5.463897793365919e-10
5.937513195912553e-10
6.342849545473821e-10
6.58399956978432e-10
6.657522014697062e-10
7.165775888538094e-10
7.451778462560636e-10
8.054642619810894e-10
8.439864234868168e-10
9.070450266377635e-10
4.3555191261283906e-12
8.902983246931232e-12
1.1435352661994278e-11
1.2913755456779401e-11
1.3614348549823507e-11
1.4077789127823814e-11
1.4375921442941318e-11
1.4598732081778373e-11
1.4796600325494297e-11
1.4914299377052618e-11
2.617535536254712e-11
4.0594065926878e-11
5.005080144975443e-11
5.4554202356586024e-11
5.75277723504158e-11
5.943569131540603e-11
6.085524431807458e-11
6.211153863153958e-11
6.284816069939211e-11
7.372158172567393e-11
1.0079510483207829e-10
1.1422628144760999e-10
1.2311671966985084e-10
1.2881830579668298e-10
1.3306244392509083e-10
1.3681886914302859e-10
1.3901528656493433e-10
1.5592788093873762e-10
1.8787074733704567e-10
2.0888448575337158e-10
2.2236884250914067e-10
2.3241333285901364e-10
2.41304553418687e-10
2.4649928692934304e-10
2.417995398408303e-10
2.796007750988602e-10
3.0349493808888076e-10
3.213262397830242e-10
3.371205330589127e-10
3.4634084980048386e-10
3.3806265666134553e-10
3.755993926478515e-10
4.030465454124353e-10
4.2747703230361215e-10
4.417248627069919e-10
4.300147367294058e-10
4.677158532907607e-10
5.000625554157131e-10
5.192790145065504e-10
5.242046518029368e-10
5.646731596264963e-10
5.87515187924293e-10
6.335655260234271e-10
6.639867350891528e-10
7.124391988749134e-10
2.960184184845757e-12
6.147795789935547e-12
7.957125669746043e-12
9.022223639512543e-12
9.527743792579257e-12
9.862336888234254e-12
1.0077663836053127e-11
1.0238617885474676e-11
1.038157189297044e-11
1.0466552109738123e-11
1.8600812537131914e-11
2.927304512973373e-11
3.6344212854530476e-11
3.971574603638731e-11
4.1942346436855016e-11
4.337104825792326e-11
4.443403398500585e-11
4.537479343518246e-11
4.592619810840005e-11
5.430041183672249e-11
7.508077352504223e-11
8.541547040954823e-11
9.225747599114785e-11
9.664531854610566e-11
9.991164975831507e-11
1.0280268346729996e-10
1.0449278470549896e-10
1.1812975071483995e-10
1.4323058786502106e-10
1.5974350371504878e-10
1.7033981205380833e-10
1.7823328295404834e-10
1.8522053571347315e-10
1.8930247177495527e-10
1.8598860803356807e-10
2.1598530508781124e-10
2.349477851057729e-10
2.49099059793702e-10
2.6163382603235163e-10
2.689507928859132e-10
2.6250303947111284e-10
2.9237735195541993e-10
3.142360770320817e-10
3.3368926443017357e-10
3.450337253479769e-10
3.355564134478336e-10
3.6556366543592187e-10
3.9135642130216784e-10
4.066628337579638e-10
4.1006840476216773e-10
4.423315734396524e-10
4.6059377066184075e-10
4.960894595776423e-10
5.202196581406669e-10
5.577262865326987e-10
1.989889011138338e-12
4.1893110035879406e-12
5.460158547191659e-12
6.214777799249157e-12
6.573580497356906e-12
6.811244535168724e-12
6.964273911348746e-12
7.0786959580597965e-12
7.18035258255096e-12
7.240755789670985e-12
1.299899140387337e-11
2.0738315853999127e-11
2.5920406300815656e-11
2.8394580608739967e-11
3.0028866809288525e-11
3.107755324458513e-11
3.185780599242535e-11
3.254836628096565e-11
3.295299739607226e-11
3.926137558498362e-11
5.4905121401558365e-11
6.270693891875948e-11
6.787298575956572e-11
7.118596520238656e-11
7.365227965644725e-11
7.583526126896502e-11
7.711123614638695e-11
8.795123098121462e-11
1.073735462528857e-10
1.2014842550915496e-10
1.283462179355157e-10
1.344532420485476e-10
1.3985920332909622e-10
1.430170995906204e-10
1.408754257313454e-10
1.6441625770977054e-10
1.792946017210111e-10
1.9039862020190878e-10
2.0023439623513136e-10
2.0597548271316608e-10
2.0116379209621012e-10
2.2476867091779456e-10
2.42044673962508e-10
2.574187015669008e-10
2.663837595159338e-10
2.5892330535601974e-10
2.826996552693777e-10
3.0316085182647526e-10
3.152947872460309e-10
3.1778329819474674e-10
3.434226647642744e-10
3.579672805792575e-10
3.855193491183006e-10
4.0466045278063067e-10
4.3384787208612777e-10
1.3253943738650288e-12
2.822253538038502e-12
3.701131340643159e-12
4.227531656286868e-12
4.478317454288259e-12
4.644589024789091e-12
4.75172359684357e-12
4.831865742420567e-12
4.9031015953382444e-12
4.945419769214672e-12
8.94764981271054e-12
1.4450927518732776e-11
1.817405608808196e-11
1.9954152091076992e-11
2.1130205156340365e-11
2.1884886711304586e-11
2.244640775132713e-11
2.294340195979884e-11
2.3234542472919353e-11
2.7879495931745936e-11
3.9418469432599084e-11
4.519016077788424e-11
4.901257939849924e-11
5.1463843561852865e-11
5.328876125626689e-11
5.490406725623882e-11
5.5848110548288676e-11
6.430795488777112e-11
7.907073350473834e-11
8.877712997040292e-11
9.500605408858788e-11
9.964657437562716e-11
1.0375442531550414e-10
1.0615387640233115e-10
1.0493065294716056e-10
1.2314269599135736e-10
1.3464760374820085e-10
1.4323472862075298e-10
1.5084128062749064e-10
1.552809002321376e-10
1.5185667478649006e-10
1.7030499634384666e-10
1.8380526242154303e-10
1.9581991844591455e-10
2.028255296062318e-10
1.9713086838338222e-10
2.1581184575838535e-10
2.3189632340909998e-10
2.414317851181597e-10
2.433761860682807e-10
2.6360553561133863e-10
2.750977108507071e-10
2.9657302022716536e-10
3.116871967715524e-10
3.3444199532939317e-10
8.76142233956017e-13
1.88301049109572e-12
2.4825118238690336e-12
2.8445547808632666e-12
3.017398848501925e-12
3.132122271956648e-12
3.2061066893382595e-12
3.261485227267871e-12
3.3107437639172438e-12
3.3400072844435653e-12
6.077525732448098e-12
9.920552610177994e-12
1.2545741577509149e-11
1.3802623207501771e-11
1.463316880154154e-11
1.5166161942933367e-11
1.5562754013941873e-11
1.591379100184345e-11
1.6119391617383917e-11
1.9464110670242757e-11
2.7802723605326696e-11
3.198593637081013e-11
3.475676078844026e-11
3.6533617869097385e-11
3.7856526330024963e-11
3.9027514125402984e-11
3.9711813576592686e-11
4.6174897795345316e-11
5.718011566360222e-11
6.441175708305233e-11
6.90527697094357e-11
7.251046845586852e-11
7.557130054069516e-11
7.735908697908121e-11
7.679903068240515e-11
9.065450522408064e-11
9.940085816658372e-11
1.0592979217534973e-10
1.1171337824833137e-10
1.1508881253556548e-10
1.1278045092354011e-10
1.2699872881252855e-10
1.37398193747524e-10
1.4665473391949215e-10
1.520517102954866e-10
1.478480478685289e-10
1.6235257150810947e-10
1.7483901045387263e-10
1.8224200954471704e-10
1.8385904953179445e-10
1.9964679412855462e-10
2.0862207419526588e-10
2.253741521990972e-10
2.3720989707778024e-10
2.549217354728212e-10
5.756183137628411e-13
1.2463058825925416e-12
1.6503903384758696e-12
1.896267723108545e-12
2.013901599314189e-12
2.092079142865934e-12
2.1425483981435525e-12
2.180355903191382e-12
2.2140163905533553e-12
2.234020056304393e-12
4.081186184766478e-12
6.721855539748961e-12
8.541423051648903e-12
9.413709880072486e-12
9.990226387190388e-12
1.036021995472413e-11
1.063554339158312e-11
1.0879257397235575e-11
1.1021981514276066e-11
1.338091359918625e-11
1.9289126183634285e-11
2.2261351495997917e-11
2.423029175698458e-11
2.5492901367038573e-11
2.6432991894226045e-11
2.7265146359395894e-11
2.7751402421676213e-11
3.2576654553631215e-11
4.0616699325135727e-11
4.58958289591463e-11
4.928399588099378e-11
5.180839912867735e-11
5.4043075295602866e-11
5.5348271065343364e-11
5.522252092647552e-11
6.557086750600551e-11
7.209700385175163e-11
7.69692796415093e-11
8.128550523219895e-11
8.380441933793128e-11
8.234529062380365e-11
9.312637740935257e-11
1.0100495704094534e-10
1.0801943628520526e-10
1.1210887077862297e-10
1.0911637466249002e-10
1.2021518467997804e-10
1.29761966038827e-10
1.3542467532886039e-10
1.368265074899122e-10
1.4897794181644387e-10
1.5588587196782406e-10
1.689182308875265e-10
1.7807978850137353e-10
1.9179930980127283e-10
3.763138233720765e-13
8.194915705126628e-13
1.089110766596183e-12
1.2542603101860543e-12
1.3334348807142355e-12
1.3861269896169728e-12
1.4201855889560066e-12
1.4457250341576355e-12
1.4684899640829074e-12
1.482027513474663e-12
2.714439821385343e-12
4.5037319294433264e-12
5.745920067600813e-12
6.342095379099961e-12
6.736194787393093e-12
6.989134125104757e-12
7.177367777472215e-12
7.344003814670896e-12
7.441582256488197e-12
9.074658893065372e-12
1.3185306135399281e-11
1.5258400268801385e-11
1.6631834252015085e-11
1.7512558152029993e-11
1.8168343371723578e-11
1.8748851528438892e-11
1.9088043256209695e-11
2.2607211396748666e-11
2.8364070760270726e-11
3.2140494054887304e-11
3.456439304455837e-11
3.63704277735389e-11
3.7969193013432255e-11
3.890295358608229e-11
3.902595438107958e-11
4.660650381055807e-11
5.1381519759759434e-11
5.4947008586899585e-11
5.810572587940929e-11
5.994903765426457e-11
5.909862437038761e-11
6.712840565741042e-11
7.298928302099274e-11
7.820913665789063e-11
8.12520650174726e-11
7.920371071645011e-11
8.75564758668808e-11
9.473084571992076e-11
9.898984664830133e-11
1.0022576638032863e-10
1.0942794775217012e-10
1.1465547800469361e-10
1.2473378308191535e-10
1.3172519716936363e-10
1.4226940109003507e-10