9.964480701933484e-9
1.5763735981652184e-8
1.781237867724499e-8
3.054303199854724e-8
3.768790186062421e-8
5.08343121270976e-8
8.670045148806762e-9
1.407094314667282e-8
1.6012112709236583e-8
2.8501985068013114e-8
3.571778071129481e-8
4.9423886764814016e-8
7.413011465771872e-9
1.2308047148578228e-8
1.4097700876770536e-8
2.6035961093701405e-8
3.315290641618494e-8
4.7161363813417334e-8
6.21815240505041e-9
1.0535515740710248e-8
1.2138940975149537e-8
2.3229688159679035e-8
3.0062732441280624e-8
4.405359987813008e-8
5.149213304746399e-9
8.86580674361067e-9
1.0263766754294256e-8
2.026863841839527e-8
2.6637635600682334e-8
4.024751762531519e-8
4.203844835932943e-9
7.339832009870633e-9
8.530181264601233e-9
1.7300908291016262e-8
2.3054399918996692e-8
3.590838036054619e-8
3.3920221521812905e-9
5.9996846220737956e-9
6.995679398162101e-9
1.4495372930895705e-8
1.9535824036747056e-8
3.129449979411277e-8
2.7066341146522616e-9
4.850181549382547e-9
5.67402229219233e-9
1.1968597946517458e-8
1.6269169669151673e-8
2.6683429681368506e-8
2.1360095280623022e-9
3.874856158640968e-9
4.549357720462664e-9
9.76889312487655e-9
1.3371295630454659e-8
2.232893797670424e-8
1.6705322359225295e-9
3.055019633552304e-9
3.5983829700983827e-9
7.883160312900825e-9
1.0871501866443188e-8
1.8411974759249147e-8
1.3016655167972837e-9
2.38172351122836e-9
2.809200202459028e-9
6.271760430802625e-9
8.731698976178363e-9
1.5007674700700743e-8
1.0166892954522897e-9
1.8494566485447154e-9
2.1791695481840018e-9
4.909344317953975e-9
6.899198918673889e-9
1.2090802627529307e-8
7.974963171001637e-10
1.4403525777817518e-9
1.6940244800332589e-9
3.798950521376695e-9
5.359984254409267e-9
9.59376915734578e-9
6.285078831669759e-10
1.1260399897252968e-9
1.3222175557440551e-9
2.9374821889368596e-9
4.1314501342547646e-9
7.478796217179903e-9
4.984890616030668e-10
8.836205149932463e-10
1.0348759374148198e-9
2.2796604738610733e-9
3.194059659799291e-9
5.75844905882393e-9
3.9792772780705813e-10
6.98464811315655e-10
8.155771746486877e-10
1.7708085673021912e-9
2.4747553029092327e-9
4.431397818452357e-9
3.190497150184468e-10
5.559245400330335e-10
6.476098199942442e-10
1.3828050851207045e-9
1.918657537735015e-9
3.4197712380837486e-9
2.562958394357828e-10
4.4477941654908757e-10
5.171920876690231e-10
1.0886360311772186e-9
1.4992009261703965e-9
2.6358989343251553e-9
2.055877206769234e-10
3.5687351723463145e-10
4.14664526039105e-10
8.628393274508732e-10
1.1802885800791508e-9
2.0426462459225445e-9
1.6409580515574351e-10
2.861991794907935e-10
3.3267472834660324e-10
6.879518278128301e-10
9.35620460529283e-10
1.5945952168265864e-9
1.2988482988711557e-10
2.2858081744945112e-10
2.6611425823510395e-10
5.502165428473981e-10
7.456163258314272e-10
1.2530565456034039e-9
1.0163729338842885e-10
1.811713726854017e-10
2.1147821902315404e-10
4.3996064589106587e-10
5.956199319344936e-10
9.905548986531593e-10
7.842981757883229e-11
1.420440752278881e-10
1.6639870199732684e-10
3.50425157488477e-10
4.752333223712666e-10
7.858426468699019e-10
5.956668365489348e-11
1.098672010024478e-10
1.292605157308075e-10
2.7702267984845895e-10
3.7733805882192684e-10
6.237346161269068e-10
4.446880229266071e-11
8.365831365162775e-11
9.890273544981965e-11
2.166545728406456e-10
2.9710714160655815e-10
4.935874283938336e-10
3.261024828740494e-11
6.261902097817163e-11
7.441222908928436e-11
1.6717693272783133e-10
2.3126722837897737e-10
3.8810187452169456e-10
2.349091791575685e-11
4.6037553087614744e-11
5.4996313682914816e-11
1.270080834346032e-10
1.7751705222445872e-10
3.022775807162579e-10
1.6632175721728132e-11
3.3239916419304505e-11
3.9913456711770014e-11
9.486313703071814e-11
1.3410937247976e-10
2.3260330862831673e-10
1.1587065232076117e-11
2.3580204929459333e-11
2.8452404372762265e-11
6.960135296151937e-11
9.958945242392072e-11
1.764761888499129e-10
7.95470830320366e-12
1.645217479779342e-11
1.9939514253285015e-11
5.015505360052707e-11
7.264733668969981e-11
1.3181899136533867e-10
5.390788903086311e-12
1.130633901334223e-11
1.3756144830912884e-11
3.5511540171689846e-11
5.205420182414163e-11
9.684820817964987e-11
3.6127781934926005e-12
7.666525235053273e-12
9.358396201023344e-12
2.4728764061674947e-11
3.6656814174624175e-11
6.996196483015557e-11