2.635466486959365e-10
4.643427223960788e-10
5.578523444143675e-10
6.085860405992892e-10
6.611045126785204e-10
7.030620929542944e-10
7.276784366721727e-10
7.485480466074195e-10
7.650622601637358e-10
7.819009000448059e-10
7.937171860204631e-10
8.076171430940229e-10
8.273448470849291e-10
9.808634924238225e-10
1.2831027828916284e-9
1.4592207872707187e-9
1.6438988078416802e-9
1.792847884730195e-9
1.8799746841253162e-9
1.9541026155899017e-9
2.012774023746344e-9
2.0725300230802032e-9
2.114372612517941e-9
2.1636646603903056e-9
2.2333986793708415e-9
1.7727827972535432e-9
2.0816531208552224e-9
2.4119374833815993e-9
2.6798520276518875e-9
2.8372282374172784e-9
2.9715298570080817e-9
3.0775615883570192e-9
3.1857815107887416e-9
3.2614979635381054e-9
3.350743739941575e-9
3.4769827747095924e-9
2.508840087437992e-9
2.9866216224274975e-9
3.3795200236146238e-9
3.6123981696249224e-9
3.811565342827793e-9
3.968641367544255e-9
4.1291980109439225e-9
4.241461358249251e-9
4.373847720334373e-9
4.56116038785259e-9
3.6864353748546322e-9
4.289748843753672e-9
4.654256470979704e-9
4.966702926504714e-9
5.212960763189471e-9
5.4649337257461546e-9
5.641052561717364e-9
5.848824165579433e-9
6.1428789075399e-9
5.139333396616455e-9
5.677031497901253e-9
6.134488605481267e-9
6.494581746120576e-9
6.863162088027399e-9
7.1208113231933535e-9
7.424835504656626e-9
7.855182455625714e-9
6.376818274854353e-9
6.983340298779001e-9
7.45454021992262e-9
7.93602835845839e-9
8.272787348580795e-9
8.670204966317065e-9
9.232974768959807e-9
7.782958053735604e-9
8.407686547793612e-9
9.035906920139306e-9
9.474810393807709e-9
9.99326093725316e-9
1.0727577986699857e-8
9.202994128448597e-9
1.0004919267408157e-8
1.0554622835196361e-8
1.1205053774382656e-8
1.2127237707103789e-8
1.1046065661100933e-8
1.1758353986415812e-8
1.2583147247148401e-8
1.3755598113997736e-8
1.2639502920273879e-8
1.363678324228641e-8
1.5030160531120688e-8
1.496728386806095e-8
1.6701479143529715e-8
1.9331324614153977e-8
2.226505127769725e-10
3.987378845914487e-10
4.827876438033542e-10
5.288980098816263e-10
5.768321425024247e-10
6.152122618358338e-10
6.37742304350047e-10
6.568536245731075e-10
6.719880323163566e-10
6.874192236685136e-10
6.982510418434246e-10
7.110017259498352e-10
7.290962948014984e-10
8.643386564298348e-10
1.1455095782178376e-9
1.3115772997542487e-9
1.4865170090062664e-9
1.62788173314271e-9
1.7106218235811141e-9
1.7810613668331557e-9
1.83681518664088e-9
1.8936069721919587e-9
1.933372115087849e-9
1.9802284684840326e-9
2.046507165124124e-9
1.6094134192180822e-9
1.906892968346186e-9
2.2266522223471233e-9
2.486492332215037e-9
2.639263756479413e-9
2.769713818969142e-9
2.8726834294752e-9
2.977806003489382e-9
3.0513491117527752e-9
3.1380472806495562e-9
3.260674909938716e-9
2.3240047003775435e-9
2.7941950831136345e-9
3.1818123890915786e-9
3.411876902486652e-9
3.6087465405651284e-9
3.7639780513969305e-9
3.922695620570095e-9
4.033661334940503e-9
4.1645357617797266e-9
4.349706938785999e-9
3.4941965709560285e-9
4.100933192456884e-9
4.468333333120827e-9
4.783398645990157e-9
5.031674789926848e-9
5.285775766041129e-9
5.46336703592359e-9
5.672899027415457e-9
5.9694483747398374e-9
4.967472031088396e-9
5.518513205479274e-9
5.987120440029139e-9
6.355890105457589e-9
6.733425482835662e-9
6.997323300650394e-9
7.308748463410538e-9
7.749580467243815e-9
6.243645027920633e-9
6.872613707904693e-9
7.360657796080382e-9
7.85936314638656e-9
8.208171991213934e-9
8.619840318114801e-9
9.202812902646473e-9
7.711516590819208e-9
8.366499919148152e-9
9.024424351707258e-9
9.484058858282178e-9
1.0027062325384536e-8
1.0796188588656247e-8
9.208504497211694e-9
1.0056871509109769e-8
1.0637671620964507e-8
1.132504178640029e-8
1.229969683532463e-8
1.1169301389311846e-8
1.1929484813078875e-8
1.2808732948783054e-8
1.4058888459144355e-8
1.2877503884433305e-8
1.3948041586151372e-8
1.5442573371145288e-8
1.539165735007078e-8
1.726512359413288e-8
2.0146733251536018e-8
1.8573350286313462e-10
3.367327833058118e-10
4.1029390738077264e-10
4.5111465123625026e-10
4.937662258931814e-10
5.279892787672681e-10
5.480964976952742e-10
5.651713280501378e-10
5.786962875422849e-10
5.924944202380132e-10
6.021812443430475e-10
6.135862040920598e-10
6.297821718330285e-10
7.442563850526826e-10
9.972833123004674e-10
1.148884157213176e-9
1.3094589280744606e-9
1.4394623742417188e-9
1.5156242782515187e-9
1.5805145612264899e-9
1.6318625425665548e-9
1.684185959895323e-9
1.7208182211429752e-9
1.763985165676994e-9
1.8250522132293594e-9
1.422027088958826e-9
1.699281685965897e-9
1.999109625807948e-9
2.2432009455453687e-9
2.386886887472428e-9
2.509661885040026e-9
2.606533095154603e-9
2.705472696844059e-9
2.7746814337623985e-9
2.8562735474526266e-9
2.971689359287901e-9
2.093725726882915e-9
2.5424079466875936e-9
2.91329121903985e-9
3.133793871992781e-9
3.3225944326573284e-9
3.4714113348441943e-9
3.6236323688095463e-9
3.730042147483187e-9
3.8555504141668234e-9
4.033146281126388e-9
3.222444008993437e-9
3.81550599308508e-9
4.175566361028615e-9
4.4844753688925736e-9
4.727832383070727e-9
4.976977944149962e-9
5.151089430841523e-9
5.356527458078069e-9
5.647306172576214e-9
4.67607261673889e-9
5.226353654012001e-9
5.694018288617553e-9
6.061909519033581e-9
6.438636468767229e-9
6.701958337226021e-9
7.0127193676348715e-9
7.452641757393608e-9
5.9597324702712115e-9
6.596372330151225e-9
7.08961908496805e-9
7.593646177569052e-9
7.946190166626366e-9
8.362285040616354e-9
8.951573671616842e-9
7.457026823584721e-9
8.128436345112773e-9
8.801961119204944e-9
9.272470846408627e-9
9.82838236219933e-9
1.0615851987238007e-8
9.001427088046805e-9
9.880211787968667e-9
1.048091056554699e-8
1.1191989482256344e-8
1.2200404020849522e-8
1.1045933551910947e-8
1.1841434015856006e-8
1.2760207884574436e-8
1.4066960571782975e-8
1.2842947540381177e-8
1.3970747409221125e-8
1.554367559072492e-8
1.551104241660177e-8
1.7499441339175032e-8
2.0609621315171446e-8
1.5268164071260232e-10
2.800850195672459e-10
3.430727955518201e-10
3.783994669730414e-10
4.1551005218069564e-10
4.4535150865098156e-10
4.629083049236393e-10
4.778346338618913e-10
4.896547982150718e-10
5.017236204915312e-10
5.101943886038924e-10
5.201747929420926e-10
5.3436299862362e-10
6.283954033031236e-10
8.491434024960398e-10
9.832184514870645e-10
1.126076671448046e-9
1.241958471560731e-9
1.3099322549420203e-9
1.3678892891874583e-9
1.4137293750717197e-9
1.4604594090673659e-9
1.4931692683769711e-9
1.5317198903325166e-9
1.586269194287785e-9
1.2249132505307078e-9
1.4744873920313216e-9
1.7461640782096518e-9
1.9677602096061782e-9
2.098392501854498e-9
2.210081495202711e-9
2.2981616698636e-9
2.3881612213922246e-9
2.451105589746609e-9
2.525319190577255e-9
2.6303144965387884e-9
1.8346620050408415e-9
2.248477367337277e-9
2.5915395396958092e-9
2.795889732210039e-9
2.9709540053658317e-9
3.1088921006241837e-9
3.250039476231606e-9
3.3486925009323313e-9
3.465062695306148e-9
3.629751288189939e-9
2.8876519352317012e-9
3.4489466822763815e-9
3.790709502013092e-9
4.084026566033544e-9
4.3150356964820975e-9
4.5516061656444125e-9
4.716911929498494e-9
4.911976293631832e-9
5.188100301430762e-9
4.27775284241581e-9
4.811059398168553e-9
5.263866641771593e-9
5.619925068459909e-9
5.984610156147116e-9
6.239504556538856e-9
6.540340754016531e-9
6.96624803002536e-9
5.532074200209007e-9
6.1584860811708e-9
6.642925253611593e-9
7.137922066630622e-9
7.484167845758048e-9
7.892853647707526e-9
8.4717029166931e-9
7.018529962568034e-9
7.688813131082025e-9
8.360074537035517e-9
8.828977149237302e-9
9.38306556555628e-9
1.0168019938878192e-8
8.571880536009052e-9
9.459794514834044e-9
1.0065597315259725e-8
1.0782914972219496e-8
1.180034293853698e-8
1.0653545715354078e-8
1.1466827298683548e-8
1.2404484390353595e-8
1.3738577155246682e-8
1.2502145815213208e-8
1.3664088396669853e-8
1.5282671091293664e-8
1.5274922864999854e-8
1.7341059771020613e-8
2.063729033719961e-8
1.2405503106727048e-10
2.303694898424173e-10
2.834761042470882e-10
3.1351285752236887e-10
3.452156217438907e-10
3.7076242762689693e-10
3.8580859327949357e-10
3.9861446288824116e-10
4.087622038309694e-10
4.1911964168328426e-10
4.263978681626389e-10
4.349775524039877e-10
4.4718394980206376e-10
5.23559997315528e-10
7.116072611097258e-10
8.270489237730063e-10
9.507310018799683e-10
1.0512476198556965e-9
1.1102751876868784e-9
1.1606302854702088e-9
1.2004496786413856e-9
1.2410452250225325e-9
1.2694667515251686e-9
1.3029671907839203e-9
1.3503726128670444e-9
1.0345648420476757e-9
1.2520818032839457e-9
1.4903240324862405e-9
1.6850187498510376e-9
1.7999436808492001e-9
1.8982424309539747e-9
1.9757393656027156e-9
2.0549423627898607e-9
2.1103382374826983e-9
2.1756568605840015e-9
2.2680706561928798e-9
1.5697190220185333e-9
1.93823147045446e-9
2.2446556956185747e-9
2.4275065250863115e-9
2.5842101886601324e-9
2.7076548040957043e-9
2.8339992018901868e-9
2.9223052514842087e-9
3.02647826213066e-9
3.1739131400153783e-9
2.5179397478673183e-9
3.030881329692067e-9
3.344108031271977e-9
3.612988025437993e-9
3.824712587597373e-9
4.041569357254585e-9
4.193099901867236e-9
4.3719209791889545e-9
4.625063569736075e-9
3.80231615344285e-9
4.302073547621133e-9
4.72581681367226e-9
5.058888741776224e-9
5.400070839749524e-9
5.638548698193735e-9
5.9200239330116355e-9
6.318538836537041e-9
4.988446268192898e-9
5.58520505093014e-9
6.045723733401175e-9
6.5161951452473325e-9
6.845330898121734e-9
7.233838612393934e-9
7.78414595527012e-9
6.41895878924333e-9
7.068031271814829e-9
7.71667156761355e-9
8.16976715161577e-9
8.705253528551281e-9
9.463907085145032e-9
7.936072258424978e-9
8.807640797138304e-9
9.400961350142178e-9
1.0103718668629146e-8
1.1100662991146155e-8
9.997614429517254e-9
1.0806748322736144e-8
1.173759128473454e-8
1.3062539216493756e-8
1.1850142922268506e-8
1.3016354514226786e-8
1.4638422726413789e-8
1.4661679096381708e-8
1.6755585963899457e-8
2.017443033867453e-8
9.89548674033245e-11
1.8648073729653163e-10
2.3067672459657537e-10
2.558174898377288e-10
2.824446973746894e-10
3.039586478538594e-10
3.166373833558644e-10
3.2743109919924855e-10
3.359839519907339e-10
3.4473017648463184e-10
3.508725267911724e-10
3.581257496702103e-10
3.684525666674155e-10
4.3093693919331395e-10
5.888710589450431e-10
6.864269458626978e-10
7.913597355238383e-10
8.768024738279419e-10
9.270079299049866e-10
9.698370075464416e-10
1.0036970801427292e-9
1.0382414178122165e-9
1.0624172582666423e-9
1.0909268312175313e-9
1.131267448054968e-9
8.611427258553608e-10
1.046054194623662e-9
1.249507920678045e-9
1.4160723222058378e-9
1.5144709860196113e-9
1.5986359094429689e-9
1.664977924720755e-9
1.7328114193104515e-9
1.780243160302412e-9
1.8361856205915549e-9
1.9153302271145536e-9
1.3181785782593144e-9
1.6363134260905088e-9
1.9015665357091176e-9
2.0600424973613077e-9
2.1958656433157715e-9
2.302851289774581e-9
2.4123861737262227e-9
2.4889288095015483e-9
2.5792420061568224e-9
2.707060646153052e-9
2.1441445099413016e-9
2.596714043034849e-9
2.873716352693507e-9
3.1114786227646818e-9
3.2986791481318864e-9
3.490455650751576e-9
3.6244471648881585e-9
3.78259201757113e-9
4.0064640468689074e-9
3.289180593845699e-9
3.740804420134441e-9
4.123007028977735e-9
4.423301668703945e-9
4.730947685400432e-9
4.9459824542116135e-9
5.199811977167032e-9
5.559189220737596e-9
4.37141901063231e-9
4.920023453272238e-9
5.342317393554615e-9
5.773637455417336e-9
6.075419161552564e-9
6.431666336322656e-9
6.9363004224757296e-9
5.701240292062829e-9
6.308629891010233e-9
6.914068657337233e-9
7.3369653661589976e-9
7.83685578006846e-9
8.545115670944815e-9
7.134565140545617e-9
7.962472870018556e-9
8.524536470326424e-9
9.190527974164358e-9
1.0135485488622177e-8
9.112576205918323e-9
9.892792676710298e-9
1.0787984120208052e-8
1.2062798756194894e-8
1.0913851208098495e-8
1.2049467870533753e-8
1.3626006482172211e-8
1.368452667009255e-8
1.5745621552895548e-8
1.9203064700944232e-8
7.765041614255603e-11
1.482529185594952e-10
1.8446898012590303e-10
2.0516341689498417e-10
2.2713369286142479e-10
2.4492125300034037e-10
2.5540285131595507e-10
2.6433239205957416e-10
2.714168534188421e-10
2.7866302251462974e-10
2.8375829017372e-10
2.897769338594872e-10
2.9836112574576504e-10
3.496793374064326e-10
4.813720669915768e-10
5.629308294055712e-10
6.508334306708887e-10
7.225087103271965e-10
7.646162703376584e-10
8.005411092396202e-10
8.289570266880991e-10
8.579441084340819e-10
8.782348516383763e-10
9.021606142555293e-10
9.360235674969796e-10
7.091033912110361e-10
8.641326414808649e-10
1.035079802009778e-9
1.1752032804404588e-9
1.2579823214351844e-9
1.3287897249334819e-9
1.3846232599613857e-9
1.4417049029158752e-9
1.4816218372845474e-9
1.5286980630545734e-9
1.5953055597140193e-9
1.0929625852286976e-9
1.3616178965818065e-9
1.586034669002112e-9
1.7201610045760056e-9
1.8351185180158315e-9
1.9256943727513822e-9
2.018419790506247e-9
2.0832188495855306e-9
2.159673326739384e-9
2.2678859527663724e-9
1.7943541949970274e-9
2.1821132007115637e-9
2.419754751146501e-9
2.6236848781014518e-9
2.7842621645146047e-9
2.9487521168189356e-9
3.0636843582043752e-9
3.199333597248075e-9
3.3913673491190076e-9
2.783276333755021e-9
3.177414339996081e-9
3.5101835540611903e-9
3.771536469279935e-9
4.039275203648381e-9
4.226435026081575e-9
4.4473596969128186e-9
4.760160677190401e-9
3.7359177200269994e-9
4.221932354656792e-9
4.594968229577308e-9
4.97582547579012e-9
5.242359730285134e-9
5.557000213594834e-9
6.002724433205543e-9
4.9274853644888295e-9
5.475249472549779e-9
6.019581984463299e-9
6.3997965715268625e-9
6.849305900711582e-9
7.486224038684903e-9
6.233496066783568e-9
6.992060503395478e-9
7.505409726252904e-9
8.113922851021835e-9
8.977508420063949e-9
8.065896822590266e-9
8.792433937808025e-9
9.623343455524728e-9
1.0807284054081596e-8
9.759004040051893e-9
1.082769977596305e-8
1.2307923321772661e-8
1.2402394621255035e-8
1.4364734623661516e-8
1.7760355358444318e-8
6.043218774139636e-11
1.1609596811179892e-10
1.451951131137863e-10
1.6192572843953063e-10
1.7972610471866655e-10
1.9415608685934843e-10
2.0266011234883146e-10
2.0991348404653356e-10
2.1567334321840418e-10
2.2156779135942025e-10
2.2571368769748681e-10
2.3061702021226164e-10
2.3762428408838727e-10
2.7846946353758755e-10
3.870256591347906e-10
4.5454605032219127e-10
5.27396428268503e-10
5.868357551843724e-10
6.217465844535871e-10
6.515481923240538e-10
6.751291588796538e-10
6.991775519789182e-10
7.160104810529006e-10
7.358637333460793e-10
7.639666946208316e-10
5.764734275397995e-10
7.057748751596024e-10
8.484270527585094e-10
9.654052783639198e-10
1.0344956465256387e-9
1.0936158693638206e-9
1.1402443256650831e-9
1.1879033161091075e-9
1.2212300064589057e-9
1.260538606739419e-9
1.3161565185163508e-9
8.969325292870526e-10
1.1215178477754458e-9
1.309227723572112e-9
1.4213970548081715e-9
1.5175571976676367e-9
1.5933335865461185e-9
1.6708942833984083e-9
1.7250954102377286e-9
1.7890504979297666e-9
1.8795720346852623e-9
1.484303440950973e-9
1.8101939559360037e-9
2.009971180544054e-9
2.1813801959175798e-9
2.3163446490067274e-9
2.4545796986191133e-9
2.5511692684090557e-9
2.665175633744664e-9
2.8265674559381155e-9
2.319164067468619e-9
2.6539627788452192e-9
2.936034804735251e-9
3.1574567129381906e-9
3.3842697534263648e-9
3.542833716821077e-9
3.730009695882785e-9
3.9950265388689206e-9
3.1334926334851473e-9
3.550783223792304e-9
3.870147244083662e-9
4.1960640460033045e-9
4.424197070862639e-9
4.693515017312107e-9
5.0750447931433206e-9
4.166125657917355e-9
4.643089828611635e-9
5.115534549384648e-9
5.445530216621579e-9
5.835743120944529e-9
6.388662510022912e-9
5.313991527639266e-9
5.9838005495593106e-9
6.435454347232778e-9
6.971083441262417e-9
7.731396142209889e-9
6.949880658226444e-9
7.601589427467257e-9
8.344069485837408e-9
9.402683657072372e-9
8.484008571358249e-9
9.453006383422724e-9
1.079143506058414e-8
1.0917779863142468e-8
1.2718536807294986e-8
1.5944727766658742e-8
4.7047308004516915e-11
9.032729432344714e-11
1.1328276546049792e-10
1.2661094077357992e-10
1.408322456203574e-10
1.5237413793076709e-10
1.5918050030704178e-10
1.6499193973048158e-10
1.6960751535619536e-10
1.7433459987939172e-10
1.7766259590884367e-10
1.816027427842381e-10
1.8724451519827312e-10
2.1771301913902968e-10
3.049643070280848e-10
3.598491459606712e-10
4.192176550778523e-10
4.676849526187292e-10
4.961690755000952e-10
5.205006474595689e-10
5.39742038560919e-10
5.593728693496812e-10
5.731152425397179e-10
5.893255869897907e-10
6.122747041318794e-10
4.5962571669407187e-10
5.664199964902074e-10
6.844686129465959e-10
7.813006005588469e-10
8.385238792918928e-10
8.875145300817616e-10
9.26128896357951e-10
9.65613363119296e-10
9.93224185845287e-10
1.0257926422486235e-9
1.07187533208783e-9
7.253733793324869e-10
9.123659272898221e-10
1.0686733491476272e-9
1.1621121085912276e-9
1.2422417861222525e-9
1.3053521059386922e-9
1.3699709301535737e-9
1.4151283106789676e-9
1.468413793288458e-9
1.5438357257911544e-9
1.2151662089470739e-9
1.4871584248659622e-9
1.6539016603639214e-9
1.7969574427586514e-9
1.9095421623092105e-9
2.0248822555067e-9
2.1054754073567994e-9
2.2006031352771953e-9
2.3352710320055347e-9
1.9127181348224565e-9
2.19288039377415e-9
2.42855159101263e-9
2.613406575854012e-9
2.8027980793914598e-9
2.9352072672681164e-9
3.0915109867802812e-9
3.3128210848586757e-9
2.596030021006976e-9
2.94673778784912e-9
3.21445202325334e-9
3.4876198824337795e-9
3.67885971336261e-9
3.904628872042674e-9
4.224474771844254e-9
3.46906185673261e-9
3.87333698992631e-9
4.272763932646197e-9
4.551744740643306e-9
4.881685886957069e-9
5.349217798174078e-9
4.448811893702843e-9
5.022393187913816e-9
5.407883044116362e-9
5.865226290935297e-9
6.5145424563854394e-9
5.862098845496772e-9
6.42701521943005e-9
7.068050373927464e-9
7.982583406526454e-9
7.2039740833400104e-9
8.050940338084859e-9
9.217135933403692e-9
9.364228061077639e-9
1.095379780682605e-8
1.3909700034242623e-8
3.669807961028579e-11
7.023439547457141e-11
8.810331544721447e-11
9.858776120167092e-11
1.0982862682543564e-10
1.1896611074263884e-10
1.2436110653520985e-10
1.289698427032275e-10
1.3262894985293056e-10
1.3638155899060946e-10
1.3902491558070235e-10
1.4215692088529456e-10
1.466523600822095e-10
1.6867067189160754e-10
2.367001970507861e-10
2.8012510363720004e-10
3.273619894116761e-10
3.659813254537284e-10
3.887109244107242e-10
4.081308484184662e-10
4.234754911420198e-10
4.391468756164344e-10
4.5011559902371273e-10
4.6305497230061994e-10
4.813816397912233e-10
3.586131765555708e-10
4.444428941919914e-10
5.398856023775157e-10
6.182795976194159e-10
6.646795652650374e-10
7.04411960011643e-10
7.357034214125971e-10
7.677290916556173e-10
7.901199699937633e-10
8.16531508895933e-10
8.539122237805067e-10
5.73977331002914e-10
7.274903724304531e-10
8.56010165097866e-10
9.329622821607863e-10
9.98965224819774e-10
1.0509174386234324e-9
1.1041489409733068e-9
1.1413425593068912e-9
1.1852319291455652e-9
1.2473669457631648e-9
9.788026973850827e-10
1.2048674613275836e-9
1.343634988344122e-9
1.4626968163412009e-9
1.5563565564913172e-9
1.6523526184406947e-9
1.7194217332744144e-9
1.7985882971846804e-9
1.910676917933821e-9
1.559757957691724e-9
1.7935060449669517e-9
1.9900635041179304e-9
2.1441586950624776e-9
2.3020854757762503e-9
2.4124892219375552e-9
2.542819098511227e-9
2.7273721313444593e-9
2.130048290536183e-9
2.422700780476687e-9
2.6458185143826693e-9
2.873496456522704e-9
3.0328907648725677e-9
3.221069494955732e-9
3.4876814665325e-9
2.8595805886866354e-9
3.1973994218037087e-9
3.530695640371007e-9
3.763466671468463e-9
4.0387873877423445e-9
4.428945025243167e-9
3.6807963139331196e-9
4.162140633599203e-9
4.484831662790125e-9
4.867782669384925e-9
5.411574619566228e-9
4.873144647371391e-9
5.350487033996837e-9
5.890369380859506e-9
6.660970500902963e-9
6.014626392969412e-9
6.734184617724925e-9
7.722162221690105e-9
7.872960020047262e-9
9.231489678423395e-9
1.184173309708476e-8
2.8707437053590583e-11
5.464284906376993e-11
6.843324749348265e-11
7.656477759794664e-11
8.533048799401208e-11
9.247242474412234e-11
9.669375334318774e-11
1.0030137328866564e-10
1.0316792112550081e-10
1.0610768844869495e-10
1.0817932972273187e-10
1.1063669392194165e-10
1.1417022772468311e-10
1.3074768080895857e-10
1.831012726238178e-10
2.1672137797782314e-10
2.535205835577597e-10
2.83673944629032e-10
3.0143894727969715e-10
3.166188170078571e-10
3.28620072639804e-10
3.408720993798399e-10
3.494482378065461e-10
3.595683765287038e-10
3.739027088474717e-10
2.7670514829756296e-10
3.432655692360287e-10
4.178264823319902e-10
4.79212953465608e-10
5.15592201944977e-10
5.467458183026987e-10
5.71293623559117e-10
5.9640900768715e-10
6.139689889284065e-10
6.346858198878364e-10
6.640062553346648e-10
4.4482331045710087e-10
5.666603462864611e-10
6.690294098050385e-10
7.304407652116373e-10
7.83121698934953e-10
8.246082634083301e-10
8.67105561163543e-10
8.967981564680635e-10
9.318418462774223e-10
9.814541120065814e-10
7.700758875906868e-10
9.543595859106838e-10
1.0678041959587773e-9
1.1651678322166946e-9
1.2417903612544031e-9
1.3203083755660538e-9
1.37516489420714e-9
1.4399233054486122e-9
1.5316142454493537e-9
1.2475283200484915e-9
1.4413260994048022e-9
1.6043587297687285e-9
1.7322153333550205e-9
1.8632270471453586e-9
1.9548137222400024e-9
2.0629390442059096e-9
2.216052314063434e-9
1.7216678186946814e-9
1.9655286220707168e-9
2.1515153040925793e-9
2.341267136942918e-9
2.474107645357073e-9
2.6309473641755235e-9
2.8531610752141695e-9
2.329954407546745e-9
2.6117832974278815e-9
2.8897574114687986e-9
3.0838829804609463e-9
3.3135077138071348e-9
3.638913918495379e-9
3.0151818483786103e-9
3.4167350853078058e-9
3.685718226971608e-9
4.004958200303917e-9
4.458305399209041e-9
4.010908545232486e-9
4.4094919073112216e-9
4.859451224433686e-9
5.501838220872347e-9
4.966593785671715e-9
5.567888053815196e-9
6.391821184283709e-9
6.5311668932790146e-9
7.667350322896491e-9
9.903152983151342e-9
2.2643130464513302e-11
4.272871057350599e-11
5.337979346463779e-11
5.964557753185503e-11
6.641322404107824e-11
7.193522273755393e-11
7.520093932952534e-11
7.799372734057293e-11
8.021353365128994e-11
8.249128529591855e-11
8.409720468068769e-11
8.600214835697685e-11
8.874655903873291e-11
1.0150570679212166e-10
1.419494723900068e-10
1.6782752270442195e-10
1.9620328456049548e-10
2.1948187874965273e-10
2.3319783756685616e-10
2.4492074515217433e-10
2.541898001997464e-10
2.6365289571554673e-10
2.7027738129692333e-10
2.7809252674185687e-10
2.8916641958437284e-10
2.1408344161073476e-10
2.650476827902481e-10
3.222298561327885e-10
3.6936470578555055e-10
3.9729802442846995e-10
4.2122211588489774e-10
4.400776301548825e-10
4.593666752089042e-10
4.728530425406835e-10
4.887620720623007e-10
5.112816804961742e-10
3.42583366322715e-10
4.360631857793429e-10
5.148106735885826e-10
5.620733807908048e-10
6.026233593963242e-10
6.345645808513752e-10
6.672792572970492e-10
6.901369978308238e-10
7.171121332258344e-10
7.553056209111327e-10
5.9398199742482e-10
7.384211134285438e-10
8.275493085908915e-10
9.040554878172556e-10
9.64274632584672e-10
1.0259753180882113e-9
1.0690843352895978e-9
1.119972902353036e-9
1.192028409468287e-9
9.728721604058757e-10
1.1290583295738767e-9
1.260350335142222e-9
1.3633264550129254e-9
1.4688286189334044e-9
1.5425877325739807e-9
1.6296643934406998e-9
1.7529732786206194e-9
1.3585770004933805e-9
1.5584724044553129e-9
1.7108583473754634e-9
1.8662919560491383e-9
1.9751153869011176e-9
2.103596694026204e-9
2.2856381925287445e-9
1.8605512013938359e-9
2.0941752054824733e-9
2.3245290559571655e-9
2.4854004997583614e-9
2.675688291024279e-9
2.9453581168846485e-9
2.430128140086438e-9
2.764471720828852e-9
2.988464405024094e-9
3.254294802866119e-9
3.6318030869822815e-9
3.259992161901304e-9
3.5924303193532014e-9
3.967678667396316e-9
4.503389263035012e-9
4.0571922156756066e-9
4.558587894647118e-9
5.24529401172865e-9
5.363637455329437e-9
6.309211604628643e-9
8.186136533158873e-9
1.801752448413987e-11
3.365991923773009e-11
4.191150881223486e-11
4.675876953353112e-11
5.198240934065115e-11
5.6241447373512416e-11
5.87600720566354e-11
6.091513414002285e-11
6.262892428826692e-11
6.438874027032008e-11
6.563021596145737e-11
6.710378993937364e-11
6.922911445782002e-11
7.899727228054189e-11
1.1015306724740999e-10
1.3009601611137258e-10
1.5191626300021426e-10
1.6980381248558862e-10
1.8033939168095365e-10
1.8934355488863609e-10
1.9646060126818603e-10
2.0372935926988556e-10
2.0881784379395508e-10
2.1482245741682676e-10
2.2333049991191744e-10
1.6591750349720407e-10
2.0533719780594103e-10
2.494394505615143e-10
2.8576308834264745e-10
3.072807953195828e-10
3.257092563437208e-10
3.402256364198411e-10
3.550817678591573e-10
3.6546916948906755e-10
3.777237045561275e-10
3.950688880260577e-10
2.6512855307680887e-10
3.367942692674797e-10
3.970871516116524e-10
4.3324125898970044e-10
4.64255739646914e-10
4.886722027732976e-10
5.136886250462742e-10
5.311691029882327e-10
5.517982640235315e-10
5.810055338317881e-10
4.569945248837454e-10
5.66995323149894e-10
6.348142914474548e-10
6.929820737709026e-10
7.387380903258823e-10
7.856320682486926e-10
8.183991268478088e-10
8.570794405887674e-10
9.118442854345624e-10
7.468412855147813e-10
8.672775737595801e-10
9.681101895696528e-10
1.0471146353607854e-9
1.1280760490155722e-9
1.184687050582052e-9
1.25151863186562e-9
1.346155043571869e-9
1.0475212949861832e-9
1.20458189107454e-9
1.323852145187055e-9
1.4454824441569759e-9
1.530662935903247e-9
1.6312291623586664e-9
1.7737234154513901e-9
1.447667051711843e-9
1.6353886283078852e-9
1.8200242152971824e-9
1.948972888351101e-9
2.1015175473339436e-9
2.3177077818856003e-9
1.9100795888051315e-9
2.1831138436153795e-9
2.365769797860436e-9
2.582585608215391e-9
2.890517855842736e-9
2.5929489313774346e-9
2.8676679556029997e-9
3.1776740152749102e-9
3.6202907333184938e-9
3.2538813979299714e-9
3.670529996661935e-9
4.2412379742972694e-9
4.341279079521052e-9
5.129759889461605e-9
6.69607017636453e-9
1.4470728384928052e-11
2.677024901283947e-11
3.318904543496303e-11
3.6958255198713846e-11
4.1019977113102154e-11
4.432799301486536e-11
4.628422492070608e-11
4.795834390045662e-11
4.9290866569991633e-11
5.066023031741829e-11
5.162728228093795e-11
5.2775845887905566e-11
5.443514377914106e-11
6.200315252954578e-11
8.595376351217459e-11
1.013025828669594e-10
1.1811028541719236e-10
1.3188205979826964e-10
1.3999466233713125e-10
1.4692713901232764e-10
1.524087012541782e-10
1.580066912021832e-10
1.6192622716988538e-10
1.6655080260886047e-10
1.7310620448359444e-10
1.2859528609201113e-10
1.5886396625554694e-10
1.9279252512925037e-10
2.2073239371576817e-10
2.37288452083773e-10
2.5146538870545226e-10
2.6263722744532826e-10
2.740684576532618e-10
2.820612479870862e-10
2.914898400718783e-10
3.0483849990133073e-10
2.050179342135211e-10
2.604701536388674e-10
3.070960445550619e-10
3.35062286840462e-10
3.5904759139137795e-10
3.779371967881956e-10
3.972877998106985e-10
4.108082026987289e-10
4.26764570823962e-10
4.493588820106577e-10
3.5340953607106377e-10
4.3802936644754307e-10
4.901335403002381e-10
5.347850203925285e-10
5.699101971658866e-10
6.059043283059743e-10
6.310530451160087e-10
6.607421455139734e-10
7.027807684864079e-10
5.750664155534046e-10
6.664888028771544e-10
7.427425921010613e-10
8.024296068398315e-10
8.635965679695323e-10
9.063671850783549e-10
9.568614287398372e-10
1.0283706739743037e-9
8.032182964067986e-10
9.221295676122274e-10
1.0119756018837712e-9
1.1035561083918915e-9
1.1677100500787893e-9
1.243456028400253e-9
1.3507912758185199e-9
1.1089274886402478e-9
1.2528175042627467e-9
1.3936314869571848e-9
1.491972504299547e-9
1.6083447007622135e-9
1.7732818452305151e-9
1.4679023464306691e-9
1.6811306871904926e-9
1.8230626812688844e-9
1.9916578774042276e-9
2.231175404523126e-9
2.009035684433481e-9
2.2280820751282203e-9
2.474370197392617e-9
2.8262661719406705e-9
2.541875236122515e-9
2.878657606231924e-9
3.3392092708994687e-9
3.431182287070785e-9
4.0778535097332935e-9
5.381140739320291e-9
1.1705641546636694e-11
2.1482273332596636e-11
2.6523779625421464e-11
2.946510539837105e-11
3.2634025868526865e-11
3.5214991686063916e-11
3.6741398763341055e-11
3.8046938225850335e-11
3.908594642063168e-11
4.015395945358887e-11
4.090898683132127e-11
4.180667619909516e-11
4.310661251874988e-11
4.912815951489237e-11
6.770592125007732e-11
7.953551921033044e-11
9.249206005385895e-11
1.0311345382104888e-10
1.0937205601996636e-10
1.1471991232846951e-10
1.1894824312854535e-10
1.2326638753238155e-10
1.262905063297062e-10
1.2985897090014416e-10
1.3491837982888826e-10
1.0059923960444605e-10
1.2375300107312554e-10
1.497056804892061e-10
1.7108872701545685e-10
1.837608639643595e-10
1.9461215738093576e-10
2.0316267061995902e-10
2.1191153238883504e-10
2.180297906548301e-10
2.2524716921087686e-10
2.354651870706415e-10
1.588542324440725e-10
2.0112058923162946e-10
2.367158020884927e-10
2.5807631699793346e-10
2.763993618594975e-10
2.908285753723841e-10
3.0560954158098556e-10
3.159390346100317e-10
3.2812859311985407e-10
3.4538968739052506e-10
2.7242073555996916e-10
3.376737708571909e-10
3.7792954230260517e-10
4.124541879170164e-10
4.3961157301787366e-10
4.674388877398685e-10
4.868849141647683e-10
5.098389998437607e-10
5.423436024797974e-10
4.4382172822031065e-10
5.145976208470681e-10
5.737903163303271e-10
6.201203063063839e-10
6.675910603333139e-10
7.007884305774616e-10
7.399777864838586e-10
7.954782668961458e-10
6.195497721761102e-10
7.107425170161618e-10
7.79667242685896e-10
8.49900321647654e-10
8.991052308869055e-10
9.571995907049256e-10
1.0395183756598404e-9
8.52292567444926e-10
9.612142127602895e-10
1.0675782062987994e-9
1.141858467119542e-9
1.2297691221569332e-9
1.3543634235228983e-9
1.1239289776632496e-9
1.284966334866521e-9
1.3916344102072082e-9
1.5184112161389258e-9
1.69856436558082e-9
1.5355483812821626e-9
1.7022957101942838e-9
1.8884737307208193e-9
2.154768163629483e-9
1.9462129179406506e-9
2.204968053468981e-9
2.5570460224173e-9
2.644602732047736e-9
3.148974395808336e-9
4.2106817576899134e-9
9.508533821645924e-12
1.736625558764486e-11
2.1370271885795313e-11
2.3692891322675922e-11
2.6185656966115964e-11
2.8212141825522164e-11
2.941012910124553e-11
3.0434115448613814e-11
3.124857382452559e-11
3.2084987029512884e-11
3.2675991088861205e-11
3.3378597489592116e-11
3.4398056361886556e-11
3.931339625430501e-11
5.3862774595292174e-11
6.307782935518751e-11
7.313417390067563e-11
8.136572318127213e-11
8.621260037955188e-11
9.035257338080431e-11
9.362626649666432e-11
9.696871494703784e-11
9.930934308518905e-11
1.0207145312165654e-10
1.0598836111474395e-10
7.944388143984763e-11
9.736668867014793e-11
1.1738949026130268e-10
1.338667550610914e-10
1.4362520042386101e-10
1.5197889285814956e-10
1.5856272816976157e-10
1.6529806499174078e-10
1.7000777754716916e-10
1.7556413313078973e-10
1.8343086480132474e-10
1.244380499454607e-10
1.568404220909823e-10
1.840756821275449e-10
2.0040243213591307e-10
2.144029923831384e-10
2.2543017099110659e-10
2.3672466240212e-10
2.446167129183335e-10
2.5393139163353464e-10
2.6712101751372095e-10
2.109370729618878e-10
2.6034239135556177e-10
2.9078323913898016e-10
3.168804474309656e-10
3.374135323537379e-10
3.584517709938444e-10
3.7315152707889846e-10
3.9050662519171703e-10
4.150792173530329e-10
3.4092737072474257e-10
3.9490082035233183e-10
4.40044571688151e-10
4.754064870747394e-10
5.116347606539137e-10
5.369662574465132e-10
5.668749039177916e-10
6.09228048453763e-10
4.758013394637441e-10
5.462531347646917e-10
5.996493146868286e-10
6.540615092450988e-10
6.921705105596034e-10
7.371688890483369e-10
8.009297275183802e-10
6.557499347709726e-10
7.401381041668908e-10
8.227764722540852e-10
8.804730423016215e-10
9.487514776933831e-10
1.0455226975094935e-9
8.649138457235748e-10
9.885034834119832e-10
1.0705150153048475e-9
1.1679495318893056e-9
1.3063989008028464e-9
1.1783596727728705e-9
1.3047507408805022e-9
1.4455879172687605e-9
1.647029590627235e-9
1.4890730424369624e-9
1.6834836802917095e-9
1.9469411320455517e-9
2.0189654055889553e-9
2.3946500152904868e-9
3.2206366434292924e-9
7.72342253823636e-12
1.4094247197962175e-11
1.730780837237142e-11
1.9159286072770768e-11
2.1141971853445194e-11
2.2751412615633856e-11
2.370257921101207e-11
2.4515427425719992e-11
2.5162161496477843e-11
2.5826118899519145e-11
2.6294927224940605e-11
2.685133680129511e-11
2.7657410868632177e-11
3.171891968230233e-11
4.325312304185633e-11
5.050491661344284e-11
5.840259198889467e-11
6.486201784170344e-11
6.866469119257744e-11
7.191196650223576e-11
7.448008371265654e-11
7.71017678963887e-11
7.8937753601513e-11
8.110366937815252e-11
8.417486207852165e-11
6.338379203004255e-11
7.736553946328205e-11
9.295272295460375e-11
1.0577129948863496e-10
1.133603178222063e-10
1.198556306819509e-10
1.2497529033312293e-10
1.3021207345214652e-10
1.338743832771988e-10
1.3819410464374148e-10
1.443101322076325e-10
9.834734158920466e-11
1.2341181331740003e-10
1.4446710467158815e-10
1.5708501677857056e-10
1.6790354718478604e-10
1.7642472187237642e-10
1.8515158597272398e-10
1.9125040591589814e-10
1.9844686860554504e-10
2.0863787885861153e-10
1.651184660897767e-10
2.0310404340086932e-10
2.2648640659414123e-10
2.465230127138404e-10
2.6228506465944635e-10
2.7843439844725444e-10
2.897198251198027e-10
3.03040502736207e-10
3.219040132161104e-10
2.64416025542084e-10
3.0523400904679275e-10
3.392724580590888e-10
3.65911014743457e-10
3.932082956511815e-10
4.1229858852284794e-10
4.3483336533045145e-10
4.667491022828527e-10
3.6601940642467466e-10
4.1884593613880456e-10
4.5872966547024363e-10
4.993811185470913e-10
5.27862597341491e-10
5.61487530704098e-10
6.09137068249202e-10
5.018292140291527e-10
5.657350438370533e-10
6.282239486920863e-10
6.718651796138981e-10
7.235074912355604e-10
7.967031492344017e-10
6.615292693981689e-10
7.564353134145536e-10
8.195023587465183e-10
8.944154484597963e-10
1.0008525043373886e-9
9.030162443667218e-10
1.0007525819086175e-9
1.1101247222935338e-9
1.266443203699782e-9
1.1420893148081914e-9
1.2922292694965517e-9
1.4962395562508515e-9
1.5466487307908473e-9
1.8330584637277643e-9
2.455514851888141e-9
6.245179640912125e-12
1.143599821981432e-11
1.4036742664483828e-11
1.5526353074922002e-11
1.7116211933880968e-11
1.8404621180923452e-11
1.9165580382730577e-11
1.9815129660991072e-11
2.0331698686616823e-11
2.086202158330569e-11
2.1236721093581605e-11
2.1681579647864477e-11
2.2324673069907644e-11
2.572038983479006e-11
3.497266608075887e-11
4.074984818763153e-11
4.7019430022879664e-11
5.214012180976676e-11
5.515274790774658e-11
5.7724417432695134e-11
5.975842926802077e-11
6.183454955852079e-11
6.328865526733866e-11
6.500412594032569e-11
6.743595983995749e-11
5.1012466320383985e-11
6.206328418617067e-11
7.434007974672722e-11
8.442399850151704e-11
9.038998154998386e-11
9.549492315011675e-11
9.951929878235985e-11
1.0363503630936323e-10
1.0651353582038064e-10
1.0990882516444127e-10
1.147153656472308e-10
7.854627617786297e-11
9.813197083838914e-11
1.1455524063233798e-10
1.243885436446569e-10
1.3281810643105058e-10
1.394584004269046e-10
1.462580104389475e-10
1.5101017027820086e-10
1.5661784728717754e-10
1.6455780006369463e-10
1.3039691908778573e-10
1.596894006275268e-10
1.7770344719273763e-10
1.9314423571229788e-10
2.0529281600417852e-10
2.17738093607914e-10
2.264350841316216e-10
2.367011880818904e-10
2.512369422179968e-10
2.0679716991107062e-10
2.3818803162302767e-10
2.6445036004878484e-10
2.8501422048484516e-10
3.060790177725952e-10
3.2080964165659885e-10
3.381994129355991e-10
3.6282564379715853e-10
2.847467627424004e-10
3.252272494626177e-10
3.558624358824072e-10
3.870702179866001e-10
4.0893195582056935e-10
4.347435242849566e-10
4.713178136750525e-10
3.8781951048090704e-10
4.3598144790107363e-10
4.830154759554731e-10
5.15859316035902e-10
5.547299807188784e-10
6.098219789676725e-10
5.076028718259176e-10
5.784619873881707e-10
6.253622230805978e-10
6.811101905136204e-10
7.603351392336299e-10
6.88673321278467e-10
7.619779902706028e-10
8.437125908296236e-10
9.606436849908912e-10
8.696054001456966e-10
9.835136489636275e-10
1.1383041177708058e-9
1.1786016947201766e-9
1.4004048059688446e-9
1.876953332276098e-9
5.0053548068872506e-12
9.235223603529978e-12
1.1349517202231782e-11
1.2555005653201419e-11
1.3838206665031482e-11
1.4876837983881883e-11
1.5490001901894535e-11
1.6013195634124236e-11
1.6429124004090738e-11
1.6855586404058693e-11
1.7156509817086472e-11
1.7513624925417223e-11
1.8030368844113084e-11
2.0873152354230063e-11
2.8365409640220043e-11
3.301596144234233e-11
3.804748614399648e-11
4.215305306336347e-11
4.456742769941522e-11
4.662790192305146e-11
4.8257749266509195e-11
4.992086417646356e-11
5.1085577072413395e-11
5.245957333236129e-11
5.440748870870947e-11
4.12908550682618e-11
5.013050120368037e-11
5.991885026631133e-11
6.795132808017623e-11
7.270103957855688e-11
7.676442365051385e-11
7.996814667735259e-11
8.324395438893864e-11
8.553501389470784e-11
8.823735057241585e-11
9.206289691662393e-11
6.323606851938477e-11
7.873211931128209e-11
9.170861166242321e-11
9.947272082894946e-11
1.0612722252505532e-10
1.1136971544271669e-10
1.167371903038686e-10
1.2048848272794557e-10
1.2491505216315784e-10
1.3118256488316e-10
1.040511012663341e-10
1.2696579314674977e-10
1.4104199500476997e-10
1.5310468957654236e-10
1.6259630530256681e-10
1.723193104190202e-10
1.7911391152531134e-10
1.8713435934957004e-10
1.9849023319408757e-10
1.6346595875737234e-10
1.8766501614509829e-10
2.078925669173062e-10
2.2373270788310994e-10
2.399615798052822e-10
2.5131033617257673e-10
2.6470779525615386e-10
2.836793340041849e-10
2.2325458488951634e-10
2.541689726643741e-10
2.775723292466967e-10
3.014289775362909e-10
3.1814030665370544e-10
3.378708325688158e-10
3.6582622085906696e-10
3.019764976772648e-10
3.388332685968348e-10
3.749307835011879e-10
4.001372334814585e-10
4.299644528439842e-10
4.722352500405294e-10
3.934523429563637e-10
4.475791568967048e-10
4.83533269370019e-10
5.26237236260354e-10
5.869092258433044e-10
5.30606874501079e-10
5.858977267852071e-10
6.475419954775438e-10
7.356839086165586e-10
6.66188969549584e-10
7.508556529142138e-10
8.655011723722633e-10
8.969495061149511e-10
1.0595630880971873e-9
1.4210218832457786e-9
3.9610430335347595e-12
7.390701737241388e-12
9.109119579448299e-12
1.0086454997652004e-11
1.11247168843232e-11
1.1964334624164401e-11
1.2459761913814391e-11
1.2882199345869627e-11
1.321788096110501e-11
1.3562009670766899e-11
1.3804809249886095e-11
1.4092603986838513e-11
1.4507621362487232e-11
1.6875092636662197e-11
2.297481535360363e-11
2.674602917437419e-11
3.0815991376900435e-11
3.413405145783832e-11
3.608433632934578e-11
3.77484113885462e-11
3.906478004095756e-11
4.0407836159274264e-11
4.1348405762693155e-11
4.245784919146136e-11
4.403006198067905e-11
3.347324902047942e-11
4.0614597327418365e-11
4.850064114574483e-11
5.496625147715583e-11
5.87872950151994e-11
6.205575993302987e-11
6.463298185496891e-11
6.726785227802696e-11
6.911068951950914e-11
7.128425177366593e-11
7.436083605330603e-11
5.115380938786135e-11
6.356168134252633e-11
7.393726542926234e-11
8.01405588237456e-11
8.545678020889263e-11
8.964522883892976e-11
9.393308371047718e-11
9.692991877630157e-11
1.0046606947411712e-10
1.0547240483491605e-10
8.367449638968847e-11
1.018040252384497e-10
1.1292569929309848e-10
1.224582734109231e-10
1.2996011707941435e-10
1.3764420624013525e-10
1.4301400029873926e-10
1.4935230537343295e-10
1.5832619169281527e-10
1.3041713650432944e-10
1.4933250082806537e-10
1.6517678602678464e-10
1.775913849402755e-10
1.9030850311562383e-10
1.9920105618609538e-10
2.0969856317022973e-10
2.2456342448610118e-10
1.7696271876913668e-10
2.009885233808056e-10
2.1922144166983154e-10
2.378037408241532e-10
2.508183327986174e-10
2.661838594542079e-10
2.879544645847098e-10
2.376851624566985e-10
2.6596814765255814e-10
2.9367669563500476e-10
3.13024681280888e-10
3.359190120909343e-10
3.683647158846912e-10
3.0745316569493847e-10
3.4855623918358895e-10
3.7584984220298526e-10
4.082787873201076e-10
4.5435310780581237e-10
4.1149208957567134e-10
4.5344527197071567e-10
5.003435767782299e-10
5.673957535294818e-10
5.143160526197634e-10
5.789428076641396e-10
6.668012220422978e-10
6.88585130123545e-10
8.125577306912989e-10
1.0801306761875953e-9
3.0853364979500654e-12
5.838928738224915e-12
7.228300048243008e-12
8.018358072357373e-12
8.856731229381196e-12
9.534478614006297e-12
9.934215046184482e-12
1.0274948788026902e-11
1.0545650993066516e-11
1.082297126720069e-11
1.1018420873702057e-11
1.1250044342957691e-11
1.15839199721721e-11
1.3529775549720308e-11
1.849719399106158e-11
2.1563648208536246e-11
2.4867538176518088e-11
2.7559726582391506e-11
2.914156059434869e-11
3.0491166474549734e-11
3.155882274047816e-11
3.2647955055959674e-11
3.341059623910837e-11
3.431017143418285e-11
3.558484512081533e-11
2.7051219550847867e-11
3.2854488320911634e-11
3.925061936962351e-11
4.449158717178599e-11
4.758766104741158e-11
5.0235889541752214e-11
5.2324157799886e-11
5.445893181908423e-11
5.5951956940058367e-11
5.771294303449057e-11
6.020539666931566e-11
4.139705073181429e-11
5.142168481931033e-11
5.979537566264196e-11
6.479914302963045e-11
6.908723425345908e-11
7.246575436411517e-11
7.59242069787801e-11
7.834133144556774e-11
8.119343859342426e-11
8.523115845769844e-11
6.757287741718079e-11
8.208387982329378e-11
9.097742418347647e-11
9.860152576675148e-11
1.0460186215207663e-10
1.107477635761755e-10
1.1504256480770147e-10
1.2011191725525799e-10
1.272890990622887e-10
1.0480734599418613e-10
1.197855186033466e-10
1.323515242512197e-10
1.4219983238091666e-10
1.522879850444449e-10
1.593419010271381e-10
1.6766882584718485e-10
1.7945993642280353e-10
1.4147584625888655e-10
1.6032529599324664e-10
1.7464964770568468e-10
1.8925311859502536e-10
1.9948030934006246e-10
2.1155462214063167e-10
2.286616244005682e-10
1.888060768286061e-10
2.107768051015187e-10
2.3234757447297318e-10
2.474125862520042e-10
2.6523598509197443e-10
2.904944545564569e-10
2.4276344673009167e-10
2.745215335822055e-10
2.9567998813253793e-10
3.2080354856649973e-10
3.564915616312734e-10
3.2261703298687275e-10
3.547362415464654e-10
3.9069287351863787e-10
4.4207135402121237e-10
4.0078065547657774e-10
4.4966339420022213e-10
5.160601127346335e-10
5.321628818621485e-10
6.251216644294499e-10
8.26628352655261e-10
2.359969606062813e-12
4.539914381435198e-12
5.652153053153818e-12
6.286019714669041e-12
6.958586934858006e-12
7.502434054024582e-12
7.823102139650149e-12
8.096411302379073e-12
8.313482150014284e-12
8.53576430149801e-12
8.692366847369592e-12
8.877908809779392e-12
9.14467063967206e-12
1.0714537854828418e-11
1.4739466019764086e-11
1.722675541494079e-11
1.9904991649725684e-11
2.2087206934230648e-11
2.336913673908765e-11
2.4462924649749657e-11
2.532819702737837e-11
2.621080889841513e-11
2.6828791141655833e-11
2.7557746696269242e-11
2.859030723766032e-11
2.1693707283474042e-11
2.6413359234708938e-11
3.161077199275589e-11
3.586854789401185e-11
3.8383297632973414e-11
4.053439822439816e-11
4.223064265185831e-11
4.396461611109239e-11
4.5177292632532904e-11
4.66076430983116e-11
4.863188849038296e-11
3.335925518266938e-11
4.149625099654599e-11
4.8289141900241234e-11
5.234717646954916e-11
5.582493908289422e-11
5.856498608116987e-11
6.136981857953008e-11
6.333008837894461e-11
6.564314543157888e-11
6.891746844457124e-11
5.456283058197638e-11
6.627546524729189e-11
7.344963224755774e-11
7.960101067671649e-11
8.444268561468122e-11
8.94018473690192e-11
9.286725718481252e-11
9.695762162113387e-11
1.0274851916913981e-10
8.450866847732616e-11
9.64958674779559e-11
1.065666082676624e-10
1.144625593835648e-10
1.2255094430905927e-10
1.2820621950462664e-10
1.3488206838432304e-10
1.4433488120212014e-10
1.1372547561971932e-10
1.2869763336139108e-10
1.4009882841448566e-10
1.5172597305122163e-10
1.5986747963992686e-10
1.694792900624919e-10
1.8309678595781737e-10
1.5110000772300345e-10
1.68405075265056e-10
1.8543511968278622e-10
1.9732825370895567e-10
2.1139729717650258e-10
2.31334403827862e-10
1.933431505730334e-10
2.1812965774212166e-10
2.3467556814808605e-10
2.5431741054480255e-10
2.822155793654783e-10
2.5522647540412485e-10
2.8002543900546247e-10
3.078464244881691e-10
3.475968834178893e-10
3.15275185504299e-10
3.528794027586292e-10
4.041133882329319e-10
4.1541500796208867e-10
4.869805195977498e-10
6.376238353104785e-10
1.7701167722046165e-12
3.4661584451106123e-12
4.344198546939735e-12
4.846841953635224e-12
5.380692965152655e-12
5.812720517368877e-12
6.06742486745339e-12
6.284536204435987e-12
6.4569432408185416e-12
6.633456194387577e-12
6.757754779985944e-12
6.90495693267677e-12
7.116381441483913e-12
8.353164313109176e-12
1.1581709198660922e-11
1.3584010158674798e-11
1.5741082455969606e-11
1.7499246802861828e-11
1.8532041534066337e-11
1.9413403948658532e-11
2.01105988971933e-11
2.0821769904936387e-11
2.1319660539408918e-11
2.1906963038800606e-11
2.2738733072709728e-11
1.7192784355824593e-11
2.1013625644089036e-11
2.5222535028745034e-11
2.867101010325019e-11
3.0707789438537356e-11
3.2450277339777827e-11
3.382422633241904e-11
3.522879682599543e-11
3.621105088324796e-11
3.736964560539609e-11
3.900919356125049e-11
2.66487269934434e-11
3.325006589562553e-11
3.8760590702930215e-11
4.2052571610677096e-11
4.487414243140348e-11
4.709708095144865e-11
4.937267565002953e-11
5.096300316920828e-11
5.2839566387684435e-11
5.549588466505991e-11
4.3848471069110105e-11
5.3338074191621345e-11
5.914953644188711e-11
6.413370697685598e-11
6.805688324124832e-11
7.207541766109267e-11
7.488342239160447e-11
7.819783037559294e-11
8.289009045603445e-11
6.806350310151102e-11
7.772865186210568e-11
8.585906751388877e-11
9.223603726425258e-11
9.876857960237204e-11
1.0333574864895534e-10
1.0872713144150447e-10
1.1636103313290069e-10
9.154580073733656e-11
1.0355476928178456e-10
1.1271655160530974e-10
1.2206222652613856e-10
1.2860528245683584e-10
1.3632990277335126e-10
1.4727342781421323e-10
1.2137375590941234e-10
1.351522225261621e-10
1.487385540026552e-10
1.5822680995463867e-10
1.694497762276021e-10
1.8535325249278833e-10
1.5482352473142903e-10
1.7439773482881803e-10
1.8749524647870134e-10
2.030399193663767e-10
2.2511528048116898e-10
2.0338331417917863e-10
2.2280008266999596e-10
2.44654457920432e-10
2.758639060551554e-10
2.5010592396276527e-10
2.794033723440283e-10
3.194123200436286e-10
3.272835354206745e-10
3.8250029994524237e-10
4.962796418161135e-10
1.301298071544336e-12
2.5950862454660848e-12
3.2764757848599806e-12
3.669102254913672e-12
4.086954738976191e-12
4.425546891527199e-12
4.625182686391822e-12
4.795409104977079e-12
4.930577555404775e-12
5.068960930929004e-12
5.166371406804904e-12
5.281723453401696e-12
5.447235308449666e-12
6.395088959480045e-12
8.947736186989742e-12
1.0540144207956557e-11
1.2258343015107423e-11
1.3659788318274893e-11
1.4483174214452063e-11
1.5186018379006127e-11
1.5741952164030262e-11
1.6309072831116545e-11
1.6706069960733716e-11
1.7174384410804832e-11
1.7837534073798907e-11
1.3419465489349217e-11
1.648296886185258e-11
1.9862471872334775e-11
2.263275151082165e-11
2.426934874647236e-11
2.5669773984941864e-11
2.6773882495012072e-11
2.7902718150137547e-11
2.869209307644394e-11
2.9623219440619416e-11
3.0940808163105076e-11
2.1020490715230567e-11
2.634500275905435e-11
3.079169927283117e-11
3.3448935836971423e-11
3.572686605921505e-11
3.752135128005659e-11
3.935851537540605e-11
4.0642371856785613e-11
4.2157347700957614e-11
4.4301772884069475e-11
3.491812346798565e-11
4.259561767734157e-11
4.7298596121080047e-11
5.133313030385506e-11
5.450885451577877e-11
5.776200406275189e-11
6.00350876754315e-11
6.27181434180061e-11
6.651655342233536e-11
5.450728855199229e-11
6.232153694172086e-11
6.89016525543026e-11
7.406401031745348e-11
7.935256137084181e-11
8.304979789903856e-11
8.741429970070473e-11
9.359412052068074e-11
7.346158753838181e-11
8.314611944419541e-11
9.054502679759299e-11
9.809414025379917e-11
1.0337879332916746e-10
1.0961775327830172e-10
1.1845637668351012e-10
9.74331156277335e-11
1.0849006255149145e-10
1.1941120740682574e-10
1.2703833887133225e-10
1.3605908918708815e-10
1.488416380248761e-10
1.241618219987869e-10
1.3977314733083408e-10
1.5024276838043524e-10
1.6266552194417638e-10
1.803048948356164e-10
1.6267782462167975e-10
1.7805155811474285e-10
1.9540528808409467e-10
2.201761730888887e-10
1.994495149719825e-10
2.2252129786019933e-10
2.540984539739356e-10
2.5959150290465443e-10
3.028202257732123e-10
3.8977518348093267e-10
9.379981819369e-13
1.9044670039568396e-12
2.4231455135088563e-12
2.7245052333073298e-12
3.0462062718942083e-12
3.3073293286792515e-12
3.4613388589827065e-12
3.592730207245592e-12
3.6970671701408124e-12
3.80390090752333e-12
3.879086950601279e-12
3.968131851090881e-12
4.095807400498642e-12
4.800427095147222e-12
6.7829362619844795e-12
8.029342020530951e-12
9.377686964783084e-12
1.0478593729366568e-11
1.112564264664947e-11
1.1678156069856468e-11
1.2115129599011547e-11
1.2560958487735054e-11
1.2873017310891032e-11
1.3241160650105778e-11
1.3762408434304336e-11
1.0288896456912563e-11
1.2710935661965064e-11
1.5389421933510315e-11
1.758680813596029e-11
1.8885535774916714e-11
1.9997147225727365e-11
2.0873413486291676e-11
2.1769448094817805e-11
2.2395985745321902e-11
2.3135068417529266e-11
2.4180879656270184e-11
1.632027944334705e-11
2.056939153424355e-11
2.412128199978071e-11
2.6244998784797827e-11
2.8065969685166344e-11
2.95003115165836e-11
3.096896658746042e-11
3.199523712904304e-11
3.320630072018146e-11
3.4920531261703755e-11
2.7449978382557543e-11
3.362047875082669e-11
3.740294307091364e-11
4.064860893583979e-11
4.3203319362798425e-11
4.5820570142899634e-11
4.7649248853459853e-11
4.980779394755749e-11
5.286366085672867e-11
4.3221459680690735e-11
4.9523691641906074e-11
5.4833989866647767e-11
5.900076022179124e-11
6.326966687167347e-11
6.625393424535595e-11
6.977684666731787e-11
7.476502775356528e-11
5.850832866648597e-11
6.632170750813076e-11
7.229631309578396e-11
7.839328620153544e-11
8.266105009976295e-11
8.769950973353767e-11
9.48373744516062e-11
7.781808232444875e-11
8.672071462024538e-11
9.552497417117073e-11
1.0167379835601089e-10
1.0894566102416279e-10
1.1924990666295384e-10
9.928297588765014e-11
1.1180723655947012e-10
1.2022132902736123e-10
1.3020331037810618e-10
1.4437551591793445e-10
1.3005781346743595e-10
1.4232712843796792e-10
1.5621131929744002e-10
1.760225976359535e-10
1.5926148842378692e-10
1.7760237058931614e-10
2.0275830677816644e-10
2.0661879457104395e-10
2.4085305354896506e-10
3.080142360111269e-10
6.637062361068472e-13
1.370574084838091e-12
1.7574024656212768e-12
1.984341493463909e-12
2.2275624872823437e-12
2.4253841078180607e-12
2.5421261793898516e-12
2.6417940770729155e-12
2.7209522164916773e-12
2.8020303007681625e-12
2.8590886308692585e-12
2.92668283339303e-12
3.0235770009648345e-12
3.5308257041351285e-12
5.0396001468506735e-12
5.9970341762064865e-12
7.036385904421973e-12
7.886102758749379e-12
8.38579469065055e-12
8.812651374342178e-12
9.150193810458133e-12
9.494644775172263e-12
9.73572335597348e-12
1.002015274540934e-11
1.0422853027900513e-11
7.735618628023079e-12
9.617166914565126e-12
1.1704963969863293e-11
1.3419567973250803e-11
1.4433598660338377e-11
1.5301794331414652e-11
1.5986047190523878e-11
1.6685879842987748e-11
1.7175191671134708e-11
1.775242779013563e-11
1.8569225679680233e-11
1.244220078952852e-11
1.5783314826520283e-11
1.8579951059102778e-11
2.0253416435931597e-11
2.168867612354628e-11
2.281904882100511e-11
2.397665721442369e-11
2.478552177311359e-11
2.5740071665730562e-11
2.7091233455219093e-11
2.1237341709381022e-11
2.6140962273115014e-11
2.9150029322390576e-11
3.173262152748473e-11
3.376530080702165e-11
3.5847977800217044e-11
3.730308729957981e-11
3.9020723125307014e-11
4.145242699912407e-11
3.381348813217286e-11
3.8858281953155966e-11
4.310997692712238e-11
4.644624983203269e-11
4.9864561289289674e-11
5.2254129968318433e-11
5.507505640207718e-11
5.90693109423715e-11
4.6069923434874636e-11
5.234384293138006e-11
5.7142822491610915e-11
6.204062856757627e-11
6.546886017195725e-11
6.951621417715776e-11
7.525005739209983e-11
6.158195758193659e-11
6.873803923346714e-11
7.581983094764414e-11
8.076576833854249e-11
8.661485771626398e-11
9.490305822086651e-11
7.882155304431774e-11
8.887989939914474e-11
9.564521034527625e-11
1.0367028495151874e-10
1.1506343293375207e-10
1.0348356159253608e-10
1.1331140093983483e-10
1.244541116976649e-10
1.4034978577147285e-10
1.2679781928702328e-10
1.414589559766659e-10
1.616039413380148e-10
1.6437286823561107e-10
1.9167689200795863e-10
2.440963209941829e-10