2.172581923051548e-9
3.612717669272898e-9
4.335140200294979e-9
4.731973002572135e-9
4.9257934824281874e-9
5.049216094158033e-9
5.125314745570614e-9
5.190951243542903e-9
5.235363475462206e-9
5.2770947058829485e-9
5.301443789980388e-9
7.646011659271382e-9
1.0453405550108002e-8
1.215296278539777e-8
1.298953692565121e-8
1.3522694993561287e-8
1.3851494271391199e-8
1.4134501609439197e-8
1.4326956452899837e-8
1.4506617374434204e-8
1.4610422225291051e-8
1.587544975796467e-8
1.9706054416827248e-8
2.163578843385587e-8
2.2872498319504005e-8
2.363455261542538e-8
2.4290071982798055e-8
2.473716086229731e-8
2.5153504105193107e-8
2.5392969103598182e-8
2.621238634966751e-8
2.981758360521424e-8
3.214461019341927e-8
3.3578158364433155e-8
3.4810912995331765e-8
3.565345894381788e-8
3.6437182420564824e-8
3.6887184053758856e-8
3.495984989714408e-8
3.842008691586532e-8
4.053932096712424e-8
4.23624715301439e-8
4.360893695407115e-8
4.47685443538894e-8
4.543395041449685e-8
4.3062325822123084e-8
4.594164663253611e-8
4.839978091752719e-8
5.008215069543593e-8
5.164779882933636e-8
5.254564030329999e-8
4.9495509178401326e-8
5.251484381357635e-8
5.4560761854816195e-8
5.6470716062723675e-8
5.7565520733603926e-8
5.6287637372978896e-8
5.872695801902643e-8
6.098539360834589e-8
6.229258359395403e-8
6.179036833883393e-8
6.434147088167583e-8
6.579174365905924e-8
6.764324946767216e-8
6.93344297953259e-8
7.138020167417362e-8
1.7733189517540017e-9
2.9934218630359983e-9
3.6164610875046077e-9
3.961140070732251e-9
4.129743478136897e-9
4.237100833227894e-9
4.303403890113538e-9
4.360491952352167e-9
4.3991258773210335e-9
4.435453609869397e-9
4.456659419107136e-9
6.511897816942188e-9
9.049171033748809e-9
1.0607969447797616e-8
1.1376581848473668e-8
1.1866614906474426e-8
1.2168956322429096e-8
1.2429031415495738e-8
1.2605941060158275e-8
1.2771086734031185e-8
1.2866450111921314e-8
1.4102444733348083e-8
1.776178725843298e-8
1.961177884697692e-8
2.079827225616979e-8
2.1529464430293044e-8
2.2158246742104588e-8
2.2587243242401385e-8
2.2986676893234917e-8
2.321629771508706e-8
2.416252313252515e-8
2.7748800815537878e-8
3.006563924826282e-8
3.1492980580067224e-8
3.2720173094910204e-8
3.355919498413722e-8
3.433952457345155e-8
3.478741367770163e-8
3.296831283752249e-8
3.649521364962467e-8
3.865410965241564e-8
4.051123457637691e-8
4.1781226466189896e-8
4.296263125140786e-8
4.364035345485808e-8
4.13052971309924e-8
4.429055562821599e-8
4.683722453401835e-8
4.8580647987189855e-8
5.0203075317790864e-8
5.113324488027797e-8
4.801755772633502e-8
5.118059416816445e-8
5.332249852333795e-8
5.532258196861224e-8
5.6468781989211564e-8
5.518160747382711e-8
5.7757435852214084e-8
6.014108202572761e-8
6.152162134866225e-8
6.103630725012743e-8
6.374398535573668e-8
6.528186477829921e-8
6.730268061729594e-8
6.911076614894729e-8
7.132315347867584e-8
1.4391547959896022e-9
2.459661642439984e-9
2.9881506583299305e-9
3.2825747176444064e-9
3.4269067322857277e-9
3.5187837568539086e-9
3.5755605996865364e-9
3.6243912862941505e-9
3.657503251683622e-9
3.6886053902345517e-9
3.7068089932296864e-9
5.46619977774042e-9
7.69784853663314e-9
9.089306001235766e-9
9.776902153200868e-9
1.0215395780534205e-8
1.048596085130677e-8
1.0718632858114266e-8
1.0877024481570403e-8
1.1024797781305802e-8
1.1110155117180386e-8
1.2268754683831268e-8
1.566501945288581e-8
1.7389032623119895e-8
1.8495519413778746e-8
1.9177350489151934e-8
1.9763611962812755e-8
2.0163811833579533e-8
2.053628472452078e-8
2.0750394146104237e-8
2.1793335603869627e-8
2.5270884650424137e-8
2.7519344232581096e-8
2.8904487072987504e-8
3.0095304029166134e-8
3.0909807242915634e-8
3.1667127740593436e-8
3.210176759706753e-8
3.0446856522261604e-8
3.3960925054720586e-8
3.611039994868634e-8
3.7959433377088326e-8
3.92242532863414e-8
4.040067672450322e-8
4.107547875531595e-8
3.884334970325425e-8
4.187553571084153e-8
4.446007166941551e-8
4.6229972795734986e-8
4.7876933673031304e-8
4.882106631563684e-8
4.571093395375056e-8
4.8961972727592616e-8
5.116172375895093e-8
5.3216413307295554e-8
5.439376887207374e-8
5.313288601787998e-8
5.5804483043332895e-8
5.8275229955831935e-8
5.970749746892466e-8
5.925897244227533e-8
6.208352285984664e-8
6.368618756985627e-8
6.586258713775514e-8
6.776464275969253e-8
7.012329151396245e-8
1.1464695397676283e-9
1.9877109557637836e-9
2.429005804816531e-9
2.6764913269296297e-9
2.798083321906928e-9
2.8754539405490864e-9
2.9232297499862055e-9
2.9644499026701258e-9
2.992403355578446e-9
3.018603278104841e-9
3.0339236911194437e-9
4.513704856506113e-9
6.429312030436053e-9
7.639913109082537e-9
8.23949868076972e-9
8.621959331216295e-9
8.85786815352347e-9
9.060902889542835e-9
9.199157683303618e-9
9.32803743116318e-9
9.402440918967472e-9
1.0443877118481251e-8
1.3501554922209354e-8
1.5060410718592324e-8
1.6061607717922427e-8
1.66783887992756e-8
1.720890195769586e-8
1.7571151675681895e-8
1.790814750248781e-8
1.810179189015722e-8
1.919541074119874e-8
2.2472108177722827e-8
2.4592305961705694e-8
2.5898256546668824e-8
2.7021163964802966e-8
2.778944462455729e-8
2.8503585009430592e-8
2.8913345126537673e-8
2.7469852736927015e-8
3.088109231281697e-8
3.29657368380317e-8
3.475930864559477e-8
3.598640593015107e-8
3.712759264696257e-8
3.7782066195467777e-8
3.572038122808483e-8
3.872809913990127e-8
4.128946772754099e-8
4.3043937661277406e-8
4.467646988639792e-8
4.561217107685929e-8
4.258942814206281e-8
4.585790145607263e-8
4.806705614142085e-8
5.013132016010191e-8
5.1313963006667774e-8
5.0119870081561246e-8
5.283276447392422e-8
5.533983654290578e-8
5.6794744111204015e-8
5.640585424882165e-8
5.929250672026468e-8
6.092840166458578e-8
6.32368041721499e-8
6.519977873508655e-8
6.767253673437064e-8
9.107549054506471e-10
1.59530743297571e-9
1.9591023004753173e-9
2.1643516982260558e-9
2.2652997219620753e-9
2.3296089832853995e-9
2.369364690998986e-9
2.403592867756968e-9
2.426827537869623e-9
2.4486345165178462e-9
2.4613794763441456e-9
3.6924016712142093e-9
5.307511718906867e-9
6.338901214269092e-9
6.8505942025029395e-9
7.177225924034255e-9
7.378724497592828e-9
7.55202563098136e-9
7.670075237904292e-9
7.780161140284764e-9
7.843678937880371e-9
8.746296853892765e-9
1.1420053924380091e-8
1.278856315439827e-8
1.3668245521260472e-8
1.4210135305431646e-8
1.4676101082478714e-8
1.4994355127707775e-8
1.529045247091348e-8
1.546053646736686e-8
1.6546652088735755e-8
1.9540131120007704e-8
2.1478363469912656e-8
2.2672218905732916e-8
2.3698576003887894e-8
2.4400976888182414e-8
2.505388852570728e-8
2.542843790706225e-8
2.4224741532406245e-8
2.7441279636233456e-8
2.9404949619299836e-8
3.109441311088462e-8
3.2250428560367224e-8
3.332559276350226e-8
3.394210773842722e-8
3.210996679075048e-8
3.5014525097775174e-8
3.748493662772336e-8
3.917749593998549e-8
4.07526046398598e-8
4.165525323589054e-8
3.880599106219855e-8
4.200955241905392e-8
4.4171843286622754e-8
4.6193537532704074e-8
4.7351610756169295e-8
4.626523784632099e-8
4.895366258763095e-8
5.143609754077032e-8
5.287869029419347e-8
5.257150041657684e-8
5.54526513658594e-8
5.708298298116301e-8
5.948795004894258e-8
6.146934967015403e-8
6.401212629633395e-8
7.144156833784045e-10
1.2609683103096015e-9
1.5559328720020188e-9
1.7232016938028918e-9
1.8055714602703413e-9
1.8580938145638474e-9
1.8905594997297626e-9
1.9185359452035707e-9
1.9375214560159e-9
1.9553612807941307e-9
1.9657716010568184e-9
2.978190973591711e-9
4.322625092785377e-9
5.187042357315835e-9
5.6164010458785115e-9
5.890640715290189e-9
6.059795893043767e-9
6.2052975988696094e-9
6.30439857778196e-9
6.396825365249519e-9
6.4501151710975395e-9
7.215476535502761e-9
9.495882478263487e-9
1.0666668832604807e-8
1.1419712688018607e-8
1.1883536780914326e-8
1.228239802443408e-8
1.255481438825586e-8
1.2808266276470897e-8
1.2953799021797528e-8
1.3973144226463801e-8
1.6623454838254326e-8
1.8339990865724977e-8
1.9397276352711597e-8
2.0306224842067496e-8
2.0928340005772867e-8
2.1506604276748436e-8
2.183826389449523e-8
2.0877285765972183e-8
2.381615401547696e-8
2.5608164196844398e-8
2.715010225069481e-8
2.820518411087533e-8
2.9186532066903286e-8
2.9749172438231864e-8
2.8186675445935833e-8
3.0908878167596616e-8
3.32208792663426e-8
3.480519148273419e-8
3.627972856431031e-8
3.71246184552946e-8
3.4527926931999285e-8
3.757940122789023e-8
3.963540302157848e-8
4.1559086130061257e-8
4.266085109210736e-8
4.17190711227789e-8
4.4310253762401024e-8
4.6700380493326226e-8
4.809173585100476e-8
4.788559158443245e-8
5.068394728439292e-8
5.22644998783651e-8
5.4718712597355305e-8
5.666819528713273e-8
5.922546410604833e-8
5.596160511888988e-10
9.888410550013499e-10
1.2238777161886453e-9
1.357871193485326e-9
1.423903899333865e-9
1.466040841291019e-9
1.4921195247168164e-9
1.5145947408155716e-9
1.529863397307571e-9
1.5441806896491866e-9
1.5525462077745963e-9
2.3707676091618613e-9
3.4771854421221484e-9
4.192458776948777e-9
4.54796240862195e-9
4.775079949213817e-9
4.9151961237921035e-9
5.0357367592719295e-9
5.117860384490395e-9
5.1943876284666345e-9
5.23850470091413e-9
5.8841786387064285e-9
7.795638380555913e-9
8.778735885206213e-9
9.41117617359916e-9
9.800742068558329e-9
1.0135771680624663e-8
1.0364619317093141e-8
1.0577456647529662e-8
1.0699649553128534e-8
1.1607156461763546e-8
1.3887561222721233e-8
1.536412734270865e-8
1.6273680159133987e-8
1.705563064066052e-8
1.7590900945687192e-8
1.8088345703751597e-8
1.837362458294819e-8
1.762972382061404e-8
2.0230264494596664e-8
2.181392862145067e-8
2.317676814293113e-8
2.4109318815749165e-8
2.497667286399914e-8
2.5473921587116326e-8
2.419217369342571e-8
2.6663153615590013e-8
2.8758247983228703e-8
3.019424164345923e-8
3.153081322658159e-8
3.229657323983844e-8
3.001228471876412e-8
3.282918584896904e-8
3.4723119120618737e-8
3.649657693038821e-8
3.751218635049706e-8
3.6740180508182063e-8
3.916153545960669e-8
4.139192804031868e-8
4.2693127232076984e-8
4.259993903523446e-8
4.5235581425623314e-8
4.6720819874145655e-8
4.916652669638597e-8
5.102973774905993e-8
5.3537639314981206e-8
4.4015916392708456e-10
7.744527199174017e-10
9.593067366376907e-10
1.0652694733422765e-9
1.1175578800013916e-9
1.1509416283469455e-9
1.1715978592440983e-9
1.1894223452943392e-9
1.2015301468117532e-9
1.2129227156138962e-9
1.2195644833535496e-9
1.8656203232040194e-9
2.7617317117533157e-9
3.3456709973133596e-9
3.636151140948059e-9
3.82172324897677e-9
3.936206548467748e-9
4.034710321379804e-9
4.101819471900977e-9
4.164418412665446e-9
4.200465756498452e-9
4.74481116536538e-9
6.330960502360635e-9
7.147468279286263e-9
7.672718427417378e-9
7.996265976992744e-9
8.274519266794537e-9
8.464593495705251e-9
8.641438645124537e-9
8.742912214561128e-9
9.521318945507173e-9
1.1441448970712786e-8
1.2683894906232598e-8
1.3449270960445115e-8
1.410724974246047e-8
1.4557697325009617e-8
1.4976378841947384e-8
1.521642440315073e-8
1.4642736140882685e-8
1.687792613487776e-8
1.8237261659454242e-8
1.940717338200761e-8
2.0207696809367523e-8
2.095238061581715e-8
2.137923391379977e-8
2.0356597309048513e-8
2.2529100906188112e-8
2.436759925441442e-8
2.5628014181371483e-8
2.680138121846225e-8
2.7473530841134273e-8
2.5529950724003375e-8
2.8046774307448532e-8
2.9734761824940437e-8
3.131698850346429e-8
3.222294738694987e-8
3.162737393723338e-8
3.3816136056791104e-8
3.5828938704048825e-8
3.7006260370933665e-8
3.702555693384087e-8
3.9426100216284236e-8
4.0774933690658034e-8
4.3147477818204167e-8
4.487198151863047e-8
4.726350343971892e-8
3.4781610118280225e-10
6.07967665992399e-10
7.524604688245967e-10
8.357817904164978e-10
8.769280332647395e-10
9.032279436075295e-10
9.195175150992004e-10
9.335615336318618e-10
9.431205406219239e-10
9.52105450758935e-10
9.573525724953118e-10
1.4577998282189421e-9
2.168272572985289e-9
2.6369034529911547e-9
2.870280898807671e-9
3.0194661523669555e-9
3.111519991289965e-9
3.1906781967543466e-9
3.2446529136340715e-9
3.294960080520726e-9
3.3239416270775366e-9
3.774305521352519e-9
5.078526965651898e-9
5.750671120329584e-9
6.183271702734048e-9
6.44974264635306e-9
6.678845751406556e-9
6.835419643959318e-9
6.9810257582188125e-9
7.064585787131108e-9
7.726474914736927e-9
9.32339338986337e-9
1.0356289719123453e-8
1.0992555710080594e-8
1.1539468483724636e-8
1.1913980369263635e-8
1.226199219350155e-8
1.2461531952486012e-8
1.2008064364943094e-8
1.388798137285267e-8
1.5029862499680447e-8
1.6012653032714104e-8
1.668520714439708e-8
1.7310786394548678e-8
1.7669381440540512e-8
1.6858464627542064e-8
1.871563376835251e-8
2.0284191032106373e-8
2.1359894662944028e-8
2.2361303488325e-8
2.2934938647123428e-8
2.1322795526769144e-8
2.3502881255728313e-8
2.496120897222835e-8
2.6329473009339037e-8
2.7112891239633632e-8
2.667815549464643e-8
2.8592414888834475e-8
3.034902683681822e-8
3.1379681711656953e-8
3.149573260853245e-8
3.3607858954659634e-8
3.479050026856264e-8
3.702367724629957e-8
3.8566624187401894e-8
4.077911885546329e-8
2.762925189741716e-10
4.788813262337773e-10
5.913928974268432e-10
6.566012789050645e-10
6.888278196205529e-10
7.094473524604349e-10
7.222164841380418e-10
7.332459786960618e-10
7.407470821458289e-10
7.478141894885335e-10
7.519360704832512e-10
1.1376086791949068e-9
1.6905909599877252e-9
2.0595307701412416e-9
2.243572181154332e-9
2.3613147498675897e-9
2.433929849486587e-9
2.4964225102486866e-9
2.5390180277201297e-9
2.578736055527457e-9
2.6016055121766486e-9
2.9589788126150487e-9
4.0123105608401295e-9
4.556820114652757e-9
4.907590699739349e-9
5.12356510151927e-9
5.309325178421919e-9
5.436267224185713e-9
5.554325104354664e-9
5.6220576354541745e-9
6.1921322142427474e-9
7.51153387024016e-9
8.365194985686722e-9
8.890917060888636e-9
9.342902248502822e-9
9.652408574128585e-9
9.940018847922756e-9
1.0104905308083682e-8
9.740898882538504e-9
1.1303582979317476e-8
1.2251929549981573e-8
1.3068300565352501e-8
1.3626958388819016e-8
1.4146611879256044e-8
1.4444467974330093e-8
1.3791525852984476e-8
1.5347811319904507e-8
1.6660273625941188e-8
1.7560542704871067e-8
1.8398682543489717e-8
1.8878761646566493e-8
1.7556456029797522e-8
1.9398488265288687e-8
2.0627607770170545e-8
2.1781923105671517e-8
2.2442805255054404e-8
2.213358667157103e-8
2.376034103718933e-8
2.524964849758645e-8
2.6126257076178237e-8
2.6307445087005456e-8
2.8108148615781147e-8
2.911230725056827e-8
3.1146861662604314e-8
3.24829322588511e-8
3.446700527245314e-8
2.2084671049932493e-10
3.7910898074442073e-10
4.665811654927159e-10
5.173908202005021e-10
5.425273685110203e-10
5.586216917181614e-10
5.685911354072043e-10
5.772038407623013e-10
5.830655323349525e-10
5.885922503684998e-10
5.91817488504681e-10
8.899340907629009e-10
1.3173507301306304e-9
1.6037417810571916e-9
1.7468682797934222e-9
1.8384483229373415e-9
1.8949457743040225e-9
1.9435516516738745e-9
1.9766872718861167e-9
2.0075902646808054e-9
2.025383346317378e-9
2.2985189264123746e-9
3.12604360964547e-9
3.5557603787896736e-9
3.832696837089734e-9
4.0032375498868756e-9
4.1498956427696066e-9
4.250122147537698e-9
4.3433485368614005e-9
4.396827881628772e-9
4.885138927370281e-9
5.962241749856375e-9
6.659646532764877e-9
7.089184714987915e-9
7.458446192664706e-9
7.711325140938912e-9
7.94633419728023e-9
8.081056230820134e-9
7.802983779168039e-9
9.094398571321734e-9
9.87797869756042e-9
1.0552486659497062e-8
1.1014092288053156e-8
1.1443496027550107e-8
1.1689615390167328e-8
1.1158993557286609e-8
1.2450538577572841e-8
1.3538748428839706e-8
1.4285318888125329e-8
1.4980411136284542e-8
1.537854572806215e-8
1.4292604039262049e-8
1.5826125980467608e-8
1.6847607886733795e-8
1.7807609381251923e-8
1.8357237304262562e-8
1.8130254970031782e-8
1.9486502802193698e-8
2.0725455265191767e-8
2.1456692799315306e-8
2.1662457220197718e-8
2.316316772348846e-8
2.3996559078536317e-8
2.5789226205063162e-8
2.6915819152887286e-8
2.8643348711045552e-8
1.7758661998436868e-10
3.022460860684708e-10
3.706318560993706e-10
4.1030981273161987e-10
4.2994693242060243e-10
4.425292021732809e-10
4.5032121304822447e-10
4.5705674788421336e-10
4.6164220854473814e-10
4.65970576957906e-10
4.68497854716403e-10
6.993124145623475e-10
1.0299994786644695e-9
1.251307564241491e-9
1.3619631816943252e-9
1.4327718194338228e-9
1.4764459956768075e-9
1.5140345627014487e-9
1.5396589471619596e-9
1.5635609732337146e-9
1.5773270727898171e-9
1.7858216828804025e-9
2.4224451393410997e-9
2.7536929252388777e-9
2.967167827402317e-9
3.098621716859863e-9
3.211690713482933e-9
3.288961124081484e-9
3.3608333092621854e-9
3.4020710216501224e-9
3.797554492191133e-9
4.6531479213814115e-9
5.20738438658502e-9
5.548774263721704e-9
5.842268322366791e-9
6.043281053855123e-9
6.230079064965929e-9
6.337175436463441e-9
6.149472660715124e-9
7.203613452402537e-9
7.84306620381549e-9
8.393527886246101e-9
8.770258701680004e-9
9.120711314015914e-9
9.321592361395186e-9
8.907111708720926e-9
9.97269101974967e-9
1.0870291276319337e-8
1.1486119244538694e-8
1.2059503906520776e-8
1.2387940718521936e-8
1.1498117920455471e-8
1.276719192492167e-8
1.3611907132148234e-8
1.4406033939693325e-8
1.4860712373296862e-8
1.4683625640474626e-8
1.580608361708354e-8
1.6829956282210525e-8
1.74351959661156e-8
1.762981405288339e-8
1.8868923487985227e-8
1.9554781349772268e-8
2.1086709684356487e-8
2.2022380252471407e-8
2.3490192979137015e-8
1.432915514197567e-10
2.423358751043218e-10
2.9614451944597805e-10
3.2727801008464514e-10
3.4267829035891256e-10
3.5255364484100574e-10
3.586701579380456e-10
3.639585610664012e-10
3.6755990360157746e-10
3.70961180630425e-10
3.729481379211368e-10
5.525621703816415e-10
8.08538447254809e-10
9.795717420946218e-10
1.065028445491842e-9
1.1197199223894349e-9
1.1534567754024627e-9
1.1824846944512988e-9
1.2022754763639868e-9
1.2207394630189447e-9
1.2313743572126607e-9
1.3928428707129398e-9
1.88290515214653e-9
2.13742636872444e-9
2.3014424115482568e-9
2.4024426947969072e-9
2.4892962327554094e-9
2.548655202948502e-9
2.603871166622142e-9
2.6355503630243618e-9
2.9355849974127683e-9
3.593798420097277e-9
4.0197123961216346e-9
4.282075027588385e-9
4.507589167402497e-9
4.662060989018686e-9
4.805609643480268e-9
4.887904494528606e-9
4.770885082078888e-9
5.606458096338004e-9
6.112718288712032e-9
6.5485335972351586e-9
6.846784371196343e-9
7.124264459368187e-9
7.28330825791468e-9
6.988778447236691e-9
7.85425287430603e-9
8.58286069044858e-9
9.082731065481481e-9
9.548216649304547e-9
9.814827553321151e-9
9.106857075882462e-9
1.0148467592862746e-8
1.0841503077076985e-8
1.149317772991251e-8
1.1866265150624921e-8
1.1731182882242427e-8
1.2657130570282957e-8
1.3501401866700167e-8
1.4000630863313513e-8
1.4168724733017147e-8
1.5191704054938232e-8
1.5757005867006724e-8
1.7037377556663373e-8
1.7811514299494725e-8
1.9037841704195542e-8
1.1574725224636284e-10
1.95212125610414e-10
2.379218309813302e-10
2.6256366327434704e-10
2.747451597660336e-10
2.825608112433921e-10
2.8740260056502806e-10
2.9159218103516956e-10
2.944461131636848e-10
2.9714176191814825e-10
2.9871789150974347e-10
4.3983127520748757e-10
6.38644889912665e-10
7.711778324228902e-10
8.37389863387785e-10
8.797637773278717e-10
9.059003178465781e-10
9.283986483014566e-10
9.437365764922562e-10
9.580455761868456e-10
9.662917657923632e-10
1.089100533554509e-9
1.4677634127739971e-9
1.6644276077515141e-9
1.7911524172040679e-9
1.8691805487546723e-9
1.9363006576740013e-9
1.982168255025282e-9
2.024834440397902e-9
2.049319567848004e-9
2.278154623948955e-9
2.7808746188429774e-9
3.1054725895015565e-9
3.3054036231579334e-9
3.4772921626045297e-9
3.595019727812961e-9
3.704423268537434e-9
3.767150984950923e-9
3.679251273628863e-9
4.319277568242e-9
4.706233678835628e-9
5.039462278714558e-9
5.2674627772219105e-9
5.479607234679739e-9
5.601211237911468e-9
5.402628664334317e-9
6.082480365504252e-9
6.653693874610091e-9
7.045637202793328e-9
7.410668382222295e-9
7.619737935600979e-9
7.0870509345800445e-9
7.920803127435801e-9
8.474621041220445e-9
8.995702149379878e-9
9.29400298887152e-9
9.211204540248312e-9
9.962464744641779e-9
1.0647325815217439e-8
1.1052585332714315e-8
1.1204083343137532e-8
1.2041042757373099e-8
1.2503354256391414e-8
1.3563378092352816e-8
1.4200916211654046e-8
1.521478680645104e-8
9.32652096800001e-11
1.575201358888051e-10
1.9170823517942656e-10
2.113473141946282e-10
2.2105104664702153e-10
2.2727510617518873e-10
2.3113165560211853e-10
2.344708119432503e-10
2.367468903937983e-10
2.388972845270637e-10
2.401559412967558e-10
3.5236359708384493e-10
5.08134507309154e-10
6.113379368083652e-10
6.628947910462813e-10
6.958852444428393e-10
7.162365235911725e-10
7.337541148010399e-10
7.456974426036922e-10
7.56841193318928e-10
7.632659571570063e-10
8.567133999427637e-10
1.1475637353434265e-9
1.2987539950048537e-9
1.3961712314940708e-9
1.4561614670541619e-9
1.5077578074347418e-9
1.543018162309841e-9
1.5758179652798027e-9
1.5946445269424591e-9
1.7720278376365494e-9
2.1606136412790588e-9
2.411654812153786e-9
2.566284623236833e-9
2.69921646415075e-9
2.7902625379538455e-9
2.8748713325323373e-9
2.9233877287981676e-9
2.8486380437145486e-9
3.336308735744145e-9
3.630905720403906e-9
3.884594901970465e-9
4.058192124119342e-9
4.219705792368902e-9
4.312294666841173e-9
4.159794479948148e-9
4.677165178144882e-9
5.1104928316780775e-9
5.408008992782073e-9
5.685085884929544e-9
5.8437840982988434e-9
5.453798869222688e-9
6.095617951547875e-9
6.520354500382549e-9
6.920521009057779e-9
7.14960200150489e-9
7.118120898924711e-9
7.703505772188315e-9
8.236145068586537e-9
8.552454038003227e-9
8.705913461322607e-9
9.365435806074038e-9
9.729095989069104e-9
1.0606019275641581e-8
1.1117901479855792e-8
1.194647881475816e-8
7.469882694050695e-11
1.2690953838007862e-10
1.544829202188081e-10
1.7024515721865402e-10
1.780267038673358e-10
1.8301384782675803e-10
1.861022287151049e-10
1.887764301262105e-10
1.906002763189366e-10
1.923238961122214e-10
1.9333438895063703e-10
2.835908556636421e-10
4.0688139589329267e-10
4.87942458260101e-10
5.283837424068448e-10
5.542513936043012e-10
5.70208075102122e-10
5.83944048072553e-10
5.933084963668199e-10
6.020477885163078e-10
6.070891668395007e-10
6.79394127879485e-10
9.04297986329194e-10
1.020906342476194e-9
1.0960111544406207e-9
1.1422613246125171e-9
1.182042063085492e-9
1.209225024771869e-9
1.234514623776987e-9
1.2490335454601113e-9
1.381164884118057e-9
1.6783792785245046e-9
1.8705431136992994e-9
1.9889101491603227e-9
2.090663471519265e-9
2.1603567168558493e-9
2.2251268212204724e-9
2.2622691282146356e-9
2.2091966959999923e-9
2.5858817063132764e-9
2.8136577993059914e-9
3.0097780002455706e-9
3.1439871009247093e-9
3.2688591362199402e-9
3.340444361191797e-9
3.2159747103087916e-9
3.6108068349747382e-9
3.941331474124012e-9
4.168279116615901e-9
4.379651250250249e-9
4.5007227742937604e-9
4.199671993747106e-9
4.684781681222581e-9
5.004686845047418e-9
5.306529987737712e-9
5.479342177282781e-9
5.468290355450831e-9
5.907280535389167e-9
6.304990312925831e-9
6.5425837879659075e-9
6.692880620953632e-9
7.186114508615836e-9
7.456320739961294e-9
8.172897361092146e-9
8.564512529507418e-9
9.227642298926485e-9
5.926501292150001e-11
1.01718105912067e-10
1.2405091086570608e-10
1.3676522083779542e-10
1.4303898910409384e-10
1.4705830166622864e-10
1.4954645586149562e-10
1.516994364527579e-10
1.5316726845606952e-10
1.5455380022088338e-10
1.5536802226286077e-10
2.286162629119483e-10
3.2720485936703747e-10
3.9154423115221286e-10
4.2361887663494454e-10
4.4412864482695465e-10
4.567802971839082e-10
4.676708301548213e-10
4.7509437500717e-10
4.820223097856503e-10
4.860210377712756e-10
5.423685652791149e-10
7.17982564130872e-10
8.08926597887559e-10
8.674812295942862e-10
9.035415200194516e-10
9.345590375296243e-10
9.557508638513881e-10
9.75467714670162e-10
9.867903372295415e-10
1.0859505639983985e-9
1.3131345988837816e-9
1.4597090262522865e-9
1.5499988580980166e-9
1.62762401665374e-9
1.6807812078744946e-9
1.7301854906763926e-9
1.7585207932419405e-9
1.7154905573314002e-9
2.0018335366946073e-9
2.1749228314216283e-9
2.323979680274383e-9
2.4259570113049034e-9
2.5208499746088404e-9
2.575254068889541e-9
2.486524161808439e-9
2.790619617122663e-9
3.0456279732825867e-9
3.2206294718123227e-9
3.383637561067668e-9
3.4770095946169605e-9
3.2426511695575285e-9
3.6157621002383643e-9
3.8621502103276635e-9
4.094521486552241e-9
4.227562141236279e-9
4.210635955890299e-9
4.5445496353394635e-9
4.84616701132454e-9
5.0265657385459596e-9
5.142903034270385e-9
5.510716053284976e-9
5.71043248714375e-9
6.270197685949654e-9
6.561785462705475e-9
7.077152231931708e-9
4.6435501226328885e-11
8.082076468998252e-11
9.891594455720538e-11
1.0918422819479221e-10
1.1424823920875634e-10
1.174892527799333e-10
1.194962583229281e-10
1.2123295375393224e-10
1.2241661505301193e-10
1.2353307463129552e-10
1.241889332398847e-10
1.8394508976139866e-10
2.634588439639267e-10
3.149898139889541e-10
3.4064974387299765e-10
3.57050723004478e-10
3.671688803545474e-10
3.7587865300135215e-10
3.818151270874794e-10
3.8735424240757476e-10
3.9055225090956615e-10
4.3523910139259854e-10
5.737432277832287e-10
6.453003265281489e-10
6.913537279475705e-10
7.197175269358373e-10
7.441143707919598e-10
7.607815036935156e-10
7.76288549342105e-10
7.851952210776545e-10
8.597044321393995e-10
1.0356963686245668e-9
1.1493605125203369e-9
1.2193736932852828e-9
1.2795638074742452e-9
1.3207803088175273e-9
1.3590873305558114e-9
1.3810596908082978e-9
1.3441151050011948e-9
1.5621853598846891e-9
1.6939493503807878e-9
1.807414777219986e-9
1.8850521889951317e-9
1.9572885388347652e-9
1.9987057069243346e-9
1.92723605560259e-9
2.156538471254658e-9
2.348519482016218e-9
2.480334555280876e-9
2.6030977361998066e-9
2.673420411843863e-9
2.500673909801262e-9
2.7848646902721803e-9
2.9727184764498424e-9
3.149782630088063e-9
3.2511560685456753e-9
3.2401807695486967e-9
3.498593260693572e-9
3.732698592794361e-9
3.87220780289124e-9
3.951966101865624e-9
4.239134451613127e-9
4.395446314673143e-9
4.812469744595534e-9
5.03739516689157e-9
5.428580213419058e-9
3.5841257009793584e-11
6.346000628125465e-11
7.806380793486094e-11
8.633612856203734e-11
9.04153256737948e-11
9.302363955480363e-11
9.463804756933779e-11
9.603471775131406e-11
9.698730859092009e-11
9.788527495953902e-11
9.841262846201828e-11
1.4716734779008683e-10
2.1163043995404308e-10
2.531963962825968e-10
2.738776416049719e-10
2.8709166056026886e-10
2.95243581200642e-10
3.0226055785619896e-10
3.0704354936199896e-10
3.1150591163968634e-10
3.140823708863954e-10
3.5002136526042626e-10
4.604610929042163e-10
5.174120004438447e-10
5.540515711750187e-10
5.766187904800538e-10
5.960294136075827e-10
6.092896700132587e-10
6.216267654064058e-10
6.2871330970849e-10
6.852784734987567e-10
8.224337607217098e-10
9.109371959752249e-10
9.654567991624251e-10
1.012327742352106e-9
1.044420619812991e-9
1.0742488117162138e-9
1.0913586099082616e-9
1.0599548764358277e-9
1.227989505626705e-9
1.3296547749400066e-9
1.4171916157606062e-9
1.4770828542132652e-9
1.5328094426448974e-9
1.564761077011547e-9
1.5070939487540944e-9
1.681938766603395e-9
1.8283936976559284e-9
1.9289261675413388e-9
2.0225630236315834e-9
2.076202687520849e-9
1.940850632530811e-9
2.154036020647611e-9
2.2945448748720254e-9
2.427156136307431e-9
2.5030869411453642e-9
2.497569728487636e-9
2.6892331036724056e-9
2.8627494796840005e-9
2.966542294939625e-9
3.034909431715574e-9
3.249919493940722e-9
3.367480360525674e-9
3.6861905892388913e-9
3.857919492549248e-9
4.153573636958226e-9
2.7201576427991778e-11
4.911256038665869e-11
6.080255934006474e-11
6.742345888849113e-11
7.06884060654474e-11
7.277433639517024e-11
7.406559579883526e-11
7.51819530643226e-11
7.594283347353367e-11
7.665963844384492e-11
7.70808828430047e-11
1.1666087171649382e-10
1.6896516661225947e-10
2.0260373192449853e-10
2.1932980275841565e-10
2.3001379686220523e-10
2.366052483007985e-10
2.4227839867954416e-10
2.4614503894565605e-10
2.4975195459702187e-10
2.518345268230271e-10
2.8109215558959515e-10
3.6993113241795993e-10
4.1566515569259853e-10
4.4508028236448056e-10
4.6319871044755864e-10
4.7878231541275e-10
4.89427797022099e-10
4.993317821156696e-10
5.050207325947234e-10
5.485652072908865e-10
6.567987067800078e-10
7.266796803467546e-10
7.697257782610248e-10
8.067333012065982e-10
8.320703832994134e-10
8.556196115612979e-10
8.69127847910102e-10
8.418620822239906e-10
9.721781994729456e-10
1.051039750706455e-9
1.1189426412959404e-9
1.1653996815888669e-9
1.2086241860934894e-9
1.2334081938988773e-9
1.185676030775423e-9
1.3195449501513287e-9
1.4318211092492162e-9
1.5088825534565448e-9
1.5806510038302638e-9
1.6217651682239335e-9
1.5171512627419117e-9
1.6805329609358992e-9
1.7885605753727154e-9
1.8903750953470105e-9
1.9486714717036825e-9
1.9393826022282876e-9
2.0855294958323243e-9
2.21746286311492e-9
2.296299579061792e-9
2.344844723118466e-9
2.504392653641786e-9
2.5907763020730396e-9
2.833952468721239e-9
2.9595176281899097e-9
3.1836351285615143e-9
2.0276111399955902e-11
3.738856876113895e-11
4.663490415482417e-11
5.18802389012262e-11
5.4467576292726537e-11
5.6119595690747376e-11
5.714198829627463e-11
5.80257707197535e-11
5.862839997435654e-11
5.919539596152252e-11
5.952832230873855e-11
9.133953692715238e-11
1.3361117122543833e-10
1.6080316694079302e-10
1.7431943951985718e-10
1.8295197920266058e-10
1.882776795126662e-10
1.9286118110276328e-10
1.9598543676451772e-10
1.9889905056721877e-10
2.005807583859908e-10
2.2456480718732093e-10
2.9640291502294696e-10
3.3334308576714157e-10
3.570988938960462e-10
3.717317361803447e-10
3.843170666524734e-10
3.9291456794474014e-10
4.0091257005354287e-10
4.055061643236081e-10
4.3967201585420054e-10
5.259588500253343e-10
5.816805134723694e-10
6.160043602327066e-10
6.455132052093951e-10
6.6571563194766e-10
6.844919982669626e-10
6.952619581508885e-10
6.71610703020305e-10
7.738363786199246e-10
8.357717374926163e-10
8.890946283239288e-10
9.255777732823882e-10
9.595197047889306e-10
9.78980739297668e-10
9.393086093179488e-10
1.0429926171209636e-9
1.1300366767477924e-9
1.189770437721597e-9
1.245396649905448e-9
1.2772637691653026e-9
1.1939971965699773e-9
1.3187089309402271e-9
1.4011521631371796e-9
1.4788665242594759e-9
1.5233668265656185e-9
1.5149946224598716e-9
1.6259058304887972e-9
1.7264797751535216e-9
1.7864676456324272e-9
1.8207284780793547e-9
1.9441317856938072e-9
2.0115859609775454e-9
2.1892894490508316e-9
2.286449955030747e-9
2.4536075168568715e-9
1.4837732950152365e-11
2.7962453217657638e-11
3.516672432740974e-11
3.9267396824483235e-11
4.129114020836736e-11
4.2582823312788556e-11
4.3382198506751224e-11
4.4073001642773345e-11
4.454385904067413e-11
4.498660778150262e-11
4.524649000243637e-11
7.045086648185585e-11
1.0432298568741654e-10
1.261784996356369e-10
1.3704248420412368e-10
1.439811357827888e-10
1.4826177127517927e-10
1.5194555425859802e-10
1.544565892134378e-10
1.567978449364445e-10
1.5814865078104717e-10
1.7782656072552764e-10
2.3596046710863277e-10
2.658406011943045e-10
2.8505647623682166e-10
2.9689285693800673e-10
3.0707269657613146e-10
3.1402724838085253e-10
3.204962863034289e-10
3.2421100283808545e-10
3.515276538617124e-10
4.2083299919731997e-10
4.6560537623884905e-10
4.931843548979295e-10
5.168943817903969e-10
5.331265922666547e-10
5.482125147653542e-10
5.568648916827844e-10
5.366605370840372e-10
6.177369834032114e-10
6.669068772585405e-10
7.092353015218279e-10
7.381971545285285e-10
7.651398335433617e-10
7.805870226066689e-10
7.472181273064013e-10
8.282346181676901e-10
8.963314663781337e-10
9.430588327759255e-10
9.865689597734217e-10
1.0114950199377998e-9
9.449422036771749e-10
1.0416523675885394e-9
1.1057697965024388e-9
1.1661370700287282e-9
1.20070387460613e-9
1.1914407778506677e-9
1.2772572640513052e-9
1.355014257898736e-9
1.4012853064919699e-9
1.4245617499091833e-9
1.5182648119967466e-9
1.5692531572767683e-9
1.7031273841896355e-9
1.775427479181992e-9
1.9004838369082873e-9
1.0662769935287817e-11
2.0533291660727626e-11
2.6050164775187094e-11
2.9206231020111556e-11
3.076494337464849e-11
3.175974949577465e-11
3.237537540984629e-11
3.290723351133122e-11
3.326983793116572e-11
3.361058816591617e-11
3.381038775270718e-11
5.342856604357968e-11
8.022905241752962e-11
9.762078947128612e-11
1.0626926407717767e-10
1.1179375435935005e-10
1.1520185155064362e-10
1.181345008026852e-10
1.2013379375038086e-10
1.2199748834157745e-10
1.2307214905755976e-10
1.391290357800904e-10
1.859803155432732e-10
2.100684363761447e-10
2.2556204633455028e-10
2.3510538839714604e-10
2.433128385771956e-10
2.489204475755963e-10
2.541360071731183e-10
2.5713015090398466e-10
2.793175383806849e-10
3.3518525701768957e-10
3.7129519963558963e-10
3.935377712188766e-10
4.126598443569137e-10
4.2575144598568897e-10
4.3791797009727357e-10
4.448950833770537e-10
4.2797536912825747e-10
4.927862546196488e-10
5.321238926992779e-10
5.659855008042058e-10
5.891554751746736e-10
6.107085455570332e-10
6.230647695944532e-10
5.951407541853235e-10
6.591428945503723e-10
7.130225242756687e-10
7.499874158685693e-10
7.844039861810707e-10
8.041201956945373e-10
7.50333272233204e-10
8.260774022406923e-10
8.763867270856947e-10
9.23718594285845e-10
9.50821497077918e-10
9.41503496677834e-10
1.008071673992001e-9
1.0684823507574705e-9
1.1043726649082086e-9
1.1201394702511648e-9
1.1927375032635884e-9
1.2325632891232854e-9
1.3317874771886461e-9
1.3878065681110768e-9
1.4816553029703836e-9
7.531678076750531e-12
1.480647830751075e-11
1.895290572542836e-11
2.134061859462019e-11
2.252102776704216e-11
2.3274556840866032e-11
2.374087621258446e-11
2.414369845104373e-11
2.4418382391344316e-11
2.4676326115733713e-11
2.4827429357373582e-11
3.9792044191882395e-11
6.066101259184029e-11
7.43131949004048e-11
8.110716691681491e-11
8.544822673611202e-11
8.812615514428398e-11
9.043034116192809e-11
9.200142909393164e-11
9.346560158035592e-11
9.430938752946247e-11
1.0726467775434868e-10
1.4469504818783663e-10
1.6395904158787256e-10
1.7635342282138462e-10
1.839874404679765e-10
1.9055265605772468e-10
1.9503878943234293e-10
1.9921077548399456e-10
2.016051397259604e-10
2.198073472758827e-10
2.647954813175398e-10
2.9388998435415355e-10
3.118107905476407e-10
3.272172480914343e-10
3.37765671770404e-10
3.4756815341672096e-10
3.5318878492242035e-10
3.3937438942242745e-10
3.914029875999019e-10
4.2300322825904827e-10
4.502027926723364e-10
4.688154426006482e-10
4.861280691623837e-10
4.960524351683883e-10
4.729394637091108e-10
5.238980615706753e-10
5.668539014195175e-10
5.963201739237045e-10
6.237527035009336e-10
6.394674635845338e-10
5.958137574870606e-10
6.556636722363718e-10
6.954949559321495e-10
7.329401755951717e-10
7.543815248924143e-10
7.454718381978344e-10
7.978224509484291e-10
8.454589914892178e-10
8.736753194072896e-10
8.837579438785313e-10
9.409215318094426e-10
9.723904622902989e-10
1.0466258571974675e-9
1.0901021034709884e-9
1.161167363637931e-9
5.2365380342106225e-12
1.0492882756775524e-11
1.3549939067021855e-11
1.532431518808635e-11
1.6202629692848438e-11
1.676358046192845e-11
1.7110758397341685e-11
1.741065873794235e-11
1.76152059568363e-11
1.7807196534616098e-11
1.7919560212794674e-11
2.9090396200888343e-11
4.504342326824133e-11
5.558460127446298e-11
6.083613607840559e-11
6.419288721991143e-11
6.626353251858798e-11
6.804509025670464e-11
6.926004331178197e-11
7.039207152385244e-11
7.104406711898703e-11
8.132854128016898e-11
1.1085259242943754e-10
1.2607294727990206e-10
1.3586959338360055e-10
1.4190323498737987e-10
1.4709202327027192e-10
1.506381304294149e-10
1.53935518887304e-10
1.558274043916601e-10
1.708020663096733e-10
2.068199949814053e-10
2.3012678635998084e-10
2.444822490687169e-10
2.5682343329359174e-10
2.6527390681305317e-10
2.7312630667635487e-10
2.7762817255445157e-10
2.6668148453817235e-10
3.084374316591603e-10
3.3380958467568437e-10
3.556473946094302e-10
3.705920513495644e-10
3.844921372906398e-10
3.9245961600573406e-10
3.736407342147299e-10
4.1437589727786183e-10
4.487505951923377e-10
4.723280732791005e-10
4.942767636566522e-10
5.0684958873126e-10
4.714743178699736e-10
5.190777763158819e-10
5.508182855497567e-10
5.806357491346654e-10
5.977088997483053e-10
5.895682173176442e-10
6.310993646505136e-10
6.689677665687484e-10
6.913367760593274e-10
6.976714860174907e-10
7.42963433509588e-10
7.679792120227519e-10
8.24014634305812e-10
8.579968160420168e-10
9.120837388464017e-10
3.5898941707782856e-12
7.317354847420549e-12
9.52888871977034e-12
1.0824067004796575e-11
1.1466190092552017e-11
1.1876585509032349e-11
1.213063670319011e-11
1.2350112814777328e-11
1.2499858016317882e-11
1.2640366330629323e-11
1.2722530080060447e-11
2.0880509700905026e-11
3.2834135925717534e-11
4.082373282879719e-11
4.48097062571287e-11
4.735864655905899e-11
4.893092945903005e-11
5.0283645506539245e-11
5.120633077189153e-11
5.2065873070935827e-11
5.2560666301310555e-11
6.056258030465858e-11
8.347857167357688e-11
9.531885220192863e-11
1.0294353711736547e-10
1.0763915618877329e-10
1.1167721856400297e-10
1.144373318974617e-10
1.170035576927951e-10
1.18475559946834e-10
1.3073965961401461e-10
1.5928590712611368e-10
1.7776785402134833e-10
1.8915124308093348e-10
1.9893724142602282e-10
2.056388313469145e-10
2.1186573191638146e-10
2.154352532169479e-10
2.070488179914168e-10
2.4039629635535953e-10
2.6066286285679137e-10
2.781058920587007e-10
2.9004381865632696e-10
3.011469222729674e-10
3.075107074615255e-10
2.9250786721081287e-10
3.2505842546343526e-10
3.5254676543243725e-10
3.713998183442517e-10
3.889496945790003e-10
3.9900232587574323e-10
3.7052517019797343e-10
4.084869280854893e-10
4.3383584320031175e-10
4.576354257758974e-10
4.712623386489005e-10
4.6415446833934336e-10
4.972413332789198e-10
5.274671646402915e-10
5.452800279726272e-10
5.492262646052673e-10
5.853208692069024e-10
6.053247290639219e-10
6.479860230422068e-10
6.747858806011556e-10
7.163223401799374e-10
2.4311634354906728e-12
5.029725616858229e-12
6.600968886267973e-12
7.530105907801517e-12
7.99161395462616e-12
8.286848040755753e-12
8.469671678534113e-12
8.627648701100619e-12
8.735484837185471e-12
8.836652488170778e-12
8.895769486453448e-12
1.4728624801366174e-11
2.3503296155296962e-11
2.94410908503986e-11
3.240838613344858e-11
3.430684074540323e-11
3.547784290789274e-11
3.648529273594957e-11
3.7172620869967066e-11
3.7812805281613646e-11
3.818115711493025e-11
4.426773151886339e-11
6.172808308727089e-11
7.077391300192125e-11
7.660213258008735e-11
8.01911265075743e-11
8.32775135913132e-11
8.538746779813395e-11
8.734899826888982e-11
8.847389918406856e-11
9.840673247004984e-11
1.2072151717512144e-10
1.3517573091217755e-10
1.4407818433125724e-10
1.517312799413601e-10
1.5697287616595402e-10
1.6184290864526284e-10
1.6463434312926678e-10
1.5844679464720467e-10
1.848360515812731e-10
2.0087250234032752e-10
2.1467476767453605e-10
2.2412155540980634e-10
2.329075665799797e-10
2.3794299867405913e-10
2.2627424238661095e-10
2.5215958541644e-10
2.740273801574229e-10
2.8902530593353547e-10
3.0298629773102736e-10
3.109828678164603e-10
2.8831499110986386e-10
3.1853156372406065e-10
3.3872922653358974e-10
3.576850143187529e-10
3.6853810073093925e-10
3.6260177658526933e-10
3.889628942141756e-10
4.1308170360867376e-10
4.272703151886901e-10
4.297626195072113e-10
4.585788125331257e-10
4.745979170905958e-10
5.073713811030888e-10
5.28604073080606e-10
5.607399335788295e-10
1.629463354822478e-12
3.413894716952219e-12
4.511770693340426e-12
5.167489014630017e-12
5.493879020789465e-12
5.702911214614855e-12
5.832417267798706e-12
5.9443635687979544e-12
6.020824665116564e-12
6.092559019486086e-12
6.13445443579267e-12
1.022403761974519e-11
1.6536464063344515e-11
2.0862416335281888e-11
2.3028245820788298e-11
2.4414649626326498e-11
2.526979022955605e-11
2.6005492859561022e-11
2.6507532924876605e-11
2.697507583786394e-11
2.7243991914193794e-11
3.17646279715419e-11
4.480379310978573e-11
5.1579512582876063e-11
5.594745840967307e-11
5.863700830898485e-11
6.09499173592905e-11
6.253133479171542e-11
6.400137490762124e-11
6.484426735723315e-11
7.275651470721977e-11
8.991143587281543e-11
1.0102732734994416e-10
1.0787360491690753e-10
1.1375900229269041e-10
1.1779041876013528e-10
1.2153585995717057e-10
1.23682534723967e-10
1.193035372166152e-10
1.3991992239887612e-10
1.5244406411047182e-10
1.6322361242395444e-10
1.7060189966043165e-10
1.7746410663661707e-10
1.813967926187695e-10
1.725711612866466e-10
1.929736322834004e-10
2.1020957539025082e-10
2.2203102946635073e-10
2.330352787049466e-10
2.393380361260132e-10
2.215650709418067e-10
2.4546969348363604e-10
2.6145632545374306e-10
2.7645721393207684e-10
2.850455794127563e-10
2.803000194671496e-10
3.012152500053908e-10
3.203726193522152e-10
3.316292306032343e-10
3.332956894017104e-10
3.5622656596585695e-10
3.690066187454736e-10
3.9437013828416515e-10
4.112020647113348e-10
4.361977055763949e-10
1.0827408701779096e-12
2.29224884256985e-12
3.0479443779917335e-12
3.5037469627296203e-12
3.73114971305581e-12
3.876976851800243e-12
3.967383135876432e-12
4.0455722721007285e-12
4.099016592416382e-12
4.149167993872417e-12
4.178449586850267e-12
6.996296864087572e-12
1.1451770807314997e-11
1.4542977974018936e-11
1.609364237596615e-11
1.708678290377481e-11
1.7699352316068638e-11
1.8226374679016427e-11
1.8586090256481148e-11
1.892105649998897e-11
1.9113663251967383e-11
2.2392772587657154e-11
3.1930942886170805e-11
3.690315544945076e-11
4.0110155397532026e-11
4.208471160751355e-11
4.3782771508433866e-11
4.4943952484246584e-11
4.6023274605171614e-11
4.6642052604968385e-11
5.281557022479868e-11
6.575860959869158e-11
7.414705225652846e-11
7.931348997705046e-11
8.375474980802822e-11
8.67973337486701e-11
8.962396029797117e-11
9.12439356822905e-11
8.828448864028205e-11
1.0413884322900401e-10
1.1376462209029249e-10
1.2204992427679233e-10
1.2772115862826548e-10
1.329958221432746e-10
1.3601860216806097e-10
1.295435408675693e-10
1.45426031628415e-10
1.5883868845249324e-10
1.6803844144663896e-10
1.7660252727103615e-10
1.81507478173152e-10
1.6782483949248894e-10
1.86549063293874e-10
1.9907111277750135e-10
2.108212208442003e-10
2.1754814441074013e-10
2.1392314452290693e-10
2.3038169365492325e-10
2.4546749367175705e-10
2.543266000607103e-10
2.555562469662848e-10
2.7367310128004804e-10
2.837880156358333e-10
3.035099576090594e-10
3.167975376989954e-10
3.362762482099677e-10
7.143835804357841e-13
1.5252335741230363e-12
2.0385938336859808e-12
2.3511147161837232e-12
2.507406411080536e-12
2.6077781220860327e-12
2.670055906257735e-12
2.723955458089528e-12
2.7608309336619646e-12
2.795449698742031e-12
2.8156617820495296e-12
4.7284605762999565e-12
7.819373176670759e-12
9.988563278133928e-12
1.107882139951077e-11
1.1777442221249802e-11
1.2208357487640197e-11
1.2579110386917548e-11
1.28322187718348e-11
1.3067900000996602e-11
1.3203389673355403e-11
1.5529738440766554e-11
2.2366394923699845e-11
2.594158910329902e-11
2.8248641524300402e-11
2.966901025699797e-11
3.089050497018297e-11
3.172589591738889e-11
3.250235286883322e-11
3.2947452198471677e-11
3.765285675513384e-11
4.722481461397283e-11
5.3428605927162126e-11
5.724955778899529e-11
6.053413825022574e-11
6.278458237620828e-11
6.487521668237817e-11
6.6073341801809e-11
6.417301521575556e-11
7.614873735542665e-11
8.34139196181208e-11
8.966776978722263e-11
9.39485558451464e-11
9.793014903984717e-11
1.0021185532790819e-10
9.561330382474749e-11
1.0779061947920959e-10
1.1806706905360779e-10
1.2511634803810753e-10
1.3167892295047024e-10
1.3543739912957268e-10
1.251185822217351e-10
1.3959386752963332e-10
1.4926946198640105e-10
1.5835048937864417e-10
1.6354913085979073e-10
1.6091229979086847e-10
1.7371265013884545e-10
1.8544856393389218e-10
1.9234068451322552e-10
1.9335820046816035e-10
2.075156136706158e-10
2.1542800525979032e-10
2.3078630994539126e-10
2.411934170529767e-10
2.563500547939039e-10
4.686530275880482e-13
1.0073045477574443e-12
1.3521188700372145e-12
1.5638031651457278e-12
1.6699177778325885e-12
1.7381730483238788e-12
1.7805666185663346e-12
1.817289510046946e-12
1.842441212574548e-12
1.8660700314491613e-12
1.87986943108693e-12
3.162220843892814e-12
5.27414296904042e-12
6.771512835428138e-12
7.525483616772967e-12
8.008843870800894e-12
8.30699560654087e-12
8.563537744682105e-12
8.738712068332781e-12
8.90182331136793e-12
8.995581489740957e-12
1.0613563321954007e-11
1.5420731730957925e-11
1.7942095388141913e-11
1.9569796974296447e-11
2.057186523569152e-11
2.143364505391475e-11
2.2023083288834307e-11
2.257091784881975e-11
2.28849378782326e-11
2.6384026102182834e-11
3.332014534966139e-11
3.7814803702205426e-11
4.058314340993602e-11
4.296283581054545e-11
4.459347434178357e-11
4.6108270737092313e-11
4.6976367600443937e-11
4.582379066102058e-11
5.4696854972659325e-11
6.00744744473129e-11
6.470390250069671e-11
6.787276307285004e-11
7.08202943869244e-11
7.250939686189392e-11
6.935259234627584e-11
7.852923886813077e-11
8.626551024686382e-11
9.157298493290292e-11
9.651438137577378e-11
9.934428188521394e-11
9.173336079611534e-11
1.027506003945042e-10
1.1010752961262142e-10
1.1701507620030248e-10
1.2096927306964797e-10
1.1915362892278434e-10
1.289651858409153e-10
1.379595057060866e-10
1.4324484222198605e-10
1.4416188896213516e-10
1.5507144949943637e-10
1.611703285305469e-10
1.7310778156084755e-10
1.8116783557641068e-10
1.9290517190367907e-10
3.060406628526587e-13
6.612083589380357e-13
8.906158435901695e-13
1.0324850641196642e-12
1.1037624138943603e-12
1.1496857042021915e-12
1.1782428876880768e-12
1.203006753842385e-12
1.2199897440806636e-12
1.2359598844211524e-12
1.2452922108728116e-12
2.0962809772403102e-12
3.520609340169511e-12
4.53938690861652e-12
5.0532148374235015e-12
5.38276312018356e-12
5.5860512681184635e-12
5.760984118755697e-12
5.880457628850173e-12
5.991707334003204e-12
6.055651195962206e-12
7.161885369626441e-12
1.0483740904970423e-11
1.2230694901474703e-11
1.3358856875387345e-11
1.4053366972641212e-11
1.4650659444417122e-11
1.5059228900421457e-11
1.543895195441601e-11
1.5656599147224813e-11
1.8195958043419317e-11
2.312312153735931e-11
2.6314743837830555e-11
2.828056699625456e-11
2.997038253811498e-11
3.1128414206235606e-11
3.2204151574130703e-11
3.282062425651985e-11
3.216500381042938e-11
3.8609849999826926e-11
4.251129926432943e-11
4.5870272459930464e-11
4.8169467108318276e-11
5.0308203771556195e-11
5.1533812949746735e-11
4.944013880730324e-11
5.622806802700938e-11
6.194302864934528e-11
6.586440172175524e-11
6.951561982158373e-11
7.160656601715112e-11
6.612086201733593e-11
7.436158473281477e-11
7.985659668252077e-11
8.5018855953226e-11
8.797382797246948e-11
8.68023590278594e-11
9.419858782901509e-11
1.0097491451950797e-10
1.0496160090114428e-10
1.0582026302720026e-10
1.1409048599204789e-10
1.1871175755389435e-10
1.279426572332605e-10
1.3409886706778288e-10
1.431182254303789e-10