3.808538132056083e-9
5.760585459425793e-9
6.486975947931419e-9
6.9639522223086045e-9
7.401989942501123e-9
7.648165981158131e-9
7.83620155817013e-9
7.994039683305118e-9
8.13209310199935e-9
8.245322511981062e-9
8.419142692377096e-9
1.0025293480813861e-8
1.1965359618272877e-8
1.3308470865992058e-8
1.4551488046835774e-8
1.5251231808742472e-8
1.5787540508260083e-8
1.623818418855747e-8
1.6631425551482894e-8
1.695488734297353e-8
1.744987063182304e-8
1.4769204198920455e-8
1.6833040548839507e-8
1.8765250159515984e-8
1.985868588210945e-8
2.0698518473737157e-8
2.1405679000878757e-8
2.2021962880140128e-8
2.2529254552681435e-8
2.330524481072949e-8
1.9657636602796744e-8
2.2400527202718368e-8
2.3976962234309905e-8
2.5190958427013833e-8
2.621555492976572e-8
2.7107800788661276e-8
2.7842238569497217e-8
2.8965973892431876e-8
2.6163105264782378e-8
2.8417892218096156e-8
3.015540830138281e-8
3.162341138349213e-8
3.2901211978638034e-8
3.395345531194499e-8
3.5563294017215634e-8
3.124566008010832e-8
3.3462484397222104e-8
3.5323049225355105e-8
3.694197316088058e-8
3.827607160041122e-8
4.031692944681549e-8
3.6211307881904315e-8
3.852624459588758e-8
4.0525888513003684e-8
4.217463872230815e-8
4.469704633940537e-8
4.135853351389991e-8
4.380420869674995e-8
4.580355659483583e-8
4.8866202565778185e-8
4.675422392294387e-8
4.915509055560475e-8
5.280247282780997e-8
5.2026954303773046e-8
5.62984862560519e-8
6.1958027333031e-8
3.1626639670574456e-9
4.853714220520531e-9
5.495696781961295e-9
5.91998107180508e-9
6.310171530904258e-9
6.529588250263244e-9
6.697121848256537e-9
6.8380025038809856e-9
6.96111983076482e-9
7.0621511487875625e-9
7.217131979996061e-9
8.650674461060854e-9
1.0430572326058329e-8
1.1675147305399118e-8
1.2829250555646692e-8
1.3479319071945007e-8
1.3977710479117354e-8
1.4396854796652435e-8
1.4762442655837966e-8
1.5063243475921133e-8
1.552336907897329e-8
1.3050020218667151e-8
1.5005774680255667e-8
1.684193938623369e-8
1.7882126685553072e-8
1.8681386928961767e-8
1.9354914690980943e-8
1.9941653670465633e-8
2.04247258595059e-8
2.1163487166509964e-8
1.773089911544168e-8
2.0393336117845557e-8
2.1927160001711238e-8
2.3108969814586247e-8
2.4107157577156616e-8
2.4976109713188033e-8
2.5691467585724687e-8
2.6785866331995718e-8
2.41110526540019e-8
2.6351994978309017e-8
2.807936332894892e-8
2.953964642903687e-8
3.081039876522983e-8
3.185696507722231e-8
3.3457971456694034e-8
2.919994641870064e-8
3.143658065431799e-8
3.3313307465197394e-8
3.494590403191991e-8
3.6291484309931624e-8
3.83497470806663e-8
3.4245932440349856e-8
3.6611982449416575e-8
3.8653968579586344e-8
4.033791184625596e-8
4.291404126181991e-8
3.9540859930404204e-8
4.206798711058662e-8
4.413259361093237e-8
4.729545514833829e-8
4.514826623303022e-8
4.765280173703739e-8
5.1455168755037354e-8
5.0678607328077715e-8
5.5168710485759746e-8
6.120486205588694e-8
2.603194525187156e-9
4.040543337956496e-9
4.595331310483699e-9
4.964392612963015e-9
5.304356679031151e-9
5.495645478790492e-9
5.641863110556433e-9
5.76483120541249e-9
5.87220993742468e-9
5.960415387110669e-9
6.095657069100201e-9
7.33602719021885e-9
8.922059501674354e-9
1.004258625930444e-8
1.1083952513605103e-8
1.1670965011780671e-8
1.2121418247555835e-8
1.2500281214620386e-8
1.2830613245663002e-8
1.3102511799731753e-8
1.3518345876226656e-8
1.1296342172216764e-8
1.3095840704821e-8
1.4790567643993278e-8
1.5751862332025037e-8
1.6491072903477524e-8
1.7114175896270274e-8
1.7656807447732985e-8
1.8103678048690552e-8
1.8787014289427157e-8
1.5650461847547506e-8
1.8163523561078654e-8
1.9615267697505923e-8
2.0734708720202753e-8
2.168060316074472e-8
2.250380090386235e-8
2.3181590101934033e-8
2.421850637809584e-8
2.1740550254045352e-8
2.3911262410553163e-8
2.558515828541308e-8
2.7000676494311045e-8
2.8232220511717894e-8
2.9246629058511204e-8
3.07984365853156e-8
2.671096959910123e-8
2.891437088459773e-8
3.076203370841904e-8
3.236903756919257e-8
3.369375530331168e-8
3.572009305962186e-8
3.1722518586508037e-8
3.40870645772473e-8
3.612573834986121e-8
3.7807258306528087e-8
4.037972018681895e-8
3.7053279525455725e-8
3.961043163844053e-8
4.169788988146994e-8
4.489625857378194e-8
4.27646871867062e-8
4.532642429898771e-8
4.921269783880791e-8
4.845708221734759e-8
5.309011679660418e-8
5.9423268167659526e-8
2.1084362669734995e-9
3.310826749706313e-9
3.780959127892843e-9
4.095709948748267e-9
4.386082746008328e-9
4.549759482304491e-9
4.674970515484783e-9
4.78005010410397e-9
4.8719635256310355e-9
4.947397782077764e-9
5.0631635176518246e-9
6.109712034070876e-9
7.48448343958951e-9
8.465445240445734e-9
9.379103349777674e-9
9.894810936655415e-9
1.029082071444136e-8
1.0623659929764273e-8
1.0914007157254358e-8
1.1152915120680804e-8
1.1518428218576862e-8
9.572352866367142e-9
1.1178251109550513e-8
1.2695479416497288e-8
1.3557558758340047e-8
1.422086510883904e-8
1.4779881561972665e-8
1.526680070268851e-8
1.5667707694427552e-8
1.628092364715614e-8
1.3500076487387545e-8
1.5801112958341546e-8
1.7134623337650563e-8
1.8163545285973414e-8
1.9033035254575018e-8
1.978979817356921e-8
2.041278289761701e-8
2.1366083973353754e-8
1.9142286666444936e-8
2.1185475720321788e-8
2.2761311919883347e-8
2.4093998203134346e-8
2.525352773655294e-8
2.6208547638541903e-8
2.7669735145428967e-8
2.3863347920150093e-8
2.5975555643587506e-8
2.7744918301896477e-8
2.9283821384698133e-8
3.0552438084221474e-8
3.249318399943819e-8
2.871157096485566e-8
3.101432365470994e-8
3.2997720584717404e-8
3.4633772915938605e-8
3.7136959722482384e-8
3.394681016217668e-8
3.6472693208222996e-8
3.853237070641413e-8
4.168900666975487e-8
3.9630781006904376e-8
4.2191847633408186e-8
4.607376786769661e-8
4.536315272027279e-8
5.0041101822334837e-8
5.65590382589739e-8
1.6961078858012992e-9
2.6905187353010567e-9
3.083343018979942e-9
3.347823851805892e-9
3.5921443167415087e-9
3.729913177735315e-9
3.835356846867719e-9
3.9240135845200364e-9
4.001429626257251e-9
4.065015868248727e-9
4.162585035653992e-9
5.032783974624477e-9
6.198813527397741e-9
7.037657549694934e-9
7.820513200973509e-9
8.26275755313562e-9
8.602449880758442e-9
8.888215043242176e-9
9.13729374275288e-9
9.342318044636943e-9
9.655950336457563e-9
7.987468409036797e-9
9.380524612760262e-9
1.0700607131108979e-8
1.1451686752983102e-8
1.2029729495465476e-8
1.2517282429745727e-8
1.2941699662553907e-8
1.3291222852719064e-8
1.3825812670267786e-8
1.1427024897296681e-8
1.3470301809474652e-8
1.465795857209814e-8
1.557467140725369e-8
1.6349903195568462e-8
1.7024332826459874e-8
1.757960453474043e-8
1.8429300240843074e-8
1.6495026919116012e-8
1.8359459517300213e-8
1.979718596475984e-8
2.1013609078887047e-8
2.2071680320663153e-8
2.2943246370140932e-8
2.4276739617178476e-8
2.0844422825638073e-8
2.280884786517531e-8
2.4452778899849183e-8
2.588223148306232e-8
2.706085565399113e-8
2.8863897623170517e-8
2.539891195445673e-8
2.7578034317087596e-8
2.945231745423319e-8
3.099870389500121e-8
3.336472398488743e-8
3.0399683463637965e-8
3.2827256287176656e-8
3.480433906105381e-8
3.783504321144331e-8
3.5908778467661676e-8
3.840353309315139e-8
4.218065408259661e-8
4.153930307832031e-8
4.614639790154442e-8
5.2706861032012e-8
1.3436078446957252e-9
2.1542723406481195e-9
2.47802820075179e-9
2.696885662299266e-9
2.8993986929115164e-9
3.013747153268181e-9
3.1012088528320873e-9
3.1747147866137456e-9
3.238947068345056e-9
3.291765498886422e-9
3.3727072979893154e-9
4.092421182043174e-9
5.066944482549507e-9
5.771676396523426e-9
6.43055433709676e-9
6.8031176655728646e-9
7.089160926524632e-9
7.329839179781563e-9
7.539650084471771e-9
7.712422332570735e-9
7.976560274316743e-9
6.57056289728312e-9
7.751257275009028e-9
8.87292268989022e-9
9.511887432678331e-9
1.0003513536441568e-8
1.0418306464591508e-8
1.0779401086657232e-8
1.1076843332951809e-8
1.1531616776413245e-8
9.506186617051047e-9
1.1269900399482664e-8
1.2297743949172807e-8
1.3091072749007268e-8
1.3762190678367287e-8
1.434604848838631e-8
1.482680653369351e-8
1.556234219893045e-8
1.3924660784263127e-8
1.5573619186186506e-8
1.6844401342606838e-8
1.7919694263309538e-8
1.8855034258115285e-8
1.9625600865649155e-8
2.0804396920286735e-8
1.780754076052118e-8
1.957716390184982e-8
2.105586269010475e-8
2.2341625685178284e-8
2.340199623427373e-8
2.5023938287611523e-8
2.1953726281151022e-8
2.395185376555171e-8
2.5668000799928352e-8
2.7084247855148415e-8
2.925100881935951e-8
2.6585894719454985e-8
2.8849388632037778e-8
3.0690077179581527e-8
3.351225614039e-8
3.177068082367605e-8
3.413091710630511e-8
3.7699279547211824e-8
3.714777601711748e-8
4.1558741681753475e-8
4.799596114724674e-8
1.0544104831003854e-9
1.7034770723156468e-9
1.9662176011110367e-9
2.1445047684779415e-9
2.3096589956496617e-9
2.4028760786403936e-9
2.4741776501147464e-9
2.5342133061914373e-9
2.58667216265691e-9
2.629759469737994e-9
2.6958741150205248e-9
3.2871761936678975e-9
4.093978286152698e-9
4.6792826707046194e-9
5.227112927788404e-9
5.536828791379235e-9
5.774635926287049e-9
5.974878895493284e-9
6.149433257517547e-9
6.2930945317199016e-9
6.512833660473193e-9
5.3448169611946046e-9
6.330919013239668e-9
7.269103106254489e-9
7.803626625014903e-9
8.214932358362237e-9
8.5621284230445e-9
8.864372193639683e-9
9.113247722041028e-9
9.49388386510461e-9
7.806257680123652e-9
9.295496598622122e-9
1.0164512689801084e-8
1.0835340810017033e-8
1.1403021779231207e-8
1.1896889310419443e-8
1.2303447196366607e-8
1.2925598128996904e-8
1.1563721802985643e-8
1.2980881608816985e-8
1.407227682359963e-8
1.49957916705452e-8
1.5799136388868318e-8
1.646089415455102e-8
1.7473352310913456e-8
1.492785927236348e-8
1.647317517082535e-8
1.7762190994326122e-8
1.8883013157665712e-8
1.9807399033413936e-8
2.122143507956801e-8
1.858519863074636e-8
2.0359419139749387e-8
2.188080702801309e-8
2.3136472597169234e-8
2.505771349513267e-8
2.2740933808106374e-8
2.4784756905469e-8
2.644369821775225e-8
2.8988115553941252e-8
2.7468691550320684e-8
2.9631849615474265e-8
3.289701012068906e-8
3.2447707998360634e-8
3.6541509791359116e-8
4.2679643499331624e-8
8.251008780966319e-10
1.335473948783593e-9
1.5449986058308155e-9
1.687751315720953e-9
1.8201283780259525e-9
1.894850906578254e-9
1.9521032887607654e-9
2.0002437935815604e-9
2.0423220252235318e-9
2.076910181938053e-9
2.129980975963972e-9
2.605369560542304e-9
3.265432824674931e-9
3.746156235562888e-9
4.1964553712102885e-9
4.450990864582861e-9
4.6466648897788535e-9
4.811283459357663e-9
4.954798020594022e-9
5.072956185069591e-9
5.2536507582237335e-9
4.297791913827425e-9
5.114437138401663e-9
5.891963990397004e-9
6.3349140172925854e-9
6.676059251668641e-9
6.9638468319101576e-9
7.214392304598124e-9
7.420748378781381e-9
7.736308353119752e-9
6.341307898481829e-9
7.582042762883574e-9
8.306320216881058e-9
8.865741511900563e-9
9.338925318971575e-9
9.750604835700194e-9
1.0089561109169628e-8
1.0608210927726711e-8
9.483845987967364e-9
1.0676024491701162e-8
1.1593704606754029e-8
1.2369801096386727e-8
1.3044956894223324e-8
1.3601209437942425e-8
1.4452170701529992e-8
1.2329670694960916e-8
1.3644218462724293e-8
1.4738428671719787e-8
1.5689878125666683e-8
1.6474754242201883e-8
1.767528404121453e-8
1.546655036997657e-8
1.699566260127421e-8
1.830471907359686e-8
1.938540339244747e-8
2.1038869657764215e-8
1.9081923932159974e-8
2.086998164151609e-8
2.2318484552267626e-8
2.4540794967657078e-8
2.3257611684447998e-8
2.5176923741868804e-8
2.8068473450639827e-8
2.7722527351411104e-8
3.1399222558920335e-8
3.707173139545783e-8
6.469630455409802e-10
1.0439792573384121e-9
1.2085934140526595e-9
1.3213612290110113e-9
1.426064568813495e-9
1.485183141715124e-9
1.5305109051942263e-9
1.5686340511861719e-9
1.6019429604218093e-9
1.629358104328679e-9
1.6714006073004825e-9
2.0400646936392035e-9
2.568827373293659e-9
2.9569332223092665e-9
3.3209132186061814e-9
3.5267497896500535e-9
3.685073960160398e-9
3.818280307084994e-9
3.934379742123205e-9
4.030014738671103e-9
4.176217349747746e-9
3.407302820633358e-9
4.076554231738192e-9
4.714480090077388e-9
5.078093082220313e-9
5.3582496819375924e-9
5.5946242865063036e-9
5.800363060892413e-9
5.969869594081152e-9
6.229030031442108e-9
5.089769307128159e-9
6.11564921013592e-9
6.714803561108354e-9
7.1776766760720126e-9
7.569245654307964e-9
7.909858143398767e-9
8.190361472199492e-9
8.619521799000122e-9
7.694948767165933e-9
8.686204326431099e-9
9.44877132187372e-9
1.0093630819887125e-8
1.0654559963893487e-8
1.1116777289418624e-8
1.1823829190992738e-8
1.006755070166424e-8
1.1166200777093314e-8
1.2079459467937258e-8
1.2873471092225525e-8
1.3528595910997196e-8
1.453060476388742e-8
1.2702549740408977e-8
1.3990755304285109e-8
1.5091904208428275e-8
1.600112762566996e-8
1.7392249838591024e-8
1.5769468339089475e-8
1.7292034568951565e-8
1.8523096388369295e-8
2.0412372627324175e-8
1.9353451155396247e-8
2.1006202296595473e-8
2.3491194872869656e-8
2.3236363734629392e-8
2.6435024057277108e-8
3.150945973577774e-8
5.090834670477022e-10
8.172180895070898e-10
9.45339063947138e-10
1.0336316536802667e-9
1.1157302444873583e-9
1.1621132827870957e-9
1.1976680530008724e-9
1.22760339139962e-9
1.2537718917730956e-9
1.275282404048931e-9
1.3083183534608988e-9
1.5882173321013668e-9
2.0012222732409154e-9
2.3073990116961513e-9
2.5951264669961487e-9
2.7580308597626417e-9
2.8832778883225368e-9
2.9887684789583915e-9
3.08070796246172e-9
3.1563868546303965e-9
3.2721648413628897e-9
2.663554730709327e-9
3.2002069569715964e-9
3.713115821092301e-9
4.00592434820571e-9
4.231448333726144e-9
4.4219344856901894e-9
4.587699507130026e-9
4.724210522040365e-9
4.933028162380163e-9
4.0248417295757515e-9
4.863254944125635e-9
5.353880008337794e-9
5.732830629343776e-9
6.053696119792626e-9
6.33275155092091e-9
6.562489570219688e-9
6.914109169957426e-9
6.1657620010083785e-9
6.984861912385493e-9
7.614736959551207e-9
8.147697922641519e-9
8.61122409633954e-9
8.99310020818115e-9
9.577405916323899e-9
8.129989800279134e-9
9.040591382468384e-9
9.797409107311955e-9
1.0455305983970247e-8
1.0998056314057671e-8
1.1828352769270356e-8
1.0318684792976631e-8
1.1390281143599262e-8
1.2305371088510796e-8
1.3060910658357179e-8
1.421709764085011e-8
1.2878958366477247e-8
1.4152137390971945e-8
1.51799001717526e-8
1.6757740791145323e-8
1.589094128351811e-8
1.7281924377064596e-8
1.936983737412658e-8
1.9183546474450748e-8
2.189357802138922e-8
2.629499611198484e-8
4.023875252281062e-10
6.416516175113529e-10
7.408928541273076e-10
8.095029117086312e-10
8.734180440175186e-10
9.095414702042738e-10
9.37247921409627e-10
9.605749104382528e-10
9.809654035245957e-10
9.977390513821208e-10
1.0234914206374534e-9
1.2383693514623866e-9
1.5567743834521074e-9
1.793992604424073e-9
2.0174315684899163e-9
2.144032645746543e-9
2.241400644262898e-9
2.3234124737809226e-9
2.3948761400958132e-9
2.453730555805685e-9
2.543728965673052e-9
2.067501772386016e-9
2.4855507018139303e-9
2.886508216741172e-9
3.115722214808852e-9
3.2923186466867475e-9
3.4415022798559423e-9
3.571307164458047e-9
3.678236259358976e-9
3.841757025999917e-9
3.13770443512071e-9
3.806358639891613e-9
4.1988687320414345e-9
4.502186772840359e-9
4.759076766051499e-9
4.9824761407716504e-9
5.166416604626665e-9
5.447908533627499e-9
4.862934677595362e-9
5.531224613952626e-9
6.0454217878721725e-9
6.480584151311154e-9
6.859038734449587e-9
7.170852993635887e-9
7.647923846120607e-9
6.473525656898225e-9
7.223501822138556e-9
7.846799944716727e-9
8.388602441807519e-9
8.835609174383093e-9
9.51940230065078e-9
8.28062003712967e-9
9.166891846201825e-9
9.923487665704637e-9
1.0548199996411587e-8
1.1504158039314757e-8
1.0401661560586381e-8
1.1457312936416218e-8
1.2308896750598894e-8
1.361635710816e-8
1.2904393960753143e-8
1.4060678249326223e-8
1.5794295154827406e-8
1.5652512222485553e-8
1.7910678504618843e-8
2.1634325590241438e-8
3.202229560820835e-10
5.065881449893954e-10
5.835607797368225e-10
6.367197083706103e-10
6.862862967518783e-10
7.142990889698716e-10
7.357961349158735e-10
7.538905055964611e-10
7.697116444512144e-10
7.827247431479043e-10
8.027163650229986e-10
9.690729176546196e-10
1.215215399861801e-9
1.3982410792455387e-9
1.5707800885821357e-9
1.6685392341610303e-9
1.7437546901497018e-9
1.807076472085077e-9
1.8622774877135478e-9
1.907719078985916e-9
1.9772379897213886e-9
1.6084891672420135e-9
1.9293592695913975e-9
2.237489010899987e-9
2.4136536218721267e-9
2.549429465757286e-9
2.6640687310029464e-9
2.7638602179321276e-9
2.8460325748427e-9
2.9717351681832757e-9
2.430859710138788e-9
2.9483878518298783e-9
3.2527970921875005e-9
3.4881508839685342e-9
3.687401795469684e-9
3.860735836544069e-9
4.0034115555565105e-9
4.221807560981696e-9
3.779015309008256e-9
4.30901395075073e-9
4.716903842442682e-9
5.0619705395580316e-9
5.362148185573495e-9
5.6094418693083735e-9
5.987834643463795e-9
5.0686103834322925e-9
5.674737455753431e-9
6.177975138340831e-9
6.615493736561042e-9
6.976464208577161e-9
7.528671646399e-9
6.540045646054848e-9
7.265133061270891e-9
7.884014105678205e-9
8.395032463517618e-9
9.177033221656421e-9
8.282605879288652e-9
9.15234320891423e-9
9.853819841052367e-9
1.0930850797502594e-8
1.0349109331384557e-8
1.1305082768628382e-8
1.2737840806066209e-8
1.2625277441909795e-8
1.449466512832173e-8
1.759776456911897e-8
2.5639337278006827e-10
4.0249963643955197e-10
4.6247236490410117e-10
5.038057135880489e-10
5.423230652413217e-10
5.640806106806259e-10
5.807784642679949e-10
5.948386362094533e-10
6.071300717284244e-10
6.172447220312254e-10
6.327840946579873e-10
7.611509015905043e-10
9.515112432844657e-10
1.0929137461278863e-9
1.2261181588455966e-9
1.3015674136397913e-9
1.3595991867461492e-9
1.408476243981987e-9
1.4510678995271916e-9
1.4861449381753232e-9
1.5397941753138228e-9
1.2560864312983687e-9
1.503956699045938e-9
1.7416686562389e-9
1.877506096850213e-9
1.9821610556432508e-9
2.070560759436579e-9
2.1474774991925982e-9
2.2108424740456505e-9
2.3077502520117033e-9
1.8889550104264124e-9
2.2851899885909018e-9
2.5180271276443163e-9
2.697936415847555e-9
2.8502821410550195e-9
2.98276388063321e-9
3.0918573080562603e-9
3.2588087522178423e-9
2.9208822744168603e-9
3.328071757430921e-9
3.640818776312682e-9
3.90535563571796e-9
4.135429950457435e-9
4.325045512915575e-9
4.615114861742043e-9
3.919549011410396e-9
4.392566610307889e-9
4.784386939118212e-9
5.124978303734701e-9
5.406106092749548e-9
5.836084801985493e-9
5.081664274055314e-9
5.658611543336063e-9
6.150292740628292e-9
6.556445455551073e-9
7.1778923796917716e-9
6.4822935516516305e-9
7.1856867193159494e-9
7.752643130243773e-9
8.623161644318925e-9
8.164865965714116e-9
8.946580942243868e-9
1.0117721053966398e-8
1.0033600825399912e-8
1.1571671298920215e-8
1.4140464146853676e-8
2.0633311808061108e-10
3.219577134060083e-10
3.6897434935167896e-10
4.013446558410934e-10
4.3149800238469495e-10
4.4852574870006715e-10
4.615938059864462e-10
4.725990397977985e-10
4.822225416923721e-10
4.901418689874018e-10
5.023152871989947e-10
6.020798800626674e-10
7.491097591089017e-10
8.583433193542553e-10
9.612320278656543e-10
1.0195097526999465e-9
1.0643335920839646e-9
1.1020806798207623e-9
1.1349817147180578e-9
1.1620698096696597e-9
1.2035160319466179e-9
9.834132874060704e-10
1.174734901097271e-9
1.3582703863107498e-9
1.4631723804428699e-9
1.543994388095941e-9
1.612255297294899e-9
1.671664580179887e-9
1.7205893815248403e-9
1.7954381601647816e-9
1.472801166969272e-9
1.7790109928394307e-9
1.958826610400992e-9
2.0977321260193357e-9
2.215343714220411e-9
2.3176437817645195e-9
2.4018565069714157e-9
2.530764687189513e-9
2.267104702852678e-9
2.5783494761813026e-9
2.816931777127524e-9
3.0186506926714047e-9
3.1941326122665264e-9
3.3387123435866812e-9
3.5599402543272995e-9
3.028748744209495e-9
3.388588553203165e-9
3.6858270561703225e-9
3.944244680812486e-9
4.157512942964485e-9
4.483767865958111e-9
3.918086358422551e-9
4.3608997911600015e-9
4.737373943051717e-9
5.048349488181906e-9
5.5242731943015906e-9
5.005158444213797e-9
5.554487286236524e-9
5.996027671951536e-9
6.674385501321383e-9
6.3341744528275854e-9
6.95483809416321e-9
7.88335834996917e-9
7.833321726944818e-9
9.071727294217568e-9
1.1179289345597772e-8
1.6643953165104438e-10
2.5883885490606664e-10
2.960294198011021e-10
3.215350115882049e-10
3.4529239776776977e-10
3.587070667773878e-10
3.6899843827281844e-10
3.776657995067006e-10
3.8524494388663445e-10
3.9148416241909234e-10
4.010784566915364e-10
4.798096039777401e-10
5.943722746666427e-10
6.790946522909524e-10
7.589001153786097e-10
8.041052661690447e-10
8.388677391387739e-10
8.681429649196848e-10
8.936572954103254e-10
9.146682385101559e-10
9.46813947553381e-10
7.755942864988541e-10
9.225962665358585e-10
1.0636407242152563e-9
1.1442546484706438e-9
1.2063575697972372e-9
1.2588060062329681e-9
1.3044488926091423e-9
1.3420458438153094e-9
1.3995564522086382e-9
1.1509357767899945e-9
1.3863707599586918e-9
1.524800091969902e-9
1.631766559824437e-9
1.7223298138374389e-9
1.8010957184388824e-9
1.865948029867119e-9
1.9652124773885726e-9
1.7635391185729944e-9
2.00429361219578e-9
2.1891043203572784e-9
2.345351499532162e-9
2.481258469905275e-9
2.5932497011171014e-9
2.7646028699700717e-9
2.351011704563964e-9
2.627548399825105e-9
2.85604262753082e-9
3.0546525071972828e-9
3.2185797446900495e-9
3.4693413812693445e-9
3.030482321961402e-9
3.3672403837006965e-9
3.6531902563617956e-9
3.88942112945146e-9
4.250952316172165e-9
3.857099724042288e-9
4.274271448042192e-9
4.608609805928184e-9
5.122505455476743e-9
4.872994665267535e-9
5.347788334226351e-9
6.055812401866008e-9
6.034179180029612e-9
6.992449212143497e-9
8.6780960274408e-9
1.341512446360709e-10
2.0863870330435242e-10
2.3835058413238574e-10
2.586409965551836e-10
2.775135753206289e-10
2.8816587062182905e-10
2.963337161662941e-10
3.032112596012187e-10
3.092241720169659e-10
3.1417388444100127e-10
3.2178755461279117e-10
3.8474995309450793e-10
4.748757743291299e-10
5.412030820465769e-10
6.035817817898669e-10
6.388961857276408e-10
6.66043203717746e-10
6.889021028794304e-10
7.088262743701884e-10
7.25231729378815e-10
7.503342969119626e-10
6.164791255533336e-10
7.307142980096104e-10
8.401060014933587e-10
9.025846094461953e-10
9.50702497749101e-10
9.913341209328673e-10
1.0266984377354196e-9
1.0558240339498128e-9
1.1003810997939109e-9
9.066151229271146e-10
1.0870936147232213e-9
1.1930357363192242e-9
1.2748644602073292e-9
1.3441365242728687e-9
1.4043920455203442e-9
1.453998768844549e-9
1.529928430411949e-9
1.3745568159394212e-9
1.5584388032708914e-9
1.6995915523390567e-9
1.8189403765384187e-9
1.9227598183087462e-9
2.0083086702370494e-9
2.139195000448653e-9
1.8251541822955834e-9
2.0383676572619612e-9
2.2147455920088334e-9
2.368060203646306e-9
2.4945995427957647e-9
2.6881559705814376e-9
2.3495500135261707e-9
2.6096862770709595e-9
2.830877458415332e-9
3.0135932749683925e-9
3.293200828224099e-9
2.984684265098071e-9
3.304118349969025e-9
3.5602570481435244e-9
3.9538691520152385e-9
3.758656163730621e-9
4.118819642169513e-9
4.654923044859433e-9
4.640559551549011e-9
5.3626480811046844e-9
6.659881930253196e-9
1.0764881921498603e-10
1.680508044562634e-10
1.9197812771398545e-10
2.0825326870371985e-10
2.233767153030162e-10
2.3191223284951754e-10
2.38454084831011e-10
2.439625659676126e-10
2.487776205643597e-10
2.527408574240905e-10
2.5883523380780064e-10
3.097666091483842e-10
3.8143862628824525e-10
4.3390476022480415e-10
4.831995879748851e-10
5.111007713429227e-10
5.325425935714952e-10
5.50595533714503e-10
5.663306779083921e-10
5.792873044749454e-10
5.991123692161864e-10
4.931738192321099e-10
5.826484965532457e-10
6.682295196455504e-10
7.170865585777987e-10
7.54705040977746e-10
7.864651349289604e-10
8.141083929345194e-10
8.368761131778071e-10
8.717063453889404e-10
7.194994195519278e-10
8.596699236957735e-10
9.418813317012706e-10
1.00536429224181e-9
1.0590947843993017e-9
1.1058323941087848e-9
1.144311101625941e-9
1.2032102837908288e-9
1.0810542218746166e-9
1.2218191950199483e-9
1.329697382926423e-9
1.4208800729911838e-9
1.5002045564089485e-9
1.5655650203609096e-9
1.665575734715316e-9
1.4241029452036817e-9
1.5855298265343877e-9
1.71883170965348e-9
1.834726228115059e-9
1.9303766972356934e-9
2.0767018558056894e-9
1.8223342211704484e-9
2.020358047133962e-9
2.188662079365606e-9
2.3276870169465213e-9
2.5404562992037954e-9
2.3086346512542336e-9
2.5542928443987146e-9
2.7515035300280018e-9
3.0545164348820563e-9
2.904074308542368e-9
3.1817382537636425e-9
3.5958301344809424e-9
3.580009843475649e-9
4.133360198932566e-9
5.114333881965886e-9
8.569484057363743e-11
1.3476739203794746e-10
1.5413873695231233e-10
1.6726889679151746e-10
1.7945447275011507e-10
1.863312165518793e-10
1.9159819914731465e-10
1.960324201516905e-10
1.9990845568030265e-10
2.0309963653998454e-10
2.080050811991468e-10
2.495845401451308e-10
3.0715595424003006e-10
3.490846631351593e-10
3.884198962826134e-10
4.106743402276839e-10
4.2777103454570276e-10
4.421634725097483e-10
4.5470860556225515e-10
4.6503921306252375e-10
4.808448214000898e-10
3.963322499883805e-10
4.672394163447167e-10
5.349320626196793e-10
5.735502754204807e-10
6.032778249760408e-10
6.283708546704917e-10
6.502127387316071e-10
6.682032265187622e-10
6.957228357091456e-10
5.747236180889409e-10
6.843103711168664e-10
7.484860283775029e-10
7.980330255351671e-10
8.399600666787576e-10
8.764323582749907e-10
9.06461744869537e-10
9.52421986458583e-10
8.559397778125192e-10
9.649659349438316e-10
1.0486429076273215e-9
1.1193665984946301e-9
1.1808899357570176e-9
1.2315862720756753e-9
1.3091497728730514e-9
1.120966221151339e-9
1.2453707823775838e-9
1.3482189091721351e-9
1.437617523073603e-9
1.5114024474419137e-9
1.624267373764506e-9
1.4253617796566059e-9
1.5757118971561286e-9
1.703421115095623e-9
1.8089241216700385e-9
1.9703815977307657e-9
1.7930029866701354e-9
1.9780712231080753e-9
2.126357127970795e-9
2.3542855726448116e-9
2.2432634194869233e-9
2.4534909992322133e-9
2.766805174521827e-9
2.7581242458313812e-9
3.1821879706337916e-9
3.9345844088470515e-9
6.745614501166037e-11
1.0721806568694896e-10
1.2292021210823945e-10
1.3353752079779034e-10
1.4338159965006196e-10
1.489375660729154e-10
1.5319114301725701e-10
1.5677136569102986e-10
1.598999007761182e-10
1.6247559520429333e-10
1.6643477344357402e-10
2.0050347877337087e-10
2.4708777585355737e-10
2.8087558725304373e-10
3.1253626951948413e-10
3.304441257578935e-10
3.441983552730324e-10
3.557752777142318e-10
3.6586621526564636e-10
3.7417613758748464e-10
3.8688941059449595e-10
3.1893103961953873e-10
3.7569944905664527e-10
4.298070891505449e-10
4.6065810125238945e-10
4.844019705080363e-10
5.044403069094615e-10
5.218830966728687e-10
5.362505996808679e-10
5.582270718010716e-10
4.610849636136616e-10
5.478339884796875e-10
5.985729996794673e-10
6.377369795989092e-10
6.708716725162616e-10
6.996968014265065e-10
7.23430792511631e-10
7.597536930456243e-10
6.824350432810376e-10
7.675071543463459e-10
8.327583683759129e-10
8.879073831741734e-10
9.358853306355159e-10
9.75419462108652e-10
1.0359032076641968e-9
8.88035475192354e-10
9.840193788574332e-10
1.0634166917824685e-9
1.132446985456061e-9
1.189416364488181e-9
1.276557001269958e-9
1.1224751731553485e-9
1.2383199571318192e-9
1.3368805291063361e-9
1.4182863742426685e-9
1.542858870883146e-9
1.4046301267136388e-9
1.5463572561793427e-9
1.660086627661814e-9
1.834821404720325e-9
1.7467666143437261e-9
1.9056005942565673e-9
2.14205616569091e-9
2.134459538270015e-9
2.450872892229238e-9
3.0195477266495463e-9
5.2362098583006644e-11
8.434722453267846e-11
9.70337954239798e-11
1.0560305748903921e-10
1.1354253968692396e-10
1.1802426065048806e-10
1.2145404948203912e-10
1.243403082509138e-10
1.2686228539518014e-10
1.2893867256378457e-10
1.3212817616959366e-10
1.5999545508568416e-10
1.9781198004496005e-10
2.2517240198905538e-10
2.507862974187098e-10
2.652704354419903e-10
2.7639341944418617e-10
2.8575444415039366e-10
2.939139729862222e-10
3.0063370399675036e-10
3.1091260978035916e-10
2.560375265636092e-10
3.018479900701299e-10
3.454526999596477e-10
3.703026710952998e-10
3.894257563070611e-10
4.0556192560151746e-10
4.1960841040662665e-10
4.311788490678299e-10
4.488752846413334e-10
3.7035496142183014e-10
4.3971160521748857e-10
4.802239263878768e-10
5.114910343970223e-10
5.379407497496861e-10
5.609509198237262e-10
5.798976605086653e-10
6.088919981535797e-10
5.463732750636935e-10
6.13522757905581e-10
6.650677466457962e-10
7.08636201049222e-10
7.465381555867154e-10
7.777689346457332e-10
8.255484561844473e-10
7.0793779370091e-10
7.83106075502208e-10
8.453690747565471e-10
8.994949383742875e-10
9.44160239837535e-10
1.0124810151247825e-9
8.90271359762287e-10
9.798800672645636e-10
1.056138870834995e-9
1.119123905000075e-9
1.2155081975303107e-9
1.107229961631198e-9
1.2158146200552921e-9
1.3029945666501395e-9
1.4369466995549965e-9
1.368962802037177e-9
1.4906277088330928e-9
1.6721530405874614e-9
1.6645763616184314e-9
1.9068782321296076e-9
2.3325936638253897e-9
3.9995697428927445e-11
6.543281848268643e-11
7.560448936561829e-11
8.2478025922663e-11
8.884420552515255e-11
9.243864542853358e-11
9.518885317392234e-11
9.750288937738418e-11
9.952439986783628e-11
1.0118878302920289e-10
1.0374478368492312e-10
1.26371409759216e-10
1.5702373799570705e-10
1.7918760440673318e-10
1.9992557259948447e-10
2.1165096380885673e-10
2.2065517214091197e-10
2.282324566491009e-10
2.348369560510412e-10
2.4027637508524185e-10
2.485958452790983e-10
2.0428186156440345e-10
2.41395057411593e-10
2.7669120025660815e-10
2.9679991126985295e-10
3.12274127839332e-10
3.2533015565420574e-10
3.366953045390279e-10
3.460575065468506e-10
3.603753474237706e-10
2.9672523426626054e-10
3.525958995601981e-10
3.852004082170494e-10
4.103637149225608e-10
4.31648072390537e-10
4.501646023253391e-10
4.6541187620750086e-10
4.88743354039075e-10
4.3796289367673397e-10
4.915297437169632e-10
5.326731742511904e-10
5.67450558047179e-10
5.977045266724163e-10
6.226332575644796e-10
6.607704630788964e-10
5.66254082022803e-10
6.256629480219155e-10
6.749193744366125e-10
7.177421379968333e-10
7.530774425806249e-10
8.071263541647815e-10
7.095043632411762e-10
7.796686758315896e-10
8.394617457020893e-10
8.888418365563316e-10
9.644037461262198e-10
8.785146104116271e-10
9.62910534901619e-10
1.0307829717292978e-9
1.1350263947280782e-9
1.0805372026378887e-9
1.1740400954953254e-9
1.3135612358357775e-9
1.306350620653603e-9
1.4905546330663506e-9
1.8132368363677157e-9
3.001731679919286e-11
4.994706688446538e-11
5.800774810893084e-11
6.346531780234667e-11
6.852042718192634e-11
7.137544263300927e-11
7.355977547957104e-11
7.539750748619848e-11
7.70026716890937e-11
7.832442688581967e-11
8.035314209016478e-11
9.84972961543411e-11
1.2318489312487892e-10
1.410603775384225e-10
1.5778470840127821e-10
1.6724068240216723e-10
1.7450278418667956e-10
1.806139246082527e-10
1.8594023073930541e-10
1.9032728503648803e-10
1.9703613265104676e-10
1.6140781660128492e-10
1.914507373293159e-10
2.2001536959487652e-10
2.362874372605708e-10
2.48810175653949e-10
2.593758171480999e-10
2.68572786299325e-10
2.7614935616401667e-10
2.8773527778164495e-10
2.362422478825903e-10
2.814092872499132e-10
3.077546745588563e-10
3.280886611234788e-10
3.452880958107279e-10
3.6025053185454876e-10
3.725717525442666e-10
3.914244793963636e-10
3.501790382731373e-10
3.932250129302168e-10
4.2630588824908725e-10
4.542725579776219e-10
4.786008937984686e-10
4.986469362762376e-10
5.293134350792177e-10
4.5290707988684537e-10
5.003176630156402e-10
5.396770840181456e-10
5.738962387651109e-10
6.021300783012369e-10
6.453159191352153e-10
5.666539802844061e-10
6.222161116024182e-10
6.696216509467779e-10
7.087663083904015e-10
7.686638681578051e-10
6.99673140644214e-10
7.658395035704639e-10
8.191099846858419e-10
9.009152281234213e-10
8.571089660546233e-10
9.297821566392979e-10
1.0384069556127093e-9
1.0315686206379668e-9
1.1742957281010793e-9
1.4190596433926636e-9
2.211927839270641e-11
3.746136200457912e-11
4.375426804452236e-11
4.802927166915488e-11
5.199104385729809e-11
5.4229322374400414e-11
5.594193500540498e-11
5.738282300951288e-11
5.864117484527485e-11
5.967743977118065e-11
6.126737058454311e-11
7.557512548839256e-11
9.524435782085466e-11
1.0953261886033102e-10
1.229061610105615e-10
1.3046846617635956e-10
1.3627733204552415e-10
1.4116579995233e-10
1.4542614952897797e-10
1.4893549541527426e-10
1.5430139811879093e-10
1.259039462745229e-10
1.500856685330177e-10
1.7308570538526885e-10
1.8618949024416263e-10
1.9627554862111354e-10
2.0478590930778008e-10
2.121933741612673e-10
2.1829607142645376e-10
2.2762744986682354e-10
1.8625307230633206e-10
2.2272317407499356e-10
2.4399591150785783e-10
2.6041723179184105e-10
2.743082610311622e-10
2.8639199139650556e-10
2.963430236304775e-10
3.1156838789684465e-10
2.782411202613014e-10
3.129502365900082e-10
3.396394222191326e-10
3.6220699768165605e-10
3.8183766269273704e-10
3.980129150445238e-10
4.2275737429348574e-10
3.6090488796698354e-10
3.9898349417201274e-10
4.3063172626894766e-10
4.5814633610854266e-10
4.808470083894636e-10
5.155691302127768e-10
4.5191336158608524e-10
4.962727652839217e-10
5.34157507184938e-10
5.65437950493067e-10
6.13300579898822e-10
5.575704334270849e-10
6.099763061413024e-10
6.522308620330307e-10
7.171043805825247e-10
6.815882427043295e-10
7.387359656048764e-10
8.242936525174445e-10
8.178115088761576e-10
9.291827526771472e-10
1.1165633686070955e-9
1.600291738320032e-11
2.7586555207185072e-11
3.2414436572780417e-11
3.570948550257605e-11
3.876597142226444e-11
4.0493478028772714e-11
4.181555107646323e-11
4.292799655984522e-11
4.3899377723214977e-11
4.4699422020932284e-11
4.5926523869627366e-11
5.698399360016555e-11
7.24272984269034e-11
8.370127629655942e-11
9.426255373559207e-11
1.0023609974947047e-10
1.0482582695898562e-10
1.0868875059418695e-10
1.1205503106442881e-10
1.1482813564650903e-10
1.190678163235339e-10
9.67129915436412e-11
1.1597945317726506e-10
1.343217149608471e-10
1.4477548024477005e-10
1.5282361001418372e-10
1.5961539033237058e-10
1.6552648766881377e-10
1.7039665010471442e-10
1.7784297677006143e-10
1.449692627346316e-10
1.74240729387925e-10
1.9132325054380016e-10
2.0451294968096043e-10
2.156720183405592e-10
2.2537856356849428e-10
2.333721857239672e-10
2.4560234699081985e-10
2.189413975472998e-10
2.4689241268806443e-10
2.683961851746878e-10
2.8658305707832915e-10
3.024022023380269e-10
3.1543689300673695e-10
3.3537683023236013e-10
2.85486823266159e-10
3.161311106762604e-10
3.4162260964374e-10
3.6378414838889286e-10
3.8206766290165614e-10
4.100333719848336e-10
3.5856942447624175e-10
3.9415506240387566e-10
4.24570798348333e-10
4.4968289845525684e-10
4.881064025203746e-10
4.4302245696303754e-10
4.848329542301932e-10
5.185894903028004e-10
5.704046572871474e-10
5.415221334944651e-10
5.868426577653486e-10
6.54786979854938e-10
6.488653800155155e-10
7.366494770554261e-10
8.817309833207318e-10
1.1374606107549949e-11
1.9945456348039704e-11
2.357953764612049e-11
2.6074185544710995e-11
2.8391316892919055e-11
2.970157181708041e-11
3.0704647596877525e-11
3.154884813859926e-11
3.228591739472127e-11
3.289307349829131e-11
3.382409144181346e-11
4.217942877732178e-11
5.4092981901164635e-11
6.284574669233798e-11
7.10555699625984e-11
7.57009210226077e-11
7.927133151605441e-11
8.227682686146097e-11
8.489566062569659e-11
8.7053192204224e-11
9.03514631554357e-11
7.302261462698712e-11
8.81582825694121e-11
1.0258910616111919e-10
1.1081828068902153e-10
1.1715547031374616e-10
1.2250448505389838e-10
1.2715942599423292e-10
1.309948148898111e-10
1.368588030717044e-10
1.111256822975198e-10
1.3437609158770601e-10
1.4795804895487242e-10
1.5844780607962282e-10
1.673244913904304e-10
1.7504511160154676e-10
1.8140336469234554e-10
1.9113141945196137e-10
1.7010321941874578e-10
1.9247706310871147e-10
2.0969720144034026e-10
2.2426439213327036e-10
2.369343330490852e-10
2.4737420345448185e-10
2.6334474053057667e-10
2.2344145918426296e-10
2.4803555345322504e-10
2.685052720911043e-10
2.863005366221073e-10
3.009816418909869e-10
3.234373283413354e-10
2.820778019535877e-10
3.106347509411123e-10
3.350558239302228e-10
3.5521796845509937e-10
3.8606730279832374e-10
3.4972693671703307e-10
3.8319060290966827e-10
4.10235724402729e-10
4.51742662785496e-10
4.283253596325155e-10
4.644627791582484e-10
5.18704927952002e-10
5.134876763204463e-10
5.832031037464855e-10
6.965678061478708e-10
7.952645400749727e-12
1.416795006378433e-11
1.6849941468062874e-11
1.870337202959334e-11
2.0427833158762413e-11
2.1403522090991947e-11
2.21507877760942e-11
2.2779865835285856e-11
2.3329071052792598e-11
2.3781557196079744e-11
2.4475295890221027e-11
3.064075299683491e-11
3.96521125875671e-11
4.6322489840779595e-11
5.258922458559819e-11
5.6137009079689435e-11
5.886483949617112e-11
6.116152011027952e-11
6.316252292287406e-11
6.48111688054506e-11
6.733135460414752e-11
5.4132627469364926e-11
6.582073359457619e-11
7.698596659304018e-11
8.335779643221538e-11
8.826611750417249e-11
9.241011271302552e-11
9.601598881713778e-11
9.898712044019595e-11
1.0352968848337257e-10
8.374131373292471e-11
1.0194949183246403e-10
1.126008003849845e-10
1.2082962238359776e-10
1.2779483345875235e-10
1.3385238409394625e-10
1.388410459004761e-10
1.4647381424673343e-10
1.301767422533152e-10
1.4790262707632295e-10
1.615491766364388e-10
1.730957464644678e-10
1.831378860989745e-10
1.9141255631273617e-10
2.0407102238765363e-10
1.7255602319201024e-10
1.921505491711577e-10
2.0846230277296437e-10
2.226423761598685e-10
2.3434107858691567e-10
2.5223514460134406e-10
2.1934535112244755e-10
2.421634684264761e-10
2.616810816965154e-10
2.7779495034136157e-10
3.024501577111633e-10
2.7340315780336126e-10
3.001521837836571e-10
3.217844934125987e-10
3.5498137746078666e-10
3.361489584232869e-10
3.650007398930992e-10
4.083478391460064e-10
4.039225534891706e-10
4.5947842448013246e-10
5.486982707170208e-10
5.47808069170917e-12
9.899531422905509e-12
1.1840466699444745e-11
1.3191639405961636e-11
1.445129787745302e-11
1.516449948549619e-11
1.5711003225185482e-11
1.617122361832986e-11
1.6572997609488384e-11
1.6904084491675167e-11
1.741167149570955e-11
2.185480266667247e-11
2.853089536828011e-11
3.351366207132269e-11
3.820381802895479e-11
4.086081653628338e-11
4.290450305500899e-11
4.4625568010006765e-11
4.6124903089128276e-11
4.7360294989367886e-11
4.92487203379792e-11
3.9383702404236304e-11
4.823654303511902e-11
5.671263649340544e-11
6.155430418237907e-11
6.528501414822605e-11
6.843568334318711e-11
7.11768999046932e-11
7.343563522607857e-11
7.688906751503789e-11
6.19697271075107e-11
7.598731736639556e-11
8.42014432419634e-11
9.054931921425064e-11
9.59239475743773e-11
1.0059776687503417e-10
1.0444682937085195e-10
1.1033623680347402e-10
9.795643138270723e-11
1.1180523890394568e-10
1.2246815923566828e-10
1.3149188905149342e-10
1.3933948459483002e-10
1.4580593456741367e-10
1.556984275091387e-10
1.3120653454778504e-10
1.4664149381854679e-10
1.594885338787031e-10
1.7065626786984796e-10
1.7987007412683822e-10
1.9396346919679433e-10
1.6818378510800672e-10
1.862600533712129e-10
2.0172013093656303e-10
2.144844974321633e-10
2.340149324208152e-10
2.1108776116007135e-10
2.3234691601617198e-10
2.495439897150455e-10
2.7593403292642543e-10
2.6098000329585463e-10
2.839424370355225e-10
3.1846147560611433e-10
3.1484995893752764e-10
3.5908260688024216e-10
4.295716260415882e-10
3.724609139333593e-12
6.814941412443206e-12
8.193529047498887e-12
9.160581207791193e-12
1.0064131376442005e-11
1.0576117064369678e-11
1.0968648573755923e-11
1.1299332980738964e-11
1.1588026191354712e-11
1.1825983080709139e-11
1.2190814562242461e-11
1.5321989018678433e-11
2.0165975825955086e-11
2.3812594907631425e-11
2.7252295350330783e-11
2.9202395929194264e-11
3.070289007377239e-11
3.196683345358468e-11
3.3067826541645705e-11
3.397504740947293e-11
3.536183581701586e-11
2.8129724153050214e-11
3.469834999842941e-11
4.1003358032151903e-11
4.460863272583421e-11
4.7387410915130166e-11
4.973487639387161e-11
5.177703545864227e-11
5.3459778339431396e-11
5.6032646064196836e-11
4.5015492972125286e-11
5.560183754249386e-11
6.181756374501434e-11
6.66224562879724e-11
7.069186170329306e-11
7.423034498057847e-11
7.714436033918157e-11
8.160331790723972e-11
7.240042274467509e-11
8.303954310928123e-11
9.123062134402859e-11
9.816347891163461e-11
1.0419247328386781e-10
1.0916046084617862e-10
1.1676077124307858e-10
9.808092892926588e-11
1.1006151904256855e-10
1.2002828175491047e-10
1.2869193219570667e-10
1.3584017656266073e-10
1.4677422945164385e-10
1.2691949494770684e-10
1.4106329454941556e-10
1.5315514953760572e-10
1.6313922263311856e-10
1.7841583491997754e-10
1.6060815887163109e-10
1.7734004749530462e-10
1.9087324443373846e-10
2.1164172221360528e-10
1.9996076887250652e-10
2.181024596523464e-10
2.4538021133266364e-10
2.4254883743434207e-10
2.7758119680245254e-10
3.3326954417148356e-10
2.504256314258584e-12
4.630528313490685e-12
5.592898033594923e-12
6.273124261535884e-12
6.910169192665368e-12
7.271456779280811e-12
7.54860626060572e-12
7.78218810111735e-12
7.986123609394765e-12
8.154263678436563e-12
8.412097520238028e-12
1.0574945478867906e-11
1.4019992343018777e-11
1.663565910504381e-11
1.9108357996925797e-11
2.0511379803495194e-11
2.159127404753137e-11
2.2501164860171073e-11
2.3293676716511308e-11
2.394673702725196e-11
2.4945040222141332e-11
1.9743305252247755e-11
2.4516369175281834e-11
2.9110046872302615e-11
3.173964923108385e-11
3.3766919473343167e-11
3.5480053424833334e-11
3.6970223069642554e-11
3.8198131778985155e-11
4.007565529973999e-11
3.210763490426358e-11
3.994138021157452e-11
4.455064097219543e-11
4.8114612942608015e-11
5.113389444602293e-11
5.375906272698868e-11
5.5920887306715224e-11
5.922907586451717e-11
5.253827736368485e-11
6.055874267221694e-11
6.67321550056747e-11
7.1957710146159e-11
7.65018700527483e-11
8.024640271941721e-11
8.597514259601006e-11
7.201807355509499e-11
8.115789316411727e-11
8.875492148970255e-11
9.535846722223136e-11
1.0080737392894611e-10
1.0914217168455684e-10
9.415104077362183e-11
1.050488868647652e-10
1.1435929127444866e-10
1.2204744893093856e-10
1.3381131178480732e-10
1.202371542903915e-10
1.3323361403145853e-10
1.4374028964131382e-10
1.5986582856018934e-10
1.5091703582492906e-10
1.6509270910926306e-10
1.864036243911128e-10
1.842776005584084e-10
2.117706948021072e-10
2.5558955876737975e-10
1.6680325222954158e-12
3.111216797435034e-12
3.7727037153072975e-12
4.243636534293419e-12
4.685711079111768e-12
4.936649539763957e-12
5.129257151770403e-12
5.291662036929227e-12
5.433473043635898e-12
5.550429168072211e-12
5.729827040496809e-12
7.198535416467732e-12
9.603991575776542e-12
1.1445051000248433e-11
1.3189315755390763e-11
1.4179835415417656e-11
1.494244460731054e-11
1.558516554452982e-11
1.6144929473307516e-11
1.6606214387324446e-11
1.7311391271596797e-11
1.3637403811324309e-11
1.7036359789405376e-11
2.031621416228902e-11
2.2195766070225288e-11
2.364509636617746e-11
2.4870201741922073e-11
2.593576346080734e-11
2.6813791680289902e-11
2.8156403351433623e-11
2.2507225032418403e-11
2.8185711818395787e-11
3.153393869185673e-11
3.412340956840087e-11
3.631767491682858e-11
3.8225401808281476e-11
3.97963689018834e-11
4.220054261439017e-11
3.7440877104469924e-11
4.336705320208215e-11
4.7926444584621025e-11
5.178584013737313e-11
5.5141949947447236e-11
5.790756403622719e-11
6.213874584267785e-11
5.193163213875971e-11
5.877256265924127e-11
6.445207785131799e-11
6.938874133515224e-11
7.346262236625318e-11
7.969416522304388e-11
6.861354197477572e-11
7.68635841266321e-11
8.390520526986887e-11
8.972055586726167e-11
9.861897286796909e-11
8.848333900617721e-11
9.841976631308463e-11
1.0644585476109948e-10
1.1876614335589314e-10
1.1205689189249302e-10
1.2297897522096476e-10
1.3938997836573018e-10
1.3786709177715616e-10
1.591759752933269e-10
1.9339045605183126e-10
1.1024766473590927e-12
2.070798877073619e-12
2.519375468630379e-12
2.840823274156002e-12
3.143251942817538e-12
3.3150716154333634e-12
3.4470244223878308e-12
3.5583397849828973e-12
3.6555585742176675e-12
3.7357666987415025e-12
3.85884764274208e-12
4.842378394215568e-12
6.4947566754732654e-12
7.768590347087017e-12
8.977971911715517e-12
9.665278073325828e-12
1.0194567307176426e-11
1.0640755739223751e-11
1.1029330563588111e-11
1.1349555107076175e-11
1.1839118660855723e-11
9.287420567335525e-12
1.1662942063632455e-11
1.3960937814220024e-11
1.5279151861344244e-11
1.6295810851231447e-11
1.715540670763644e-11
1.7903004538504304e-11
1.851902643379767e-11
1.946105059716953e-11
1.5528375742821027e-11
1.956306953508617e-11
2.1946845552381235e-11
2.3790726407815124e-11
2.5353519891276558e-11
2.6712172691239486e-11
2.7830960652909937e-11
2.954323821338434e-11
2.622528706226834e-11
3.051555282585117e-11
3.3814229223897897e-11
3.6606289581299004e-11
3.903426314117786e-11
4.1035111423957325e-11
4.409630059446725e-11
3.678952181886596e-11
4.1808230314642814e-11
4.596878959111376e-11
4.958508839164325e-11
5.2569712614244704e-11
5.713508191120935e-11
4.912174426360531e-11
5.524903736304013e-11
6.047266842000686e-11
6.478720460550385e-11
7.138928435030291e-11
6.398375283772357e-11
7.144688016284082e-11
7.746813909123379e-11
8.671285718930732e-11
8.179724106785944e-11
9.007588713154459e-11
1.0250421022814313e-10
1.0147007057568154e-10
1.1773840803080078e-10
1.4416498139761944e-10
7.241006849682673e-13
1.367614180459894e-12
1.6683308204293314e-12
1.8850529996278536e-12
2.0893709450694023e-12
2.2055440477864463e-12
2.2948086738920284e-12
2.370149785728341e-12
2.4359666866605287e-12
2.490289538263003e-12
2.5736934591792868e-12
3.2250813874752527e-12
4.344283525063791e-12
5.212486349232073e-12
6.038317477717863e-12
6.507970885168245e-12
6.8697189542781165e-12
7.174737195220759e-12
7.440359244980614e-12
7.659266317088402e-12
7.993957582463553e-12
6.2482497375462026e-12
7.88096931651796e-12
9.463947077307585e-12
1.037280796016072e-11
1.1073856621010184e-11
1.166673314864684e-11
1.2182334484497788e-11
1.2607189344724785e-11
1.3256915604545263e-11
1.0563082080827012e-11
1.3377071694070662e-11
1.5042636344449452e-11
1.6331112483030567e-11
1.742334757719931e-11
1.8372876991849066e-11
1.915475370585644e-11
2.03514659455056e-11
1.8079647830298518e-11
2.1124492929103577e-11
2.34636965142553e-11
2.544337724137757e-11
2.7164936012714922e-11
2.858369855052824e-11
3.075434526244558e-11
2.5629051064757587e-11
2.923745512926091e-11
3.222376438632343e-11
3.481936650091803e-11
3.696186136767626e-11
4.0239062952146526e-11
3.456669603911822e-11
3.9028159178182436e-11
4.2826390414503397e-11
4.596406274298902e-11
5.0765431178446473e-11
4.547186863436792e-11
5.097210445082395e-11
5.540321628417113e-11
6.220821281938113e-11
5.869094404880133e-11
6.485422696692686e-11
7.409591147393328e-11
7.343667087240221e-11
8.564708459433096e-11
1.0578678230704084e-10