2.8997712203731654e-9
4.828214577296198e-9
5.71484882809704e-9
6.16889704204818e-9
6.392252850397549e-9
6.522130609968517e-9
6.622915630030963e-9
6.699961907464044e-9
6.7487480055347115e-9
1.0479566011663054e-8
1.411778666218637e-8
1.611270411739448e-8
1.710301252576988e-8
1.7678728780939974e-8
1.812371129433604e-8
1.846584099557912e-8
1.868016024425008e-8
2.1144330719766396e-8
2.5650136888069584e-8
2.7946579085832893e-8
2.9281973000074273e-8
3.031384750912063e-8
3.110869647211889e-8
3.160478684304173e-8
3.2973024200522644e-8
3.705196969200366e-8
3.941416522571565e-8
4.12401429426198e-8
4.264783705498999e-8
4.352515886147289e-8
4.2867013709010705e-8
4.632535599537169e-8
4.898003836363488e-8
5.1029688000254614e-8
5.230578489784448e-8
5.07522188026287e-8
5.4153477748031325e-8
5.675063411007921e-8
5.837183453631096e-8
5.847541405554822e-8
6.162559805955803e-8
6.357384442123625e-8
6.573391192175348e-8
6.803558803076102e-8
7.093295444754354e-8
2.386601076360452e-9
4.04024291476999e-9
4.815455055472433e-9
5.214310736152169e-9
5.410784518770417e-9
5.525067880115572e-9
5.6136688703982435e-9
5.681483150262027e-9
5.7243829365032796e-9
9.078494507698217e-9
1.2448265100007792e-8
1.4313874377920756e-8
1.5241322257884158e-8
1.5780533865197087e-8
1.619713111852878e-8
1.651763978019566e-8
1.6718238521798442e-8
1.9181346163042228e-8
2.3589761910389743e-8
2.5843541278250855e-8
2.7154192906123277e-8
2.8166779131143698e-8
2.8947076340433575e-8
2.9433791726351498e-8
3.094789745393514e-8
3.5086067845039864e-8
3.7481586647373774e-8
3.9333228262435476e-8
4.076109337783901e-8
4.1650611035563094e-8
4.110251821811863e-8
4.468732022293653e-8
4.743724119496378e-8
4.956107863613463e-8
5.088289357279283e-8
4.933678234918276e-8
5.290711025992614e-8
5.563140418497722e-8
5.733191595801882e-8
5.750255547078693e-8
6.083782688901317e-8
6.28988563096858e-8
6.52535017168518e-8
6.770825815454607e-8
7.084039811740407e-8
1.950481913743807e-9
3.345989209022232e-9
4.01085767806678e-9
4.354709976741869e-9
4.524318256425141e-9
4.622987309953414e-9
4.699446527421642e-9
4.758029883797177e-9
4.795054768824769e-9
7.726862014349644e-9
1.0759330239334332e-8
1.2455486198877484e-8
1.3299903287579899e-8
1.3790831560991332e-8
1.4170060914002729e-8
1.4461943235226874e-8
1.464451278982891e-8
1.7027019069208108e-8
2.1225236741075176e-8
2.337872943123019e-8
2.463106881595089e-8
2.559857129141297e-8
2.6344321212216022e-8
2.6809290274694593e-8
2.8438973101796723e-8
3.254050433800135e-8
3.4913552951021727e-8
3.6747898003771646e-8
3.816268214470616e-8
3.904378891856548e-8
3.8636990741104635e-8
4.2277392737847946e-8
4.506788651990535e-8
4.722362781119237e-8
4.8564943327442e-8
4.707024169271404e-8
5.074849401470163e-8
5.355244950352769e-8
5.530286684805935e-8
5.555352098894312e-8
5.90230867394114e-8
6.116524019147948e-8
6.369710998663949e-8
6.627214039352564e-8
6.960973872033544e-8
1.5668560430528941e-9
2.727631819988791e-9
3.2882611227541223e-9
3.579773318559936e-9
3.7236916911899046e-9
3.807385883558917e-9
3.8723157959274114e-9
3.9220196446070165e-9
3.953500423088025e-9
6.45562947479806e-9
9.10897139962994e-9
1.0608042044067051e-8
1.1355243518523214e-8
1.1789594465742134e-8
1.2125230923962935e-8
1.2383494342641959e-8
1.254508359156359e-8
1.4767786694514107e-8
1.8649014501833042e-8
2.0646693984233462e-8
2.180837926884117e-8
2.2706011816273894e-8
2.339787538897234e-8
2.3829240783349468e-8
2.55264590059227e-8
2.9484764217907507e-8
3.177340232861831e-8
3.35427920249265e-8
3.4907490579228565e-8
3.5757351386298266e-8
3.551527371857559e-8
3.9125518113453586e-8
4.1890600136827524e-8
4.4027077389212337e-8
4.5356260712881275e-8
4.3959978942092944e-8
4.766767065165217e-8
5.0490405015682204e-8
5.225308143495271e-8
5.25942383722837e-8
5.6129135741880596e-8
5.830961345712699e-8
6.098920409592063e-8
6.363813656638344e-8
6.713552201059745e-8
1.2518393964245084e-9
2.2061522923315475e-9
2.6728104243848747e-9
2.916515220728206e-9
3.036945446023317e-9
3.1070233369249067e-9
3.161416511947567e-9
3.2030421918135887e-9
3.229374014931139e-9
5.330258281627059e-9
7.597859511513184e-9
8.889618022172862e-9
9.534113322061176e-9
9.908824277759416e-9
1.0198394296374844e-8
1.0421206929876638e-8
1.056052514783214e-8
1.2559213080421352e-8
1.6038848284332486e-8
1.7835691141910976e-8
1.8880678591551706e-8
1.96881824209877e-8
2.031061931601415e-8
2.0698548848958627e-8
2.2398279836346825e-8
2.6107071990776913e-8
2.8249834665482206e-8
2.990660636012312e-8
3.1184534201566546e-8
3.198016002307185e-8
3.1911454038826554e-8
3.539695021791345e-8
3.806359649607651e-8
4.012451798679886e-8
4.140639507604056e-8
4.015376442494392e-8
4.3798698981351346e-8
4.656932386237049e-8
4.8299989078329235e-8
4.873686383443227e-8
5.225324213637702e-8
5.4419704173845597e-8
5.720381238039486e-8
5.986746321844793e-8
6.34615846371392e-8
9.854266639819647e-10
1.7568177167335514e-9
2.1391744508976017e-9
2.3396240447119885e-9
2.4387271477878645e-9
2.496459254646822e-9
2.541192686986159e-9
2.575547899320325e-9
2.5972271193447705e-9
4.342592116177193e-9
6.2469686812965286e-9
7.337789390574991e-9
7.88236597676552e-9
8.199070899144186e-9
8.443674927341577e-9
8.632061985502698e-9
8.749752981450554e-9
1.0488738765638196e-8
1.3517849177976904e-8
1.5086348476815577e-8
1.599864010168632e-8
1.6703456179598544e-8
1.7246967516185757e-8
1.7585564044949255e-8
1.92137184610606e-8
2.2580463931198607e-8
2.4523859254632748e-8
2.602643686792164e-8
2.718570395046641e-8
2.7907275670552446e-8
2.8000137172195753e-8
3.126606025213602e-8
3.376121327699933e-8
3.569032869262884e-8
3.688995108480211e-8
3.581680742299608e-8
3.929984858623893e-8
4.194250559442423e-8
4.359395251613038e-8
4.412346514368768e-8
4.752700972880175e-8
4.9620935061427684e-8
5.245231224891346e-8
5.506173446965691e-8
5.867376448402671e-8
7.713476975798579e-10
1.3831925194869728e-9
1.6909492620988402e-9
1.8527501924427273e-9
1.9328740401011972e-9
1.9795503435246564e-9
2.0157703973170034e-9
2.0435325354258637e-9
2.0610984050285084e-9
3.4953385482810203e-9
5.076343803004322e-9
5.9845451723149276e-9
6.438293494350026e-9
6.702128935232562e-9
6.905963870001153e-9
7.062874038552893e-9
7.160933442955401e-9
8.639206399698168e-9
1.1212314008611943e-8
1.2547309503763357e-8
1.3323714726559898e-8
1.3923620224625283e-8
1.4386168572687935e-8
1.46743429930954e-8
1.6161184491643086e-8
1.912258530030774e-8
2.083006180574548e-8
2.215041643835095e-8
2.3169049200568253e-8
2.3803086648121327e-8
2.402238480252078e-8
2.6986239322623416e-8
2.9247106676207215e-8
3.0995502447253224e-8
3.2082665790977577e-8
3.12073478987448e-8
3.443386810780629e-8
3.6876001387809193e-8
3.8403192960702934e-8
3.9011874483351184e-8
4.2206509086232124e-8
4.416862267743315e-8
4.6977719841298255e-8
4.945948969001481e-8
5.299888734207799e-8
6.045797858646262e-10
1.0830044565682306e-9
1.3267359141748117e-9
1.4553366686878141e-9
1.519084980428681e-9
1.5562337363622233e-9
1.5850626228261637e-9
1.6072226817716057e-9
1.6212015394633928e-9
2.777910931463092e-9
4.076086599160659e-9
4.824337387504259e-9
5.1983682878271774e-9
5.4158403130628154e-9
5.583824962241441e-9
5.713245908965582e-9
5.7940370246531105e-9
7.03676470169098e-9
9.18744428426927e-9
1.0304143588894705e-8
1.0953562742423271e-8
1.1455304720907217e-8
1.184230234830043e-8
1.2083298067574747e-8
1.338279890213202e-8
1.5916005375042178e-8
1.737492660242498e-8
1.850311516822979e-8
1.9373648539942647e-8
1.9915382608765407e-8
2.0206876759309167e-8
2.2812334696188943e-8
2.4796224672322437e-8
2.633102740606118e-8
2.728519133099727e-8
2.6602995268438047e-8
2.9495875342757975e-8
3.1679457778592234e-8
3.304599692461808e-8
3.3707021327846315e-8
3.660791783945961e-8
3.838582697581057e-8
4.109593269593159e-8
4.3380437852876825e-8
4.675224126320094e-8
4.757659505694529e-10
8.480561941469207e-10
1.0393767109854043e-9
1.1407435367959411e-9
1.1910230826556887e-9
1.2203582201007992e-9
1.2431185794790636e-9
1.2606213983054928e-9
1.2716774048290021e-9
2.1814103023148533e-9
3.229326256003158e-9
3.837535856198941e-9
4.141721641149258e-9
4.318641330679317e-9
4.4552800257909e-9
4.560544609935464e-9
4.626268217383196e-9
5.665470316383371e-9
7.4472694291119064e-9
8.372644082511296e-9
8.91085623267816e-9
9.326663935857416e-9
9.647365604104657e-9
9.847086422996129e-9
1.0949998483482277e-8
1.3074239956373211e-8
1.429652471888428e-8
1.5241770777309382e-8
1.5971119893583042e-8
1.6425008368302173e-8
1.673015243132154e-8
1.8957264743623556e-8
2.0650020206854964e-8
2.19599341078898e-8
2.2774265742864343e-8
2.2256896811092984e-8
2.4770636289279324e-8
2.6662075885678003e-8
2.784696447264872e-8
2.8522225521787437e-8
3.1069436158451554e-8
3.2626751320452563e-8
3.5160566275880074e-8
3.719286985706956e-8
4.0308673853804544e-8
3.759796856988589e-10
6.654602410619089e-10
8.147983018408881e-10
8.942449185610364e-10
9.336925268460422e-10
9.567081199612776e-10
9.745879084508076e-10
9.883452307392057e-10
9.970377113167326e-10
1.7003644768437997e-9
2.5268520166606203e-9
3.0110395114821626e-9
3.253463486244101e-9
3.3944398901799348e-9
3.503372576876878e-9
3.5872788614700703e-9
3.639659302457539e-9
4.4964706190356804e-9
5.958876682958533e-9
6.71943087704236e-9
7.16174360791323e-9
7.503546932513522e-9
7.767151674504879e-9
7.93129684013651e-9
8.862076124435605e-9
1.0625598748576117e-8
1.1639702497893207e-8
1.242408243953127e-8
1.302928653161657e-8
1.3405897850349622e-8
1.368381712082852e-8
1.555014569204281e-8
1.6966695837889906e-8
1.8063095483965504e-8
1.8744659804531495e-8
1.8349102981671657e-8
2.0477850778770272e-8
2.207471370549532e-8
2.3076049153129452e-8
2.3721830739145498e-8
2.589266449087598e-8
2.7216198498639972e-8
2.9506833601212806e-8
3.125703787001802e-8
3.404744826550824e-8
2.9879614482667127e-10
5.239016451292881e-10
6.398500934146097e-10
7.017064761213586e-10
7.324445648837719e-10
7.503882357338157e-10
7.643236385187803e-10
7.750622122979278e-10
7.818480751495735e-10
1.324503033110257e-9
1.9643468938423554e-9
2.341326570797775e-9
2.5302629791136317e-9
2.6401457195364453e-9
2.72502003858555e-9
2.7904283424462257e-9
2.8312542624517423e-9
3.5158771819700525e-9
4.692351338853104e-9
5.306193205178888e-9
5.663198778962322e-9
5.939040841089956e-9
6.151833151859224e-9
6.284320858768351e-9
7.077003403335992e-9
8.532243991052642e-9
9.36892570880101e-9
1.0016038383836466e-8
1.0515411610140778e-8
1.0826142872399562e-8
1.1069543321945122e-8
1.2618371789434747e-8
1.3792924215469274e-8
1.4702218447082644e-8
1.526744919649468e-8
1.4954291911428974e-8
1.6728410217068952e-8
1.8056286890432277e-8
1.8889593319319607e-8
1.9468265713522093e-8
2.1280236645889554e-8
2.238200317078734e-8
2.4384319509764906e-8
2.585374781665434e-8
2.8279809975830413e-8
2.3912706700401754e-10
4.152433918994276e-10
5.054649251551418e-10
5.535998371412474e-10
5.775278513166784e-10
5.914991177922841e-10
6.02356427619621e-10
6.107265656541136e-10
6.160170308071641e-10
1.0354171756628174e-9
1.5287746086304703e-9
1.8192476329909501e-9
1.964830351510274e-9
2.0494967307208347e-9
2.114914480581844e-9
2.1653215397719665e-9
2.196784269842445e-9
2.725198144978594e-9
3.6439137098382546e-9
4.124693433356431e-9
4.4043173597515226e-9
4.620397926268997e-9
4.787082312325203e-9
4.8908609058244865e-9
5.558018555426675e-9
6.740593639670399e-9
7.420319815035587e-9
7.946081007647827e-9
8.35180866254246e-9
8.604264629466723e-9
8.833297036410971e-9
1.0110966222581221e-8
1.107966681911021e-8
1.1829631399665853e-8
1.2295813147580613e-8
1.2046281533188357e-8
1.3515144248557398e-8
1.4613395793610933e-8
1.5302858150450832e-8
1.5796949776896845e-8
1.729641265954204e-8
1.820635942481725e-8
1.9906421626479056e-8
2.112391995129982e-8
2.3182283794442517e-8
1.9232997732346986e-10
3.311764277141549e-10
4.017407323190779e-10
4.3932072159595146e-10
4.580047155681293e-10
4.689184436390415e-10
4.77402010469769e-10
4.839431527081122e-10
4.880812439876667e-10
8.126518850233232e-10
1.1941284983813556e-9
1.4184218140886778e-9
1.5307994454402804e-9
1.5961621241387696e-9
1.6466587198983913e-9
1.685569212644256e-9
1.7098584294941126e-9
2.114277114398906e-9
2.8179751204622467e-9
3.186001295348187e-9
3.400052082507504e-9
3.5654432813213526e-9
3.693029424149659e-9
3.772465773181999e-9
4.303602933467467e-9
5.234527051001828e-9
5.7690408263872146e-9
6.182493822792946e-9
6.501554315084565e-9
6.700083088721703e-9
6.928711496861654e-9
7.966151147642141e-9
8.752267902472429e-9
9.360936785521543e-9
9.739265840323259e-9
9.557199933148715e-9
1.0764452610316517e-8
1.1666814630366335e-8
1.2233326119326629e-8
1.2651067787932448e-8
1.388902283331296e-8
1.4639621426529053e-8
1.605649530617748e-8
1.7062965188302125e-8
1.8780831159686893e-8
1.552148290955545e-10
2.6574276699434793e-10
3.213774337164867e-10
3.50961487465322e-10
3.656700649597961e-10
3.7426523367477106e-10
3.8095118477248647e-10
3.8610607674711404e-10
3.893706396421086e-10
6.415511560488125e-10
9.361720339592878e-10
1.1094302172646507e-9
1.1962380294078329e-9
1.2467243402823328e-9
1.2857396569145231e-9
1.3157971037343623e-9
1.3345685679415924e-9
1.6464696333917557e-9
2.188022914710614e-9
2.4705940191216235e-9
2.634916127391188e-9
2.761904800088861e-9
2.8598561856546373e-9
2.9208541921207515e-9
3.3217467147660874e-9
4.032579758848689e-9
4.440004841882703e-9
4.7552206126066406e-9
4.998451767660013e-9
5.149815549136981e-9
5.355266229793556e-9
6.170121088123523e-9
6.786421824141551e-9
7.263736724500882e-9
7.560411637994277e-9
7.448900691952916e-9
8.418647670746307e-9
9.142402070339916e-9
9.596952221091888e-9
9.961161304835664e-9
1.0969677621614014e-8
1.158096417112915e-8
1.275529616853397e-8
1.3582681510389734e-8
1.5002318071796428e-8
1.2526919203060705e-10
2.1406203395150414e-10
2.5827527412573203e-10
2.8173004272967083e-10
2.9338518960439367e-10
3.0019766052683865e-10
3.055004490929073e-10
3.0958980467473565e-10
3.121825044866166e-10
5.102941134286352e-10
7.387908139533582e-10
8.7273298616512e-10
9.398265227633871e-10
9.788504068678022e-10
1.0090070953249879e-9
1.0322388000392604e-9
1.0467516414447787e-9
1.2847427196992636e-9
1.702330118807856e-9
1.920536679602802e-9
2.0474370141954363e-9
2.145502844488672e-9
2.2211427386165775e-9
2.268250720091335e-9
2.5756020572685956e-9
3.1191309748472947e-9
3.4304827381363295e-9
3.671363485665535e-9
3.857241358015658e-9
3.972917362829094e-9
4.123670754247626e-9
4.743954713158509e-9
5.211772309977863e-9
5.574250612181928e-9
5.7995504711711365e-9
5.734297718564449e-9
6.4837515190333735e-9
7.0406705586451285e-9
7.390934400199587e-9
7.71187342227811e-9
8.502450942161016e-9
8.980862380756973e-9
9.952494397567567e-9
1.0612981017362377e-8
1.1773300171709022e-8
1.0075920361878456e-10
1.726165209766724e-10
2.0806273166349996e-10
2.2680053193110266e-10
2.3610325895335843e-10
2.415376638601011e-10
2.457687933147931e-10
2.490320856241829e-10
2.511043004303928e-10
4.084927185039212e-10
5.874801813696971e-10
6.918979252751171e-10
7.441651202512033e-10
7.745631159124768e-10
7.980564242614049e-10
8.161526135855214e-10
8.274622475441937e-10
1.0089779619050414e-9
1.3283985945220004e-9
1.4952271251094386e-9
1.5922472294362828e-9
1.66722167877034e-9
1.725049902217315e-9
1.761071026405888e-9
1.9983399110510613e-9
2.417908770825803e-9
2.6584367457960195e-9
2.8445121811285344e-9
2.9880981639152437e-9
3.0774618322985214e-9
3.188446465132751e-9
3.6618424417849296e-9
4.018681583142978e-9
4.295181110942669e-9
4.467064038446216e-9
4.412500868127361e-9
4.978746536486378e-9
5.39751343420859e-9
5.661381883105909e-9
5.9229275662170624e-9
6.516357220577502e-9
6.873818346311813e-9
7.6606417431305e-9
8.161890970618151e-9
9.090049515280461e-9
8.047879680048229e-11
1.3885020082717927e-10
1.6745112139179686e-10
1.8252734328099968e-10
1.900090984284666e-10
1.9437777372048975e-10
1.9777740097941055e-10
2.0039734737861525e-10
2.0206325557786811e-10
3.284488980265165e-10
4.70054875655214e-10
5.522749969211702e-10
5.934086768156401e-10
6.173304927224824e-10
6.358188729465531e-10
6.500578077784441e-10
6.58960195493982e-10
7.987885621580482e-10
1.0456143302216653e-9
1.1741961660063785e-9
1.2489696671539352e-9
1.3067565273827757e-9
1.3513212648211154e-9
1.3790862918183269e-9
1.5554522785053145e-9
1.873838461981672e-9
2.056305306015128e-9
2.197476765329897e-9
2.306401145364132e-9
2.3742004199734e-9
2.4653143168012213e-9
2.8297896473693645e-9
3.10491756024914e-9
3.318049486259732e-9
3.4505408458446696e-9
3.405778832456812e-9
3.840285962104457e-9
4.161992891234939e-9
4.3646385534980636e-9
4.5564180807952465e-9
5.004763939746832e-9
5.2735358053472055e-9
5.878664011268259e-9
6.251445027009667e-9
6.970862257538112e-9
6.361692157666387e-11
1.1100844581181104e-10
1.3415765184893448e-10
1.4632756405952168e-10
1.5236211035992492e-10
1.5588571859876744e-10
1.5862768563924226e-10
1.6073864300365283e-10
1.620809270765996e-10
2.644540535098613e-10
3.776596142840512e-10
4.4305720891747824e-10
4.757526754578628e-10
4.947669500072093e-10
5.094622173272051e-10
5.207783712997007e-10
5.278549223624022e-10
6.365389705247403e-10
8.287955791943927e-10
9.288998699395029e-10
9.87112247261941e-10
1.0320969365617415e-9
1.0667890855931906e-9
1.0884053166818045e-9
1.221785432257343e-9
1.4654674213877719e-9
1.6050702103281374e-9
1.7130736793095069e-9
1.7964072797147262e-9
1.8482804244576676e-9
1.9112341655473546e-9
2.1861944761460046e-9
2.3935061819312098e-9
2.55413096575641e-9
2.6539869499461196e-9
2.625039522597275e-9
2.956944668393845e-9
3.2031180067349502e-9
3.358064137311584e-9
3.5049722957683496e-9
3.8529210999549264e-9
4.062087405846823e-9
4.5140164201895715e-9
4.80290309083194e-9
5.3475345843111845e-9
4.962396546886796e-11
8.790492657637207e-11
1.0662414595823533e-10
1.1644865041464742e-10
1.213177290469651e-10
1.241588398459468e-10
1.2636947521931943e-10
1.280716522672148e-10
1.2915387245136553e-10
2.124596843132296e-10
3.0371523561741224e-10
3.5621770203701056e-10
3.8245290172759675e-10
3.9770925720940195e-10
4.09499882866081e-10
4.1857893600921683e-10
4.242572059266997e-10
5.098785915451581e-10
6.613015941616923e-10
7.399880115343528e-10
7.857458390755464e-10
8.211051040473368e-10
8.483728545158326e-10
8.653646649431522e-10
9.65773063757997e-10
1.1536995552270165e-9
1.2614892017551142e-9
1.344870729475107e-9
1.409207816629152e-9
1.4492573664374935e-9
1.4949043360538135e-9
1.7045218523188178e-9
1.8625847722082448e-9
1.985051332391404e-9
2.0611887088060854e-9
2.0343555482402864e-9
2.28284904915864e-9
2.4664944053057643e-9
2.5822561087712724e-9
2.696809228398375e-9
2.9558020376025076e-9
3.111674236964472e-9
3.4602228761819894e-9
3.6795188608435787e-9
4.092258484320895e-9
3.810880704943646e-11
6.873881134977982e-11
8.379638596880131e-11
9.16936442561967e-11
9.560598744327323e-11
9.788837753348182e-11
9.966292566191043e-11
1.0102837846918875e-10
1.0189683572666858e-10
1.696767886406996e-10
2.4358969761467684e-10
2.859971547907338e-10
3.0717984844519376e-10
3.1949778192144494e-10
3.290165515008805e-10
3.3634601735798754e-10
3.409300988804473e-10
4.092559742701911e-10
5.297579613360456e-10
5.922970654244296e-10
6.286648563516935e-10
6.567671789519591e-10
6.784374463195079e-10
6.919418169052605e-10
7.686187756458714e-10
9.14984306831663e-10
9.98948499098108e-10
1.0638987783757127e-9
1.1140109205305269e-9
1.1452070962446268e-9
1.1763596960393934e-9
1.3369084633972831e-9
1.4581413482309172e-9
1.5520463872238773e-9
1.6104313886787413e-9
1.5884825992495163e-9
1.7786830278856089e-9
1.9196872003165185e-9
2.008468525198159e-9
2.0899797614229554e-9
2.2855562527195963e-9
2.4026515152031014e-9
2.6640693621143344e-9
2.824869546559823e-9
3.137487692393809e-9
2.876405599906696e-11
5.294842501439072e-11
6.494791470896796e-11
7.124410395038615e-11
7.436276481594753e-11
7.61814036569208e-11
7.75951298157327e-11
7.868283842268073e-11
7.937393609883713e-11
1.3423148457585583e-10
1.9411393886689472e-10
2.2843635498112571e-10
2.455778719132939e-10
2.5554553485436914e-10
2.6324748142699713e-10
2.6917833657350036e-10
2.728869212649529e-10
3.279988226771156e-10
4.2473682113451747e-10
4.748965500041944e-10
5.040654605695419e-10
5.266042574455456e-10
5.439843200705026e-10
5.548146214710689e-10
6.140820529392561e-10
7.292789528760119e-10
7.954222239507159e-10
8.465836340611544e-10
8.860563409903158e-10
9.106288474829516e-10
9.321037411295294e-10
1.0564310510944887e-9
1.150381705021057e-9
1.2231432467748978e-9
1.2683833823649217e-9
1.248406499243936e-9
1.3932719831584006e-9
1.5006850233682076e-9
1.5683240054410053e-9
1.6288954781298817e-9
1.7780908445323904e-9
1.8679919632062574e-9
2.0615517436643308e-9
2.1861735948312015e-9
2.4188885199885e-9
2.131798995193249e-11
4.0103060382102304e-11
4.9543062060860706e-11
5.450424289348926e-11
5.696178765241841e-11
5.839468145051172e-11
5.95079931072403e-11
6.036429088377769e-11
6.090812308216154e-11
1.0486399405646849e-10
1.5316102854236975e-10
1.8086640768905961e-10
1.947043120916565e-10
2.0275090478246297e-10
2.0896775100758843e-10
2.13755436878355e-10
2.167483606038011e-10
2.6149726240637187e-10
3.395444231820197e-10
3.7999432375910524e-10
4.0351722711391497e-10
4.216925726789032e-10
4.3570829508043064e-10
4.444412094122432e-10
4.909884548578178e-10
5.826143171245042e-10
6.352691191470479e-10
6.759939919313977e-10
7.074147183375887e-10
7.269738906360591e-10
7.415957912808125e-10
8.387597584384775e-10
9.122727067319141e-10
9.691964089108152e-10
1.004589742970144e-9
9.869634580856679e-10
1.0991562102755085e-9
1.1826185470156444e-9
1.2351121755564216e-9
1.2785656975476088e-9
1.3932237753511758e-9
1.4621397974051638e-9
1.6068625425157835e-9
1.7000961369388504e-9
1.8746179513334198e-9
1.551020505835985e-11
2.983317552656687e-11
3.7144013325771207e-11
4.099673189116812e-11
4.290581294400447e-11
4.401881683761856e-11
4.4883237371730184e-11
4.5548237573912705e-11
4.597014573832809e-11
8.06950059212474e-11
1.1929629257660077e-10
1.414984537764533e-10
1.5259116188280745e-10
1.5904147524938974e-10
1.6402448909065521e-10
1.6786254713997117e-10
1.702609006206581e-10
2.0664453984475214e-10
2.696410649162214e-10
3.022943957486487e-10
3.212837766449653e-10
3.359556770111599e-10
3.4727042511223296e-10
3.543192717769469e-10
3.9143701221070384e-10
4.648418932881099e-10
5.070548993609302e-10
5.397017394808265e-10
5.648906110589096e-10
5.805692362148583e-10
5.907076337536645e-10
6.674727395755888e-10
7.256372740969176e-10
7.706661753703492e-10
7.986633221364847e-10
7.831267789993129e-10
8.707792789727041e-10
9.361067593143606e-10
9.771704835276332e-10
1.008577491991228e-9
1.0972631006941881e-9
1.15076348442873e-9
1.2589126589016928e-9
1.3311362449712928e-9
1.4621127669386242e-9
1.1083315088420054e-11
2.178998015018723e-11
2.7352834954549827e-11
3.029554921631444e-11
3.1754573208828334e-11
3.260520517182542e-11
3.3265672896878716e-11
3.377383208414107e-11
3.409590234439792e-11
6.105339887824521e-11
9.150522131406602e-11
1.0909536462009626e-10
1.1788843725266657e-10
1.2300159535706837e-10
1.2695126279225578e-10
1.2999388198389998e-10
1.318943750145545e-10
1.6135212838368173e-10
2.119817333692505e-10
2.382425762089115e-10
2.5351481457209294e-10
2.653144127799115e-10
2.7441473802566195e-10
2.8008297994671775e-10
3.1003332385492265e-10
3.6903047753803875e-10
4.0297686796134075e-10
4.2922929987472454e-10
4.4948522106894904e-10
4.6209212889315043e-10
4.694156170523521e-10
5.305369429460993e-10
5.769054075514079e-10
6.127959640030225e-10
6.351104588662831e-10
6.216389971388825e-10
6.907630643196831e-10
7.424089561662965e-10
7.748455680933178e-10
7.976431141219978e-10
8.673073112750034e-10
9.094630921044515e-10
9.907322170745272e-10
1.047111927667213e-9
1.146322087506059e-9
7.787017509112301e-12
1.5631122833517663e-11
1.9785357019372042e-11
2.1993433289403443e-11
2.308915784975244e-11
2.372806335372702e-11
2.422404268822579e-11
2.4605738132584452e-11
2.484743414114972e-11
4.536428543252175e-11
6.899911288551188e-11
8.272947608556859e-11
8.95979626884133e-11
9.359205299345106e-11
9.667707024541827e-11
9.905399162227639e-11
1.0053805749001474e-10
1.241638666591685e-10
1.644966315419726e-10
1.8544118653739e-10
1.9762199435677467e-10
2.0703298511222167e-10
2.142916945776319e-10
2.1881199417585893e-10
2.4313835085893074e-10
2.9048975417224376e-10
3.177452973349004e-10
3.3882289140284566e-10
3.5508665264310306e-10
3.6520787328112615e-10
3.7082701823172495e-10
4.1968546802515143e-10
4.5678824814856924e-10
4.855031897557238e-10
5.033554151370475e-10
4.919545633592178e-10
5.46856176523672e-10
5.879737893505017e-10
6.137763748788173e-10
6.305287642811451e-10
6.857095271741626e-10
7.191743316892984e-10
7.808432476638921e-10
8.251240005217545e-10
9.007485910271732e-10
5.387572475615994e-12
1.1023228652871324e-11
1.4067152683862476e-11
1.5694171655350416e-11
1.6502452492512786e-11
1.6973867314686718e-11
1.7339795622778034e-11
1.7621509908302243e-11
1.779975155613752e-11
3.308788743536874e-11
5.109278728579111e-11
6.162401745322115e-11
6.689664762051545e-11
6.996280932373433e-11
7.23309848220579e-11
7.415588284849392e-11
7.529484746857222e-11
9.398007582020273e-11
1.2570270590387325e-10
1.4220226114441758e-10
1.51798205469039e-10
1.592121236038722e-10
1.6493094414029058e-10
1.6849164210585659e-10
1.8825935355206614e-10
2.260364762113163e-10
2.4778432965265544e-10
2.6460265799010523e-10
2.7758046257977597e-10
2.8565597980109455e-10
2.9026072819982026e-10
3.2930059963945283e-10
3.589681598580454e-10
3.8192700057610216e-10
3.9619976404782084e-10
3.8682125470032386e-10
4.3056501447740633e-10
4.633885534888229e-10
4.839721499107537e-10
4.965051478305942e-10
5.404326676212554e-10
5.671284753686272e-10
6.143788539538171e-10
6.494270583588744e-10
7.075840002016031e-10
3.67723222063068e-12
7.652900697207687e-12
9.842337817867276e-12
1.1019956797741044e-11
1.1605764176687299e-11
1.194755063855469e-11
1.2212870692767847e-11
1.2417228628111318e-11
1.2546440026100359e-11
2.369711575538866e-11
3.714059617220057e-11
4.5063679708254596e-11
4.903425610045595e-11
5.134331372779639e-11
5.3126694449101654e-11
5.4501147710508663e-11
5.5358690744617315e-11
6.987901154924154e-11
9.44348280273658e-11
1.072311490575002e-10
1.1467350157742267e-10
1.2042361701992737e-10
1.2485937753810492e-10
1.2762075883843808e-10
1.4359417622375848e-10
1.7342826145582595e-10
1.9060224251676874e-10
2.0388373801124865e-10
2.1413277960079177e-10
2.2050975033840444e-10
2.2448731257811662e-10
2.555307488223833e-10
2.7913020423694866e-10
2.9739271398654275e-10
3.0874518746426545e-10
3.012689718636466e-10
3.360806957048712e-10
3.622373216437462e-10
3.7863167980413516e-10
3.882120506816679e-10
4.2320751609200034e-10
4.4451642172436196e-10
4.810472807851687e-10
5.08900011553046e-10
5.539562801376571e-10
2.4807080543262656e-12
5.239357224888092e-12
6.786861841880505e-12
7.62474880979263e-12
8.042193862612038e-12
8.285871780429625e-12
8.475070196952521e-12
8.620882997863555e-12
8.71303330830865e-12
1.6679600502150294e-11
2.651306511544013e-11
3.2354873438645554e-11
3.5285356648436895e-11
3.698961888934623e-11
3.8305892943896387e-11
3.9320472991292116e-11
3.995330892661977e-11
5.101219798312508e-11
6.967555652460839e-11
7.942184291509321e-11
8.509039890128013e-11
8.947014398965301e-11
9.284900906539956e-11
9.495215515036298e-11
1.077166574446756e-10
1.3095728223328404e-10
1.4433199259794738e-10
1.5467573891776533e-10
1.626580894374274e-10
1.6762435934192175e-10
1.711620631584777e-10
1.956275540901204e-10
2.1422681126410997e-10
2.2862034346232865e-10
2.3756717202063256e-10
2.318090654202493e-10
2.593601892101529e-10
2.800772902167317e-10
2.9305806549535544e-10
3.00541140466021e-10
3.283250058416762e-10
3.45266952689449e-10
3.737014776348234e-10
3.9581823258770066e-10
4.3090690872257195e-10
1.6571153809118906e-12
3.5436325164249245e-12
4.619948554181307e-12
5.206646982002119e-12
5.499438046457276e-12
5.6704610024131e-12
5.803295656186796e-12
5.905742654821238e-12
5.970470481176236e-12
1.1554287007906512e-11
1.8603752013357038e-11
2.2824989618458803e-11
2.4944643036070592e-11
2.617740851197843e-11
2.712954493813383e-11
2.7863530151141986e-11
2.832124507146522e-11
3.656402239318759e-11
5.047080829211542e-11
5.774919725923229e-11
6.198245493096099e-11
6.525332406163217e-11
6.777688377264661e-11
6.934747340309785e-11
7.938893472783636e-11
9.719777662990541e-11
1.0744161864567144e-10
1.153644449763001e-10
1.2147876759908863e-10
1.2528260960869738e-10
1.2844557915278855e-10
1.474886987084133e-10
1.6196114231107572e-10
1.731619434959276e-10
1.801237661336179e-10
1.7585308534972533e-10
1.9745483536424627e-10
2.1370107083543994e-10
2.238792062228025e-10
2.2983092204090863e-10
2.5172458342246585e-10
2.650872786144437e-10
2.873022352683972e-10
3.0477300983769924e-10
3.321455702180788e-10
1.0979689037573177e-12
2.3720485491471886e-12
3.1099186436830735e-12
3.5147611552833566e-12
3.717157012570136e-12
3.83547319911739e-12
3.927418775616313e-12
3.998391475059918e-12
4.0432332578967785e-12
7.890898260845357e-12
1.2849891418944415e-11
1.5841720257241152e-11
1.73454685242658e-11
1.822007286044792e-11
1.889560398007032e-11
1.941641177191331e-11
1.9741133068337803e-11
2.575173957566498e-11
3.590494123874736e-11
4.12303894552553e-11
4.4327803581299284e-11
4.672112030226596e-11
4.8567739103939076e-11
4.9716914797068666e-11
5.746604491489369e-11
7.086339297482062e-11
7.856452833262741e-11
8.452115888230282e-11
8.911824582467303e-11
9.197805684890968e-11
9.477033424703953e-11
1.0936908375329826e-10
1.2045678707380897e-10
1.2903910826589114e-10
1.3437309215758894e-10
1.3133371460702912e-10
1.4805837591043492e-10
1.606313789835733e-10
1.6850878900470111e-10
1.733002962694329e-10
1.9036168305622398e-10
2.007794698974761e-10
2.1813899980093715e-10
2.3181656131491087e-10
2.5313316496607605e-10
7.226686136742991e-13
1.5741262443408654e-12
2.073614935031918e-12
2.3493275666883437e-12
2.4874182425189064e-12
2.5682198220888534e-12
2.631056516318545e-12
2.6796098132166955e-12
2.710295134152559e-12
5.322995445375381e-12
8.752241617904305e-12
1.0835237686233539e-11
1.1883098512908186e-11
1.2492584000237728e-11
1.2963362774045761e-11
1.3326348874471279e-11
1.355264136669743e-11
1.7843599975997326e-11
2.5108558987805577e-11
2.8926784861818402e-11
3.114756384086589e-11
3.286356716921164e-11
3.418766412963142e-11
3.501160872985502e-11
4.086397294481017e-11
5.074678991974512e-11
5.642289602784522e-11
6.081354658320417e-11
6.420216697970097e-11
6.631013350009134e-11
6.871624713685078e-11
7.971624472182538e-11
8.806283957512708e-11
9.452454434142178e-11
9.854031189325683e-11
9.647411859263862e-11
1.092276818400304e-10
1.1880594043980155e-10
1.2480857919057625e-10
1.286843954717789e-10
1.4179484127741247e-10
1.4979957979580742e-10
1.6331912614630218e-10
1.7389717582718182e-10
1.9041441544648722e-10
4.731075205580105e-13
1.0371967555751252e-12
1.3716647098236435e-12
1.5572830543863075e-12
1.6504185976985498e-12
1.7049751493780364e-12
1.7474394801391911e-12
1.7802911058761577e-12
1.8010650892927465e-12
3.5534241665936563e-12
5.8895025157880746e-12
7.316869758637991e-12
8.035458528907133e-12
8.453448347260526e-12
8.776329353459546e-12
9.025304287242265e-12
9.180507645887377e-12
1.2184307822475165e-11
1.7284528740170764e-11
1.9969736965087763e-11
2.1531513346414248e-11
2.273833362928472e-11
2.366958498416274e-11
2.4249042571871174e-11
2.8569349513802682e-11
3.5715283152707265e-11
3.981541294117549e-11
4.298725367720194e-11
4.543527744815326e-11
4.6958092987151297e-11
4.8968485468601854e-11
5.7104163607394906e-11
6.326983329292462e-11
6.80441317836912e-11
7.1011060317033e-11
6.967719620207523e-11
7.923809252198323e-11
8.640766931080733e-11
9.090277634928861e-11
9.402989973827774e-11
1.0394157838953221e-10
1.0998987094594191e-10
1.2044887326690386e-10
1.285098136671375e-10
1.41206436212954e-10