4.387824668447317e-9
6.677400074387883e-9
7.499912801575683e-9
8.185652338352182e-9
8.585069076930624e-9
8.851351228190671e-9
9.082210171338522e-9
9.25264340612574e-9
9.48783138346961e-9
1.1725521764202545e-8
1.395587199102252e-8
1.588471970318989e-8
1.701478089545888e-8
1.77720543805128e-8
1.842905082158018e-8
1.8913679720172896e-8
1.9581817831729574e-8
1.722723791655708e-8
2.02434318060572e-8
2.203823493609235e-8
2.3247181758926123e-8
2.4297845446074755e-8
2.5072132532648635e-8
2.6140024048883782e-8
2.47125250704598e-8
2.7525533106629452e-8
2.9435263087370214e-8
3.10968701677644e-8
3.23208525737292e-8
3.400949824671124e-8
3.126447779233517e-8
3.388041934688614e-8
3.614270537204086e-8
3.780937666523704e-8
4.0109277469405494e-8
3.7236417241767834e-8
4.016182349792731e-8
4.2302591700921865e-8
4.5258750887463585e-8
4.3894142958151164e-8
4.6629970778586635e-8
5.0380404121629545e-8
4.997426822433153e-8
5.4511594536112095e-8
6.06382842428446e-8
3.663338363941101e-9
5.66519959128162e-9
6.400139696596946e-9
7.01580150705204e-9
7.374616636633391e-9
7.614063293899214e-9
7.821728530885458e-9
7.975106381300978e-9
8.186563397275481e-9
1.0211730191186155e-8
1.2285839901577174e-8
1.409220372920099e-8
1.5151741137878695e-8
1.5862411548762943e-8
1.647915112257673e-8
1.6934117807640385e-8
1.7561131349673765e-8
1.539030999067123e-8
1.8287324217419647e-8
2.0015545344775446e-8
2.118092609265093e-8
2.2194077710954545e-8
2.2940687256076734e-8
2.397022365051344e-8
2.267615545980539e-8
2.5458839073910684e-8
2.735046531263954e-8
2.8996806859890735e-8
3.020947397314457e-8
3.188237125341845e-8
2.9218464596389936e-8
3.185858539315672e-8
3.414077073835538e-8
3.5822064765306e-8
3.814205420749576e-8
3.5295544925350925e-8
3.8292456603878656e-8
4.048411978490778e-8
4.351066414380587e-8
4.216898042194985e-8
4.500938102646596e-8
4.890073880194172e-8
4.8519844532423077e-8
5.327581669620878e-8
5.979746027442637e-8
3.027906966878051e-9
4.741647794585873e-9
5.3827839412643365e-9
5.922573516190821e-9
6.2375050712640015e-9
6.447878732957131e-9
6.630370099450924e-9
6.765126835280348e-9
6.950863498870981e-9
8.727382660052698e-9
1.0600016710827042e-8
1.2243233415336551e-8
1.3208520628080987e-8
1.3856562242590336e-8
1.4419069533873546e-8
1.4833942043946328e-8
1.5405678070857283e-8
1.3459674126845781e-8
1.616360458183049e-8
1.7781400504526034e-8
1.8873524737919187e-8
1.9823277201688683e-8
2.0523005785632256e-8
2.148794421596859e-8
2.0357904728354184e-8
2.3039713642799044e-8
2.4865170470010012e-8
2.6454322596111487e-8
2.7624666448036122e-8
2.9239288824609332e-8
2.6729062801713155e-8
2.9330512879766826e-8
3.157784479480615e-8
3.32333063070318e-8
3.551782396744629e-8
3.277352553023309e-8
3.57765838596504e-8
3.797089686276091e-8
4.100151611444444e-8
3.9722199187890824e-8
4.261173553152544e-8
4.656767286538673e-8
4.6228149176135234e-8
5.1119549802010164e-8
5.794673584758566e-8
2.463197395324241e-9
3.904483034859292e-9
4.451873398001541e-9
4.91507696819295e-9
5.185761362742367e-9
5.366762195430795e-9
5.523642671050312e-9
5.639437814139201e-9
5.79924719867644e-9
7.315629455730998e-9
8.957633229924149e-9
1.0409396567326127e-8
1.1263748430958012e-8
1.1837754787040635e-8
1.2335928503477794e-8
1.2703245334322698e-8
1.3209724037868436e-8
1.1511314478272972e-8
1.3959034377085804e-8
1.5428353443499107e-8
1.6421234797652766e-8
1.7284764776103212e-8
1.7920795683295592e-8
1.8798250819375708e-8
1.784854404421418e-8
2.0359025756511736e-8
2.2069928736245103e-8
2.3559511807364872e-8
2.465633036386891e-8
2.6169937359787493e-8
2.3880620111304e-8
2.637495211295139e-8
2.8527737940953884e-8
3.0113417307203825e-8
3.230212677384775e-8
2.973756492083748e-8
3.267113411415564e-8
3.481254436270929e-8
3.7770871100687425e-8
3.6594015141670216e-8
3.946521821675531e-8
4.3393020364960004e-8
4.3110519065453297e-8
4.803138247747382e-8
5.5039733697418433e-8
1.9891684900318437e-9
3.186360903755234e-9
3.6463483232271842e-9
4.037327616403272e-9
4.266079643622143e-9
4.419000774681259e-9
4.551694723692884e-9
4.6496809166834135e-9
4.784835800591773e-9
6.055253076063772e-9
7.459784349332411e-9
8.709758430356927e-9
9.44651752217141e-9
9.941566766679615e-9
1.0371476176769498e-8
1.0688482695911998e-8
1.1125495787288101e-8
9.675479550898324e-9
1.1826047621562456e-8
1.312102404034566e-8
1.3996561802920358e-8
1.4758435672554705e-8
1.5319572168649236e-8
1.609364699344513e-8
1.5321448855401344e-8
1.759980463922812e-8
1.9153787180320727e-8
2.0507181252009783e-8
2.1503703912539914e-8
2.287886790444361e-8
2.0860661916628842e-8
2.3181037411417947e-8
2.5181663646084874e-8
2.6655333352664358e-8
2.86894489292115e-8
2.637247961409406e-8
2.9157633713546224e-8
3.1188506963174806e-8
3.3994441034936626e-8
3.2955584708556805e-8
3.573368157514157e-8
3.9529929668961487e-8
3.9318054895593583e-8
4.414466651103373e-8
5.117796042776522e-8
1.5822288618866454e-9
2.5636021684859204e-9
2.9447615585789947e-9
3.2698015801252972e-9
3.4602320804799297e-9
3.5875623182396976e-9
3.698039414042096e-9
3.779639123408113e-9
3.892152876676738e-9
4.946935955113473e-9
6.1267979481764185e-9
7.181563638757736e-9
7.80405429749881e-9
8.222394540147185e-9
8.585732840524446e-9
8.85365405586213e-9
9.22292905838361e-9
8.004994189400335e-9
9.84534766993122e-9
1.0956394993951004e-8
1.1707929390045821e-8
1.236201566872898e-8
1.2843742368422017e-8
1.3508221819267904e-8
1.2892486973314601e-8
1.4897132957211762e-8
1.6265208605911576e-8
1.745675656240778e-8
1.8334108237923613e-8
1.9544774354903203e-8
1.7821853104196383e-8
1.991281694329279e-8
2.1713068713498765e-8
2.3039233152172427e-8
2.486974264821976e-8
2.2849101889550475e-8
2.5412058371028897e-8
2.727853523505296e-8
2.985765062473192e-8
2.8981372502643207e-8
3.1590445134482944e-8
3.515093778532801e-8
3.501719600345692e-8
3.9617750081070083e-8
4.6495776119041616e-8
1.245139279355715e-9
2.036623666473013e-9
2.3480631283202894e-9
2.6143360573107243e-9
2.7703479676417394e-9
2.874728168507214e-9
2.9653641961573886e-9
3.032299111776149e-9
3.1246371753212038e-9
3.995042160719179e-9
4.975542410569436e-9
5.854205114628008e-9
6.3729086218634135e-9
6.7216573020112885e-9
7.02463304750185e-9
7.248000308298276e-9
7.555930910843374e-9
6.544691668412496e-9
8.090148924140534e-9
9.024362728445476e-9
9.656592346806802e-9
1.0206935345436142e-8
1.0612201291889735e-8
1.1171294975472367e-8
1.0680228008001037e-8
1.2396177569888474e-8
1.3567529658025974e-8
1.458770689561491e-8
1.5338848420866485e-8
1.6375440672826345e-8
1.494010444059802e-8
1.6766580510955525e-8
1.8336509064464365e-8
1.949306480008877e-8
2.1089591560643462e-8
1.938267043761044e-8
2.16664251769419e-8
2.3327134787268047e-8
2.5622375463905314e-8
2.491566559820212e-8
2.7288936188832893e-8
3.0522623348527016e-8
3.0465539945165504e-8
3.471529263045613e-8
4.124917478516339e-8
9.747573705056641e-10
1.6013384470062442e-9
1.8516417217526039e-9
2.0661802104277383e-9
2.1919535461248495e-9
2.2761913048209287e-9
2.349310847817046e-9
2.40329927327048e-9
2.477815483568158e-9
3.1849648350032747e-9
3.992198354795599e-9
4.71704248570147e-9
5.1450728155041034e-9
5.433057720740754e-9
5.683163505178278e-9
5.867541511858688e-9
6.121743576913216e-9
5.292769313767029e-9
6.576702364468393e-9
7.353264751285051e-9
7.879052390129721e-9
8.336636293004188e-9
8.67359034148141e-9
9.138461874059893e-9
8.742250983987701e-9
1.0182470193768058e-8
1.1165483697614745e-8
1.2021377840359395e-8
1.2651586469286753e-8
1.3521295934836211e-8
1.234015721165253e-8
1.3894030135452342e-8
1.52272331038137e-8
1.620949246479513e-8
1.7565456301679538e-8
1.6155750390105724e-8
1.8130078926096398e-8
1.9563619627575118e-8
2.15452243091121e-8
2.0994630212127115e-8
2.3085286773969126e-8
2.592882664588529e-8
2.5936580127685387e-8
2.9735760575420747e-8
3.5749480272918336e-8
7.63170864565417e-10
1.2519886777888054e-9
1.4498578546597933e-9
1.620068738710758e-9
1.7199565936503539e-9
1.7868600024347337e-9
1.8449562798962126e-9
1.88788229879035e-9
1.9470964374851405e-9
2.5043198759762773e-9
3.157873820309051e-9
3.7473857893942195e-9
4.095839214564968e-9
4.3303065340937915e-9
4.533983143031436e-9
4.684172168320637e-9
4.891175410495671e-9
4.224617644705202e-9
5.2828064199739364e-9
5.92340761998359e-9
6.35717668533375e-9
6.734759372030269e-9
7.012836791648697e-9
7.396421718890641e-9
7.0789686967225326e-9
8.275247949988906e-9
9.091392972549975e-9
9.802010283522292e-9
1.0325291955893673e-8
1.104738063307379e-8
1.007652188076986e-8
1.1375246686954038e-8
1.2488164911834315e-8
1.3308200452817216e-8
1.4440190722458167e-8
1.3284438901195876e-8
1.4951103534851403e-8
1.6159628691831495e-8
1.7830383947243018e-8
1.7405332825635736e-8
1.919522712308033e-8
2.1625224402558856e-8
2.1676510074917426e-8
2.4968592596619792e-8
3.03260306170005e-8
5.992436153220694e-10
9.783679808876294e-10
1.1328051312175509e-9
1.2662792271542228e-9
1.3446845791553198e-9
1.3972064741355808e-9
1.4428500660843509e-9
1.476555279072742e-9
1.5231075005557648e-9
1.9503114443543497e-9
2.465915179178124e-9
2.9344915924097663e-9
3.2118776678238173e-9
3.398561417374977e-9
3.5608415621675724e-9
3.6804387891142e-9
3.8453820118944494e-9
3.321326513729932e-9
4.179798392101977e-9
4.700649411575139e-9
5.053484095066604e-9
5.3608028046513995e-9
5.587030374012432e-9
5.899233078788512e-9
5.657666389702557e-9
6.644565176618492e-9
7.3180324726072955e-9
7.904632259786666e-9
8.336459561318229e-9
8.932522464824276e-9
8.137267410936087e-9
9.213900212802963e-9
1.0136171647485334e-8
1.081558982908961e-8
1.1753674319599986e-8
1.0803316260499599e-8
1.2190962789351353e-8
1.3196095869198157e-8
1.4586003803313706e-8
1.4250677616660716e-8
1.5751836556737202e-8
1.7786955919130586e-8
1.7856440582051924e-8
2.0638246958528157e-8
2.52678143085223e-8
4.724403159152423e-10
7.664976868038012e-10
8.862081882729406e-10
9.900346371682517e-10
1.0510840691063912e-9
1.0920031581554542e-9
1.1275647180823055e-9
1.1538317381871434e-9
1.1900992254809272e-9
1.5172092066988224e-9
1.9154599522496268e-9
2.2794405218148446e-9
2.4952004559841517e-9
2.640502965132641e-9
2.7668044500381655e-9
2.8598969247712484e-9
2.988243336162923e-9
2.581385533976729e-9
3.2587553470661494e-9
3.6710706403404636e-9
3.950666182360276e-9
4.19420352932019e-9
4.3734828687881575e-9
4.620854842686681e-9
4.450148634700681e-9
5.252156125719506e-9
5.800240743742168e-9
6.277653601099476e-9
6.629106605696627e-9
7.114188725614363e-9
6.479354648247324e-9
7.3661899472968786e-9
8.125763551782183e-9
8.685329662263821e-9
9.457895788062896e-9
8.681627221873267e-9
9.829927450279773e-9
1.0661422857287698e-8
1.1811217008555485e-8
1.154033987583423e-8
1.2786532806180372e-8
1.4474487823032033e-8
1.4542957738702386e-8
1.685848763236816e-8
2.0764537052768467e-8
3.7479353182889273e-10
6.033562302539979e-10
6.96059854370304e-10
7.764785096616083e-10
8.237879764160842e-10
8.554991725082744e-10
8.830605818893733e-10
9.034162259976798e-10
9.31540029987253e-10
1.1847300288012631e-9
1.4916817095157918e-9
1.772098367165604e-9
1.938390891658442e-9
2.0503782901742644e-9
2.147705251573194e-9
2.219439877903293e-9
2.318374976047914e-9
2.0027184229153355e-9
2.524006305370635e-9
2.8419019670880225e-9
3.057515407647057e-9
3.245291636017752e-9
3.3835285645994133e-9
3.574309415910891e-9
3.453506692159528e-9
4.086201644522683e-9
4.518947627523374e-9
4.895836991501847e-9
5.1733187038575014e-9
5.556338262263059e-9
5.073428234561778e-9
5.790204547875193e-9
6.403660446405574e-9
6.8556434438285824e-9
7.479708437405489e-9
6.8685092021202575e-9
7.80968832287235e-9
8.491098712615603e-9
9.43340085493807e-9
9.221876055499567e-9
1.0250616894333691e-8
1.164370729116029e-8
1.1705492816806988e-8
1.3621615161747465e-8
1.6872480231892698e-8
2.992084565765319e-10
4.776956329743077e-10
5.496977677300371e-10
6.120492476003915e-10
6.487125964718218e-10
6.732841014848499e-10
6.946469417702839e-10
7.104265195914305e-10
7.322270687511497e-10
9.278805838751873e-10
1.1653913675569514e-9
1.3820216345413191e-9
1.5104272188764509e-9
1.5968711324387704e-9
1.6720186463509425e-9
1.727407831771006e-9
1.803781808389094e-9
1.560260962273892e-9
1.9608567947181747e-9
2.204849800986853e-9
2.370234618301113e-9
2.5142942930371643e-9
2.620350677221968e-9
2.7666928776483554e-9
2.671357916915499e-9
3.15637677360003e-9
3.487630366929298e-9
3.776102059423857e-9
3.988503589911298e-9
4.281648038420289e-9
3.923315629254489e-9
4.482851736881667e-9
4.9607520933485176e-9
5.312916481708301e-9
5.799123832678548e-9
5.343801287915268e-9
6.095508575820645e-9
6.6391626281290225e-9
7.391004926257901e-9
7.244865526205713e-9
8.081788384212844e-9
9.21455495910652e-9
9.277160769260868e-9
1.085052855665372e-8
1.3540084363149543e-8
2.402616703392193e-10
3.808509423138715e-10
4.3708961980952383e-10
4.857669871013848e-10
5.143791449154811e-10
5.335548266938712e-10
5.502280402862468e-10
5.625440001215119e-10
5.795688436051645e-10
7.307291211357815e-10
9.137885164016466e-10
1.0809114408239595e-9
1.179965784855615e-9
1.2466565981578244e-9
1.304625531815601e-9
1.3473483425125563e-9
1.4062766475099796e-9
1.2183873027531749e-9
1.5282256593735777e-9
1.716876007877904e-9
1.844763299509182e-9
1.956149901869355e-9
2.038142993659803e-9
2.1513098820574116e-9
2.0758419994443616e-9
2.447471517997172e-9
2.7008488871991313e-9
2.9214288852609943e-9
3.083828845789141e-9
3.3080057294078618e-9
3.0315349699925308e-9
3.457296771025186e-9
3.819997847898608e-9
4.087278724014703e-9
4.456360705046296e-9
4.120016239498745e-9
4.698883272947148e-9
5.116565411882079e-9
5.694400273466553e-9
5.604545414833021e-9
6.2634829910316e-9
7.153764630624032e-9
7.223775804078817e-9
8.484278119454824e-9
1.0687022896303656e-8
1.9358851268754177e-10
3.0541047661335264e-10
3.496486110083428e-10
3.8786879022381865e-10
4.103322619211298e-10
4.253829394452904e-10
4.3846884046182273e-10
4.481369229424214e-10
4.615056723159091e-10
5.800638078258102e-10
7.218645609003119e-10
8.510180643932001e-10
9.275690012524222e-10
9.790972958130527e-10
1.023885630046524e-9
1.0568987906590211e-9
1.1024304591434878e-9
9.55821856449154e-10
1.1935660847159707e-9
1.3384630034637854e-9
1.4366898751064866e-9
1.52223966246058e-9
1.5852231844923105e-9
1.6721437473142715e-9
1.6156601314865215e-9
1.9030230314532016e-9
2.0991736779669552e-9
2.2699291638508953e-9
2.3956587154912466e-9
2.5692039422766955e-9
2.353193871263657e-9
2.6802895978414978e-9
2.9589709426024957e-9
3.164337894312223e-9
3.447909271466565e-9
3.18407661048747e-9
3.6237713717303236e-9
3.940601412879996e-9
4.378960110813836e-9
4.313893765047431e-9
4.815707536268939e-9
5.49168938898953e-9
5.55969820663965e-9
6.530340355766489e-9
8.28430845374655e-9
1.5606616382147268e-10
2.4585093099866626e-10
2.8100793021517157e-10
3.1128198775810377e-10
3.2905792715373084e-10
3.40963890872694e-10
3.5131174829791494e-10
3.589562855732802e-10
3.6952902800520167e-10
4.6359930612326385e-10
5.745410181901064e-10
6.752213541556386e-10
7.348357903008603e-10
7.74951343156053e-10
8.098140323605773e-10
8.355113741254011e-10
8.709550023325706e-10
7.562841097237739e-10
9.396810723653987e-10
1.051229798441026e-9
1.126812446672946e-9
1.1926318720755088e-9
1.2410896767342162e-9
1.3079659199806512e-9
1.2617458978518794e-9
1.4810241315797877e-9
1.6306957941392513e-9
1.7609960730051299e-9
1.8569374403944011e-9
1.9893629699224035e-9
1.8268223085271715e-9
2.0790291348308316e-9
2.2941456871896245e-9
2.452658419997613e-9
2.671526193632836e-9
2.467984825664319e-9
2.80718154322837e-9
3.051856417772074e-9
3.3903326630278604e-9
3.3334426513643567e-9
3.7158768467889506e-9
4.230672216143432e-9
4.280039277711008e-9
5.0127100286543174e-9
6.3561641771607444e-9
1.2543838331286653e-10
1.9805072720766624e-10
2.2623320195090965e-10
2.5043778291778785e-10
2.6464123449206954e-10
2.741531651854906e-10
2.8241829475422117e-10
2.885237065262989e-10
2.969656992822669e-10
3.7248300401079294e-10
4.6015183327707885e-10
5.394322660776695e-10
5.863459047163073e-10
6.17906975267144e-10
6.453306516305815e-10
6.655458695234127e-10
6.934273365121077e-10
6.024523549916708e-10
7.453679121334663e-10
8.322212550552686e-10
8.910527882212226e-10
9.422763207121557e-10
9.79991009949923e-10
1.032039330798649e-9
9.943313532213805e-10
1.1628019103178332e-9
1.2775878354204823e-9
1.3774926407899597e-9
1.4510581166652562e-9
1.5526013769710275e-9
1.4253671922342799e-9
1.6163525975348735e-9
1.7790114076220591e-9
1.8988911760160795e-9
2.0644235772860076e-9
1.9126493066064477e-9
2.171483134676051e-9
2.358178931147078e-9
2.6164559861980434e-9
2.5769423988393154e-9
2.8716826834344e-9
3.269086555831721e-9
3.304264172532747e-9
3.867536660369194e-9
4.884334095863047e-9
1.0015718865969431e-10
1.5909611575672402e-10
1.8184145101412768e-10
2.013219228846168e-10
2.127442349868396e-10
2.2039136360671107e-10
2.2703389674181487e-10
2.3194155209182206e-10
2.3872647482569006e-10
2.9997725456882115e-10
3.700132804083886e-10
4.3309781668757627e-10
4.70392278415447e-10
4.954749780280089e-10
5.172655063192481e-10
5.333297610354265e-10
5.554847592536818e-10
4.827596509546e-10
5.951849803522233e-10
6.633825713859856e-10
7.095590173410865e-10
7.497570418791736e-10
7.79356579050253e-10
8.202023092947817e-10
7.887204381633332e-10
9.193463549266505e-10
1.0084232690954162e-9
1.0859467214183631e-9
1.143032770452572e-9
1.221823151191326e-9
1.1219385402409024e-9
1.269062671340699e-9
1.3944696766043416e-9
1.4868831006753137e-9
1.6144809101252688e-9
1.4938582454871922e-9
1.6898465001739255e-9
1.8310929313891032e-9
2.026511555643263e-9
1.995531416418123e-9
2.217852696138218e-9
2.517211499948403e-9
2.5476243221526657e-9
2.9772779702081184e-9
3.758536365559255e-9
7.917656544544112e-11
1.2698188376640726e-10
1.4539652523553463e-10
1.6113595556012297e-10
1.7036012207659007e-10
1.7653510707741756e-10
1.81896682924572e-10
1.8585736118224437e-10
1.9133274971286893e-10
2.412996780992765e-10
2.9774475828093247e-10
3.484188563108538e-10
3.7835539415142864e-10
3.9848556576940895e-10
4.1597048892433425e-10
4.288612125029171e-10
4.4663854435020103e-10
3.880047089836007e-10
4.774461038055827e-10
5.316259922272119e-10
5.682985023557406e-10
6.002179499161909e-10
6.237230807074772e-10
6.561571980091142e-10
6.297889499101286e-10
7.320483335178462e-10
8.017114016968039e-10
8.623378083084021e-10
9.069831035750099e-10
9.686006081964582e-10
8.887879412104794e-10
1.002315854493054e-9
1.0991568515479618e-9
1.1705253660023272e-9
1.2690611669387115e-9
1.1751779081484475e-9
1.3261169110583346e-9
1.435059770557593e-9
1.5857482675465508e-9
1.5590628010603974e-9
1.7282916334074883e-9
1.956187954374456e-9
1.9761701825615788e-9
2.297911339936131e-9
2.886282655994697e-9
6.178695379224994e-11
1.0035478178107232e-10
1.1524648232566523e-10
1.2795987052624983e-10
1.354079584197872e-10
1.403935274462389e-10
1.4472120108204107e-10
1.479181969606151e-10
1.5233585955582844e-10
1.931340238038341e-10
2.38869588667673e-10
2.7983295820061567e-10
3.04018354625691e-10
3.2027929360964005e-10
3.3440161057558566e-10
3.4481374447384003e-10
3.591715621318653e-10
3.117161577139785e-10
3.83541863612091e-10
4.269925849201195e-10
4.563955102725242e-10
4.819844790791588e-10
5.008288854093009e-10
5.268299335892694e-10
5.047090118878726e-10
5.856327002395951e-10
6.407677574888125e-10
6.887522354192317e-10
7.240876968196063e-10
7.72854569780943e-10
7.085297754345634e-10
7.974148028095323e-10
8.733191367064523e-10
9.292504320520316e-10
1.0064709114764157e-9
9.309713310044378e-10
1.0474095637100297e-9
1.1314657529129553e-9
1.2477351157776767e-9
1.2254323358808857e-9
1.354977114189309e-9
1.5296702481325838e-9
1.5440960006108057e-9
1.7908113784637493e-9
2.232822020428484e-9
4.748469232251606e-11
7.829912959413495e-11
9.027460635946156e-11
1.0049665346813195e-10
1.0648458615888414e-10
1.1049289360184641e-10
1.139715417885997e-10
1.165410086743567e-10
1.20090976299632e-10
1.5325026817686777e-10
1.9033909530599777e-10
2.2352214621330117e-10
2.43107582591262e-10
2.562755981118472e-10
2.6771093912867436e-10
2.761420865589165e-10
2.877674798411693e-10
2.493734581881933e-10
3.0740100267207845e-10
3.424727458867536e-10
3.662028147882542e-10
3.868533347029825e-10
4.0206123523266644e-10
4.2304368217289007e-10
4.046533816955774e-10
4.693462329623153e-10
5.134277479173456e-10
5.517928162277227e-10
5.800444245092803e-10
6.1903378352458e-10
5.667228507927515e-10
6.369602899162009e-10
6.969957631454503e-10
7.412342520717441e-10
8.023089623810293e-10
7.413182626380275e-10
8.323614316715805e-10
8.981754220836749e-10
9.891943978058055e-10
9.700365800757523e-10
1.0702319832582827e-9
1.2054478196133508e-9
1.214564972138236e-9
1.402704884637038e-9
1.7376045830820227e-9
3.587707837954498e-11
6.016648360851048e-11
6.970303442326559e-11
7.785053292230985e-11
8.262395813208216e-11
8.5819685039332e-11
8.859281183080823e-11
9.064105353050148e-11
9.347004291007413e-11
1.201601014973459e-10
1.5011567988660815e-10
1.7692524520211312e-10
1.9274841235194604e-10
2.0338795959139823e-10
2.1262745231867174e-10
2.1943957052744403e-10
2.288319108354969e-10
1.9792511029896284e-10
2.448830371503246e-10
2.732535129435835e-10
2.9244992186032895e-10
3.0915507462332793e-10
3.2145738701813693e-10
3.3843025318571497e-10
3.233693479725006e-10
3.754341415283968e-10
4.10918021860236e-10
4.4180361843501467e-10
4.64546815019957e-10
4.959334912313536e-10
4.5328233619789476e-10
5.093293587905072e-10
5.572935874903308e-10
5.926350559285029e-10
6.414250775929158e-10
5.917987546243997e-10
6.63756393113274e-10
7.158255429293927e-10
7.878268322682334e-10
7.711875102078883e-10
8.493767469988832e-10
9.550230391762536e-10
9.608314749523396e-10
1.106788371326376e-9
1.3617419216608558e-9
2.6622287996503175e-11
4.545449075936967e-11
5.294783301131131e-11
5.93621170323298e-11
6.312157237785237e-11
6.563905837661706e-11
6.782362363294472e-11
6.9437027057474e-11
7.166494533539118e-11
9.284455793188214e-11
1.1682860800554205e-10
1.3833037432342296e-10
1.510241428504282e-10
1.595612523886027e-10
1.669753490729264e-10
1.7244145086643684e-10
1.7997760092479766e-10
1.5533182027698653e-10
1.9321098051476243e-10
2.1610034183652482e-10
2.3159081317073917e-10
2.450717490534369e-10
2.549992947655436e-10
2.686955487947707e-10
2.566096671000516e-10
2.986166324631354e-10
3.272565615299929e-10
3.521884810649705e-10
3.7054678231887564e-10
3.9588195924665185e-10
3.6120702725337665e-10
4.0621909852467405e-10
4.4477980568807815e-10
4.731905540553812e-10
5.124117694921099e-10
4.719567362714795e-10
5.293141848655651e-10
5.708574220640115e-10
6.282978177153963e-10
6.140396483075758e-10
6.75747747201447e-10
7.59249566380173e-10
7.627390455065087e-10
8.770112438485394e-10
1.0726834824841237e-9
1.939568932935493e-11
3.3726595210930366e-11
3.951969087465512e-11
4.449304639149523e-11
4.740977368094949e-11
4.936362808266853e-11
5.105923156041904e-11
5.2311423567805135e-11
5.404028727626354e-11
7.054925553141994e-11
8.950694797081137e-11
1.0655333734935833e-10
1.166222298228371e-10
1.2339609233322472e-10
1.2927948069346206e-10
1.3361682367470856e-10
1.3959661364009773e-10
1.2020220228378354e-10
1.5051788080150364e-10
1.6884993554291282e-10
1.8126016738096876e-10
1.9206163333396374e-10
2.0001552528240457e-10
2.109889320162064e-10
2.0152763086524223e-10
2.3534434830044543e-10
2.5841205394572005e-10
2.78496221662137e-10
2.9328416715060785e-10
3.136923243408733e-10
2.8573016647661636e-10
3.2195329742289825e-10
3.5300917096138346e-10
3.7588918278673493e-10
4.074750638578841e-10
3.74630265987304e-10
4.2059570934386074e-10
4.539142548312627e-10
4.999790632966106e-10
4.879617488999528e-10
5.370556899183565e-10
6.035722001012183e-10
6.055880738259362e-10
6.958700918020823e-10
8.477720663089998e-10
1.3879083498222496e-11
2.4569662005940767e-11
2.896736612511913e-11
3.275719130620137e-11
3.4981668957459024e-11
3.647249903811521e-11
3.776646626006334e-11
3.872199988252224e-11
4.004115829637022e-11
5.2647105113170744e-11
6.739051238551149e-11
8.07020686077741e-11
8.857108804760973e-11
9.386705413153349e-11
9.846746406430132e-11
1.0185873883137948e-10
1.0653421411466618e-10
9.151892253115846e-11
1.15490351137736e-10
1.300035260124149e-10
1.398327330139634e-10
1.4838903856583687e-10
1.5468917933710297e-10
1.6338125862977727e-10
1.561820059419503e-10
1.8321782661504062e-10
2.016709993433866e-10
2.1773997876407629e-10
2.2957087248317057e-10
2.458985389177297e-10
2.2363660998035478e-10
2.5270862615297715e-10
2.7764552417312817e-10
2.960166253723643e-10
3.2137822019948403e-10
2.9495862949803876e-10
3.3183093617056413e-10
3.5857275618099616e-10
3.955432070308433e-10
3.8563476790101704e-10
4.248611674321098e-10
4.780639108308971e-10
4.792284316106405e-10
5.510406856200671e-10
6.700513134542994e-10
9.764324402651449e-12
1.757973317860148e-11
2.0854102010698564e-11
2.368881720902774e-11
2.5354406982425814e-11
2.6471303591659744e-11
2.7440908941980414e-11
2.8156893944169984e-11
2.91453267249362e-11
3.855906131638549e-11
4.9812018387827813e-11
6.002341770224375e-11
6.606591041161538e-11
7.013441263475331e-11
7.366916356451669e-11
7.627466207733031e-11
7.986689130062509e-11
6.845462639442588e-11
8.71173213947739e-11
9.843490575641815e-11
1.0610380498153058e-10
1.1278076653668087e-10
1.1769667849238784e-10
1.2447930158738723e-10
1.191711141647979e-10
1.4054696046871442e-10
1.55146202518264e-10
1.6786108991440175e-10
1.77221980315357e-10
1.9014128594390227e-10
1.7271115825022795e-10
1.9587483932857255e-10
2.157469654706214e-10
2.303863751814091e-10
2.505967759540976e-10
2.296372950382042e-10
2.591070576802292e-10
2.804858790056916e-10
3.100417058065342e-10
3.020858509516425e-10
3.3342731517082064e-10
3.7596769243607916e-10
3.766963472068213e-10
4.3397202574832386e-10
5.278436115340093e-10
6.763680021539188e-12
1.2366100401541816e-11
1.4756673761898757e-11
1.6837006762493306e-11
1.8060826604531362e-11
1.8882001752552674e-11
1.95950622834536e-11
2.012160588027878e-11
2.084855192249525e-11
2.772033239354517e-11
3.613656764598599e-11
4.3817674975262846e-11
4.8368308736504876e-11
5.1433768546316044e-11
5.409757382400939e-11
5.6060921182422606e-11
5.876792825770977e-11
5.026330247848473e-11
6.453164416761758e-11
7.320152402870746e-11
7.907962365227469e-11
8.419843784020003e-11
8.796679865099836e-11
9.316643483001406e-11
8.938254659425268e-11
1.0603788093789064e-10
1.174202535673534e-10
1.2733479447726874e-10
1.3463364906916198e-10
1.4470749595782574e-10
1.3132830810207296e-10
1.4957670989441778e-10
1.6522942828205345e-10
1.7676031735746705e-10
1.9267977312434204e-10
1.763411631215301e-10
1.9970645974930278e-10
2.1665643264773775e-10
2.400900322080924e-10
2.3389032663603996e-10
2.5882042362391745e-10
2.926723110482399e-10
2.9322073126367756e-10
3.3882256978490853e-10
4.131063617753686e-10
4.621039492029343e-12
8.564076612056277e-12
1.027633616462089e-11
1.1774690083636055e-11
1.2657329175402861e-11
1.3249969536732664e-11
1.376473580355375e-11
1.414486618980052e-11
1.466974390054954e-11
1.9576506641778917e-11
2.5741050998819897e-11
3.140175530025736e-11
3.4759821720071895e-11
3.7023002304872685e-11
3.899004615962777e-11
4.043972116879003e-11
4.243860890723675e-11
3.622637275929251e-11
4.6920377270646106e-11
5.343285195579165e-11
5.785081832794755e-11
6.169890104846917e-11
6.453149839607242e-11
6.844023510877122e-11
6.583613964480305e-11
7.859017600245255e-11
8.731139262739135e-11
9.490873924261836e-11
1.0050149280741654e-10
1.0822093738658406e-10
9.817501372925683e-11
1.123413998805018e-10
1.2448680284277292e-10
1.3343400711333074e-10
1.457869160065149e-10
1.333087927184378e-10
1.516161723924048e-10
1.6489297139970205e-10
1.8324936249773098e-10
1.785768036756438e-10
1.982378647068885e-10
2.2493666850550123e-10
2.254441262906619e-10
2.6153225845000246e-10
3.202695355530795e-10
3.1197032666552477e-12
5.849199883714628e-12
7.053739275824064e-12
8.113804593016297e-12
8.739147534633344e-12
9.159314117484313e-12
9.524391913680233e-12
9.794005250504748e-12
1.0166361176339531e-11
1.3599394223203469e-11
1.8023046298978875e-11
2.2110493968590494e-11
2.4538588890672873e-11
2.6175758735988665e-11
2.7598994389078073e-11
2.8647805568848788e-11
3.0094059938294195e-11
2.564388543250559e-11
3.3494914034552774e-11
3.8287319645917876e-11
4.154027033975727e-11
4.437418122123066e-11
4.646004731644881e-11
4.933857709943322e-11
4.760843990750931e-11
5.7188960722219334e-11
6.374327707573604e-11
6.94533304323062e-11
7.365664250725581e-11
7.945855186983936e-11
7.208947065274493e-11
8.289861619838975e-11
9.215833926498767e-11
9.89799200046134e-11
1.0839847503473558e-10
9.908127170479836e-11
1.1321293683497904e-10
1.2345567351757503e-10
1.37618351584716e-10
1.3422319924031918e-10
1.4954191177646954e-10
1.7033807796080755e-10
1.7086414431297116e-10
1.991427174314208e-10
2.4536579185771687e-10
2.0849685362888017e-12
3.947151284515636e-12
4.7807583503522386e-12
5.518447891760259e-12
5.954239150636887e-12
6.247242329900967e-12
6.5019224125580186e-12
6.690029900609836e-12
6.9498954770519034e-12
9.309210540651214e-12
1.2423090720806707e-11
1.5317596172002977e-11
1.7039362164558817e-11
1.820076974720993e-11
1.921060742457613e-11
1.9954723007106702e-11
2.098089344636906e-11
1.7850669862597843e-11
2.3497394235127037e-11
2.6952361994551075e-11
2.929874023680829e-11
3.134323357235237e-11
3.284793647446259e-11
3.4924605409900334e-11
3.3812772394858506e-11
4.086516521850993e-11
4.569156826709858e-11
4.989635181414347e-11
5.2991561828068474e-11
5.7264102019272934e-11
5.198478230678898e-11
6.007666127178042e-11
6.700108858663615e-11
7.210251515794892e-11
7.914633335153174e-11
7.23528196363825e-11
8.307437193608944e-11
9.083918399436149e-11
1.0157674586206009e-10
9.920633846845608e-11
1.1096444891128457e-10
1.269170813069998e-10
1.2747065372382425e-10
1.493415381605726e-10
1.854108349553232e-10
1.381775317340688e-12
2.6365476842272563e-12
3.2051576198033944e-12
3.7109295328129305e-12
4.0101218100922514e-12
4.211411389749451e-12
4.386441666650371e-12
4.515742984033591e-12
4.694435615063784e-12
6.291488424492336e-12
8.445624796006196e-12
1.0459028422469316e-11
1.1658193242548385e-11
1.2467382963895482e-11
1.3171092827689865e-11
1.3689602481456724e-11
1.4404705136875917e-11
1.2239145170774703e-11
1.6221960820551743e-11
1.866428034899302e-11
2.032370946103325e-11
2.1769863994549437e-11
2.283413197872147e-11
2.43030508545718e-11
2.360907612504635e-11
2.8695652413624944e-11
3.217730501172304e-11
3.521043390099096e-11
3.7443181095357655e-11
4.052530103642486e-11
3.6828312945513405e-11
4.276590972876683e-11
4.784001940727194e-11
5.1578509754947935e-11
5.674064654327043e-11
5.1904907812208145e-11
5.9887291395348e-11
6.56624094172058e-11
7.364951972871414e-11
7.206514104581801e-11
8.093733759649049e-11
9.296347310943567e-11
9.352665940500143e-11
1.1018004773185461e-10
1.3800335809965422e-10
9.09467628880017e-13
1.7461970823616523e-12
2.129238905244773e-12
2.4715071536270862e-12
2.6742284167257474e-12
2.810695179993946e-12
2.9294072965777403e-12
3.0171249488235565e-12
3.1384044389281166e-12
4.206110518401804e-12
5.673833092385649e-12
7.0523038051311786e-12
7.874232860990647e-12
8.429040215302869e-12
8.911602066794998e-12
9.267149230890538e-12
9.757538701272393e-12
8.281167131248006e-12
1.1040791147323238e-11
1.2736414906150367e-11
1.3888949608399157e-11
1.489348852988472e-11
1.5632720844358703e-11
1.6653085848035076e-11
1.622980600698675e-11
1.9827070703372703e-11
2.2289260125736717e-11
2.443408293468483e-11
2.6012959974419312e-11
2.8192524220160784e-11
2.5656807360800015e-11
2.992672096864677e-11
3.3569973759683157e-11
3.625445234859271e-11
3.996134154621595e-11
3.6598037995608026e-11
4.242537254611822e-11
4.6636215149494296e-11
5.2460728053339894e-11
5.145087229809659e-11
5.802289155895575e-11
6.692044526636164e-11
6.746541977836859e-11
7.992720379978773e-11
1.0109156701891416e-10