3.9946831857073475e-9
6.062619988776873e-9
6.807609476207224e-9
7.3755472305610155e-9
7.79705799666598e-9
8.041499811130646e-9
8.234618404498717e-9
8.411460944178735e-9
8.542860790871964e-9
8.740272735481661e-9
1.0611083066281805e-8
1.2617528552192605e-8
1.4220426447557713e-8
1.5419779702764543e-8
1.611754442936609e-8
1.6668650700759727e-8
1.7173882052977395e-8
1.7549430619668514e-8
1.8112419577235392e-8
1.551379649489508e-8
1.7975893389056232e-8
1.9840244348280985e-8
2.093146916530043e-8
2.1795174278292824e-8
2.2587063899296295e-8
2.317549850363193e-8
2.4057616990233164e-8
2.1501361842168226e-8
2.4291507490857583e-8
2.594984072974192e-8
2.7265092586808083e-8
2.847130991297068e-8
2.9367353812730546e-8
3.071093187369053e-8
2.807142687178722e-8
3.040359206897221e-8
3.2245719712527936e-8
3.393548083593306e-8
3.519095102009947e-8
3.7073480783682266e-8
3.335980590609347e-8
3.572477783075083e-8
3.787835787108523e-8
3.947868735259213e-8
4.1878773219252974e-8
3.86569474726012e-8
4.134259262205636e-8
4.3322144844601594e-8
4.6293882821507477e-8
4.4675743378121467e-8
4.7131331369656147e-8
5.07881204074244e-8
5.0083403927016434e-8
5.4413379910449474e-8
6.020008511916828e-8
3.3450334038770624e-9
5.154774664795274e-9
5.820339886015167e-9
6.330750525672213e-9
6.709895999297845e-9
6.93002778896607e-9
7.1039003028055765e-9
7.263128387691238e-9
7.381568839803096e-9
7.559306153378622e-9
9.25086247339898e-9
1.11141645788252e-8
1.2616061654936904e-8
1.3741500726816475e-8
1.4396912249180649e-8
1.4914595959762188e-8
1.5389234276309895e-8
1.574217714450634e-8
1.627100785362945e-8
1.3854532311576277e-8
1.6215691310318877e-8
1.80079135148251e-8
1.9058322649583722e-8
1.9889952630482164e-8
2.0652486252309252e-8
2.121921582051874e-8
2.2068546195517424e-8
1.966676177764596e-8
2.241531574501601e-8
2.4052783300660708e-8
2.5351930959593083e-8
2.6543471729827863e-8
2.7428698234714193e-8
2.8755840404443007e-8
2.6203520530578355e-8
2.8552981553193722e-8
3.0408266767935325e-8
3.211022191990958e-8
3.337487549117775e-8
3.527096210078032e-8
3.157349737695785e-8
3.399196294694497e-8
3.619274494556806e-8
3.782832342307479e-8
4.0281111828973034e-8
3.702819524949192e-8
3.98088517291134e-8
4.1857047931804495e-8
4.493199202691038e-8
4.33018906012293e-8
4.5873541473509914e-8
4.970060155722574e-8
4.899684217657132e-8
5.356911639422902e-8
5.977190784163787e-8
2.769791025358603e-9
4.319328719221909e-9
4.899278077734634e-9
5.346779988154831e-9
5.67952955370447e-9
5.873035601718614e-9
6.025726103430533e-9
6.165669020311875e-9
6.269807616648406e-9
6.42599498397016e-9
7.905820887680791e-9
9.583055434281149e-9
1.0947747001506333e-8
1.1971980143565131e-8
1.2569217450317472e-8
1.304083934027384e-8
1.347340464084108e-8
1.3795080265574635e-8
1.4276971340258902e-8
1.209456370949121e-8
1.428996538032474e-8
1.5960747520228173e-8
1.694153848547653e-8
1.7718135148939392e-8
1.8430370895774564e-8
1.8959701045539886e-8
1.9752934198780316e-8
1.75688692506189e-8
2.0199033352003432e-8
2.1770179316551482e-8
2.3016989488401765e-8
2.4160732830406065e-8
2.5010402288750752e-8
2.628424080183269e-8
2.3892784745956266e-8
2.6197351686745328e-8
2.801628358864055e-8
2.9685119771066198e-8
3.092515553566283e-8
3.2784352315653396e-8
2.9207498576364672e-8
3.161978264393471e-8
3.3813198878523174e-8
3.544334582987424e-8
3.788807502744539e-8
3.4691436029458015e-8
3.75042718813177e-8
3.957430133673336e-8
4.2682494393041303e-8
4.1086560899296794e-8
4.3721666190092324e-8
4.764022574244894e-8
4.695977160192252e-8
5.1689544827018136e-8
5.82173067572343e-8
2.2542528648631194e-9
3.5573093485568074e-9
4.051795328921162e-9
4.435604197116686e-9
4.721501408493194e-9
4.8879125754722146e-9
5.019171900691445e-9
5.139554055035496e-9
5.229020544099974e-9
5.363395767902864e-9
6.6227673428802714e-9
8.088350767118888e-9
9.291750118724487e-9
1.019661500510397e-8
1.0724787908712758e-8
1.1141903299623941e-8
1.1524553359496682e-8
1.1808952830902544e-8
1.223524832669043e-8
1.0317776844342137e-8
1.2294890596094043e-8
1.380394140694369e-8
1.469106847483797e-8
1.5393731010946477e-8
1.603822474424977e-8
1.6517015990250783e-8
1.723481520055457e-8
1.5312329111564848e-8
1.775212771429844e-8
1.9213487833893787e-8
2.0373577257939954e-8
2.143786206841657e-8
2.2228282209401516e-8
2.3413654053486236e-8
2.124735839574261e-8
2.3442243940305936e-8
2.5173583360372755e-8
2.676215493292503e-8
2.7942374120456555e-8
2.9712268642369274e-8
2.63598626651261e-8
2.8700427295686592e-8
3.082640807720996e-8
3.24063191563738e-8
3.477616723430417e-8
3.172843719131355e-8
3.4500848023211426e-8
3.653873494596682e-8
3.9599572496948645e-8
3.808683608058318e-8
4.072185213577136e-8
4.463705466534458e-8
4.400346869814828e-8
4.878432206208942e-8
5.551331604062139e-8
1.8201630067096027e-9
2.90212925971534e-9
3.3171520426700735e-9
3.6409691540979833e-9
3.8824159728727705e-9
4.023072811404671e-9
4.134126351392433e-9
4.235855055772276e-9
4.311582364801241e-9
4.425239965699375e-9
5.478316729294639e-9
6.728474963083259e-9
7.762887424613464e-9
8.541890266244597e-9
8.996943313386543e-9
9.356565652909133e-9
9.686285251294024e-9
9.93148310069823e-9
1.0298904909284065e-8
8.652303244857559e-9
1.0380153186874712e-8
1.1702505430294895e-8
1.2480802245451453e-8
1.3097691910669229e-8
1.3663298780798146e-8
1.4083609292251348e-8
1.4713642657106753e-8
1.3069316494069784e-8
1.5261465307481794e-8
1.6577792269241557e-8
1.7623292610306487e-8
1.8582251332994775e-8
1.929456803347576e-8
2.0362742745000333e-8
1.8465083223867294e-8
2.04904622230991e-8
2.2086983140597813e-8
2.3551640239121026e-8
2.4639984485901915e-8
2.6272025738868822e-8
2.3233826429313394e-8
2.5437235861049003e-8
2.7435790179705148e-8
2.8921264728788467e-8
3.114944916200055e-8
2.833785519024331e-8
3.099279668008549e-8
3.294197905869022e-8
3.587007173263367e-8
3.448671576123187e-8
3.7051272638085774e-8
4.085737012042193e-8
4.02938103132355e-8
4.50023857024705e-8
5.1778942157477955e-8
1.446490780995197e-9
2.332086446910258e-9
2.6754353924624935e-9
2.9442788290648376e-9
3.1452257133146298e-9
3.262187592368063e-9
3.3546020936462568e-9
3.439322199027202e-9
3.5023587508931014e-9
3.5969180757219465e-9
4.4707657818024796e-9
5.519301575055427e-9
6.391182205397149e-9
7.049039006862716e-9
7.433239902519123e-9
7.73704696202819e-9
8.015644347807545e-9
8.222777545837006e-9
8.533069713301261e-9
7.144066554332531e-9
8.616201279405567e-9
9.745825133178018e-9
1.0410944044577996e-8
1.0938407866701227e-8
1.142207272925732e-8
1.1781426466033266e-8
1.2320006518140591e-8
1.0942499319836777e-8
1.2853574049568967e-8
1.4003165519218606e-8
1.4916528021092188e-8
1.5754363825067467e-8
1.6376641856942852e-8
1.7309725754285906e-8
1.5697366533024317e-8
1.750661335866958e-8
1.893123608355438e-8
2.0238256452364634e-8
2.1209462877621785e-8
2.266576320067253e-8
2.0004272550304646e-8
2.2012563424637746e-8
2.38313910415754e-8
2.5183349791640212e-8
2.7211241805082597e-8
2.4705416651779497e-8
2.716962815918179e-8
2.8975960312954336e-8
3.1689982974597885e-8
3.047385906699804e-8
3.289587219916045e-8
3.6485341629228574e-8
3.601018552945854e-8
4.0514924858233295e-8
4.7162392711402414e-8
1.137529328627496e-9
1.8497100979429257e-9
2.1294542520805065e-9
2.3492431979255942e-9
2.5136674643313587e-9
2.6093981743176483e-9
2.6850623556322415e-9
2.7544219157222813e-9
2.806047518397199e-9
2.883536622799018e-9
3.6038724782587473e-9
4.474209193255331e-9
5.2000597826716765e-9
5.748227122271362e-9
6.068410139311183e-9
6.321599533312576e-9
6.553797777757907e-9
6.726428440288228e-9
6.985099042128099e-9
5.829202337848715e-9
7.062459881253364e-9
8.010140613127631e-9
8.568328232456453e-9
9.010998822481485e-9
9.416945226583426e-9
9.718540297986614e-9
1.0170634274699524e-8
9.029187902521238e-9
1.065377753894317e-8
1.163224873943928e-8
1.2409559947494096e-8
1.3122655300578704e-8
1.3652274951755872e-8
1.444650793130838e-8
1.310518057132014e-8
1.4673108822578752e-8
1.590580375769298e-8
1.7036773316279802e-8
1.7877215028728738e-8
1.9137514092053006e-8
1.687540683322357e-8
1.864764531192093e-8
2.0249951673497724e-8
2.144109249765002e-8
2.3227905763878724e-8
2.1067362483750904e-8
2.3281059787506917e-8
2.4900898043904014e-8
2.733541835846241e-8
2.6307264739456223e-8
2.8522105114528346e-8
3.179918268292193e-8
3.1422106630589224e-8
3.559767968322875e-8
4.1930751487875026e-8
8.907510212216069e-10
1.4528201825887715e-9
1.6768207129829916e-9
1.8534403735440189e-9
1.9856879513891164e-9
2.0627457536101942e-9
2.12360489161216e-9
2.179443303707464e-9
2.2209908354789482e-9
2.2833774863043417e-9
2.8661486832930594e-9
3.580842437461873e-9
4.178779301744862e-9
4.6305749835551246e-9
4.8946233009198935e-9
5.103300192814257e-9
5.294748204621693e-9
5.437068981860993e-9
5.650325449283041e-9
4.702035048000319e-9
5.725460639037584e-9
6.512350425795194e-9
6.976049010792426e-9
7.343631246406754e-9
7.680802035616727e-9
7.931290536467521e-9
8.306773216686026e-9
7.365704145031834e-9
8.724091104779643e-9
9.542746011850065e-9
1.0192808535052034e-8
1.0789260768714704e-8
1.123225107821505e-8
1.1896559911651922e-8
1.0790713574689147e-8
1.2117038714396324e-8
1.3157991283537552e-8
1.411308689765802e-8
1.4822888356131357e-8
1.588725863934247e-8
1.4004442707370291e-8
1.552396270215748e-8
1.689542929624482e-8
1.7915082231322195e-8
1.944467563815952e-8
1.763125208564858e-8
1.9558632947627032e-8
2.096630490449579e-8
2.308249770368311e-8
2.2241645496439162e-8
2.4202118052412266e-8
2.7097306065728188e-8
2.6816466324102198e-8
3.0560976220722456e-8
3.640591103229211e-8
6.98202040188898e-10
1.1361087414097282e-9
1.3126365958398658e-9
1.452485639320947e-9
1.55730857255452e-9
1.6184033499668211e-9
1.6666836033879943e-9
1.7109764500487827e-9
1.7439647416663682e-9
1.793470882367487e-9
2.2493337127900292e-9
2.825039074295161e-9
3.3097859364546635e-9
3.6763549536574617e-9
3.890694242392193e-9
4.060164841908253e-9
4.215618844648383e-9
4.331220009745887e-9
4.504382838648298e-9
3.740391073961388e-9
4.581873092267512e-9
5.2293722164237236e-9
5.611109577497384e-9
5.913851296477487e-9
6.191508818574185e-9
6.397821122378363e-9
6.707028176803635e-9
5.940218365686362e-9
7.066246475638165e-9
7.7450435603175e-9
8.284148119100915e-9
8.778739870069696e-9
9.146117290061968e-9
9.696980697133794e-9
8.786705337629425e-9
9.892174863262123e-9
1.0758995443419039e-8
1.155420537143902e-8
1.2145248367441994e-8
1.3031483054421221e-8
1.1476574636834896e-8
1.2752666415919309e-8
1.3902638709989334e-8
1.4757717108635714e-8
1.604041752118742e-8
1.4541167008262014e-8
1.6176436376215565e-8
1.7368681334616785e-8
1.9161415639097918e-8
1.8485753213113792e-8
2.0170567276408493e-8
2.2653707703168006e-8
2.2454553904752477e-8
2.5707676294921785e-8
3.092820158012095e-8
5.490060580526105e-10
8.888339323141651e-10
1.0264151601376774e-9
1.1360181972960558e-9
1.218269215476418e-9
1.2662176462453324e-9
1.3041457118742937e-9
1.338943288287112e-9
1.3648416890459556e-9
1.4037590312685397e-9
1.7515595627324685e-9
2.203342423992985e-9
2.5872199230793533e-9
2.877967935182223e-9
3.0480568964682243e-9
3.1826679285027636e-9
3.3061355831389458e-9
3.3978983185783768e-9
3.5354413691704736e-9
2.9314750776209792e-9
3.6101333401774917e-9
4.133484172916458e-9
4.442301063236293e-9
4.687438209468216e-9
4.912240423415123e-9
5.0792066473879655e-9
5.329560777921587e-9
4.722605078439649e-9
5.647764538698263e-9
6.20608774357068e-9
6.649805486352397e-9
7.056850897104718e-9
7.3591101117887244e-9
7.812477136187248e-9
7.070719045330954e-9
7.985883974429873e-9
8.703510180183402e-9
9.361774242897253e-9
9.850937999840563e-9
1.058457714066784e-8
9.301892819020782e-9
1.0362146108605518e-8
1.1316758997681283e-8
1.2026488138742112e-8
1.309134769390465e-8
1.1855371611382515e-8
1.3220306807798962e-8
1.4214081215458507e-8
1.5708830044590518e-8
1.5164082580785944e-8
1.6580379387532766e-8
1.8664371951116303e-8
1.8523449137828395e-8
2.1277124210011257e-8
2.5798389395858838e-8
4.334967397464274e-10
6.972857879019894e-10
8.038962945740297e-10
8.891378296585098e-10
9.531978318661832e-10
9.9056270087173e-10
1.0201208572545337e-9
1.0472409861004163e-9
1.0674339312862862e-9
1.0977693401978122e-9
1.3644414635395422e-9
1.7129352560170656e-9
2.0107341875820737e-9
2.2366843869154986e-9
2.3689706567864347e-9
2.4736564295749883e-9
2.5696720498127566e-9
2.641054704122159e-9
2.7480107733873015e-9
2.2763944447005504e-9
2.8080086614516064e-9
3.219258867510793e-9
3.4622577867764576e-9
3.655160958239451e-9
3.832059577961567e-9
3.963468874368583e-9
4.160468520462738e-9
3.6963389811483547e-9
4.441181583787186e-9
4.891893738266446e-9
5.250141883533201e-9
5.578793259861209e-9
5.822861103400565e-9
6.188913439432134e-9
5.604020929893723e-9
6.354955345073326e-9
6.943803792411919e-9
7.483959214586898e-9
7.885384737847703e-9
8.487400823981963e-9
7.441873380069125e-9
8.317637489214581e-9
9.105977792874554e-9
9.692118699878869e-9
1.0571519464643263e-8
9.55503452362401e-9
1.0685964612372156e-8
1.150896154282515e-8
1.2746887166562088e-8
1.2302153605049105e-8
1.3479057031979067e-8
1.5208934241738766e-8
1.510342809907818e-8
1.739736334053405e-8
2.1218061731623955e-8
3.4451720187923007e-10
5.497867486325918e-10
6.324133418520208e-10
6.984583392703051e-10
7.481228202059179e-10
7.770935375581457e-10
8.000143403396654e-10
8.210509631832218e-10
8.367087217424075e-10
8.602478488540939e-10
1.066784250820287e-9
1.3358608295625089e-9
1.565529318395307e-9
1.7398850237942107e-9
1.8419714991912807e-9
1.9227454990271273e-9
1.996845108423382e-9
2.0519165757245422e-9
2.1344675812830042e-9
1.7688815129185202e-9
2.177132465631435e-9
2.4933894567049578e-9
2.6803091538516867e-9
2.8286610136658645e-9
2.9647317968763647e-9
3.0657902680337484e-9
3.2173320374546665e-9
2.864240699108506e-9
3.445399404602195e-9
3.797789385082043e-9
4.077825831630575e-9
4.334776640397562e-9
4.525580594644615e-9
4.8117900341682466e-9
4.369788303090132e-9
4.971167201741183e-9
5.442335197031045e-9
5.874616249720584e-9
6.195878127324001e-9
6.6777031957046645e-9
5.8558852933977035e-9
6.569164478343877e-9
7.211021005888082e-9
7.688262286971967e-9
8.404312520371431e-9
7.586763893584014e-9
8.516719290068176e-9
9.19332100799809e-9
1.0211093641915931e-8
9.852653658078408e-9
1.0825242670043486e-8
1.2254365728783142e-8
1.21717313544499e-8
1.4070697175279282e-8
1.7253017073741224e-8
2.7550352296441606e-10
4.3613705083602363e-10
5.004273950107982e-10
5.517135682280427e-10
5.902544754725406e-10
6.127307633774216e-10
6.305192206812313e-10
6.46846894224913e-10
6.590020597216811e-10
6.772764315070812e-10
8.367277256475667e-10
1.0449241970119703e-9
1.2223753625242544e-9
1.3570041377145757e-9
1.4358007807957445e-9
1.4981650712609328e-9
1.5553695760172546e-9
1.5978928418658705e-9
1.661619173015105e-9
1.3801999170407228e-9
1.694927418419439e-9
1.9384299689132464e-9
2.082249457469268e-9
2.196420292006912e-9
2.3011242392603693e-9
2.378901996991479e-9
2.4955079934838487e-9
2.220739307805626e-9
2.665218424170153e-9
2.9344622931585423e-9
3.1483874668502698e-9
3.3446514387137257e-9
3.4904174425407198e-9
3.709026796671109e-9
3.376500665536002e-9
3.841390313467507e-9
4.204820768416035e-9
4.538213997474379e-9
4.786039729304749e-9
5.157669181809575e-9
4.538873426409721e-9
5.101955309933415e-9
5.60770317418951e-9
5.98382444983742e-9
6.548112972296479e-9
5.920825597386976e-9
6.668988777758817e-9
7.212791190945652e-9
8.030863385942132e-9
7.759933474697425e-9
8.55367641585988e-9
9.719521209860302e-9
9.661378298965334e-9
1.1222526932336903e-8
1.3856420830561212e-8
2.215105167918548e-10
3.483565454498041e-10
3.9867293655823273e-10
4.387849606999858e-10
4.689089361085304e-10
4.864761341035215e-10
5.003815809570229e-10
5.131476028187417e-10
5.22650618211106e-10
5.369465164070938e-10
6.604896454410992e-10
8.210916271524543e-10
9.580702123519668e-10
1.0619688547882037e-9
1.1227872799990273e-9
1.1709177367599827e-9
1.2150688993542611e-9
1.2478819306790195e-9
1.2970747905875166e-9
1.0792591093369593e-9
1.3225181390208383e-9
1.5107140942304025e-9
1.621897727488233e-9
1.7101537996026114e-9
1.7910971557036786e-9
1.8512116903094234e-9
1.9413646939406285e-9
1.7292529480641359e-9
2.0716575459461544e-9
2.2788306579431266e-9
2.4433815203030075e-9
2.5943483287173436e-9
2.7064504906332413e-9
2.8746138270003877e-9
2.6151347403150713e-9
2.9690765927621303e-9
3.245130250504932e-9
3.4983320270192327e-9
3.686529602152618e-9
3.968801557350456e-9
3.5017267825886644e-9
3.931873185050048e-9
4.317151153069077e-9
4.603685161091277e-9
5.033656660943342e-9
4.567299573791116e-9
5.14780307788418e-9
5.568590730319626e-9
6.201923568556349e-9
6.012598659856737e-9
6.640655900398603e-9
7.561621560121443e-9
7.533490724016687e-9
8.78766957294707e-9
1.0947058290042154e-8
1.78608101028678e-10
2.797562525172514e-10
3.194573152205137e-10
3.510143449887729e-10
3.7470609814331137e-10
3.885213503855536e-10
3.9945617192261174e-10
4.094947775326124e-10
4.1696917537790744e-10
4.282177345387604e-10
5.254082746370406e-10
6.502160006740701e-10
7.562847748926865e-10
8.367359770609461e-10
8.838265887150333e-10
9.210918766181991e-10
9.552741737711285e-10
9.80682410375208e-10
1.0187714019407022e-9
8.492177963136905e-10
1.0358850686691735e-9
1.1803674704996686e-9
1.2657268192542601e-9
1.3334789126661044e-9
1.3956150241494158e-9
1.4417701231050499e-9
1.5109799694797182e-9
1.3482652263411185e-9
1.6123707740147544e-9
1.7723915772158988e-9
1.8995045976437327e-9
2.0161207102180513e-9
2.1027292235806974e-9
2.232638831152637e-9
2.03258747983977e-9
2.305958153972836e-9
2.5193607393720246e-9
2.715071136092604e-9
2.860554218321968e-9
3.0787424762491755e-9
2.713295711247149e-9
3.041718088074897e-9
3.3356858325020947e-9
3.554336032327155e-9
3.882422038755042e-9
3.5241832140177752e-9
3.964784206250715e-9
4.2834516574552195e-9
4.763211109622519e-9
4.6262520000321025e-9
5.1057622223214025e-9
5.8066084525106946e-9
5.800607400127697e-9
6.768958477099488e-9
8.492532179725631e-9
1.439884213939237e-10
2.2538128055304393e-10
2.570272200700298e-10
2.820824132995813e-10
3.00865942482139e-10
3.118162713227722e-10
3.2048093932836937e-10
3.2843372077384845e-10
3.343542267766933e-10
3.4326697794679925e-10
4.206734533150106e-10
5.186071452248159e-10
6.014674355605456e-10
6.642328099794223e-10
7.009555785982596e-10
7.300106551361301e-10
7.566615829568598e-10
7.764706463907585e-10
8.061689477859519e-10
6.737482464039983e-10
8.183861244662614e-10
9.301263572894622e-10
9.960976364816126e-10
1.0484508974392686e-9
1.0964647049533045e-9
1.1321279052230627e-9
1.1856088011214501e-9
1.0577190972524477e-9
1.2593848058391295e-9
1.3814405096436818e-9
1.4783856507926284e-9
1.5673265823368866e-9
1.633378646732913e-9
1.7324539201317354e-9
1.5804184106604284e-9
1.7901159574192834e-9
1.9539179446555873e-9
2.1041576222167237e-9
2.2158331203129266e-9
2.3833151022440278e-9
2.104774111920806e-9
2.3585993363648275e-9
2.5861371163796405e-9
2.755350521882639e-9
3.0092505522298795e-9
2.7296674027644626e-9
3.068303199386365e-9
3.3134482823592417e-9
3.6824535432865787e-9
3.57127212604989e-9
3.9357334689889086e-9
4.4676972859596945e-9
4.463110463956135e-9
5.193434710277201e-9
6.5167977784376545e-9
1.1564155344677691e-10
1.8156684594783996e-10
2.0700187462501368e-10
2.2707038438884144e-10
2.4210007354469885e-10
2.5086194742629727e-10
2.577934976230334e-10
2.641552564928829e-10
2.688903914526989e-10
2.7601692995212906e-10
3.3838885798645896e-10
4.160470920786413e-10
4.814507598793879e-10
5.309525785645287e-10
5.599085124271098e-10
5.828136791824005e-10
6.038232873723205e-10
6.194396660411042e-10
6.428519957469085e-10
5.380362322666306e-10
6.510411243720785e-10
7.382613239386754e-10
7.897360885136761e-10
8.305755918801001e-10
8.680296412554445e-10
8.958507703369655e-10
9.375710835415998e-10
8.367749647703597e-10
9.92785761540102e-10
1.0870927805220771e-9
1.1619699746898766e-9
1.230663535158932e-9
1.281680736285586e-9
1.358207255943202e-9
1.2383090135250283e-9
1.3977140011440112e-9
1.5220041207367146e-9
1.6360021827139692e-9
1.7207436725917558e-9
1.8478399722780887e-9
1.6361790847670473e-9
1.8287053664123661e-9
2.001107710658274e-9
2.1293360576315104e-9
2.321749552110464e-9
2.112892274897806e-9
2.372484616415516e-9
2.560515427388144e-9
2.8435300414799293e-9
2.7600223666528357e-9
3.0410337537566785e-9
3.451973574287594e-9
3.4444588297804484e-9
4.005027861324147e-9
5.006058775458506e-9
9.219452054972541e-11
1.457373917181589e-10
1.6630405909450868e-10
1.824774250254186e-10
1.9457561729274218e-10
2.016275711301443e-10
2.0720352186219259e-10
2.123213245927157e-10
2.1613122288594322e-10
2.2186394326474224e-10
2.7261506872700274e-10
3.3484296423299153e-10
3.870013138623543e-10
4.2643096323174237e-10
4.494867905955715e-10
4.677198593546015e-10
4.844442818606034e-10
4.96876365897796e-10
5.155135103712268e-10
4.3190617313028626e-10
5.211835301427554e-10
5.899700293154651e-10
6.305412563700929e-10
6.627215986921284e-10
6.922347911170664e-10
7.14158906723934e-10
7.470334849061674e-10
6.662934146787214e-10
7.876861918575249e-10
8.610112251776508e-10
9.192284963634578e-10
9.72636477736884e-10
1.0123029915594575e-9
1.0717981097916312e-9
9.776225241479892e-10
1.1009584253217158e-9
1.1972846101970736e-9
1.2856203747964681e-9
1.3512841232475523e-9
1.4497604358230734e-9
1.283626241982326e-9
1.4307697188568997e-9
1.5625396214554857e-9
1.6605434336929773e-9
1.807596236072403e-9
1.6452917441405974e-9
1.8411322865861943e-9
1.9827669011263834e-9
2.196004357744047e-9
2.134064371340395e-9
2.3464247074688244e-9
2.6566489259647556e-9
2.6546257032077512e-9
3.0832609465028217e-9
3.8517935622120726e-9
7.272167386525635e-11
1.1613164600890488e-10
1.32796701833028e-10
1.4587038708980933e-10
1.5564204952521653e-10
1.6133819928574492e-10
1.658401187802522e-10
1.6997146229599962e-10
1.7304659210863033e-10
1.7767348759244456e-10
2.1916622127762912e-10
2.6943253728141453e-10
3.113994475082497e-10
3.430973910689748e-10
3.6162758840873e-10
3.762779822024289e-10
3.8971621667890907e-10
3.997059159431292e-10
4.1468076879634114e-10
3.474274975234867e-10
4.18706244685907e-10
4.735501788059353e-10
5.058817094695103e-10
5.315199392016348e-10
5.550334516157301e-10
5.72501540066949e-10
5.986929464726736e-10
5.334875418501856e-10
6.291387863330024e-10
6.868454764071917e-10
7.326528131520056e-10
7.746770031515207e-10
8.05889736605936e-10
8.527030408470761e-10
7.771711825113302e-10
8.72797103808677e-10
9.474678702207409e-10
1.0159572107001383e-9
1.0668683364080082e-9
1.1432170408213998e-9
1.0133863489950203e-9
1.1267632132309521e-9
1.228438847585526e-9
1.3040561593610412e-9
1.4175111626252303e-9
1.2915273335584173e-9
1.441993447548277e-9
1.551003525427245e-9
1.7150591081043178e-9
1.6641870634725277e-9
1.8251695358255599e-9
2.0602019256354043e-9
2.0566497037757935e-9
2.3770033874094763e-9
2.956868140584632e-9
5.659231011928909e-11
9.15638280532184e-11
1.050363890071227e-10
1.1559234433691273e-10
1.2347812134962915e-10
1.2807499261288724e-10
1.3170644777865556e-10
1.350391188623615e-10
1.3751982350050583e-10
1.4125011699150947e-10
1.7516150790160158e-10
2.1593784343906089e-10
2.4989391110434143e-10
2.755241076844908e-10
2.9050377529966494e-10
3.023445824877167e-10
3.132059866787189e-10
3.212805294681166e-10
3.333829853226781e-10
2.790456971432846e-10
3.364481965735938e-10
3.8056314534961805e-10
4.065582739489408e-10
4.271678400002467e-10
4.4606976328328474e-10
4.6011261000104304e-10
4.811663851372678e-10
4.2818064873231967e-10
5.04306369941225e-10
5.501839625708066e-10
5.866014318206914e-10
6.200108811333522e-10
6.448256511596326e-10
6.820413279840858e-10
6.210093727074616e-10
6.962121053467042e-10
7.550194062438083e-10
8.089554545629974e-10
8.4904650025563e-10
9.091679841447167e-10
8.05707457766468e-10
8.93909436424511e-10
9.730573520093918e-10
1.0319163112927003e-9
1.120226295019984e-9
1.0205037802181873e-9
1.1360658352734462e-9
1.2198104544137717e-9
1.345851179651151e-9
1.3058413683239261e-9
1.4290902485596235e-9
1.6093768121305006e-9
1.6054138465492834e-9
1.8509140805618247e-9
2.285694985193295e-9
4.335211891265851e-11
7.122762809190496e-11
8.204584571682063e-11
9.052239660010251e-11
9.685413893934574e-11
1.0054524293401459e-10
1.0346031279070289e-10
1.0613537541749766e-10
1.0812644056631024e-10
1.1111978468808914e-10
1.3867065360498316e-10
1.7173433904882862e-10
1.9924196097844997e-10
2.1999847213271421e-10
2.3212812908825288e-10
2.417149786288645e-10
2.505090058784682e-10
2.570468251088714e-10
2.668450064716223e-10
2.2293092439547434e-10
2.6938463740528263e-10
3.050589886720816e-10
3.260746868728842e-10
3.427346112304367e-10
3.5801431416662373e-10
3.693664320129652e-10
3.8638490872720335e-10
3.43272159929928e-10
4.0439737391161365e-10
4.412089159002238e-10
4.704298609147074e-10
4.97237197218071e-10
5.171484523165491e-10
5.470088968185992e-10
4.97393094516929e-10
5.571450373823658e-10
6.039091607307177e-10
6.468008498548226e-10
6.786815844215848e-10
7.264896322881778e-10
6.432458932725716e-10
7.125523333236088e-10
7.748192932782464e-10
8.211244711125825e-10
8.905959038866962e-10
8.111264955173932e-10
9.012032150408565e-10
9.66591466277876e-10
1.0649720475579828e-9
1.0320313903318134e-9
1.127025337584092e-9
1.2660362961385347e-9
1.2613145325967943e-9
1.4481933953748376e-9
1.7777025803548056e-9
3.263861940634878e-11
5.4542984323809864e-11
6.313605775017292e-11
6.987836370657822e-11
7.491630430182551e-11
7.785334047887188e-11
8.017251320940703e-11
8.230067294057915e-11
8.388472701200801e-11
8.62651021254567e-11
1.0840253779189945e-10
1.350705057847351e-10
1.5727546929287124e-10
1.7403205511968613e-10
1.8382401494255697e-10
1.9156304222538632e-10
1.9866218722263775e-10
2.0394009802832353e-10
2.1184914605989678e-10
1.765099323139551e-10
2.141140591717428e-10
2.4298633057130474e-10
2.599935205809391e-10
2.734756193711239e-10
2.858408916788842e-10
2.950278635630113e-10
3.0879947712161306e-10
2.738590228248855e-10
3.231915541880923e-10
3.528901256902342e-10
3.764669826086598e-10
3.9809664061815473e-10
4.141621060961077e-10
4.3825412958758517e-10
3.978699308100884e-10
4.4574134038597475e-10
4.83243192616131e-10
5.176420431061768e-10
5.432089647317663e-10
5.815479982057016e-10
5.141612277236949e-10
5.692263383217883e-10
6.187648817309326e-10
6.55601167738207e-10
7.108641973399261e-10
6.468019278334968e-10
7.176910090686363e-10
7.692075433517065e-10
8.467054040400667e-10
8.194462996789279e-10
8.933901727918456e-10
1.0017610674336127e-9
9.968951782701782e-10
1.141772358072877e-9
1.3921517876607555e-9
2.4129251276223823e-11
4.104933034415243e-11
4.777809565475934e-11
5.307175349343813e-11
5.703006709769509e-11
5.933790126117408e-11
6.116022139852616e-11
6.283244699209161e-11
6.407711862340673e-11
6.59469034951976e-11
8.346173254642095e-11
1.0475965043595307e-10
1.2253833134852818e-10
1.3596067674188497e-10
1.4380498259694244e-10
1.5000510017423998e-10
1.5569269700465212e-10
1.599211994962276e-10
1.66257100470735e-10
1.3806278389324709e-10
1.6836399621553034e-10
1.9163676161287547e-10
2.053472529173999e-10
2.1621690359088076e-10
2.2618623326168625e-10
2.335930476007003e-10
2.4469558681709647e-10
2.166303225175537e-10
2.5646633383929717e-10
2.804488329105674e-10
2.9949095796129784e-10
3.169606109987805e-10
3.299359867602025e-10
3.493936114674654e-10
3.1666483638591806e-10
3.5520665572132015e-10
3.85426672981038e-10
4.1314776875005095e-10
4.337504426696654e-10
4.646449419320071e-10
4.0998751256725095e-10
4.540705464099112e-10
4.937719866139735e-10
5.23291431257743e-10
5.675762060777034e-10
5.1568496318463e-10
5.719955029863178e-10
6.129692802970244e-10
6.745968368499925e-10
6.520203868214147e-10
7.10253341316011e-10
7.957383593454525e-10
7.908463024715719e-10
9.040741050138984e-10
1.0959766469858758e-9
1.751372471656867e-11
3.0336728105387037e-11
3.5517206357248896e-11
3.9608648993527746e-11
4.267123096391444e-11
4.4457119173552966e-11
4.58674604942339e-11
4.716167420820541e-11
4.8124982861644005e-11
4.957172905459219e-11
6.316864223248045e-11
7.994420692105102e-11
9.40053123900379e-11
1.0462920822599246e-10
1.1083948167398844e-10
1.1574874963934304e-10
1.2025231638058801e-10
1.2360050062703333e-10
1.286170048421903e-10
1.0640136851704563e-10
1.3059466140544217e-10
1.4919167543126635e-10
1.601512246067745e-10
1.6884139376281203e-10
1.7681184472727882e-10
1.8273341573137196e-10
1.9160940438194438e-10
1.6936451692255763e-10
2.0139454951909758e-10
2.2068642510376917e-10
2.3600740211760464e-10
2.5006341362905647e-10
2.6050303450226e-10
2.761580190277676e-10
2.4987977257288473e-10
2.809208034650212e-10
3.0527621454747363e-10
3.276188302928754e-10
3.442234169047139e-10
3.691226200898131e-10
3.2493477654839257e-10
3.603541392728593e-10
3.9227987319444993e-10
4.160164824535351e-10
4.5162532202603804e-10
4.0960600896644574e-10
4.5462588618698364e-10
4.874209291117425e-10
5.367394536383135e-10
5.181056625269948e-10
5.64349806456018e-10
6.323287558001784e-10
6.276974776399322e-10
7.170377372007489e-10
8.658105024798136e-10
1.2487129613066545e-11
2.2011812955286338e-11
2.5926347257111996e-11
2.9033353657886315e-11
3.136215317240708e-11
3.2720536386731704e-11
3.3793492188371165e-11
3.477816571758253e-11
3.551108927072387e-11
3.661163420622149e-11
4.6942268684414886e-11
5.993301284495787e-11
7.088118111305881e-11
7.916178223927882e-11
8.400406690812706e-11
8.783267718659709e-11
9.134499242637132e-11
9.395616484937514e-11
9.786825749361419e-11
8.063336984382691e-11
9.969660908799899e-11
1.1436887166486597e-10
1.230200744041614e-10
1.2988147239481604e-10
1.3617467111738065e-10
1.4084994678605623e-10
1.4785782695411354e-10
1.3052212662311782e-10
1.5604893572079196e-10
1.714368236435095e-10
1.8366027638926863e-10
1.948747170148479e-10
2.0320353839279516e-10
2.1569339138294177e-10
1.9488191600408255e-10
2.1977084636435542e-10
2.393077167668684e-10
2.5723083293148903e-10
2.705504592587563e-10
2.9052395005535194e-10
2.550953987291725e-10
2.8352685417790846e-10
3.091677532452872e-10
3.282308699430141e-10
3.568286369248172e-10
3.2298576340995563e-10
3.5905945301512367e-10
3.8535881144439386e-10
4.2490482614912845e-10
4.096771265513612e-10
4.4658328317110416e-10
5.008990529573094e-10
4.96745137891272e-10
5.677448242416883e-10
6.841455750365157e-10
8.755495064755696e-12
1.568886555602898e-11
1.8589388422670678e-11
2.0905104798548925e-11
2.264351607167871e-11
2.365795771565422e-11
2.4459463331513345e-11
2.5195100190677057e-11
2.5742678394837276e-11
2.656483730751452e-11
3.42355824675418e-11
4.410333679344469e-11
5.247402396742726e-11
5.881326507458605e-11
6.252214791337728e-11
6.545532121053208e-11
6.81462514304485e-11
7.014671025261372e-11
7.314378052633238e-11
6.00086327225301e-11
7.478435236907281e-11
8.617540131569801e-11
9.289659355575069e-11
9.822876256190263e-11
1.0311940479036103e-10
1.0675251274901117e-10
1.1219838527724721e-10
9.895181373019187e-11
1.19036709273095e-10
1.3115831355626337e-10
1.40789547469578e-10
1.4962592343575565e-10
1.5618830438344542e-10
1.6602950034415722e-10
1.498310091752322e-10
1.696101741980942e-10
1.8513853967181617e-10
1.993847892306173e-10
2.099716823274868e-10
2.2584759996332458e-10
1.97799152263082e-10
2.2049479173514623e-10
2.4096679380792736e-10
2.561867188030619e-10
2.7901932612755163e-10
2.520350035276136e-10
2.808724852726738e-10
3.0190604442571255e-10
3.3353240447348377e-10
3.2127620515141443e-10
3.507512627607218e-10
3.941692253728868e-10
3.9062499240261644e-10
4.472249697721334e-10
5.389343978796359e-10
6.046524748150666e-12
1.0996516775383087e-11
1.3103911857434796e-11
1.4797436558462612e-11
1.6070973247742043e-11
1.6814555263565713e-11
1.740225318699038e-11
1.7941731782105437e-11
1.8343324280053675e-11
1.8946294281155756e-11
2.451147545310551e-11
3.185437759891123e-11
3.8128870723713006e-11
4.2887570846498065e-11
4.5673405556557105e-11
4.78771870071623e-11
4.9899013414108266e-11
5.140199408094091e-11
5.365377193062622e-11
4.383280507646224e-11
5.507155780594365e-11
6.375270168583478e-11
6.887916311674306e-11
7.294744512850041e-11
7.667886777061928e-11
7.945065646006617e-11
8.360562364383056e-11
7.369858020567625e-11
8.925032513636765e-11
9.864943046478313e-11
1.0611927915033733e-10
1.1297277915995505e-10
1.1806234312028146e-10
1.2569515996365377e-10
1.1333846327279455e-10
1.2885748606558218e-10
1.4103972342332523e-10
1.5221642430310818e-10
1.60522139371979e-10
1.7297755632021647e-10
1.5113063087466723e-10
1.6907145142683565e-10
1.8525207585209405e-10
1.9728157895468268e-10
2.1532837921094604e-10
1.9411342502524475e-10
2.1701048378360364e-10
2.3371293259766924e-10
2.588271083544137e-10
2.491522332403041e-10
2.726057355927549e-10
3.071719047264279e-10
3.0428907535265006e-10
3.493520667704209e-10
4.218662336123454e-10
4.120183247777912e-12
7.59116562487633e-12
9.093610561145654e-12
1.030936058794487e-11
1.1225303769410896e-11
1.1760454647398437e-11
1.2183580277275842e-11
1.257206027671904e-11
1.2861277691061348e-11
1.329556407476023e-11
1.7244536292268858e-11
2.2595687255973254e-11
2.7203547435489935e-11
3.0703775748816594e-11
3.275423740401506e-11
3.4376765355336424e-11
3.5865358511284004e-11
3.6971898417662335e-11
3.862977804514492e-11
3.1429337413492925e-11
3.9805916334016744e-11
4.629018760126878e-11
5.0122783502754445e-11
5.316526606718709e-11
5.595582667694306e-11
5.8028587849911494e-11
6.113587281642176e-11
5.38893568813041e-11
6.571137232870585e-11
7.286765150179225e-11
7.855623211334491e-11
8.377553687703834e-11
8.765135332292829e-11
9.346418949069294e-11
8.424338239539282e-11
9.622782940954607e-11
1.0563152874616315e-10
1.14259169673433e-10
1.206706447385376e-10
1.3028568055868594e-10
1.1359107153890098e-10
1.2758474046117083e-10
1.4019939424622638e-10
1.4957798210327668e-10
1.6364826067078894e-10
1.472567003071697e-10
1.6524342214758157e-10
1.7836071613357534e-10
1.9808527298654223e-10
1.9062046762200146e-10
2.0913670268066825e-10
2.3643038495091375e-10
2.341970788490341e-10
2.698734557551974e-10
3.271874467646728e-10
2.7753679983698505e-12
5.1702989479857575e-12
6.222733289643626e-12
7.0802907680853504e-12
7.727604933121077e-12
8.106085925889825e-12
8.405465181783671e-12
8.680392004661267e-12
8.885100901159115e-12
9.19254920557371e-12
1.1938681235198956e-11
1.576013625781808e-11
1.907620407607758e-11
2.1599296575358787e-11
2.307835497446881e-11
2.424907795965072e-11
2.532317954998106e-11
2.6121576683379788e-11
2.7317835711666775e-11
2.2139611930871113e-11
2.825422452245323e-11
3.299825070764285e-11
3.580484180261142e-11
3.8033546128857706e-11
4.007770958260127e-11
4.1595970763131925e-11
4.387214805202556e-11
3.868658379631712e-11
4.749607144659866e-11
5.283759929794827e-11
5.70843119906868e-11
6.098076944957517e-11
6.387415261681486e-11
6.821377554084328e-11
6.148911458722431e-11
7.057708211282831e-11
7.770298748774083e-11
8.424083821133209e-11
8.90994374405993e-11
9.63858701771423e-11
8.389422652954623e-11
9.463361212680046e-11
1.0430701274777496e-10
1.1149918942612556e-10
1.2228965429261573e-10
1.098734655715613e-10
1.2380673566554305e-10
1.3396198470698212e-10
1.4923405266708293e-10
1.4361964256337537e-10
1.5807093795800674e-10
1.793680074098337e-10
1.777262620473782e-10
2.0570485096311068e-10
2.5080673076210424e-10
1.851430281846299e-12
3.480850000019994e-12
4.20643412828122e-12
4.801628319346472e-12
5.251748281266353e-12
5.515132900613974e-12
5.723564488898102e-12
5.915021979257381e-12
6.057608515039843e-12
6.27181889622957e-12
8.148398714985219e-12
1.0826592418086195e-11
1.3167667909146313e-11
1.495181292965955e-11
1.5998386053815813e-11
1.6827015191833405e-11
1.7587269544155377e-11
1.815235981390939e-11
1.899909746514136e-11
1.5342786068424407e-11
1.9716167743015665e-11
2.3116934390481605e-11
2.5130632428011516e-11
2.6730169523222354e-11
2.819726441978612e-11
2.928685916303714e-11
3.092048828531351e-11
2.7285061969441915e-11
3.371625142735927e-11
3.762207506722041e-11
4.072766008776786e-11
4.357716231205553e-11
4.569306078104617e-11
4.886672275349823e-11
4.4073020692101076e-11
5.0830212212817493e-11
5.61233192721722e-11
6.097957528093628e-11
6.458864844176e-11
7.000128150904987e-11
6.085891949766507e-11
6.895163047399389e-11
7.623321070539337e-11
8.164741649771737e-11
8.977066893345404e-11
8.056540599020706e-11
9.118212290474578e-11
9.891315397385704e-11
1.1054120088741695e-10
1.0643328687263629e-10
1.1755041033293887e-10
1.3392437021013807e-10
1.3278651595714446e-10
1.544502636264951e-10
1.8965710882807209e-10
1.2251854870685491e-12
2.3206136997459524e-12
2.8139293273850726e-12
3.2210829213543973e-12
3.5295445903499593e-12
3.71017447827878e-12
3.85318361117055e-12
3.98458598662193e-12
4.0824720473963715e-12
4.229585884234141e-12
5.493428230702188e-12
7.339073657206125e-12
8.963149249189991e-12
1.02027601418919e-11
1.0930350996733845e-11
1.1506570836920651e-11
1.2035253821343284e-11
1.242820941904252e-11
1.3017055993928248e-11
1.0478555831730045e-11
1.3547340964653688e-11
1.593875595114521e-11
1.735592901341752e-11
1.8481915205494073e-11
1.9514674182398022e-11
2.0281657418031846e-11
2.1431670087312444e-11
1.8929103639259745e-11
2.3529897047186832e-11
2.6328274607049337e-11
2.8553377890921308e-11
3.0595039514128845e-11
3.211105713278781e-11
3.438504116908263e-11
3.1040625330240436e-11
3.5963670188895007e-11
3.9815247043547984e-11
4.334885729360613e-11
4.5975118825627987e-11
4.9913861416649735e-11
4.336984463483626e-11
4.935014946275732e-11
5.472387011442718e-11
5.871981792787972e-11
6.471539216147176e-11
5.804081546325375e-11
6.598396030359021e-11
7.176125818841405e-11
8.045230824954785e-11
7.753243852010131e-11
8.594329358014506e-11
9.83199416974694e-11
9.758524545200661e-11
1.141044631965791e-10
1.4128144639029873e-10
8.054635995301059e-13
1.5345943381132047e-12
1.8660121543628233e-12
2.141024350295993e-12
2.349711126514705e-12
2.4720000905284363e-12
2.5688641575145707e-12
2.6578966441840878e-12
2.7242408491638696e-12
2.823999587547605e-12
3.665219651515783e-12
4.918692312790594e-12
6.0280868777356485e-12
6.876023321654499e-12
7.373981659196633e-12
7.768430234535853e-12
8.13034571812454e-12
8.399343755190292e-12
8.802466329605279e-12
7.066437685569664e-12
9.183032747037606e-12
1.0835618849118136e-11
1.181563850404506e-11
1.2594458334011681e-11
1.3308800269866483e-11
1.3839291107855043e-11
1.4634756653437436e-11
1.2938651025994964e-11
1.6167600776563878e-11
1.813413362315221e-11
1.969774526708843e-11
2.1132471585120938e-11
2.219781269379305e-11
2.379584839330848e-11
2.1506978264207406e-11
2.5022304977457277e-11
2.7768551787524028e-11
3.028797445386559e-11
3.216060088693336e-11
3.496910859867241e-11
3.038362956756284e-11
3.47154190802991e-11
3.8601791614378546e-11
4.149200839683265e-11
4.582869134659059e-11
4.109477017374408e-11
4.6924100374104516e-11
5.115784809589973e-11
5.752822132518435e-11
5.5513146203981974e-11
6.17619082000486e-11
7.094570170866657e-11
7.051355013852949e-11
8.289519292361343e-11
1.03588601601577e-10