5.003444240325798e-10
9.008159315284225e-10
1.0961201062412868e-9
1.2226629400676481e-9
1.2954132931669174e-9
1.3528391560752718e-9
1.4114058774934203e-9
1.9534640264749305e-9
2.613144227845635e-9
3.0533816075296756e-9
3.3086593401415794e-9
3.510231965364336e-9
3.7157070093427027e-9
3.860777266023571e-9
4.805333018127724e-9
5.366930504086786e-9
5.810850167551154e-9
6.2633024424476425e-9
6.3830432828570116e-9
7.407751785515469e-9
8.20917093504961e-9
9.026675646744388e-9
8.987917659857202e-9
1.026699801235765e-8
1.1555483753792614e-8
1.2173781737013401e-8
1.4106950446769139e-8
1.7219027671894217e-8
4.323514483852621e-10
7.961672730098759e-10
9.787362749422185e-10
1.097469799469759e-9
1.1658223595531177e-9
1.2197909521655136e-9
1.274842004540613e-9
1.7841173924803736e-9
2.425062218046871e-9
2.854778582002062e-9
3.1042741412129805e-9
3.3013098056756956e-9
3.50216449282885e-9
3.6702673237509477e-9
4.624059145458786e-9
5.1923520493173196e-9
5.641610307579024e-9
6.0995058223963035e-9
6.250099536837436e-9
7.313216623346317e-9
8.144021306158141e-9
8.991554792765883e-9
8.980787365914347e-9
1.0332464996229035e-8
1.1693021313341693e-8
1.2376795296590004e-8
1.444869544544531e-8
1.7837169005645564e-8
3.668550633498777e-10
6.879159507221145e-10
8.535360370430223e-10
9.617155891994687e-10
1.0240828084717246e-9
1.073337139044903e-9
1.123591177249482e-9
1.5854957217817254e-9
2.1887003879321365e-9
2.5952625803950705e-9
2.831638277146445e-9
3.0183366847731384e-9
3.2086584989566753e-9
3.3953045526377713e-9
4.332036268934275e-9
4.891455871071365e-9
5.333735652214509e-9
5.784522449325303e-9
5.9662699215506054e-9
7.042933247592126e-9
7.883482989958835e-9
8.741026251388386e-9
8.765320962493137e-9
1.0163681669422662e-8
1.1569887277065866e-8
1.2314398077232484e-8
1.4493142426155891e-8
1.8123087154545755e-8
3.061868808850288e-10
5.825384188611979e-10
7.285332074642014e-10
8.243469205814304e-10
8.796602563370917e-10
9.23356647351697e-10
9.679529188249833e-10
1.3726202821139634e-9
1.921129328171162e-9
2.292972981654477e-9
2.509453586666853e-9
2.6804629119037032e-9
2.8547932260435376e-9
3.052041351803087e-9
3.9433537856688084e-9
4.476930336215444e-9
4.898809151734285e-9
5.328802816722557e-9
5.538513603494695e-9
6.598574052623135e-9
7.425123028878353e-9
8.268458870118205e-9
8.333024019634717e-9
9.743863488097446e-9
1.116095499891399e-8
1.1956255190950063e-8
1.4196218601973347e-8
1.8009637215796497e-8
2.5255286079360426e-10
4.861813136618845e-10
6.117977767837843e-10
6.94609289774641e-10
7.424677781240435e-10
7.802893824679643e-10
8.189080312115936e-10
1.1636950264984068e-9
1.6460909644943607e-9
1.9749421661945653e-9
2.166609050274086e-9
2.318040210265528e-9
2.4724192621677828e-9
2.6689680192914263e-9
3.4881619571259785e-9
3.9797019148436965e-9
4.368360586661851e-9
4.764503566851981e-9
4.994593679901027e-9
6.005285405337584e-9
6.792101698389367e-9
7.594995282623435e-9
7.701257344728552e-9
9.083873286988444e-9
1.0470632648498835e-8
1.1300563731582009e-8
1.3543303855529043e-8
1.745811252000998e-8
2.052710720500209e-10
4.003383458895095e-10
5.064729965704602e-10
5.766774015859509e-10
6.172820961695546e-10
6.493863923737457e-10
6.821855362809877e-10
9.711503790629908e-10
1.3839179789449094e-9
1.6665090184424181e-9
1.8313434597967986e-9
1.9615958751655435e-9
2.094388797725098e-9
2.2781623917017264e-9
3.0048070049213135e-9
3.4416208134337943e-9
3.787003892681028e-9
4.1390465112911665e-9
4.377029557227604e-9
5.307057432662431e-9
6.029670180670139e-9
6.767153983665807e-9
6.9111132478976025e-9
8.222094344466258e-9
9.534726287832755e-9
1.0376633890963479e-8
1.255455759906907e-8
1.646649393700557e-8
1.641258452975527e-10
3.2507906886069397e-10
4.135825848058616e-10
4.722321509279839e-10
5.061807563656585e-10
5.330370917607996e-10
5.604896504550208e-10
8.01403903465256e-10
1.1485153213841363e-9
1.386679491688719e-9
1.5256665075541464e-9
1.635506712885544e-9
1.7474906134504497e-9
1.909733786686024e-9
2.53480215587557e-9
2.9109140492547767e-9
3.2082707683814045e-9
3.5113686070513363e-9
3.740858850210341e-9
4.5656717260391954e-9
5.2050426179748536e-9
5.8576758508472425e-9
6.028310929499346e-9
7.227191214962149e-9
8.425091276164922e-9
9.251059480664182e-9
1.1294513021363213e-8
1.5084126727176027e-8
1.291758006452524e-10
2.596729104672656e-10
3.3252443049357727e-10
3.8085956843240786e-10
4.088608251333458e-10
4.3101831003871365e-10
4.5368194614630447e-10
6.534928376560836e-10
9.432791846639792e-10
1.1422117395981309e-9
1.2583323413610018e-9
1.3500976166007892e-9
1.4436588680954444e-9
1.581542252974914e-9
2.108039227557073e-9
2.4248527411593885e-9
2.6752744638347738e-9
2.930545505618851e-9
3.1377550939513967e-9
3.846511026986299e-9
4.394596989057905e-9
4.954144713730835e-9
5.132395953706031e-9
6.189195121164521e-9
7.242656377587765e-9
8.02084615830748e-9
9.867840700645646e-9
1.3413722246530034e-8
1.0063656600549438e-10
2.0403445325836803e-10
2.629699430038518e-10
3.021583739199396e-10
3.248760241939308e-10
3.428584036725481e-10
3.6126894961925617e-10
5.233669527187788e-10
7.635674236472405e-10
9.286769044218067e-10
1.0250826525468833e-9
1.101271114503829e-9
1.1789634743449121e-9
1.296337795032216e-9
1.7359891632733136e-9
2.000385411420218e-9
2.2093440137987633e-9
2.4223688777446703e-9
2.599632519674157e-9
3.1955553704944033e-9
3.655501592520476e-9
4.125134218368531e-9
4.2930012901042096e-9
5.19680052606117e-9
6.095771290859839e-9
6.796549746828792e-9
8.406697574374312e-9
1.1601737630330411e-8
7.816179751559441e-11
1.585385858807702e-10
2.0521314888801152e-10
2.3637407991718305e-10
2.54455815715089e-10
2.6877759494253676e-10
2.8344797357115635e-10
4.100381651844067e-10
6.049054286469825e-10
7.394655696893661e-10
8.181106209862834e-10
8.802792449704079e-10
9.436728205430803e-10
1.0462752087862235e-9
1.4120793884160518e-9
1.63217639926696e-9
1.8061366949754073e-9
1.98347729107124e-9
2.132997575934057e-9
2.630246270093138e-9
3.013691731607227e-9
3.4052183134363098e-9
3.5498471174407608e-9
4.307856537099105e-9
5.060550577818949e-9
5.666588764428409e-9
7.031933776350219e-9
9.811792009855634e-9
6.078075492802518e-11
1.2283265683098162e-10
1.591408239339569e-10
1.8349171135373184e-10
1.976392082334382e-10
2.0884772346488925e-10
2.2033561061421298e-10
3.166778267239593e-10
4.693290326594636e-10
5.75412290800039e-10
6.375006318538023e-10
6.86585581352469e-10
7.366385277579086e-10
8.253003416112611e-10
1.1247799521357852e-9
1.3054443552814218e-9
1.4482533514550652e-9
1.5938328309660382e-9
1.7240969379561162e-9
2.13844073465158e-9
2.457967756378993e-9
2.784218909990816e-9
2.9058722779739318e-9
3.538198837209053e-9
4.1657015428115605e-9
4.674690963462538e-9
5.814922607746587e-9
8.169270954319269e-9
4.744827134345283e-11
9.53776857330442e-11
1.2337604067017895e-10
1.4218906470213379e-10
1.5312388083836557e-10
1.6178912358012757e-10
1.7067470179739116e-10
2.4464318048941056e-10
3.616040692999052e-10
4.4307521023603883e-10
4.907710683965211e-10
5.284789644545156e-10
5.669305877229338e-10
6.375937428597583e-10
8.738991901873231e-10
1.0168243561410837e-9
1.129801407501813e-9
1.2449716605111588e-9
1.3606207617841203e-9
1.700464678890885e-9
1.9624203673746682e-9
2.229905093271664e-9
2.3391421011943596e-9
2.8653715315537794e-9
3.3876104252545146e-9
3.8136607602209775e-9
4.764417835090472e-9
6.731929460201096e-9
3.725976165229033e-11
7.427147030744524e-11
9.58280471809059e-11
1.102899196572602e-10
1.1869429742660343e-10
1.2535706378067583e-10
1.3219269773765455e-10
1.8954558709826838e-10
2.7967567461033985e-10
3.422996732873982e-10
3.78937123881269e-10
4.0790250257703273e-10
4.3744279466475185e-10
4.902984694310976e-10
6.706804075734551e-10
7.796330516177548e-10
8.657301298296956e-10
9.535113493281231e-10
1.049126515196465e-9
1.3165515433534477e-9
1.5221317927413875e-9
1.7321076523454663e-9
1.8357027975639047e-9
2.26466691287381e-9
2.6900059442792e-9
3.051601445357069e-9
3.840688722944242e-9
5.482612411028271e-9
2.953414898378652e-11
5.822362073361094e-11
7.486935867139443e-11
8.603360710599312e-11
9.252263086272777e-11
9.766961434090376e-11
1.0295377114858186e-10
1.4676180713450562e-10
2.162071460217519e-10
2.644980505773675e-10
2.927558802137645e-10
3.1509814892138937e-10
3.3788291054634474e-10
3.789167234880474e-10
5.1718128601558e-10
6.004428748651825e-10
6.66219030766018e-10
7.332790363637308e-10
8.043910474932896e-10
1.0070729127927953e-9
1.162271539019444e-9
1.3208148404299436e-9
1.4096058210183888e-9
1.7438968372325932e-9
2.074294146322991e-9
2.3777828235634736e-9
3.0133641640466986e-9
4.373285603093601e-9
2.3620888140637914e-11
4.605656583782929e-11
5.893298628151313e-11
6.757289687655436e-11
7.259410120841685e-11
7.657741813135196e-11
8.067092293328268e-11
1.1446450473996711e-10
1.6748996324455253e-10
2.0439684920341012e-10
2.2599564334372598e-10
2.430722133695591e-10
2.60490035468761e-10
2.921313743772578e-10
3.9893330473106495e-10
4.6338878759190733e-10
5.143075689153076e-10
5.662242808502569e-10
6.204618018650218e-10
7.756755252524402e-10
8.94476858555109e-10
1.0158380452904907e-9
1.0797892266499135e-9
1.3322525136182204e-9
1.5809511345868688e-9
1.8187864200646047e-9
2.30551587350278e-9
3.3938095136356168e-9
1.904218442217892e-11
3.6781269720985456e-11
4.682692490504236e-11
5.354666946177811e-11
5.7448360328147495e-11
6.054224718725917e-11
6.372197173122069e-11
9.016915616109315e-11
1.310486919637161e-10
1.5941325684945774e-10
1.7600109095198527e-10
1.8911547723203407e-10
2.0249095101431217e-10
2.2587728484520163e-10
3.0683556702664533e-10
3.5569563595128833e-10
3.942987436194131e-10
4.336576799476917e-10
4.765100034513032e-10
5.964498115438284e-10
6.884314074685572e-10
7.823843331337187e-10
8.3109278639007e-10
1.0250092526124452e-9
1.2162046001380077e-9
1.3926809991477925e-9
1.7588106239855044e-9
2.5880312307186786e-9
1.5427028015029082e-11
2.961011992350037e-11
3.75352225514344e-11
4.282721256229441e-11
4.5898808575698786e-11
4.833413344597163e-11
5.0835018255687404e-11
7.173432780007696e-11
1.0350160159175188e-10
1.255088472416875e-10
1.3837366270041517e-10
1.485438106848891e-10
1.5891624376601623e-10
1.765610233661393e-10
2.385584774291049e-10
2.75870254054206e-10
3.053432344687021e-10
3.353930022592821e-10
3.6654620586402886e-10
4.5659722391406457e-10
5.255157769528466e-10
5.959227332438279e-10
6.355636791426268e-10
7.842878723542929e-10
9.310666797682849e-10
1.0681907438511383e-9
1.351200660467456e-9
1.9780664159041248e-9
1.2511170060486549e-11
2.3961090641194638e-11
3.0279631585209046e-11
3.4486643011343234e-11
3.692607860770056e-11
3.886002512116826e-11
4.084608078617988e-11
5.7602371292604297e-11
8.2586983677648e-11
9.984198646019378e-11
1.0992224824467454e-10
1.178905442368148e-10
1.2601751811440693e-10
1.3921207782530372e-10
1.8698891894247612e-10
2.1576599360223073e-10
2.38497354323462e-10
2.6167421884624374e-10
2.8514980840011035e-10
3.5401806387421416e-10
4.067507398636627e-10
4.606169145319075e-10
4.881736342149674e-10
5.99313711837281e-10
7.087492537541513e-10
8.133795507721002e-10
1.0275064409783166e-9
1.5110405959639262e-9
1.0112393165935078e-11
1.9413098557860508e-11
2.4498671427995664e-11
2.7877301277569267e-11
2.983526001865682e-11
3.138653738339868e-11
3.2979034365725096e-11
4.655473053092092e-11
6.644553672345893e-11
8.014597033073112e-11
8.814530850376424e-11
9.446799524470537e-11
1.0091642711678163e-10
1.1092747264649375e-10
1.4817750553063838e-10
1.7057527959495818e-10
1.8826834784550496e-10
2.0630804919836552e-10
2.2356282476303847e-10
2.762110758105308e-10
3.1657703216933597e-10
3.5781022934253267e-10
3.786468886698035e-10
4.635464584031757e-10
5.472923978060157e-10
6.24191453072346e-10
7.837910072124441e-10
1.1444889151308032e-9
8.11083049709788e-12
1.5677886421651158e-11
1.979612125468257e-11
2.252693742387745e-11
2.4108458899882466e-11
2.5361233987661604e-11
2.664620168749896e-11
3.7721730528679425e-11
5.3729230188486525e-11
6.47277949499167e-11
7.114640105439587e-11
7.62193470032479e-11
8.13928607301763e-11
8.909837216288994e-11
1.1848230530026276e-10
1.3614008983347083e-10
1.50090103141331e-10
1.6431270342254522e-10
1.7720541645879918e-10
2.1807417672696402e-10
2.49445082941297e-10
2.8148471522980097e-10
2.962047119292411e-10
3.6076493928734434e-10
4.244665578962416e-10
4.824911290633257e-10
6.042257522967008e-10
8.747400649280018e-10
6.430220096511342e-12
1.2565464289379443e-11
1.5905716714896805e-11
1.811814405376241e-11
1.9399009941230943e-11
2.0413223672107855e-11
2.1453048266830658e-11
3.0502402970792546e-11
4.347817637181227e-11
5.2378154074070985e-11
5.757050461415508e-11
6.16740028790575e-11
6.585872868796761e-11
7.190361180277926e-11
9.536535472009005e-11
1.094584195664383e-10
1.2059286356949258e-10
1.3194463994575613e-10
1.416652875083199e-10
1.7370647121880881e-10
1.9833333750384748e-10
2.2348417384079834e-10
2.340927766627725e-10
2.840082225209472e-10
3.333550405388594e-10
3.7668282855070763e-10
4.690186780664787e-10
6.720283474487619e-10
5.022449774875839e-12
9.95523737571295e-12
1.2655569956139359e-11
1.4443671139788717e-11
1.5478776564474728e-11
1.6298190349319552e-11
1.7137834103062803e-11
2.4501218047052914e-11
3.504539423835041e-11
4.227161138211084e-11
4.648710241809596e-11
4.981847957150065e-11
5.3215673120706145e-11
5.8052119150925136e-11
7.695396967471661e-11
8.830574185375659e-11
9.727545507004951e-11
1.0641994918732703e-10
1.138763244192096e-10
1.3931711704013628e-10
1.5890554112419859e-10
1.7890840756278484e-10
1.865849236202916e-10
2.2557995717966534e-10
2.6417919195490657e-10
2.9681613683136155e-10
3.6795211275382457e-10
5.216746509708857e-10
3.855268075717173e-12
7.770967257117222e-12
9.936400269996122e-12
1.1371182957529295e-11
1.220190125001832e-11
1.2859420370613534e-11
1.3532884461644243e-11
1.946760658086131e-11
2.801160296056762e-11
3.3868015984384375e-11
3.728487866594943e-11
3.998511359525533e-11
4.2738611919792153e-11
4.667278343311251e-11
6.197160059902e-11
7.116102390395994e-11
7.84230176526358e-11
8.582629410488268e-11
9.166730593678506e-11
1.120652982309369e-10
1.2779501478441495e-10
1.438559165528654e-10
1.4949377332528016e-10
1.803209489339287e-10
2.108858828885929e-10
2.357992042935789e-10
2.913095323078034e-10
4.0849060426668196e-10
2.9036230148672086e-12
5.961631271629868e-12
7.676869596213843e-12
8.815025227680424e-12
9.4742884331135e-12
9.996071211177407e-12
1.0530354409623512e-11
1.5245916385871536e-11
2.2114065520958944e-11
2.682714220340835e-11
2.957788960324532e-11
3.1751767763084797e-11
3.396848198989462e-11
3.720303646372829e-11
4.957983602969256e-11
5.701787156770011e-11
6.289648970068853e-11
6.888933282239869e-11
7.355981785140957e-11
9.000517072539778e-11
1.0270231897843273e-10
1.1566584927160404e-10
1.1991664768994703e-10
1.4452336935561188e-10
1.689586751976986e-10
1.8823181255000618e-10
2.3202363534559244e-10
3.2249643162030133e-10
2.1441442029964757e-12
4.487571806422009e-12
5.824981868104548e-12
6.714423649744357e-12
7.229968206410164e-12
7.638022473418777e-12
8.055791001724464e-12
1.1735505012676489e-11
1.718756489547675e-11
2.0936471952740635e-11
2.3125644615222855e-11
2.4855804557235473e-11
2.6620035498944474e-11
2.928799097955233e-11
3.924444611540913e-11
4.523270154818525e-11
4.996596776760832e-11
5.479111585666909e-11
5.858775986702153e-11
7.185394904565158e-11
8.210487779585568e-11
9.25704083530207e-11
9.588076155057091e-11
1.1563172951900729e-10
1.3526896869374026e-10
1.5037986916181193e-10
1.8524116545526787e-10
2.558988521694378e-10
1.552551080210063e-12
3.3119255423701626e-12
4.335842958354978e-12
5.018799751597235e-12
5.415003797032989e-12
5.728646525796081e-12
6.04975598856525e-12
8.861767788230608e-12
1.311957162244982e-11
1.605547101508591e-11
1.777103952922911e-11
1.91269958932382e-11
2.0509648577155003e-11
2.2700459481256052e-11
3.062687575869384e-11
3.5399052485431677e-11
3.917140410451792e-11
4.3016939226820415e-11
4.6133799144864725e-11
5.6786637921987436e-11
6.502125947999856e-11
7.342815465639675e-11
7.609109933646095e-11
9.195610991686016e-11
1.077426279267535e-10
1.1972272382434489e-10
1.47614077345523e-10
2.0331605806275735e-10