6.8385085011464075e-9
1.113593899314665e-8
1.288017492322928e-8
1.3528858150057119e-8
1.3932627463717557e-8
2.282830729442014e-8
2.942882814903569e-8
3.198339369067091e-8
3.357379793782857e-8
4.19672525531724e-8
4.760141411908842e-8
5.109939025053288e-8
5.58637396209135e-8
6.109650768760817e-8
6.842835741551332e-8
5.826486767041181e-9
9.719361479202254e-9
1.1329789650825726e-8
1.1929306870670724e-8
1.2302377557672582e-8
2.0843758173424712e-8
2.7363170845792755e-8
2.989620782827788e-8
3.1473179477366045e-8
4.017081179951972e-8
4.6005697303096196e-8
4.962724630854251e-8
5.472878250675413e-8
6.025904744723878e-8
6.814128301916517e-8
4.8937998515520925e-9
8.330127935437433e-9
9.777588487823826e-9
1.0316917919998303e-8
1.0652553258698258e-8
1.8626739458956198e-8
2.4901535571656863e-8
2.735008759615667e-8
2.8874604727977426e-8
3.769205883997131e-8
4.3611666980507234e-8
4.7284669998787145e-8
5.265675852056771e-8
5.8398493400019237e-8
6.674384604440077e-8
4.041128145036322e-9
7.0021992128571845e-9
8.269345041369814e-9
8.741852288789106e-9
9.035973494246504e-9
1.6263988399114472e-8
2.2132519827916263e-8
2.4433259112965417e-8
2.5865958833118546e-8
3.4579651013879e-8
4.0444273703660034e-8
4.408179363886247e-8
4.96280956267959e-8
5.5466262142494585e-8
6.414500965069463e-8
3.30515178195244e-9
5.808574601305118e-9
6.892937586518866e-9
7.297644156210556e-9
7.549538219677513e-9
1.3916788897678551e-8
1.9241751648751525e-8
2.1339505645324292e-8
2.2645891133799655e-8
3.1009837653545054e-8
3.6665881184466475e-8
4.0172186607421544e-8
4.576794398042176e-8
5.156330617816433e-8
6.040315179026335e-8
2.66587823792516e-9
4.750929771129181e-9
5.662075264215917e-9
6.002331663608215e-9
6.2141423196985256e-9
1.1683921613200481e-8
1.6372774494762954e-8
1.822815956503078e-8
1.9383718513902724e-8
2.7157185607085476e-8
3.245154158852153e-8
3.573146697434967e-8
4.1227901041212416e-8
4.682555771011354e-8
5.561725759268844e-8
2.1248426600261564e-9
3.839989791804105e-9
4.595349082282596e-9
4.8775908891801295e-9
5.053245802026715e-9
9.663138033699832e-9
1.3683721034560613e-8
1.5280123882436292e-8
1.6274372841645398e-8
2.325919282347394e-8
2.805996235796525e-8
3.103155115958756e-8
3.626800748320025e-8
4.151239669567783e-8
5.0022966840402505e-8
1.6762175300580521e-9
3.0675667959402677e-9
3.686409662749384e-9
3.917708734584311e-9
4.0617040450461785e-9
7.89667524232835e-9
1.127699788574874e-8
1.2621558841248766e-8
1.345903363679125e-8
1.9537708321604946e-8
2.375567414665202e-8
2.6363982590370938e-8
3.1186691994446377e-8
3.594233015780339e-8
4.393754646727593e-8
1.3126622288443423e-9
2.421557862039715e-9
2.920986740968265e-9
3.107773777412697e-9
3.224062569774626e-9
6.379498202699902e-9
9.187900893375801e-9
1.0305596151790452e-8
1.100178462011784e-8
1.615954474120711e-8
1.9764447002601256e-8
2.1991280794658893e-8
2.6279422510941085e-8
3.045334951894157e-8
3.7727761498448455e-8
1.025251754114612e-9
1.893112591508022e-9
2.288315743311383e-9
2.4362561436784534e-9
2.5283838224484848e-9
5.0849138669317415e-9
7.397789700549786e-9
8.319225059687295e-9
8.893218735450505e-9
1.3206383705367386e-8
1.622782844847421e-8
1.809249830213254e-8
2.178366587859425e-8
2.5343407512320488e-8
3.1753881792773545e-8
8.023811752550246e-10
1.4742348313506689e-9
1.7815015141484098e-9
1.8966124204948783e-9
1.9683050210958124e-9
3.993911897462678e-9
5.870564796100148e-9
6.620799803385617e-9
7.088175154878615e-9
1.0673556984823032e-8
1.3180975197737563e-8
1.4727450897057176e-8
1.783140662965986e-8
2.0807569996458584e-8
2.6298984900226773e-8
6.309284416515565e-10
1.1506299677241782e-9
1.387927636945642e-9
1.4768363366550277e-9
1.532222154567156e-9
3.1031301109504873e-9
4.587216973717486e-9
5.1835544717366394e-9
5.55509411556794e-9
8.506704507515417e-9
1.0573742563920612e-8
1.184831042286329e-8
1.4433520292163964e-8
1.689969818310579e-8
2.1508944012733307e-8
4.985798060094048e-10
9.013519332446684e-10
1.084754422638137e-9
1.1534666140342801e-9
1.1962733195921509e-9
2.404866927474193e-9
3.5489464042781383e-9
4.009612438697804e-9
4.2966263433237214e-9
6.663822221723466e-9
8.340195825963596e-9
9.373622267481851e-9
1.152429086898513e-8
1.3558702942260272e-8
1.738650064730475e-8
3.9657909560599907e-10
7.094658112411748e-10
8.514161834302032e-10
9.045998614221875e-10
9.37742468415879e-10
1.869029597478867e-9
2.7451104891772863e-9
3.0967183472936908e-9
3.315808804001003e-9
5.147945610667468e-9
6.464335337392126e-9
7.27519004860036e-9
9.041370040414111e-9
1.0693506320761919e-8
1.3850966175293366e-8
3.17377814303474e-10
5.622130812392205e-10
6.724974821540897e-10
7.138172167846879e-10
7.395706264613975e-10
1.4567421136757534e-9
2.1318027019733217e-9
2.4026405481205514e-9
2.5713981237015505e-9
3.966437036972393e-9
4.970123514928254e-9
5.5873646342680565e-9
6.980596259679117e-9
8.274070308156819e-9
1.0836348405630541e-8
2.550495070407535e-10
4.484610570886378e-10
5.348059507240319e-10
5.671369333065154e-10
5.872911785631035e-10
1.1405158535505829e-9
1.6583522671584985e-9
1.866539352652627e-9
1.996260275093287e-9
3.0681310220281925e-9
3.834226319551529e-9
4.3047919245862415e-9
5.360032012762387e-9
6.336761781532484e-9
8.347724282174226e-9
2.0525434614400912e-10
3.59543042217544e-10
4.2786149099523634e-10
4.534319174132182e-10
4.693709733245114e-10
8.998179205528309e-10
1.296828502203612e-9
1.4558165255573667e-9
1.5548837922127646e-9
2.3725974865636755e-9
2.9614251523526707e-9
3.3233854035019343e-9
4.128836958531912e-9
4.87076604227827e-9
6.399467225841396e-9
1.6485467446962251e-10
2.889502547270851e-10
3.4349563500316303e-10
3.6390062920993485e-10
3.766186654843604e-10
7.14896992242517e-10
1.0230198898560062e-9
1.1462896898673209e-9
1.223094815753999e-9
1.8415793652532667e-9
2.2868534949189423e-9
2.560636050374007e-9
3.178451220510794e-9
3.7501979304875215e-9
4.912846064674128e-9
1.3167648878286857e-10
2.3201959597158944e-10
2.7591388545093464e-10
2.923264462002285e-10
3.025560981211945e-10
5.711859857827471e-10
8.120793734618795e-10
9.081839040910682e-10
9.680607175062264e-10
1.44151329985143e-9
1.7805925168037973e-9
1.9888101970395015e-9
2.4498412334985383e-9
2.877052764559388e-9
3.762875273318518e-9
1.0423920747553884e-10
1.8547545611897993e-10
2.2094858992250943e-10
2.342073430336867e-10
2.42469700114515e-10
4.577519530911015e-10
6.483606598310902e-10
7.242649562861044e-10
7.715531841411293e-10
1.1355648674641684e-9
1.3956690099836464e-9
1.5556839986634893e-9
1.9041384927852045e-9
2.22791948729371e-9
2.889501856749447e-9
8.153739697904278e-11
1.470886447317094e-10
1.7575784877142925e-10
1.8647105489512384e-10
1.931463152437504e-10
3.6673161796041163e-10
5.189360965912725e-10
5.79427594994468e-10
6.171117421974784e-10
9.004265945671012e-10
1.101696566966233e-9
1.2254792277049854e-9
1.4881612473899115e-9
1.7345023027439449e-9
2.2327931636730377e-9
6.286401579677824e-11
1.1535129307718007e-10
1.384180069107235e-10
1.4703726411341454e-10
1.5240681610461171e-10
2.926346321391886e-10
4.149844222550944e-10
4.6355322203473055e-10
4.938081599989981e-10
7.167813126217462e-10
8.741830241868133e-10
9.71082893628984e-10
1.1713772253187938e-9
1.3608163871936933e-9
1.735279692037329e-9
4.768223141023318e-11
8.921983885875168e-11
1.0761601395791275e-10
1.1449100280728877e-10
1.1877332738541776e-10
2.3173757583714547e-10
3.303377309809715e-10
3.694632280646474e-10
3.938345940912374e-10
5.710761646810317e-10
6.954593902600865e-10
7.721055725663378e-10
9.261701915320445e-10
1.072967660373198e-9
1.3569044765959047e-9
3.5538343849606527e-11
6.792128127906924e-11
8.240897644670366e-11
8.782505732619587e-11
9.119819067986155e-11
1.8153048347332458e-10
2.608215972525361e-10
2.922981520832062e-10
3.119044645388377e-10
4.5376538711230195e-10
5.527953705533816e-10
6.138656253210313e-10
7.336975190925215e-10
8.488590709429225e-10
1.0661915180442726e-9
2.6013199324230448e-11
5.082153563218019e-11
6.20538838042338e-11
6.625506121807134e-11
6.887128081609323e-11
1.4028103195558772e-10
2.0361653358631363e-10
2.287890720703407e-10
2.4446862784462673e-10
3.5830434394172644e-10
4.3745230525792996e-10
4.862944893332229e-10
5.804540307074109e-10
6.715455988705688e-10
8.39348578808595e-10
1.870265586878557e-11
3.734823554002651e-11
4.5902088078353774e-11
4.9103491240654566e-11
5.1096990917182165e-11
1.0671436082004144e-10
1.5675825419368896e-10
1.766854217006953e-10
1.8909793289464737e-10
2.802487314026634e-10
3.4347303768769513e-10
3.825093202888119e-10
4.570398889057232e-10
5.29440779290774e-10
6.601179592394671e-10
1.3217496873739998e-11
2.695573181266783e-11
3.3345302696704033e-11
3.5738505248004994e-11
3.722871389719313e-11
7.979741075502862e-11
1.1877709861603125e-10
1.3433654690143337e-10
1.4402878536616164e-10
2.165252378284065e-10
2.667797205974659e-10
2.9781861362735555e-10
3.570161587651822e-10
4.146035936723636e-10
5.170090544721608e-10
9.193244018951696e-12
1.911772752198571e-11
2.3796884612960585e-11
2.5550929662484495e-11
2.6643174529352677e-11
5.860711091698924e-11
8.845741102532631e-11
1.0040691759295052e-10
1.0785085369381447e-10
1.6488941603537498e-10
2.0447661337345667e-10
2.2893037882164344e-10
2.759071523628494e-10
3.215493085244002e-10
4.0202721278068347e-10
6.3029825313317595e-12
1.3338169247271335e-11
1.6698387967149864e-11
1.7959128551392104e-11
1.8744249293051756e-11
4.22709998963142e-11
6.470381067809574e-11
7.371221387530381e-11
7.93243515624653e-11
1.2356710562559886e-10
1.5436478814934851e-10
1.733878703924541e-10
2.1047485114210677e-10
2.4637789773232704e-10
3.0956320748111617e-10
4.267340376147682e-12
9.168251417513828e-12
1.1536963897361113e-11
1.24264891264126e-11
1.2980502506528513e-11
2.995554501328603e-11
4.648310723194955e-11
5.314163776545331e-11
5.729012713063942e-11
9.103493604133648e-11
1.1463277220894257e-10
1.292048177152044e-10
1.5822019096752345e-10
1.8615172771821393e-10
2.3553021347397366e-10
2.8582001584824025e-12
6.219630692084297e-12
7.861287603985674e-12
8.478313618355876e-12
8.862672192749995e-12
2.0878502441407787e-11
3.281414249948897e-11
3.763788056258743e-11
4.0643458819906536e-11
6.590605526609745e-11
8.36781420673279e-11
9.464768283967577e-11
1.1707004759014017e-10
1.3850027636179305e-10
1.7678107234032954e-10
1.897172156583349e-12
4.171782543123757e-12
5.292535796012136e-12
5.7141181890559324e-12
5.9767858260350445e-12
1.4333075266627746e-11
2.2787151945013964e-11
2.6213715004097392e-11
2.8348903283331294e-11
4.689390694932033e-11
6.003271928592665e-11
6.813723389308213e-11
8.520791553268053e-11
1.0138816384015348e-10
1.307455147735852e-10