1.000000000000000021e-03 2.839578382523074319e-10 1.820282686392859574e-26 0.000000000000000000e+00 0.000000000000000000e+00 0.000000000000000000e+00 0.000000000000000000e+00 0.000000000000000000e+00 0.000000000000000000e+00 0.000000000000000000e+00 0.000000000000000000e+00
1.437458193979933296e-02 3.555704414378084831e-10 5.153685761670158963e-25 0.000000000000000000e+00 0.000000000000000000e+00 0.000000000000000000e+00 0.000000000000000000e+00 0.000000000000000000e+00 0.000000000000000000e+00 0.000000000000000000e+00 0.000000000000000000e+00
2.774916387959866504e-02 4.091164776191645734e-10 8.334779713554960639e-24 0.000000000000000000e+00 0.000000000000000000e+00 0.000000000000000000e+00 0.000000000000000000e+00 0.000000000000000000e+00 0.000000000000000000e+00 0.000000000000000000e+00 0.000000000000000000e+00
4.112374581939799711e-02 4.588379433744991437e-10 1.124040587978191112e-22 0.000000000000000000e+00 0.000000000000000000e+00 0.000000000000000000e+00 0.000000000000000000e+00 0.000000000000000000e+00 0.000000000000000000e+00 0.000000000000000000e+00 0.000000000000000000e+00
5.449832775919732919e-02 5.037598686131096582e-10 1.488713006449676852e-21 0.000000000000000000e+00 0.000000000000000000e+00 0.000000000000000000e+00 0.000000000000000000e+00 0.000000000000000000e+00 0.000000000000000000e+00 0.000000000000000000e+00 0.000000000000000000e+00
6.787290969899666127e-02 5.394341060840927292e-10 1.485781070879457105e-20 0.000000000000000000e+00 0.000000000000000000e+00 0.000000000000000000e+00 0.000000000000000000e+00 0.000000000000000000e+00 0.000000000000000000e+00 0.000000000000000000e+00 0.000000000000000000e+00
8.124749163879599334e-02 5.676001913926147091e-10 1.244808265022404974e-19 0.000000000000000000e+00 0.000000000000000000e+00 0.000000000000000000e+00 0.000000000000000000e+00 0.000000000000000000e+00 0.000000000000000000e+00 0.000000000000000000e+00 0.000000000000000000e+00
9.462207357859532542e-02 5.899776394308064698e-10 9.659554221286883810e-19 0.000000000000000000e+00 0.000000000000000000e+00 0.000000000000000000e+00 0.000000000000000000e+00 0.000000000000000000e+00 0.000000000000000000e+00 0.000000000000000000e+00 0.000000000000000000e+00
1.079966555183946575e-01 6.067848827441302941e-10 6.118701298957318109e-18 1.190139375841597561e-25 0.000000000000000000e+00 0.000000000000000000e+00 0.000000000000000000e+00 0.000000000000000000e+00 0.000000000000000000e+00 0.000000000000000000e+00 0.000000000000000000e+00
1.213712374581939896e-01 6.193142668754453852e-10 3.375022564565650396e-17 1.744993348893554277e-24 0.000000000000000000e+00 0.000000000000000000e+00 0.000000000000000000e+00 0.000000000000000000e+00 0.000000000000000000e+00 0.000000000000000000e+00 0.000000000000000000e+00
1.347458193979933216e-01 6.285951654481939079e-10 1.703797842283741613e-16 2.348744740317959432e-23 0.000000000000000000e+00 0.000000000000000000e+00 0.000000000000000000e+00 0.000000000000000000e+00 0.000000000000000000e+00 0.000000000000000000e+00 0.000000000000000000e+00
1.481204013377926398e-01 6.350180366997717651e-10 7.376376702953207461e-16 2.484561326515474121e-22 0.000000000000000000e+00 0.000000000000000000e+00 0.000000000000000000e+00 0.000000000000000000e+00 0.000000000000000000e+00 0.000000000000000000e+00 0.000000000000000000e+00
1.614949832775919858e-01 6.392264442170425910e-10 2.857871383928028137e-15 2.282055762420352281e-21 0.000000000000000000e+00 0.000000000000000000e+00 0.000000000000000000e+00 0.000000000000000000e+00 0.000000000000000000e+00 0.000000000000000000e+00 0.000000000000000000e+00
1.748695652173913317e-01 6.417071514786103374e-10 1.015322514474430849e-14 1.901544840329694133e-20 0.000000000000000000e+00 0.000000000000000000e+00 0.000000000000000000e+00 0.000000000000000000e+00 0.000000000000000000e+00 0.000000000000000000e+00 0.000000000000000000e+00
1.882441471571906499e-01 6.427042050279526869e-10 3.201784020324013848e-14 1.315875892636143016e-19 4.503507274983615120e-26 0.000000000000000000e+00 0.000000000000000000e+00 0.000000000000000000e+00 0.000000000000000000e+00 0.000000000000000000e+00 0.000000000000000000e+00
2.016187290969899681e-01 6.425349791767859340e-10 9.222781386214392297e-14 8.115013878144646207e-19 5.926493880689001327e-25 0.000000000000000000e+00 0.000000000000000000e+00 0.000000000000000000e+00 0.000000000000000000e+00 0.000000000000000000e+00 0.000000000000000000e+00
2.149933110367893141e-01 6.414001343030467321e-10 2.454675193611336428e-13 4.541914686845877282e-18 6.983769955052082036e-24 0.000000000000000000e+00 0.000000000000000000e+00 0.000000000000000000e+00 0.000000000000000000e+00 0.000000000000000000e+00 0.000000000000000000e+00
2.283678929765886600e-01 6.393543283179555468e-10 5.947691963923854904e-13 2.196840747264846018e-17 6.700431384636004959e-23 0.000000000000000000e+00 0.000000000000000000e+00 0.000000000000000000e+00 0.000000000000000000e+00 0.000000000000000000e+00 0.000000000000000000e+00
2.417424749163879782e-01 6.363889191788950897e-10 1.337545749732078361e-12 9.655952070369429647e-17 5.775941593217995505e-22 0.000000000000000000e+00 0.000000000000000000e+00 0.000000000000000000e+00 0.000000000000000000e+00 0.000000000000000000e+00 0.000000000000000000e+00
2.551170568561872964e-01 6.323180840974420307e-10 2.806682686012889049e-12 3.876419160024979222e-16 4.466370034739550656e-21 0.000000000000000000e+00 0.000000000000000000e+00 0.000000000000000000e+00 0.000000000000000000e+00 0.000000000000000000e+00 0.000000000000000000e+00
2.684916387959866424e-01 6.267960628116075526e-10 5.466322372812867246e-12 1.385306706502419933e-15 2.933374159425449703e-20 6.941588743287143259e-26 0.000000000000000000e+00 0.000000000000000000e+00 0.000000000000000000e+00 0.000000000000000000e+00 0.000000000000000000e+00
2.818662207357859883e-01 6.192767159669244049e-10 1.000917062960538603e-11 4.566990450787659867e-15 1.759717115891059174e-19 7.748471185859750743e-25 0.000000000000000000e+00 0.000000000000000000e+00 0.000000000000000000e+00 0.000000000000000000e+00 0.000000000000000000e+00
2.952408026755852788e-01 6.090503784206773100e-10 1.727907162922598531e-11 1.387669316218159375e-14 9.537087188457740965e-19 7.649295230685805810e-24 0.000000000000000000e+00 0.000000000000000000e+00 0.000000000000000000e+00 0.000000000000000000e+00 0.000000000000000000e+00
3.086153846153846247e-01 5.954006735908497876e-10 2.810979588171689043e-11 3.839212641036903068e-14 4.532558567459282670e-18 6.341772535927947983e-23 0.000000000000000000e+00 0.000000000000000000e+00 0.000000000000000000e+00 0.000000000000000000e+00 0.000000000000000000e+00
3.219899665551839707e-01 5.774876090336885819e-10 4.345806254376909944e-11 9.916651823018832863e-14 1.992789678383461530e-17 4.856760564219296361e-22 0.000000000000000000e+00 0.000000000000000000e+00 0.000000000000000000e+00 0.000000000000000000e+00 0.000000000000000000e+00
3.353645484949833167e-01 5.547117949739355118e-10 6.397815447076458013e-11 2.384431830467478271e-13 7.991788200563882873e-17 3.319708698348058001e-21 6.619519202892230181e-27 0.000000000000000000e+00 0.000000000000000000e+00 0.000000000000000000e+00 0.000000000000000000e+00
3.487391304347826626e-01 5.268722453815917895e-10 8.984110400653476646e-11 5.313161391428410727e-13 2.880484367364651803e-16 1.969362862579794093e-20 9.670309389236728647e-26 0.000000000000000000e+00 0.000000000000000000e+00 0.000000000000000000e+00 0.000000000000000000e+00
3.621137123745819530e-01 4.939045092883786396e-10 1.209864747581149418e-10 1.116236574906187641e-12 9.702346077007216627e-16 1.089616762057069215e-19 9.321437059114229717e-25 0.000000000000000000e+00 0.000000000000000000e+00 0.000000000000000000e+00 0.000000000000000000e+00
3.754882943143812990e-01 4.564017784836362975e-10 1.565405084070338068e-10 2.204678772747085100e-12 3.012243798521422544e-15 5.440345536356876169e-19 7.898743623430398930e-24 0.000000000000000000e+00 0.000000000000000000e+00 0.000000000000000000e+00 0.000000000000000000e+00
3.888628762541806450e-01 4.153940772263142319e-10 1.950514025252294026e-10 4.092021680397079982e-12 8.568494147558811323e-15 2.418679314020619019e-18 5.757144478078435044e-23 0.000000000000000000e+00 0.000000000000000000e+00 0.000000000000000000e+00 0.000000000000000000e+00
4.022374581939799354e-01 3.719923737955041634e-10 2.348057615049768749e-10 7.220454189641455484e-12 2.296783203913057544e-14 1.010625713428201652e-17 3.961188750734673681e-22 0.000000000000000000e+00 0.000000000000000000e+00 0.000000000000000000e+00 0.000000000000000000e+00
4.156120401337792813e-01 3.277140585042216442e-10 2.735835001583576582e-10 1.208891527783077063e-11 5.733764117679737340e-14 3.854970852854274743e-17 2.427604926895248967e-21 0.000000000000000000e+00 0.000000000000000000e+00 0.000000000000000000e+00 0.000000000000000000e+00
4.289866220735786273e-01 3.151078698980648104e-10 3.430233272377868025e-10 2.133876901455152000e-11 1.477430554780233503e-13 1.482328341007376680e-16 1.457593268802695588e-20 4.696904565333810194e-26 0.000000000000000000e+00 0.000000000000000000e+00 0.000000000000000000e+00
4.423612040133779733e-01 2.686589647633083389e-10 3.766482826423026080e-10 3.250515678956789071e-11 3.256243542194721010e-13 4.859349264062030283e-16 7.482322920865359876e-20 4.165649729582431921e-25 0.000000000000000000e+00 0.000000000000000000e+00 0.000000000000000000e+00
4.557357859531773192e-01 2.254553588855195269e-10 4.025036902979210435e-10 4.737173645912665147e-11 6.749472940482853675e-13 1.470712432966802865e-15 3.466498967294279667e-19 3.230540145066365480e-24 0.000000000000000000e+00 0.000000000000000000e+00 0.000000000000000000e+00
4.691103678929766096e-01 1.863078969919444452e-10 4.193083522334585990e-10 6.619341775634776140e-11 1.317601932567876697e-12 4.110320491137080686e-15 1.448240005320491872e-18 2.190331860086490472e-23 0.000000000000000000e+00 0.000000000000000000e+00 0.000000000000000000e+00
4.824849498327759556e-01 1.517273207737341530e-10 4.261487346368676819e-10 8.909388744420171542e-11 2.455792180366612532e-12 1.092462534794161206e-14 5.762204873900575743e-18 1.427882824061909649e-22 0.000000000000000000e+00 0.000000000000000000e+00 0.000000000000000000e+00
4.958595317725753016e-01 1.218405168499637807e-10 4.231893528401279039e-10 1.155438262723124275e-10 4.343038681717582306e-12 2.709204880562893112e-14 2.095382986519388735e-17 8.266893268738753320e-22 0.000000000000000000e+00 0.000000000000000000e+00 0.000000000000000000e+00
5.092341137123745920e-01 9.651821541363037629e-11 4.111210558799569775e-10 1.446944353828144840e-10 7.305692112879565386e-12 6.285500709151731191e-14 6.988104532702321048e-17 4.276968092406228516e-21 0.000000000000000000e+00 0.000000000000000000e+00 0.000000000000000000e+00
5.226086956521739380e-01 7.552660309305570595e-11 3.908640119461588630e-10 1.754303395687118005e-10 1.179605142301421725e-11 1.393483249007743484e-13 2.227334273152696774e-16 2.129946583052092819e-20 5.478011583427345246e-26 0.000000000000000000e+00 0.000000000000000000e+00
5.359832775919732839e-01 5.837696626884303345e-11 3.642017838243185111e-10 2.061454866597571099e-10 1.821413085024722618e-11 2.910365422206681180e-13 6.564708963407737631e-16 9.558495136179459602e-20 4.074819094537953578e-25 0.000000000000000000e+00 0.000000000000000000e+00
5.493578595317726299e-01 4.457801751395383142e-11 3.328975770182310599e-10 2.352120716809961571e-10 2.696711313987023069e-11 5.747357016986809952e-13 1.798963734707721184e-15 3.901808814398053788e-19 2.680239272295880777e-24 0.000000000000000000e+00 0.000000000000000000e+00
5.627324414715719758e-01 3.512849436758139190e-11 3.113694989337126746e-10 2.720835380365694151e-10 4.014864017029684427e-11 1.135770409931001132e-12 4.928584616316578151e-15 1.600412251375034981e-18 1.797734909371860236e-23 0.000000000000000000e+00 0.000000000000000000e+00
5.761070234113713218e-01 2.624871183673152638e-11 2.744514852200506875e-10 2.939396829098376488e-10 5.519127406662087859e-11 2.045301927447707888e-12 1.210247984906518899e-14 5.749385299448998086e-18 1.022118577484432349e-22 0.000000000000000000e+00 0.000000000000000000e+00
5.894816053511705567e-01 1.939279047455579399e-11 2.378814688597792878e-10 3.096769340232850934e-10 7.322667957227903027e-11 3.513812001828920056e-12 2.796058588307971946e-14 1.908653440694749315e-17 5.248705245799895066e-22 0.000000000000000000e+00 0.000000000000000000e+00
6.028561872909699026e-01 1.419570745190010863e-11 2.029022739636447136e-10 3.183710780489679260e-10 9.407353742313782940e-11 5.813537372551830119e-12 6.205052150967637819e-14 6.097880846913713046e-17 2.618250813537655274e-21 0.000000000000000000e+00 0.000000000000000000e+00
6.162307692307692486e-01 1.027712473310336262e-11 1.704568972356126110e-10 3.199587675542444257e-10 1.170273573499993505e-10 9.210247387514340724e-12 1.300002438172956067e-13 1.803054804721870083e-16 1.175482803812717689e-20 0.000000000000000000e+00 0.000000000000000000e+00
6.296053511705685946e-01 7.359251038782888026e-12 1.411319283920868767e-10 3.146582651585027486e-10 1.412482410862876713e-10 1.402321895974716262e-11 2.588240353981142827e-13 4.994584812984948414e-16 4.857609983685811266e-20 3.984573031484439785e-28 0.000000000000000000e+00
6.429799331103679405e-01 5.224179615623235517e-12 1.152886748572627614e-10 3.029620708056599831e-10 1.656831598531178539e-10 2.062759367861266150e-11 4.957264587847385005e-13 1.328720966581061303e-15 1.933885035241286006e-19 4.868654454791457650e-26 0.000000000000000000e+00
6.563545150501672865e-01 3.668006504734994112e-12 9.294361271108951849e-11 2.860401262926727957e-10 1.890804700798829074e-10 2.924882366437480310e-11 9.045307722344401929e-13 3.312572087337973220e-15 7.051966707797199559e-19 3.105517497385878590e-25 0.000000000000000000e+00
6.697290969899666324e-01 2.548188117534687296e-12 7.399275982901222719e-11 2.650359477534788358e-10 2.102347922492056929e-10 4.008952739925948518e-11 1.580740132278476572e-12 7.818329660459941644e-15 2.400929584006318871e-18 1.813363714708411402e-24 0.000000000000000000e+00
6.831036789297659784e-01 1.817010246591250989e-12 6.027329365263751267e-11 2.495624873910208479e-10 2.359156314422718791e-10 5.512656423382942051e-11 2.757425823231803605e-12 1.834747618093234089e-14 8.119765503047714432e-18 1.057214293111310809e-23 0.000000000000000000e+00
6.964782608695653243e-01 1.238450745832438364e-12 4.689276933124977679e-11 2.232554203737109522e-10 2.498358609907540290e-10 7.099010992979458750e-11 4.460752113366732567e-12 3.938352889615070964e-14 2.464614425047741389e-17 5.353170511657395066e-23 0.000000000000000000e+00
7.098528428093645593e-01 8.356700354934050691e-13 3.608212730231241886e-11 1.965028862043924183e-10 2.586608142745149111e-10 8.877903546375492784e-11 6.954501067107594032e-12 8.069149984993999079e-14 7.061098922063862861e-17 2.520029648091506476e-22 0.000000000000000000e+00
7.232274247491639052e-01 5.596119417282264793e-13 2.749299612782645380e-11 1.702995350979642075e-10 2.619930354731915828e-10 1.079957629703456966e-10 1.049068518001594856e-11 1.591427464633433615e-13 1.940365303053839836e-16 1.137196635238547290e-21 0.000000000000000000e+00
7.366020066889632512e-01 3.708300623492252619e-13 2.072675301453004666e-11 1.454406569449483145e-10 2.599963778490115661e-10 1.278810871190744483e-10 1.527996143899516316e-11 2.995604689645595699e-13 5.008651521048610288e-16 4.690865365816675654e-21 0.000000000000000000e+00
7.499765886287625971e-01 2.434889627901395698e-13 1.547147897430416424e-11 1.224851779629364959e-10 2.529818154204087650e-10 1.476111638389663859e-10 2.155600754066300997e-11 5.417355551114103543e-13 1.230695502341167670e-15 1.820137835289864868e-20 0.000000000000000000e+00
7.633511705685619431e-01 1.587802340201565717e-13 1.144770697123662404e-11 1.018069248646151785e-10 2.415199972974375803e-10 1.662633054481534192e-10 2.952036699683989585e-11 9.456268226969278981e-13 2.903751752870672704e-15 6.752375242805414952e-20 0.000000000000000000e+00
7.767257525083612890e-01 1.025127866614228243e-13 8.385937168737014205e-12 8.354515328748273016e-11 2.265189266407799049e-10 1.829531561303374388e-10 3.922944435651715631e-11 1.586118582353616557e-12 6.495251758300062003e-15 2.321122139187477337e-19 0.000000000000000000e+00
7.901003344481606350e-01 6.770513101571455926e-14 6.277618457086894916e-12 6.985308800531622077e-11 2.153588312490133115e-10 2.030061169555598311e-10 5.228183097602432803e-11 2.649701135268227286e-12 1.435767102357666800e-14 7.809531218892038537e-19 0.000000000000000000e+00
8.034749163879598699e-01 4.309866670937374154e-14 4.520324958910295348e-12 5.600511853019695720e-11 1.953205222898731492e-10 2.137773246901574627e-10 6.580114718635544716e-11 4.156132998679082729e-12 2.961972025452206229e-14 2.435858376721571423e-18 0.000000000000000000e+00
8.168494983277592159e-01 2.717999495437286743e-14 3.223783142174882333e-12 4.439819365041625840e-11 1.744304711764735870e-10 2.205876621448068248e-10 8.069094943258708403e-11 6.299552143686588586e-12 5.837379366439655218e-14 7.118417213272109451e-18 1.102752613224026503e-26
8.302240802675585618e-01 1.702646521798136808e-14 2.280147246339202502e-12 3.483174733102998244e-11 1.534796708713965696e-10 2.231760971840730325e-10 9.655555586912271518e-11 9.262125055194693647e-12 1.108439741944301199e-13 1.988347310037626690e-17 6.189811352796506798e-26
8.435986622073579078e-01 1.060870244454176268e-14 1.600527390232512145e-12 2.706078807446278653e-11 1.331535938638524243e-10 2.215619862657044534e-10 1.128518204371772521e-10 1.322752842942278427e-11 2.031493729101201453e-13 5.317220611029571667e-17 3.287511970463436650e-25
8.569732441471572537e-01 6.553042090406912698e-15 1.113107903599756628e-12 2.081012967910915067e-11 1.139715467846866343e-10 2.160777892579748356e-10 1.289459700094890199e-10 1.834040543714962761e-11 3.579566743008731668e-13 1.344480436385368657e-16 1.593519645547587393e-24
8.703478260869565997e-01 4.026567667611837892e-15 7.683889222366072798e-13 1.585797147694448531e-11 9.631201695552784534e-11 2.071114698065539439e-10 1.441755707379650494e-10 2.475634362262643631e-11 6.104485641652956876e-13 3.267470049788243417e-16 7.384655546146924546e-24
8.837224080267559456e-01 2.462413648428659133e-15 5.266565140413171855e-13 1.197908276480719925e-11 8.040534608431304501e-11 1.952592465923102488e-10 1.578770333668893319e-10 3.255902568650645308e-11 1.007994659425888766e-12 7.620912073421476548e-16 3.237672833576906996e-23
8.970969899665552916e-01 1.493926760684822765e-15 3.577791963535264971e-13 8.964008341447926005e-12 6.633419547649796394e-11 1.812295744424760772e-10 1.694821648243347247e-10 4.173609358965225790e-11 1.608863326080339657e-12 1.693524248748233720e-15 1.312203416954945592e-22
9.104715719063546375e-01 9.306390817571959887e-16 2.489010306040552142e-13 6.858338789365496394e-12 5.578731618503297830e-11 1.707598718518025967e-10 1.839460158186263006e-10 5.384484641182817008e-11 2.571325336867902993e-12 3.744918339061689813e-15 5.270801228344163375e-22
9.238461538461538725e-01 5.600812716865089730e-16 1.668788160604878376e-13 5.050322512303834268e-12 4.504109876051475451e-11 1.538652500301720257e-10 1.901562410775288088e-10 6.585617706607631429e-11 3.873182362798386839e-12 7.733812791607361315e-15 1.946427589635497475e-21
9.372207357859532184e-01 3.346181372859495868e-16 1.109452648611708278e-13 3.686059550520449975e-12 3.598278199993369451e-11 1.367464542967829182e-10 1.931626706667010711e-10 7.876120139987803940e-11 5.665251156096558783e-12 1.531514633451378583e-14 6.715576706304373500e-21
9.505953177257525644e-01 1.994562959050530339e-16 7.336535839418832615e-14 2.671377158085136991e-12 2.847485246190367285e-11 1.199351339531804888e-10 1.928796824989911157e-10 9.221551192407789943e-11 8.076606662536174557e-12 2.938994317550576070e-14 2.237818536055716394e-20
9.639698996655519103e-01 1.184254858181893071e-16 4.821068239622651290e-14 1.921504779260145521e-12 2.232335316670459460e-11 1.038716107468983117e-10 1.894770545568077309e-10 1.057708108368195569e-10 1.122060001212875714e-11 5.446445251773641932e-14 7.084970072875630738e-20
9.773444816053512563e-01 6.984543136581719334e-17 3.142965487856525503e-14 1.370510877639086709e-12 1.733420659185280892e-11 8.887096212303037110e-11 1.832660324854578658e-10 1.189494490294938732e-10 1.519626909606120313e-11 9.731303917900632817e-14 2.114461396286634489e-19
9.907190635451506022e-01 4.115938581859686869e-17 2.040493805293963589e-14 9.715553579224520622e-13 1.335054190366510529e-11 7.516980382593184767e-11 1.745766024878672441e-10 1.312473905670544029e-10 2.011595821998161440e-11 1.690242133131495958e-13 6.115865162097473306e-19
1.004093645484949837e+00 2.416515194786972349e-17 1.316907305021744662e-14 6.838360049956063081e-13 1.019553873910423084e-11 6.288000989938765644e-11 1.639123237677013466e-10 1.421941268409397468e-10 2.602611300741888737e-11 2.844480660165917739e-13 1.686241743144333202e-18
1.017468227424749072e+00 1.410100251207655937e-17 8.436059409290826045e-15 4.774693446536153615e-13 7.717851553679497236e-12 5.203239690286335449e-11 1.517870620111713557e-10 1.513861618036261605e-10 3.293435588174064743e-11 4.636923508021138288e-13 4.415610483025187139e-18
1.030842809364548529e+00 8.491737196058350702e-18 5.557785349319554597e-15 3.420900650794616097e-13 5.983519945593454089e-12 4.397115187366868953e-11 1.430283241259447216e-10 1.634116761734954652e-10 4.211730108983592947e-11 7.599698173499458600e-13 1.158989315900885976e-17
1.044217391304347764e+00 4.940172399659289147e-18 3.530088186858279471e-15 2.360162814182254963e-13 4.462532412946575091e-12 3.567473873795970279e-11 1.290083868350411430e-10 1.682630319548437335e-10 5.117736824225317151e-11 1.173904792164938796e-12 2.821771311814153662e-17
1.057591973244147221e+00 2.857914259695524615e-18 2.226661723679338240e-15 1.615941824045316465e-13 3.300906701819744064e-12 2.866289154730957380e-11 1.149353841893178386e-10 1.705819995741506557e-10 6.099250755334914685e-11 1.763592277132536507e-12 6.566641048978417047e-17
1.070966555183946456e+00 1.656611100784791187e-18 1.402309323443054050e-15 1.101909178932071730e-13 2.427122506251925673e-12 2.283493679959104987e-11 1.011891789800058808e-10 1.702915063412785303e-10 7.137411317838833385e-11 2.589089044171033196e-12 1.488456110326522734e-16
1.084341137123745691e+00 9.567532899495720448e-19 8.783445398948921346e-16 7.464550186258885357e-14 1.771454824365413780e-12 1.803105460311430211e-11 8.807658573160204551e-11 1.675510856899011545e-10 8.204663553454787368e-11 3.706428702086325651e-12 3.239910449765483724e-16
1.097715719063545148e+00 5.497190979265926899e-19 5.466185769854536963e-16 5.020195279280890678e-14 1.282921899121417096e-12 1.411201153960313765e-11 7.581954963889678673e-11 1.625716030389540177e-10 9.271886533916678716e-11 5.178763971282154252e-12 6.777640289636156022e-16
1.111090301003344383e+00 3.169029683013343682e-19 3.400920627520713748e-16 3.366357562004962431e-14 9.245257754285226573e-13 1.096543130585807331e-11 6.459543834015038595e-11 1.555760012866385348e-10 1.030694311679798971e-10 7.086943070113275687e-12 1.383629027208002288e-15
1.124464882943143840e+00 1.819953900031442910e-19 2.104676643855140345e-16 2.242945635104726697e-14 6.615314824504816656e-13 8.451125113035140785e-12 5.447323285129321020e-11 1.469593032236998238e-10 1.127781278063857266e-10 9.485079634901578110e-12 2.722568482114896112e-15
1.137839464882943075e+00 1.040244987317244336e-19 1.294717012113975609e-16 1.484280030258217254e-14 4.698856365926316750e-13 6.460292843689513990e-12 4.548129514733292465e-11 1.370890789351499511e-10 1.215443515601101901e-10 1.242892681224893272e-11 5.172809000842431580e-15
1.151214046822742532e+00 6.184390650213954314e-20 8.254858209655044064e-17 1.015144445765194598e-14 3.442012621845835311e-13 5.082107256653470947e-12 3.896508461360442147e-11 1.307779828616797290e-10 1.336166652911950862e-10 1.654952631074611493e-11 9.946559111879423847e-15
1.164588628762541767e+00 3.536917370786261099e-20 5.056403955259623922e-17 6.663881059815045576e-15 2.418527565561436141e-13 3.831980885462945465e-12 3.194572295956097822e-11 1.190994782793838484e-10 1.398850819935774974e-10 2.087375016134800325e-11 1.786950605550391672e-14
1.177963210702341001e+00 2.015087661756904623e-20 3.081387690813685431e-17 4.347887187502292279e-15 1.687947044950774587e-13 2.867825495809699044e-12 2.595636829509016347e-11 1.072420610996201821e-10 1.444657863614322811e-10 2.584875123410496966e-11 3.114042824833228233e-14
1.191337792642140458e+00 1.153495983998317680e-20 1.880615161570106948e-17 2.833402925110242638e-15 1.174162418265217130e-13 2.135018505715993189e-12 2.092633750523014148e-11 9.551386475450084947e-11 1.471951289891560423e-10 3.147474215608483880e-11 5.307164175661291760e-14
1.204712374581939693e+00 6.578134808917928015e-21 1.142062500964166988e-17 1.835572968819441083e-15 8.114356092456964218e-14 1.578096604697204448e-12 1.672930116463948335e-11 8.417554218388846589e-11 1.480802738435077006e-10 3.768360875081968762e-11 8.783714419993491988e-14
1.218086956521739150e+00 3.740772747338663367e-21 6.906472142338548834e-18 1.182873140923535492e-15 5.573645218953211782e-14 1.158524694029750705e-12 1.326598703263300378e-11 7.342795066622692156e-11 1.471399996218486915e-10 4.440326328984806712e-11 1.415558370612297080e-13
1.231461538461538385e+00 2.136999966985704590e-21 4.183623114110575912e-18 7.616443724975638876e-16 3.817628613374110584e-14 8.465846713145189811e-13 1.044821327635396243e-11 6.343506523061265946e-11 1.444245704136461075e-10 5.154175418283906723e-11 2.232865452352029916e-13
1.244836120401337842e+00 1.216598737839866471e-21 2.522622910270014375e-18 4.877232195931641941e-16 2.598762144677351055e-14 6.144754230419196094e-13 8.165399243687911866e-12 5.428010877409015416e-11 1.401289430799541170e-10 5.895899054219936017e-11 3.432291715776902844e-13
1.258210702341137077e+00 6.913265134659968332e-22 1.516114465493599499e-18 3.109292079395848513e-16 1.759571234642025263e-14 4.432642382335874729e-13 6.334857636565222677e-12 4.601951657434274950e-11 1.344334263332371753e-10 6.651349626108545969e-11 5.153703311951781238e-13
1.271585284280936534e+00 3.945470071990664524e-22 9.128018837787352745e-19 1.981184280055154194e-16 1.188478561707246026e-14 3.184489698721651457e-13 4.885228427323732574e-12 3.868284433208119804e-11 1.275410283217286991e-10 7.404666177025952006e-11 7.583321031987177902e-13
1.284959866220735769e+00 2.244578756271206040e-22 5.472388568526041005e-19 1.255914539247282237e-16 7.980907833597933202e-15 2.273275384429389391e-13 3.740361392213671374e-12 3.223344240417352504e-11 1.197276153141747605e-10 8.139190364028952792e-11 1.090690155817576754e-12
1.298334448160535004e+00 1.275774773890449851e-22 3.273084369661868734e-19 7.932921231116645094e-17 5.334632980716511243e-15 1.613898040136216633e-13 2.845030500002464912e-12 2.663690882249187809e-11 1.112343195244512932e-10 8.838498579730939978e-11 1.536467532084803158e-12
1.311709030100334461e+00 7.280440228911339362e-23 1.961084488902116011e-19 5.009208953699975190e-17 3.558307284414967861e-15 1.141577311022964036e-13 2.152444895289911278e-12 2.184508488813926445e-11 1.023025237885768437e-10 9.485995123046627062e-11 2.124072707068793295e-12
1.325083612040133696e+00 4.337249189402953651e-23 1.225388993593707217e-19 3.295911768214765837e-17 2.471473839230100159e-15 8.403637572698690023e-14 1.693599480360653893e-12 1.860790656977911877e-11 9.755502055642603657e-11 1.054136347222304488e-10 3.013133694967518599e-12
1.338458193979933153e+00 2.467901477960600535e-23 7.302668864644754712e-20 2.065616823452312066e-17 1.633246799000204639e-15 5.880212642897615627e-14 1.265301354554329672e-12 1.502639570605004001e-11 8.801182051751494441e-11 1.106873177752184868e-10 4.007827277626400571e-12
1.351832775919732388e+00 1.409372365054828259e-23 4.359191648299952396e-20 1.294304723612542354e-17 1.077318115874584906e-15 4.100871703687831730e-14 9.407574650503554203e-13 1.205201449929299588e-11 7.867459694598868201e-11 1.150185708702363157e-10 5.239612670871173669e-12
1.365207357859531845e+00 8.026932037547974329e-24 2.592687065455848730e-20 8.074073856421571000e-18 7.069881562954050716e-16 2.843758218663757004e-14 6.950722910739379345e-13 9.595473897935073591e-12 6.969906481431617523e-11 1.183425931866011341e-10 6.729389725512027736e-12
1.378581939799331080e+00 4.575719164767114976e-24 1.541187471566295961e-20 5.027304101773224706e-18 4.625436546732442982e-16 1.963918120571965605e-14 5.108899073882058780e-13 7.588838767320829104e-12 6.121277225191494612e-11 1.205919772198657098e-10 8.502047094327604556e-12
1.391956521739130537e+00 2.616819482082894025e-24 9.174961048301399520e-21 3.129713268981296153e-18 3.021112861920446647e-16 1.352174799918339450e-14 3.738594377039502685e-13 5.965232357226165580e-12 5.331139902662958807e-11 1.217331117261260205e-10 1.057481095087501370e-11
1.405331103678929772e+00 1.492798624384877811e-24 5.443602779769685615e-21 1.940329845419669183e-18 1.963796277253024129e-16 9.260059056249927436e-15 2.719669350472754915e-13 4.657089689721356903e-12 4.604583071014253880e-11 1.217878850397699528e-10 1.294881081908404677e-11
1.418705685618729007e+00 8.530726151573091407e-25 3.230785237700035339e-21 1.201723375651237300e-18 1.273645278225216752e-16 6.320110699863157811e-15 1.969533588278307325e-13 3.614340418394099650e-12 3.945652773279570229e-11 1.207691783370823461e-10 1.562623765253599977e-11
1.432080267558528464e+00 4.888548407762106686e-25 1.919875903182398314e-21 7.441196152462623259e-19 8.247458043277790642e-17 4.301367266804124514e-15 1.420493796930823392e-13 2.789514357605887344e-12 3.355314253326736689e-11 1.187290626133407254e-10 1.859461043257788430e-11
1.445454849498327698e+00 2.794893552101870070e-25 1.137298751942418206e-21 4.589909215554888010e-19 5.316649941420070308e-17 2.912673096217943148e-15 1.018790662550920527e-13 2.139261432151620943e-12 2.831414512541782767e-11 1.157585864389461910e-10 2.182545357051614522e-11
1.458829431438127155e+00 1.602010260225189418e-25 6.745029073969023739e-22 2.830677858400926636e-19 3.422401627280714206e-17 1.967119185988484576e-15 7.278920442722238087e-14 1.632065829261594273e-12 2.372230083552788882e-11 1.119351034713495113e-10 2.528927061286040608e-11
1.472204013377926390e+00 9.203797799712195496e-26 4.004184461477852645e-22 1.745178559182897414e-19 2.199681054908195351e-17 1.324966139435254692e-15 5.180715115210821412e-14 1.238770923462977970e-12 1.973696659984409717e-11 1.073691979658724818e-10 2.894110989684306842e-11
1.485578595317725847e+00 5.276316816039067763e-26 2.370139136684551280e-22 1.072071331119226236e-19 1.407852963667238715e-17 8.881941481265874691e-16 3.667869738215921867e-14 9.346608443185160855e-13 1.630409698687189188e-11 1.021875598335517300e-10 3.272667686161612223e-11
1.498953177257525082e+00 3.034955999128568372e-26 1.405721142131590008e-22 6.590120457384217708e-20 9.004961582431060946e-18 5.942841689545995598e-16 2.588665103948760418e-14 7.020341422881113012e-13 1.338172283299484448e-11 9.650166608867952126e-11 3.659026088551253757e-11
1.512327759197324317e+00 1.748878325950884248e-26 8.342658856469383346e-23 4.049065110600422860e-20 5.750836286880740952e-18 3.966004281851034576e-16 1.820377546090516048e-14 5.248013045001069793e-13 1.091298081200992525e-11 9.044128212085777286e-11 4.046819570041841032e-11
1.525702341137123774e+00 1.005755680858690611e-26 4.937689049393593419e-23 2.479432736796273004e-20 3.658161625726157218e-18 2.634876826953195355e-16 1.273713311628930222e-14 3.901165202071229439e-13 8.840554240952502386e-12 8.413248288158342450e-11 4.429708996453194151e-11
1.539076923076923009e+00 5.807801613618484879e-27 2.930589193176781577e-23 1.520509303886355262e-20 2.327401362515123254e-18 1.748571495891133575e-16 8.890498464098038416e-15 2.888902911462177526e-13 7.120698877306214988e-12 7.768783650027658235e-11 4.801259957785999935e-11
1.552451505016722466e+00 3.358108133099642894e-27 1.739842627436717964e-23 9.318038552510407845e-21 1.478318155692254837e-18 1.157421476544288812e-16 6.183874356815251029e-15 2.129712663494101855e-13 5.701506561443117271e-12 7.121963448280168046e-11 5.155525782343772011e-11
1.565826086956521701e+00 1.938031505629660961e-27 1.030280548936641090e-23 5.692316639857501132e-21 9.355192658215998038e-19 7.628868138482561650e-17 4.280906933279298864e-15 1.561739388973336118e-13 4.536809664599487933e-12 6.482564314725011341e-11 5.487292466263830544e-11
1.579200668896321158e+00 1.123899716283511828e-27 6.122764808305282223e-24 3.485279054536832975e-21 5.925968695847750625e-19 5.026649711833230945e-17 2.958462970831381508e-15 1.141647102372676891e-13 3.591865023347995591e-12 5.859434127771735379e-11 5.791240402024199027e-11
1.592575250836120393e+00 7.265843448164924203e-28 4.052742333230178177e-24 2.374799030549367150e-21 4.173967947239533896e-19 3.679803127598168082e-17 2.269668840510276522e-15 9.256440400092762586e-14 3.150201464241208406e-12 5.858972124889637344e-11 6.754569360624181200e-11
1.605949832775919628e+00 4.209457342588032404e-28 2.402462859022967403e-24 1.448359681872461425e-21 2.630090273576779969e-19 2.408699446574921427e-17 1.556163407837697948e-15 6.703874294247790663e-14 2.465843163610845129e-12 5.223480704800025004e-11 7.020136640896278722e-11
1.619324414715719085e+00 0.000000000000000000e+00 1.430320545389837310e-24 8.860237985478079001e-22 1.660174000846379251e-19 1.577334495272488816e-17 1.065902848442981158e-15 4.843292065464556204e-14 1.921751739627610478e-12 4.626359180073755693e-11 7.244368022783375748e-11
1.632698996655518320e+00 0.000000000000000000e+00 8.511146737089814336e-25 5.413450627260358879e-22 1.045892929085691577e-19 1.030161875623859595e-17 7.276153099047424174e-16 3.484564567593139556e-14 1.489913815860203174e-12 4.070604970639670888e-11 7.426726098901338197e-11
1.646073578595317777e+00 0.000000000000000000e+00 5.053194230365286567e-25 3.298332878531828672e-22 6.567438996928966792e-20 6.702725540475196227e-18 4.945834118389998584e-16 2.495133229306967737e-14 1.148783221927758028e-12 3.558197744143419978e-11 7.567152837669026911e-11
1.659448160535117012e+00 0.000000000000000000e+00 3.015248019590230719e-25 2.017249743646600132e-22 4.134272320505212977e-20 4.366276878434093279e-18 3.360961630739977060e-16 1.783490111975124628e-14 8.824945672534756005e-13 3.091270245205230047e-11 7.665118723774544230e-11
1.672822742474916469e+00 0.000000000000000000e+00 1.797519209452701167e-25 1.231812403350673828e-22 2.596909003183556409e-20 2.836341301167986168e-18 2.276134272592366333e-16 1.269621107815483174e-14 6.745642004847394576e-13 2.668789582407412299e-11 7.722986453434872384e-11
1.686197324414715704e+00 0.000000000000000000e+00 1.069312810038175355e-25 7.502254337157824447e-23 1.626192928726202579e-20 1.835953579282419237e-18 1.535264511373238414e-16 8.997473422703820773e-15 5.129588418680705098e-13 2.289651102000536505e-11 7.742904006321111265e-11
1.699571906354515161e+00 0.000000000000000000e+00 6.397537410500904258e-26 4.589854849961453268e-23 1.021660724203706138e-20 1.190708700847549670e-18 1.036029149038185803e-16 6.369413072442244469e-15 3.888916107117077059e-13 1.953314216576939921e-11 7.726382941852043863e-11
1.712946488294314396e+00 0.000000000000000000e+00 3.822301097169750362e-26 2.802691360425799805e-23 6.403022496852151393e-21 7.699557761763634852e-19 6.966909848950413483e-17 4.490720034154778655e-15 2.934191033847776900e-13 1.656407133698442786e-11 7.677388383584098287e-11
1.726321070234113630e+00 0.000000000000000000e+00 2.279494723313213336e-26 1.707424356093253851e-23 4.001780729124925469e-21 4.962680507655375538e-19 4.667580000092299741e-17 3.152866776631403482e-15 2.203119213633671534e-13 1.396279607394684923e-11 7.599091958296645293e-11
1.739695652173913087e+00 0.000000000000000000e+00 1.367657750031687006e-26 1.045312779299504474e-23 2.510409839291184557e-21 3.206496655825130886e-19 3.130269362374450097e-17 2.212417085193537062e-15 1.650146894405362583e-13 1.170956357926713567e-11 7.494051563179267607e-11
1.753070234113712322e+00 0.000000000000000000e+00 8.192117827026271587e-27 6.385931221544575463e-24 1.570769996137129167e-21 2.065494518143928986e-19 2.091910601337003527e-17 1.546282054594998986e-15 1.230244968556529005e-13 9.763772565502911164e-12 7.366469733103742065e-11
1.766444816053511779e+00 0.000000000000000000e+00 4.901196828002838632e-27 3.894679402794713685e-24 9.807093095405776841e-22 1.326976149085613682e-19 1.393550322162806583e-17 1.076697513933024976e-15 9.131454950423918311e-14 8.095783923127553804e-12 7.219542059286358297e-11
1.779819397993311014e+00 0.000000000000000000e+00 2.948700970750749664e-27 2.386219178203036758e-24 6.144668711250072825e-22 8.545319786037199481e-20 9.293024131510750756e-18 7.494418828490813657e-16 6.763216189890611196e-14 6.681062245502566397e-12 7.056039831152316912e-11
1.793193979933110471e+00 0.000000000000000000e+00 1.771262130257700787e-27 1.459074389408163671e-24 3.840603265235759675e-22 5.487168771040466488e-20 6.176563524659695637e-18 5.196766374197044218e-16 4.987203575924242779e-14 5.483598788767263606e-12 6.879463377713469408e-11
1.806568561872909706e+00 0.000000000000000000e+00 1.063407905732228669e-27 8.912272228802665777e-25 2.396775332647853894e-22 3.516170012030513656e-20 4.094426046279440178e-18 3.591926155440710037e-16 3.662968340958174853e-14 4.477261030072912131e-12 6.692490115575895458e-11
1.819943143812709163e+00 0.000000000000000000e+00 6.417002825241790371e-28 5.466791997084308148e-25 1.500643869026641190e-22 2.258190616089865262e-20 2.716997726710552910e-18 2.482024457906032757e-16 2.685213979937033139e-14 3.639762220151206093e-12 6.497488195395651334e-11
1.833317725752508398e+00 0.000000000000000000e+00 3.866586754394172581e-28 3.346999267821794557e-25 9.374139557071615989e-23 1.446359724923678946e-20 1.797294929745116475e-18 1.708916466393942674e-16 1.960256577467335727e-14 2.943658211026166277e-12 6.296970667925567257e-11
1.846692307692307633e+00 0.000000000000000000e+00 2.330010343850689944e-28 2.048288867933731726e-25 5.850269045704317849e-23 9.250143840451191575e-21 1.186440630509299892e-18 1.173423811192205337e-16 1.425987909693580576e-14 2.369176206901515238e-12 6.092885385216491163e-11
1.860066889632107090e+00 0.000000000000000000e+00 0.000000000000000000e+00 1.258326411811142965e-25 3.662026496525495962e-23 5.928105645409392527e-21 7.839684151657835608e-19 8.055597965899333340e-17 1.035547449838711097e-14 1.899210713400529833e-12 5.886958568793660729e-11
1.873441471571906325e+00 0.000000000000000000e+00 0.000000000000000000e+00 7.716502495792178236e-26 2.287316299248423123e-23 3.789423433444885727e-21 5.164853283287127064e-19 5.511333794751435149e-17 7.490365409196130531e-15 1.515015249066178747e-12 5.680768586696136661e-11
1.886816053511705782e+00 0.000000000000000000e+00 0.000000000000000000e+00 4.732848028173413818e-26 1.428174385107697224e-23 2.420136891566900183e-21 3.397468046922707404e-19 3.762347587566961674e-17 5.401390438329847273e-15 1.203181050278819168e-12 5.475576377423787735e-11
1.900190635451505017e+00 0.000000000000000000e+00 0.000000000000000000e+00 2.912848263923919378e-26 8.941392449319259689e-24 1.548507198358476396e-21 2.236849370425609659e-19 2.567881447654450202e-17 3.888834991681483460e-15 9.520165934259966955e-13 5.272478550063625676e-11
1.913565217391304474e+00 0.000000000000000000e+00 0.000000000000000000e+00 1.789700774931227146e-26 5.586492477822713421e-24 9.884074408249882751e-22 1.468564092331506164e-19 1.746956237763769773e-17 2.789308793939730099e-15 7.497798699316169905e-13 5.072326646713248465e-11
1.926939799331103709e+00 0.000000000000000000e+00 0.000000000000000000e+00 1.100458243528891397e-26 3.491230137007099957e-24 6.306944254331155465e-22 9.632266528622339698e-20 1.186476244503328381e-17 1.995481929418977795e-15 5.881285661673694828e-13 4.875848803150464162e-11
1.940314381270902944e+00 0.000000000000000000e+00 0.000000000000000000e+00 6.787058614314899345e-27 2.186981447494350298e-24 4.030944045576686817e-22 6.322519669347963405e-20 8.056326811841345192e-18 1.425445718524648572e-15 4.597535428076186956e-13 4.683638329394729276e-11
1.953688963210702401e+00 0.000000000000000000e+00 0.000000000000000000e+00 4.179222677646855545e-27 1.367315464401274168e-24 2.570390466436832737e-22 4.138946468099733951e-20 5.453512617758476162e-18 1.014601372119630509e-15 3.578115966463445191e-13 4.496051458426296525e-11
1.967063545150501636e+00 0.000000000000000000e+00 0.000000000000000000e+00 2.576847815954140965e-27 8.555537345893172385e-25 1.639453270561206877e-22 2.708379320980248901e-20 3.687346953288209118e-18 7.206467864537814799e-16 2.774700277094049966e-13 4.313450902986043410e-11
1.980438127090301093e+00 0.000000000000000000e+00 0.000000000000000000e+00 1.592996847683284804e-27 5.364189921649425630e-25 1.047106722201895540e-22 1.773304073052758030e-20 2.492432671035352838e-18 5.111202307408217104e-16 2.144804531736063980e-13 4.136072902328318971e-11
1.993812709030100327e+00 0.000000000000000000e+00 0.000000000000000000e+00 9.832916193636783918e-28 3.357075124978106745e-25 6.673262278203590753e-23 1.158119668918875192e-20 1.679808520691661692e-18 3.612761486085864065e-16 1.650934730117198284e-13 3.963968126415404912e-11
2.007187290969899784e+00 0.000000000000000000e+00 0.000000000000000000e+00 6.080939909379904147e-28 2.103861114103098196e-25 4.256343317936812291e-23 7.564544259421705258e-21 1.131420166025326905e-18 2.549464459689404756e-16 1.266750537800059956e-13 3.797268124739193268e-11
2.020561872909699019e+00 0.000000000000000000e+00 0.000000000000000000e+00 3.768838906656865649e-28 1.320675974123536636e-25 2.717720559527948632e-23 4.942896323045767794e-21 7.617554759362313458e-19 1.796541100525950526e-16 9.690344363920693688e-14 3.635973866860645242e-11
2.033936454849498254e+00 0.000000000000000000e+00 0.000000000000000000e+00 2.332481404201751706e-28 8.275898115962977326e-26 1.731709883520684586e-23 3.222041106074254246e-21 5.114410223494665048e-19 1.261856821925839609e-16 7.383213724476488356e-14 3.479962438193493282e-11
2.047311036789297489e+00 0.000000000000000000e+00 0.000000000000000000e+00 1.447051679067435345e-28 5.196026133491316503e-26 1.104933114345611860e-23 2.101728069522910009e-21 3.433465983887622326e-19 8.852993683421518112e-17 5.609971023595064185e-14 3.329226261298941389e-11
2.060685618729097168e+00 0.000000000000000000e+00 0.000000000000000000e+00 0.000000000000000000e+00 3.266562575206282894e-26 7.055638890432717167e-24 1.371183946296771274e-21 2.303773182467567410e-19 6.202088428019349689e-17 4.250320032095021138e-14 3.183619581121094484e-11
2.074060200668896403e+00 0.000000000000000000e+00 0.000000000000000000e+00 0.000000000000000000e+00 2.050155104680032776e-26 4.496577860976740987e-24 8.925162745574663881e-22 1.541673148923161128e-19 4.331470256662002362e-17 3.207910945358400497e-14 3.042930503677693275e-11
2.087434782608695638e+00 0.000000000000000000e+00 0.000000000000000000e+00 0.000000000000000000e+00 1.289887571735203743e-26 2.871130977498213349e-24 5.816561634503317241e-22 1.032121578324464127e-19 3.023120275276388319e-17 2.415599185503264735e-14 2.907072415233639983e-11
2.100809364548494873e+00 0.000000000000000000e+00 0.000000000000000000e+00 0.000000000000000000e+00 8.123015331178189810e-27 1.834115486981705295e-24 3.790400181597140420e-22 6.905088904161261301e-20 2.106774116200595516e-17 1.813907140302594626e-14 2.775816955510501421e-11
2.114183946488294552e+00 0.000000000000000000e+00 0.000000000000000000e+00 0.000000000000000000e+00 5.107311325249717533e-27 1.169460836402937779e-24 2.464630040289033719e-22 4.607939604804679624e-20 1.463831082067872379e-17 1.357128158508826212e-14 2.648919047394134050e-11
2.127558528428093787e+00 0.000000000000000000e+00 0.000000000000000000e+00 0.000000000000000000e+00 3.220790630909955207e-27 7.474795940767624803e-25 1.605383089605072995e-22 3.077922175058369598e-20 1.016958937460906143e-17 1.013501220711736359e-14 2.526256633388990327e-11
2.140933110367893022e+00 0.000000000000000000e+00 0.000000000000000000e+00 0.000000000000000000e+00 2.032204279475992127e-27 4.778304269573533919e-25 1.045347696133012720e-22 2.054128530663252177e-20 7.053745662502634578e-18 7.548156550956947244e-15 2.407570379752873720e-11
2.154307692307692257e+00 0.000000000000000000e+00 0.000000000000000000e+00 0.000000000000000000e+00 1.280303174221052840e-27 3.049091599495307685e-25 6.792569753087543915e-23 1.367560433631752172e-20 4.878695574112522134e-18 5.602011996275243474e-15 2.292624191682765887e-11
2.167682274247491492e+00 0.000000000000000000e+00 0.000000000000000000e+00 0.000000000000000000e+00 8.094174707542644494e-28 1.951398631757374629e-25 4.423788946523066097e-23 9.118097575194621509e-21 3.375548977459076001e-18 4.151862306352161195e-15 2.181298831510882200e-11
2.181056856187291171e+00 0.000000000000000000e+00 0.000000000000000000e+00 0.000000000000000000e+00 5.117996922510920677e-28 1.248637004754375993e-25 2.879317020018295064e-23 6.072824877582194137e-21 2.331515992831769795e-18 3.068778359863716825e-15 2.073349004250506426e-11
2.194431438127090406e+00 0.000000000000000000e+00 0.000000000000000000e+00 0.000000000000000000e+00 3.231443953112922386e-28 7.975955410426789052e-26 1.870320346610914754e-23 4.035270590951991695e-21 1.606029384997394560e-18 2.260689031087599213e-15 1.968582436413237461e-11
2.207806020066889641e+00 0.000000000000000000e+00 0.000000000000000000e+00 0.000000000000000000e+00 2.048425174186778231e-28 5.112422324986659614e-26 1.218293541541923062e-23 2.686682380068066016e-21 1.107242092839622718e-18 1.663842494348264595e-15 1.866918051592952810e-11
2.221180602006688876e+00 0.000000000000000000e+00 0.000000000000000000e+00 0.000000000000000000e+00 1.298206113685298464e-28 3.275187494755123713e-26 7.928600730535449274e-24 1.786446951389788801e-21 7.619445468816495208e-19 1.221247341115934628e-15 1.768160055921219943e-11
2.234555183946488555e+00 0.000000000000000000e+00 0.000000000000000000e+00 0.000000000000000000e+00 8.216043958619401421e-29 2.094756167310331165e-26 5.150031104389756324e-24 1.185229849341990633e-21 5.229684172317805180e-19 8.935311747381998752e-16 1.672185156979652825e-11
2.247929765886287790e+00 0.000000000000000000e+00 0.000000000000000000e+00 0.000000000000000000e+00 0.000000000000000000e+00 1.345058500830228303e-26 3.356220991374705109e-24 7.883096088789182101e-22 3.594331761847388978e-19 6.534523951219493770e-16 1.578977390874432003e-11
2.261304347826087024e+00 0.000000000000000000e+00 0.000000000000000000e+00 0.000000000000000000e+00 0.000000000000000000e+00 8.629047338109305983e-27 2.184585484998366254e-24 5.234982807475945013e-22 2.465363869780917250e-19 4.765643056383953621e-16 1.488408262301407024e-11
2.274678929765886259e+00 0.000000000000000000e+00 0.000000000000000000e+00 0.000000000000000000e+00 0.000000000000000000e+00 5.527154730069794495e-27 1.419354337770652166e-24 3.469066892283605159e-22 1.686794884209046410e-19 3.464988002788832141e-16 1.400432736063379820e-11
2.288053511705685494e+00 0.000000000000000000e+00 0.000000000000000000e+00 0.000000000000000000e+00 0.000000000000000000e+00 3.555967687999269219e-27 9.256636307215630393e-25 2.305730555383495262e-22 1.156244087475605525e-19 2.519321513644768723e-16 1.315110450262418742e-11
2.301428093645485173e+00 0.000000000000000000e+00 0.000000000000000000e+00 0.000000000000000000e+00 0.000000000000000000e+00 2.284941592533596962e-27 6.027798463013387117e-25 1.529736026192147655e-22 7.908180510469568008e-20 1.826585294037659485e-16 1.232374214323796266e-11
2.314802675585284408e+00 0.000000000000000000e+00 0.000000000000000000e+00 0.000000000000000000e+00 0.000000000000000000e+00 1.466439243198374370e-27 3.919400488707123156e-25 1.013096426246697996e-22 5.397097103880011507e-20 1.320658951075510711e-16 1.152250871258939004e-11
2.328177257525083643e+00 0.000000000000000000e+00 0.000000000000000000e+00 0.000000000000000000e+00 0.000000000000000000e+00 9.451844215945854633e-28 2.557934423765303716e-25 6.729408783733394562e-23 3.690416124738960682e-20 9.550208706152018808e-17 1.074853713395777767e-11
2.341551839464882878e+00 0.000000000000000000e+00 0.000000000000000000e+00 0.000000000000000000e+00 0.000000000000000000e+00 6.084208205166886295e-28 1.666804776670641921e-25 4.461773586937278697e-23 2.517886453436082315e-20 6.887108395034840928e-17 1.000160555505512740e-11
2.354926421404682113e+00 0.000000000000000000e+00 0.000000000000000000e+00 0.000000000000000000e+00 0.000000000000000000e+00 3.913499484600610368e-28 1.085008591214333862e-25 2.954301076185065394e-23 1.714865860234800552e-20 4.954576021142214719e-17 9.282416219837196418e-12
2.368301003344481792e+00 0.000000000000000000e+00 0.000000000000000000e+00 0.000000000000000000e+00 0.000000000000000000e+00 2.527151577917112297e-28 7.086924712583059689e-26 1.961518116511103369e-23 1.170028936911143461e-20 3.564940296033809289e-17 8.592291747395067023e-12
2.381675585284281027e+00 0.000000000000000000e+00 0.000000000000000000e+00 0.000000000000000000e+00 0.000000000000000000e+00 1.629879801910137858e-28 4.622066408871765479e-26 1.300073507237931489e-23 7.966157263508277764e-21 2.558290713070002872e-17 7.931134005606412733e-12
2.395050167224080262e+00 0.000000000000000000e+00 0.000000000000000000e+00 0.000000000000000000e+00 0.000000000000000000e+00 1.050876288802027939e-28 3.012747140247077453e-26 8.608930208716431229e-24 5.416413293064580115e-21 1.832092376975652955e-17 7.299720572281144011e-12
2.408424749163879497e+00 0.000000000000000000e+00 0.000000000000000000e+00 0.000000000000000000e+00 0.000000000000000000e+00 6.799736425009313157e-29 1.969829626649544737e-26 5.714953373982543871e-24 3.688745579250304643e-21 1.312240159710464711e-17 6.699181697214469598e-12
2.421799331103679176e+00 0.000000000000000000e+00 0.000000000000000000e+00 0.000000000000000000e+00 0.000000000000000000e+00 4.394529155956456870e-29 1.286099241675631093e-26 3.787436856721288257e-24 2.507084482357931075e-21 9.375147650845767574e-18 6.129203862658852184e-12
2.435173913043478411e+00 0.000000000000000000e+00 0.000000000000000000e+00 0.000000000000000000e+00 0.000000000000000000e+00 0.000000000000000000e+00 8.395769179102237576e-27 2.508830505917751520e-24 1.702345276634774888e-21 6.686514238877251699e-18 5.590325417008897146e-12
2.448548494983277646e+00 0.000000000000000000e+00 0.000000000000000000e+00 0.000000000000000000e+00 0.000000000000000000e+00 0.000000000000000000e+00 5.495990932987248242e-27 1.665580632332644462e-24 1.157586407251499247e-21 4.769476182929853654e-18 5.083161647535329400e-12
2.461923076923076881e+00 0.000000000000000000e+00 0.000000000000000000e+00 0.000000000000000000e+00 0.000000000000000000e+00 0.000000000000000000e+00 3.592821149452537947e-27 1.103972455828808994e-24 7.856292602231332206e-22 3.393786827530291612e-18 4.606974287446617123e-12
2.475297658862876116e+00 0.000000000000000000e+00 0.000000000000000000e+00 0.000000000000000000e+00 0.000000000000000000e+00 0.000000000000000000e+00 2.349385065862884441e-27 7.316942120807255197e-25 5.329027214211577527e-22 2.411651708907402774e-18 4.161864673384872169e-12
2.488672240802675795e+00 0.000000000000000000e+00 0.000000000000000000e+00 0.000000000000000000e+00 0.000000000000000000e+00 0.000000000000000000e+00 1.540032350504197496e-27 4.859043610250646132e-25 3.619269214160925433e-22 1.713815174619231352e-18 3.747767695601857034e-12
2.502046822742475030e+00 0.000000000000000000e+00 0.000000000000000000e+00 0.000000000000000000e+00 0.000000000000000000e+00 0.000000000000000000e+00 1.008166052185448039e-27 3.221790070374020488e-25 2.453494726093592334e-22 1.215060263460055465e-18 3.363478448708834108e-12
2.515421404682274265e+00 0.000000000000000000e+00 0.000000000000000000e+00 0.000000000000000000e+00 0.000000000000000000e+00 0.000000000000000000e+00 6.604633058037002054e-28 2.137006533358057424e-25 1.663001053673410878e-22 8.606149973633100047e-19 3.008613431628397772e-12
2.528795986622073499e+00 0.000000000000000000e+00 0.000000000000000000e+00 0.000000000000000000e+00 0.000000000000000000e+00 0.000000000000000000e+00 4.335887912998213771e-28 1.419847198530652067e-25 1.128369933300912124e-22 6.095364488384820440e-19 2.682443883804524822e-12
2.542170568561873178e+00 0.000000000000000000e+00 0.000000000000000000e+00 0.000000000000000000e+00 0.000000000000000000e+00 0.000000000000000000e+00 2.842856296488945905e-28 9.419499113419054302e-26 7.642447677127093853e-23 4.307386752322244257e-19 2.383399269047979198e-12
2.555545150501672413e+00 0.000000000000000000e+00 0.000000000000000000e+00 0.000000000000000000e+00 0.000000000000000000e+00 0.000000000000000000e+00 1.866070028948177262e-28 6.253987973745239527e-26 5.177651046701155830e-23 3.042060240539192248e-19 2.110691544127469462e-12
2.568919732441471648e+00 0.000000000000000000e+00 0.000000000000000000e+00 0.000000000000000000e+00 0.000000000000000000e+00 0.000000000000000000e+00 1.227066667242197734e-28 4.158028634429436262e-26 3.510651765131582392e-23 2.148091366098141704e-19 1.863087076109978860e-12
2.582294314381270883e+00 0.000000000000000000e+00 0.000000000000000000e+00 0.000000000000000000e+00 0.000000000000000000e+00 0.000000000000000000e+00 8.058892193921424415e-29 2.760525831510725156e-26 2.376257092559148200e-23 1.513553385106377634e-19 1.638830820285065931e-12
2.595668896321070118e+00 0.000000000000000000e+00 0.000000000000000000e+00 0.000000000000000000e+00 0.000000000000000000e+00 0.000000000000000000e+00 5.300986745147287601e-29 1.834920758665348766e-26 1.609508796595219812e-23 1.066217906018814599e-19 1.436883955869721176e-12
2.609043478260869797e+00 0.000000000000000000e+00 0.000000000000000000e+00 0.000000000000000000e+00 0.000000000000000000e+00 0.000000000000000000e+00 3.491877899803256780e-29 1.220999342866008091e-26 1.090802099005560403e-23 7.508761493048223919e-20 1.255735316723702124e-12
2.622418060200669032e+00 0.000000000000000000e+00 0.000000000000000000e+00 0.000000000000000000e+00 0.000000000000000000e+00 0.000000000000000000e+00 2.297452055228537739e-29 8.113520374328873417e-27 7.380335964523707458e-24 5.276976254366721472e-20 1.093637934364533512e-12
2.635792642140468267e+00 0.000000000000000000e+00 0.000000000000000000e+00 0.000000000000000000e+00 0.000000000000000000e+00 0.000000000000000000e+00 1.235122806219778880e-29 5.400072418395356109e-27 4.998893816402979312e-24 3.709106281931735876e-20 9.494701427836943883e-13
2.649167224080267502e+00 0.000000000000000000e+00 0.000000000000000000e+00 0.000000000000000000e+00 0.000000000000000000e+00 0.000000000000000000e+00 0.000000000000000000e+00 3.596928716707986414e-27 3.387021967615458050e-24 2.605932614036920677e-20 8.216671324125443227e-13
2.662541806020067181e+00 0.000000000000000000e+00 0.000000000000000000e+00 0.000000000000000000e+00 0.000000000000000000e+00 0.000000000000000000e+00 0.000000000000000000e+00 2.392656070162880542e-27 2.291209504419175631e-24 1.827191001840748607e-20 7.086437067617851030e-13
2.675916387959866416e+00 0.000000000000000000e+00 0.000000000000000000e+00 0.000000000000000000e+00 0.000000000000000000e+00 0.000000000000000000e+00 0.000000000000000000e+00 1.594766714271806545e-27 1.552210906458241096e-24 1.281847398025363911e-20 6.093339012739317730e-13
2.689290969899665651e+00 0.000000000000000000e+00 0.000000000000000000e+00 0.000000000000000000e+00 0.000000000000000000e+00 0.000000000000000000e+00 0.000000000000000000e+00 1.063466763625940422e-27 1.051654061143244086e-24 8.987261598388428253e-21 5.222915429381904586e-13
2.702665551839464886e+00 0.000000000000000000e+00 0.000000000000000000e+00 0.000000000000000000e+00 0.000000000000000000e+00 0.000000000000000000e+00 0.000000000000000000e+00 7.082489431939223541e-28 7.114121609201150615e-25 6.288915121108845363e-21 4.461851277682064721e-13
2.716040133779264121e+00 0.000000000000000000e+00 0.000000000000000000e+00 0.000000000000000000e+00 0.000000000000000000e+00 0.000000000000000000e+00 0.000000000000000000e+00 4.728084571724148395e-28 4.821456627898481864e-25 4.404736054619062364e-21 3.800931873469575728e-13
2.729414715719063800e+00 0.000000000000000000e+00 0.000000000000000000e+00 0.000000000000000000e+00 0.000000000000000000e+00 0.000000000000000000e+00 0.000000000000000000e+00 3.156903286549360720e-28 3.267068906902963107e-25 3.082659621498307017e-21 3.227904334173172360e-13
2.742789297658863035e+00 0.000000000000000000e+00 0.000000000000000000e+00 0.000000000000000000e+00 0.000000000000000000e+00 0.000000000000000000e+00 0.000000000000000000e+00 2.105185526302531401e-28 2.210479835044425292e-25 2.153362563789752294e-21 2.732302042782406840e-13
2.756163879598662270e+00 0.000000000000000000e+00 0.000000000000000000e+00 0.000000000000000000e+00 0.000000000000000000e+00 0.000000000000000000e+00 0.000000000000000000e+00 1.407739337806942640e-28 1.498961920861690069e-25 1.506150322797136435e-21 2.306742305626817093e-13
2.769538461538461505e+00 0.000000000000000000e+00 0.000000000000000000e+00 0.000000000000000000e+00 0.000000000000000000e+00 0.000000000000000000e+00 0.000000000000000000e+00 9.412330176936824297e-29 1.016019250235589995e-25 1.052442643100145934e-21 1.941554578975420136e-13
2.782913043478261184e+00 0.000000000000000000e+00 0.000000000000000000e+00 0.000000000000000000e+00 0.000000000000000000e+00 0.000000000000000000e+00 0.000000000000000000e+00 6.285527906419656741e-29 6.876732581349542764e-26 7.340765498872631622e-22 1.628975591944459677e-13
2.796287625418060419e+00 0.000000000000000000e+00 0.000000000000000000e+00 0.000000000000000000e+00 0.000000000000000000e+00 0.000000000000000000e+00 0.000000000000000000e+00 4.210669656324880258e-29 4.666624318818398274e-26 5.128695291944753547e-22 1.363456100096811685e-13
2.809662207357859653e+00 0.000000000000000000e+00 0.000000000000000000e+00 0.000000000000000000e+00 0.000000000000000000e+00 0.000000000000000000e+00 0.000000000000000000e+00 2.819484645867018403e-29 3.164557726850545384e-26 3.579019068686244641e-22 1.137809791923987345e-13
2.823036789297658888e+00 0.000000000000000000e+00 0.000000000000000000e+00 0.000000000000000000e+00 0.000000000000000000e+00 0.000000000000000000e+00 0.000000000000000000e+00 1.885704174395156707e-29 2.142946862240256964e-26 2.493212041497136685e-22 9.465682339007708421e-14
2.836411371237458123e+00 0.000000000000000000e+00 0.000000000000000000e+00 0.000000000000000000e+00 0.000000000000000000e+00 0.000000000000000000e+00 0.000000000000000000e+00 1.265612358014591661e-29 1.455500630038346474e-26 1.740360151058589138e-22 7.857841799959478952e-14
2.849785953177257802e+00 0.000000000000000000e+00 0.000000000000000000e+00 0.000000000000000000e+00 0.000000000000000000e+00 0.000000000000000000e+00 0.000000000000000000e+00 8.487959316106221632e-30 9.876054129601434727e-27 1.213162499465983823e-22 6.503902758384436032e-14
2.863160535117057037e+00 0.000000000000000000e+00 0.000000000000000000e+00 0.000000000000000000e+00 0.000000000000000000e+00 0.000000000000000000e+00 0.000000000000000000e+00 5.686258176500272003e-30 6.692378950713743627e-27 8.442629732379238090e-23 5.367147448472502399e-14
2.876535117056856272e+00 0.000000000000000000e+00 0.000000000000000000e+00 0.000000000000000000e+00 0.000000000000000000e+00 0.000000000000000000e+00 0.000000000000000000e+00 0.000000000000000000e+00 4.549882928186675514e-27 5.889087329132262363e-23 4.420662465251786929e-14
2.889909698996655507e+00 0.000000000000000000e+00 0.000000000000000000e+00 0.000000000000000000e+00 0.000000000000000000e+00 0.000000000000000000e+00 0.000000000000000000e+00 0.000000000000000000e+00 3.089506235097260919e-27 4.101473106286035579e-23 3.630506831931147272e-14
2.903284280936454742e+00 0.000000000000000000e+00 0.000000000000000000e+00 0.000000000000000000e+00 0.000000000000000000e+00 0.000000000000000000e+00 0.000000000000000000e+00 0.000000000000000000e+00 2.095841473675544302e-27 2.852681746908179942e-23 2.973183571479943206e-14
2.916658862876254421e+00 0.000000000000000000e+00 0.000000000000000000e+00 0.000000000000000000e+00 0.000000000000000000e+00 0.000000000000000000e+00 0.000000000000000000e+00 0.000000000000000000e+00 1.426040761032099828e-27 1.988369628796594853e-23 2.430526196646945508e-14
2.930033444816053656e+00 0.000000000000000000e+00 0.000000000000000000e+00 0.000000000000000000e+00 0.000000000000000000e+00 0.000000000000000000e+00 0.000000000000000000e+00 0.000000000000000000e+00 9.691493757448864832e-28 1.383834818047429437e-23 1.981327125708075156e-14
2.943408026755852891e+00 0.000000000000000000e+00 0.000000000000000000e+00 0.000000000000000000e+00 0.000000000000000000e+00 0.000000000000000000e+00 0.000000000000000000e+00 0.000000000000000000e+00 6.582378994640569920e-28 9.621344425912803098e-24 1.610897154830509847e-14
2.956782608695652126e+00 0.000000000000000000e+00 0.000000000000000000e+00 0.000000000000000000e+00 0.000000000000000000e+00 0.000000000000000000e+00 0.000000000000000000e+00 0.000000000000000000e+00 4.482898705137481577e-28 6.702424554057856850e-24 1.307515037849537266e-14
2.970157190635451805e+00 0.000000000000000000e+00 0.000000000000000000e+00 0.000000000000000000e+00 0.000000000000000000e+00 0.000000000000000000e+00 0.000000000000000000e+00 0.000000000000000000e+00 3.049546999981400343e-28 4.662210200162851083e-24 1.058384213106523205e-14
2.983531772575251040e+00 0.000000000000000000e+00 0.000000000000000000e+00 0.000000000000000000e+00 0.000000000000000000e+00 0.000000000000000000e+00 0.000000000000000000e+00 0.000000000000000000e+00 2.073940134491176987e-28 3.240849070103284641e-24 8.546370402535256164e-15
2.996906354515050275e+00 0.000000000000000000e+00 0.000000000000000000e+00 0.000000000000000000e+00 0.000000000000000000e+00 0.000000000000000000e+00 0.000000000000000000e+00 0.000000000000000000e+00 1.413902004112010117e-28 2.256735867301658126e-24 6.890065404247482308e-15
3.010280936454849510e+00 0.000000000000000000e+00 0.000000000000000000e+00 0.000000000000000000e+00 0.000000000000000000e+00 0.000000000000000000e+00 0.000000000000000000e+00 0.000000000000000000e+00 9.628461706161025005e-29 1.569226336670417146e-24 5.540158038883616705e-15
3.023655518394648745e+00 0.000000000000000000e+00 0.000000000000000000e+00 0.000000000000000000e+00 0.000000000000000000e+00 0.000000000000000000e+00 0.000000000000000000e+00 0.000000000000000000e+00 6.557346748986845003e-29 1.090786558326801683e-24 4.444806684646650608e-15
3.037030100334448424e+00 0.000000000000000000e+00 0.000000000000000000e+00 0.000000000000000000e+00 0.000000000000000000e+00 0.000000000000000000e+00 0.000000000000000000e+00 0.000000000000000000e+00 4.475472672777272527e-29 7.593739810052705214e-25 3.560537280124225640e-15
3.050404682274247659e+00 0.000000000000000000e+00 0.000000000000000000e+00 0.000000000000000000e+00 0.000000000000000000e+00 0.000000000000000000e+00 0.000000000000000000e+00 0.000000000000000000e+00 3.051247432159034751e-29 5.279254788775564502e-25 2.844942138029132443e-15
3.063779264214046893e+00 0.000000000000000000e+00 0.000000000000000000e+00 0.000000000000000000e+00 0.000000000000000000e+00 0.000000000000000000e+00 0.000000000000000000e+00 0.000000000000000000e+00 2.081117952711316641e-29 3.670122555407823622e-25 2.268596844481794905e-15
3.077153846153846128e+00 0.000000000000000000e+00 0.000000000000000000e+00 0.000000000000000000e+00 0.000000000000000000e+00 0.000000000000000000e+00 0.000000000000000000e+00 0.000000000000000000e+00 1.422106445176675264e-29 2.554782634127191850e-25 1.806318566326714155e-15
3.090528428093645807e+00 0.000000000000000000e+00 0.000000000000000000e+00 0.000000000000000000e+00 0.000000000000000000e+00 0.000000000000000000e+00 0.000000000000000000e+00 0.000000000000000000e+00 9.707506726798040396e-30 1.776009528404556530e-25 1.434706930559032746e-15
3.103903010033445042e+00 0.000000000000000000e+00 0.000000000000000000e+00 0.000000000000000000e+00 0.000000000000000000e+00 0.000000000000000000e+00 0.000000000000000000e+00 0.000000000000000000e+00 6.631457444497117527e-30 1.235004596456148666e-25 1.137510973026322515e-15
3.117277591973244277e+00 0.000000000000000000e+00 0.000000000000000000e+00 0.000000000000000000e+00 0.000000000000000000e+00 0.000000000000000000e+00 0.000000000000000000e+00 0.000000000000000000e+00 4.537353890287073722e-30 8.597225976645089766e-26 9.005646469026091808e-16
3.130652173913043512e+00 0.000000000000000000e+00 0.000000000000000000e+00 0.000000000000000000e+00 0.000000000000000000e+00 0.000000000000000000e+00 0.000000000000000000e+00 0.000000000000000000e+00 3.101331340768307927e-30 5.976983093955920892e-26 7.112807410848124847e-16
3.144026755852842747e+00 0.000000000000000000e+00 0.000000000000000000e+00 0.000000000000000000e+00 0.000000000000000000e+00 0.000000000000000000e+00 0.000000000000000000e+00 0.000000000000000000e+00 2.122081478211305184e-30 4.157934096115148983e-26 5.609078121550658129e-16
3.157401337792642426e+00 0.000000000000000000e+00 0.000000000000000000e+00 0.000000000000000000e+00 0.000000000000000000e+00 0.000000000000000000e+00 0.000000000000000000e+00 0.000000000000000000e+00 7.560910293442903615e-31 2.894932453893092378e-26 4.416876702134391960e-16
3.170775919732441661e+00 0.000000000000000000e+00 0.000000000000000000e+00 0.000000000000000000e+00 0.000000000000000000e+00 0.000000000000000000e+00 0.000000000000000000e+00 0.000000000000000000e+00 0.000000000000000000e+00 2.013020586287235113e-26 3.470078928769408414e-16
3.184150501672240896e+00 0.000000000000000000e+00 0.000000000000000000e+00 0.000000000000000000e+00 0.000000000000000000e+00 0.000000000000000000e+00 0.000000000000000000e+00 0.000000000000000000e+00 0.000000000000000000e+00 1.401098592162601465e-26 2.722646967023601604e-16
3.197525083612040131e+00 0.000000000000000000e+00 0.000000000000000000e+00 0.000000000000000000e+00 0.000000000000000000e+00 0.000000000000000000e+00 0.000000000000000000e+00 0.000000000000000000e+00 0.000000000000000000e+00 9.757786316244044858e-27 2.133123389736201088e-16
3.210899665551839366e+00 0.000000000000000000e+00 0.000000000000000000e+00 0.000000000000000000e+00 0.000000000000000000e+00 0.000000000000000000e+00 0.000000000000000000e+00 0.000000000000000000e+00 0.000000000000000000e+00 6.787299442982722781e-27 1.667526525463508917e-16
3.224274247491639045e+00 0.000000000000000000e+00 0.000000000000000000e+00 0.000000000000000000e+00 0.000000000000000000e+00 0.000000000000000000e+00 0.000000000000000000e+00 0.000000000000000000e+00 0.000000000000000000e+00 4.727058192560435421e-27 1.302157936537542777e-16
3.237648829431438280e+00 0.000000000000000000e+00 0.000000000000000000e+00 0.000000000000000000e+00 0.000000000000000000e+00 0.000000000000000000e+00 0.000000000000000000e+00 0.000000000000000000e+00 0.000000000000000000e+00 3.293383505071885647e-27 1.015359107201820620e-16
3.251023411371237515e+00 0.000000000000000000e+00 0.000000000000000000e+00 0.000000000000000000e+00 0.000000000000000000e+00 0.000000000000000000e+00 0.000000000000000000e+00 0.000000000000000000e+00 0.000000000000000000e+00 2.291765054679772878e-27 7.900199659195284892e-17
3.264397993311036750e+00 0.000000000000000000e+00 0.000000000000000000e+00 0.000000000000000000e+00 0.000000000000000000e+00 0.000000000000000000e+00 0.000000000000000000e+00 0.000000000000000000e+00 0.000000000000000000e+00 1.597284358346626043e-27 6.141850080478298432e-17
3.277772575250836429e+00 0.000000000000000000e+00 0.000000000000000000e+00 0.000000000000000000e+00 0.000000000000000000e+00 0.000000000000000000e+00 0.000000000000000000e+00 0.000000000000000000e+00 0.000000000000000000e+00 1.113386182397179799e-27 4.767725709899848366e-17
3.291147157190635664e+00 0.000000000000000000e+00 0.000000000000000000e+00 0.000000000000000000e+00 0.000000000000000000e+00 0.000000000000000000e+00 0.000000000000000000e+00 0.000000000000000000e+00 0.000000000000000000e+00 7.751725857402679377e-28 3.693298738416577990e-17
3.304521739130434899e+00 0.000000000000000000e+00 0.000000000000000000e+00 0.000000000000000000e+00 0.000000000000000000e+00 0.000000000000000000e+00 0.000000000000000000e+00 0.000000000000000000e+00 0.000000000000000000e+00 5.407169053825400825e-28 2.859374929203325779e-17
3.317896321070234134e+00 0.000000000000000000e+00 0.000000000000000000e+00 0.000000000000000000e+00 0.000000000000000000e+00 0.000000000000000000e+00 0.000000000000000000e+00 0.000000000000000000e+00 0.000000000000000000e+00 3.771255623315490181e-28 2.210335368447635160e-17
3.331270903010033368e+00 0.000000000000000000e+00 0.000000000000000000e+00 0.000000000000000000e+00 0.000000000000000000e+00 0.000000000000000000e+00 0.000000000000000000e+00 0.000000000000000000e+00 0.000000000000000000e+00 2.627258602581612519e-28 1.705154031497183806e-17
3.344645484949833047e+00 0.000000000000000000e+00 0.000000000000000000e+00 0.000000000000000000e+00 0.000000000000000000e+00 0.000000000000000000e+00 0.000000000000000000e+00 0.000000000000000000e+00 0.000000000000000000e+00 1.834305308348813643e-28 1.315028656385624541e-17
3.358020066889632282e+00 0.000000000000000000e+00 0.000000000000000000e+00 0.000000000000000000e+00 0.000000000000000000e+00 0.000000000000000000e+00 0.000000000000000000e+00 0.000000000000000000e+00 0.000000000000000000e+00 1.280198201764456446e-28 1.012536548255601352e-17
3.371394648829431517e+00 0.000000000000000000e+00 0.000000000000000000e+00 0.000000000000000000e+00 0.000000000000000000e+00 0.000000000000000000e+00 0.000000000000000000e+00 0.000000000000000000e+00 0.000000000000000000e+00 8.924724050223427421e-29 7.780910179133481713e-18
3.384769230769230752e+00 0.000000000000000000e+00 0.000000000000000000e+00 0.000000000000000000e+00 0.000000000000000000e+00 0.000000000000000000e+00 0.000000000000000000e+00 0.000000000000000000e+00 0.000000000000000000e+00 6.237285201541416317e-29 5.979028572620442097e-18
3.398143812709030431e+00 0.000000000000000000e+00 0.000000000000000000e+00 0.000000000000000000e+00 0.000000000000000000e+00 0.000000000000000000e+00 0.000000000000000000e+00 0.000000000000000000e+00 0.000000000000000000e+00 4.356372583319312826e-29 4.586723445990497637e-18
3.411518394648829666e+00 0.000000000000000000e+00 0.000000000000000000e+00 0.000000000000000000e+00 0.000000000000000000e+00 0.000000000000000000e+00 0.000000000000000000e+00 0.000000000000000000e+00 0.000000000000000000e+00 3.039323700467629975e-29 3.511908157218592236e-18
3.424892976588628901e+00 0.000000000000000000e+00 0.000000000000000000e+00 0.000000000000000000e+00 0.000000000000000000e+00 0.000000000000000000e+00 0.000000000000000000e+00 0.000000000000000000e+00 0.000000000000000000e+00 2.126383567784342586e-29 2.689553350764967098e-18
3.438267558528428136e+00 0.000000000000000000e+00 0.000000000000000000e+00 0.000000000000000000e+00 0.000000000000000000e+00 0.000000000000000000e+00 0.000000000000000000e+00 0.000000000000000000e+00 0.000000000000000000e+00 1.486368206316438645e-29 2.056133600222540077e-18
3.451642140468227371e+00 0.000000000000000000e+00 0.000000000000000000e+00 0.000000000000000000e+00 0.000000000000000000e+00 0.000000000000000000e+00 0.000000000000000000e+00 0.000000000000000000e+00 0.000000000000000000e+00 1.038032643594848426e-29 1.569105567027811874e-18
3.465016722408027050e+00 0.000000000000000000e+00 0.000000000000000000e+00 0.000000000000000000e+00 0.000000000000000000e+00 0.000000000000000000e+00 0.000000000000000000e+00 0.000000000000000000e+00 0.000000000000000000e+00 7.269445605623241074e-30 1.197818347268107731e-18
3.478391304347826285e+00 0.000000000000000000e+00 0.000000000000000000e+00 0.000000000000000000e+00 0.000000000000000000e+00 0.000000000000000000e+00 0.000000000000000000e+00 0.000000000000000000e+00 0.000000000000000000e+00 5.085931629674573901e-30 9.127653900526921396e-19
3.491765886287625520e+00 0.000000000000000000e+00 0.000000000000000000e+00 0.000000000000000000e+00 0.000000000000000000e+00 0.000000000000000000e+00 0.000000000000000000e+00 0.000000000000000000e+00 0.000000000000000000e+00 3.556036847942501104e-30 6.944610557608504403e-19
3.505140468227424755e+00 0.000000000000000000e+00 0.000000000000000000e+00 0.000000000000000000e+00 0.000000000000000000e+00 0.000000000000000000e+00 0.000000000000000000e+00 0.000000000000000000e+00 0.000000000000000000e+00 2.492635417727077254e-30 5.285122789840757659e-19
3.518515050167224434e+00 0.000000000000000000e+00 0.000000000000000000e+00 0.000000000000000000e+00 0.000000000000000000e+00 0.000000000000000000e+00 0.000000000000000000e+00 0.000000000000000000e+00 0.000000000000000000e+00 1.745577334524772476e-30 4.015256669190622055e-19
3.531889632107023669e+00 0.000000000000000000e+00 0.000000000000000000e+00 0.000000000000000000e+00 0.000000000000000000e+00 0.000000000000000000e+00 0.000000000000000000e+00 0.000000000000000000e+00 0.000000000000000000e+00 1.222000402157318739e-30 3.046386593070362115e-19
3.545264214046822904e+00 0.000000000000000000e+00 0.000000000000000000e+00 0.000000000000000000e+00 0.000000000000000000e+00 0.000000000000000000e+00 0.000000000000000000e+00 0.000000000000000000e+00 0.000000000000000000e+00 8.574149801382713832e-31 2.311799259574367230e-19
3.558638795986622139e+00 0.000000000000000000e+00 0.000000000000000000e+00 0.000000000000000000e+00 0.000000000000000000e+00 0.000000000000000000e+00 0.000000000000000000e+00 0.000000000000000000e+00 0.000000000000000000e+00 6.010449811140498461e-31 1.751405725893836178e-19
3.572013377926421374e+00 0.000000000000000000e+00 0.000000000000000000e+00 0.000000000000000000e+00 0.000000000000000000e+00 0.000000000000000000e+00 0.000000000000000000e+00 0.000000000000000000e+00 0.000000000000000000e+00 4.213071668620446034e-31 1.325353488819380132e-19
3.585387959866221053e+00 0.000000000000000000e+00 0.000000000000000000e+00 0.000000000000000000e+00 0.000000000000000000e+00 0.000000000000000000e+00 0.000000000000000000e+00 0.000000000000000000e+00 0.000000000000000000e+00 0.000000000000000000e+00 1.003089811887420205e-19
3.598762541806020288e+00 0.000000000000000000e+00 0.000000000000000000e+00 0.000000000000000000e+00 0.000000000000000000e+00 0.000000000000000000e+00 0.000000000000000000e+00 0.000000000000000000e+00 0.000000000000000000e+00 0.000000000000000000e+00 7.579470462517974071e-20
3.612137123745819522e+00 0.000000000000000000e+00 0.000000000000000000e+00 0.000000000000000000e+00 0.000000000000000000e+00 0.000000000000000000e+00 0.000000000000000000e+00 0.000000000000000000e+00 0.000000000000000000e+00 0.000000000000000000e+00 5.721933260796392240e-20
3.625511705685618757e+00 0.000000000000000000e+00 0.000000000000000000e+00 0.000000000000000000e+00 0.000000000000000000e+00 0.000000000000000000e+00 0.000000000000000000e+00 0.000000000000000000e+00 0.000000000000000000e+00 0.000000000000000000e+00 4.319909790659547940e-20
3.638886287625418436e+00 0.000000000000000000e+00 0.000000000000000000e+00 0.000000000000000000e+00 0.000000000000000000e+00 0.000000000000000000e+00 0.000000000000000000e+00 0.000000000000000000e+00 0.000000000000000000e+00 0.000000000000000000e+00 3.256236241047736050e-20
3.652260869565217671e+00 0.000000000000000000e+00 0.000000000000000000e+00 0.000000000000000000e+00 0.000000000000000000e+00 0.000000000000000000e+00 0.000000000000000000e+00 0.000000000000000000e+00 0.000000000000000000e+00 0.000000000000000000e+00 2.452788605169976194e-20
3.665635451505016906e+00 0.000000000000000000e+00 0.000000000000000000e+00 0.000000000000000000e+00 0.000000000000000000e+00 0.000000000000000000e+00 0.000000000000000000e+00 0.000000000000000000e+00 0.000000000000000000e+00 0.000000000000000000e+00 1.847534451651516776e-20
3.679010033444816141e+00 0.000000000000000000e+00 0.000000000000000000e+00 0.000000000000000000e+00 0.000000000000000000e+00 0.000000000000000000e+00 0.000000000000000000e+00 0.000000000000000000e+00 0.000000000000000000e+00 0.000000000000000000e+00 1.389478162197439827e-20
3.692384615384615376e+00 0.000000000000000000e+00 0.000000000000000000e+00 0.000000000000000000e+00 0.000000000000000000e+00 0.000000000000000000e+00 0.000000000000000000e+00 0.000000000000000000e+00 0.000000000000000000e+00 0.000000000000000000e+00 1.044511872290107952e-20
3.705759197324415055e+00 0.000000000000000000e+00 0.000000000000000000e+00 0.000000000000000000e+00 0.000000000000000000e+00 0.000000000000000000e+00 0.000000000000000000e+00 0.000000000000000000e+00 0.000000000000000000e+00 0.000000000000000000e+00 7.850895617177427424e-21
3.719133779264214290e+00 0.000000000000000000e+00 0.000000000000000000e+00 0.000000000000000000e+00 0.000000000000000000e+00 0.000000000000000000e+00 0.000000000000000000e+00 0.000000000000000000e+00 0.000000000000000000e+00 0.000000000000000000e+00 5.892075183687961420e-21
3.732508361204013525e+00 0.000000000000000000e+00 0.000000000000000000e+00 0.000000000000000000e+00 0.000000000000000000e+00 0.000000000000000000e+00 0.000000000000000000e+00 0.000000000000000000e+00 0.000000000000000000e+00 0.000000000000000000e+00 4.421000245148112257e-21
3.745882943143812760e+00 0.000000000000000000e+00 0.000000000000000000e+00 0.000000000000000000e+00 0.000000000000000000e+00 0.000000000000000000e+00 0.000000000000000000e+00 0.000000000000000000e+00 0.000000000000000000e+00 0.000000000000000000e+00 3.316415398893773609e-21
3.759257525083611995e+00 0.000000000000000000e+00 0.000000000000000000e+00 0.000000000000000000e+00 0.000000000000000000e+00 0.000000000000000000e+00 0.000000000000000000e+00 0.000000000000000000e+00 0.000000000000000000e+00 0.000000000000000000e+00 2.484140727263484631e-21
3.772632107023411674e+00 0.000000000000000000e+00 0.000000000000000000e+00 0.000000000000000000e+00 0.000000000000000000e+00 0.000000000000000000e+00 0.000000000000000000e+00 0.000000000000000000e+00 0.000000000000000000e+00 0.000000000000000000e+00 1.860751686292032215e-21
3.786006688963210909e+00 0.000000000000000000e+00 0.000000000000000000e+00 0.000000000000000000e+00 0.000000000000000000e+00 0.000000000000000000e+00 0.000000000000000000e+00 0.000000000000000000e+00 0.000000000000000000e+00 0.000000000000000000e+00 1.393301198422676746e-21
3.799381270903010144e+00 0.000000000000000000e+00 0.000000000000000000e+00 0.000000000000000000e+00 0.000000000000000000e+00 0.000000000000000000e+00 0.000000000000000000e+00 0.000000000000000000e+00 0.000000000000000000e+00 0.000000000000000000e+00 1.041778292629000175e-21
3.812755852842809379e+00 0.000000000000000000e+00 0.000000000000000000e+00 0.000000000000000000e+00 0.000000000000000000e+00 0.000000000000000000e+00 0.000000000000000000e+00 0.000000000000000000e+00 0.000000000000000000e+00 0.000000000000000000e+00 7.791359423613687182e-22
3.826130434782609058e+00 0.000000000000000000e+00 0.000000000000000000e+00 0.000000000000000000e+00 0.000000000000000000e+00 0.000000000000000000e+00 0.000000000000000000e+00 0.000000000000000000e+00 0.000000000000000000e+00 0.000000000000000000e+00 5.824254252474202433e-22
3.839505016722408293e+00 0.000000000000000000e+00 0.000000000000000000e+00 0.000000000000000000e+00 0.000000000000000000e+00 0.000000000000000000e+00 0.000000000000000000e+00 0.000000000000000000e+00 0.000000000000000000e+00 0.000000000000000000e+00 4.347655842396872569e-22
3.852879598662207528e+00 0.000000000000000000e+00 0.000000000000000000e+00 0.000000000000000000e+00 0.000000000000000000e+00 0.000000000000000000e+00 0.000000000000000000e+00 0.000000000000000000e+00 0.000000000000000000e+00 0.000000000000000000e+00 3.246991090924844145e-22
3.866254180602006763e+00 0.000000000000000000e+00 0.000000000000000000e+00 0.000000000000000000e+00 0.000000000000000000e+00 0.000000000000000000e+00 0.000000000000000000e+00 0.000000000000000000e+00 0.000000000000000000e+00 0.000000000000000000e+00 2.423470736796969677e-22
3.879628762541805997e+00 0.000000000000000000e+00 0.000000000000000000e+00 0.000000000000000000e+00 0.000000000000000000e+00 0.000000000000000000e+00 0.000000000000000000e+00 0.000000000000000000e+00 0.000000000000000000e+00 0.000000000000000000e+00 1.806323461017069475e-22
3.893003344481605676e+00 0.000000000000000000e+00 0.000000000000000000e+00 0.000000000000000000e+00 0.000000000000000000e+00 0.000000000000000000e+00 0.000000000000000000e+00 0.000000000000000000e+00 0.000000000000000000e+00 0.000000000000000000e+00 1.347312924886757679e-22
3.906377926421404911e+00 0.000000000000000000e+00 0.000000000000000000e+00 0.000000000000000000e+00 0.000000000000000000e+00 0.000000000000000000e+00 0.000000000000000000e+00 0.000000000000000000e+00 0.000000000000000000e+00 0.000000000000000000e+00 1.004178269260521974e-22
3.919752508361204146e+00 0.000000000000000000e+00 0.000000000000000000e+00 0.000000000000000000e+00 0.000000000000000000e+00 0.000000000000000000e+00 0.000000000000000000e+00 0.000000000000000000e+00 0.000000000000000000e+00 0.000000000000000000e+00 7.474236658925479482e-23
3.933127090301003381e+00 0.000000000000000000e+00 0.000000000000000000e+00 0.000000000000000000e+00 0.000000000000000000e+00 0.000000000000000000e+00 0.000000000000000000e+00 0.000000000000000000e+00 0.000000000000000000e+00 0.000000000000000000e+00 5.568557392276370006e-23
3.946501672240803060e+00 0.000000000000000000e+00 0.000000000000000000e+00 0.000000000000000000e+00 0.000000000000000000e+00 0.000000000000000000e+00 0.000000000000000000e+00 0.000000000000000000e+00 0.000000000000000000e+00 0.000000000000000000e+00 4.144993710610978475e-23
3.959876254180602295e+00 0.000000000000000000e+00 0.000000000000000000e+00 0.000000000000000000e+00 0.000000000000000000e+00 0.000000000000000000e+00 0.000000000000000000e+00 0.000000000000000000e+00 0.000000000000000000e+00 0.000000000000000000e+00 3.081276752416569603e-23
3.973250836120401530e+00 0.000000000000000000e+00 0.000000000000000000e+00 0.000000000000000000e+00 0.000000000000000000e+00 0.000000000000000000e+00 0.000000000000000000e+00 0.000000000000000000e+00 0.000000000000000000e+00 0.000000000000000000e+00 2.293307962984501784e-23
3.986625418060200765e+00 0.000000000000000000e+00 0.000000000000000000e+00 0.000000000000000000e+00 0.000000000000000000e+00 0.000000000000000000e+00 0.000000000000000000e+00 0.000000000000000000e+00 0.000000000000000000e+00 0.000000000000000000e+00 1.705033089369427232e-23
4.000000000000000000e+00 0.000000000000000000e+00 0.000000000000000000e+00 0.000000000000000000e+00 0.000000000000000000e+00 0.000000000000000000e+00 0.000000000000000000e+00 0.000000000000000000e+00 0.000000000000000000e+00 0.000000000000000000e+00 1.266019097915179705e-23
