1.000000000000000021e-03 5.164814638227270950e-09 3.310851611724124165e-25 0.000000000000000000e+00 0.000000000000000000e+00 0.000000000000000000e+00 0.000000000000000000e+00 0.000000000000000000e+00 0.000000000000000000e+00 0.000000000000000000e+00 0.000000000000000000e+00
1.437458193979933296e-02 1.327748657193159736e-06 1.924456746737174952e-21 0.000000000000000000e+00 0.000000000000000000e+00 0.000000000000000000e+00 0.000000000000000000e+00 0.000000000000000000e+00 0.000000000000000000e+00 0.000000000000000000e+00 0.000000000000000000e+00
2.774916387959866504e-02 5.656180036904176490e-06 1.152312781488298437e-19 0.000000000000000000e+00 0.000000000000000000e+00 0.000000000000000000e+00 0.000000000000000000e+00 0.000000000000000000e+00 0.000000000000000000e+00 0.000000000000000000e+00 0.000000000000000000e+00
4.112374581939799711e-02 1.384127728993080030e-05 3.390773951456882670e-18 0.000000000000000000e+00 0.000000000000000000e+00 0.000000000000000000e+00 0.000000000000000000e+00 0.000000000000000000e+00 0.000000000000000000e+00 0.000000000000000000e+00 0.000000000000000000e+00
5.449832775919732919e-02 2.651279375901189784e-05 7.835070509888506036e-17 0.000000000000000000e+00 0.000000000000000000e+00 0.000000000000000000e+00 0.000000000000000000e+00 0.000000000000000000e+00 0.000000000000000000e+00 0.000000000000000000e+00 0.000000000000000000e+00
6.787290969899666127e-02 4.374320323996189940e-05 1.204833410059477424e-15 0.000000000000000000e+00 0.000000000000000000e+00 0.000000000000000000e+00 0.000000000000000000e+00 0.000000000000000000e+00 0.000000000000000000e+00 0.000000000000000000e+00 0.000000000000000000e+00
8.124749163879599334e-02 6.551422363561642376e-05 1.436797384758644845e-14 0.000000000000000000e+00 0.000000000000000000e+00 0.000000000000000000e+00 0.000000000000000000e+00 0.000000000000000000e+00 0.000000000000000000e+00 0.000000000000000000e+00 0.000000000000000000e+00
9.462207357859532542e-02 9.174203100862924807e-05 1.502069000028212704e-13 0.000000000000000000e+00 0.000000000000000000e+00 0.000000000000000000e+00 0.000000000000000000e+00 0.000000000000000000e+00 0.000000000000000000e+00 0.000000000000000000e+00 0.000000000000000000e+00
1.079966555183946575e-01 1.220841901903234837e-04 1.231073341381642396e-12 2.394542218259376492e-20 0.000000000000000000e+00 0.000000000000000000e+00 0.000000000000000000e+00 0.000000000000000000e+00 0.000000000000000000e+00 0.000000000000000000e+00 0.000000000000000000e+00
1.213712374581939896e-01 1.563093490539203270e-04 8.518253305726737650e-12 4.404206217387662282e-19 0.000000000000000000e+00 0.000000000000000000e+00 0.000000000000000000e+00 0.000000000000000000e+00 0.000000000000000000e+00 0.000000000000000000e+00 0.000000000000000000e+00
1.347458193979933216e-01 1.942069940721847740e-04 5.263951675808271053e-11 7.256540949289218281e-18 0.000000000000000000e+00 0.000000000000000000e+00 0.000000000000000000e+00 0.000000000000000000e+00 0.000000000000000000e+00 0.000000000000000000e+00 0.000000000000000000e+00
1.481204013377926398e-01 2.354416274490828413e-04 2.734892609738413538e-10 9.211851135000451606e-17 0.000000000000000000e+00 0.000000000000000000e+00 0.000000000000000000e+00 0.000000000000000000e+00 0.000000000000000000e+00 0.000000000000000000e+00 0.000000000000000000e+00
1.614949832775919858e-01 2.797875059017636604e-04 1.250881771132969797e-09 9.988489929861935475e-16 0.000000000000000000e+00 0.000000000000000000e+00 0.000000000000000000e+00 0.000000000000000000e+00 0.000000000000000000e+00 0.000000000000000000e+00 0.000000000000000000e+00
1.748695652173913317e-01 3.270343840797476881e-04 5.174406618320414688e-09 9.690877594621479141e-15 0.000000000000000000e+00 0.000000000000000000e+00 0.000000000000000000e+00 0.000000000000000000e+00 0.000000000000000000e+00 0.000000000000000000e+00 0.000000000000000000e+00
1.882441471571906499e-01 3.769118778067912954e-04 1.877676259142595242e-08 7.716913158092774719e-14 2.641067804522603633e-20 0.000000000000000000e+00 0.000000000000000000e+00 0.000000000000000000e+00 0.000000000000000000e+00 0.000000000000000000e+00 0.000000000000000000e+00
2.016187290969899681e-01 4.292275090730478921e-04 6.161020970721182658e-08 5.421007892009072321e-13 3.959028361699356684e-19 0.000000000000000000e+00 0.000000000000000000e+00 0.000000000000000000e+00 0.000000000000000000e+00 0.000000000000000000e+00 0.000000000000000000e+00
2.149933110367893141e-01 4.837684372475670722e-04 1.851409625372267006e-07 3.425685235558526519e-12 5.267425584379097006e-18 0.000000000000000000e+00 0.000000000000000000e+00 0.000000000000000000e+00 0.000000000000000000e+00 0.000000000000000000e+00 0.000000000000000000e+00
2.283678929765886600e-01 5.402399252040956034e-04 5.025664986394343652e-07 1.856280670078541108e-11 5.661712746348621271e-17 0.000000000000000000e+00 0.000000000000000000e+00 0.000000000000000000e+00 0.000000000000000000e+00 0.000000000000000000e+00 0.000000000000000000e+00
2.417424749163879782e-01 5.982838858360386546e-04 1.257457577460164397e-06 9.077783022308084976e-11 5.430095774155120103e-16 0.000000000000000000e+00 0.000000000000000000e+00 0.000000000000000000e+00 0.000000000000000000e+00 0.000000000000000000e+00 0.000000000000000000e+00
2.551170568561872964e-01 6.573325240257771448e-04 2.917714771308030666e-06 4.029769912840945760e-10 4.643059184933920578e-15 0.000000000000000000e+00 0.000000000000000000e+00 0.000000000000000000e+00 0.000000000000000000e+00 0.000000000000000000e+00 0.000000000000000000e+00
2.684916387959866424e-01 7.165369642382144865e-04 6.248957629046277800e-06 1.583646613163921590e-09 3.353357080357542465e-14 7.935443791388505182e-20 0.000000000000000000e+00 0.000000000000000000e+00 0.000000000000000000e+00 0.000000000000000000e+00 0.000000000000000000e+00
2.818662207357859883e-01 7.746240565769385708e-04 1.251999979358142033e-05 5.712633105886427452e-09 2.201147202201942689e-13 9.692197409503084510e-19 0.000000000000000000e+00 0.000000000000000000e+00 0.000000000000000000e+00 0.000000000000000000e+00 0.000000000000000000e+00
2.952408026755852788e-01 8.298223114016905913e-04 2.354248460598753313e-05 1.890679326776463301e-08 1.299414303835980693e-12 1.042205386257440322e-17 0.000000000000000000e+00 0.000000000000000000e+00 0.000000000000000000e+00 0.000000000000000000e+00 0.000000000000000000e+00
3.086153846153846247e-01 8.799798389978190534e-04 4.154522282461008451e-05 5.674212125698149957e-08 6.698951370656128698e-12 9.372901682273864400e-17 0.000000000000000000e+00 0.000000000000000000e+00 0.000000000000000000e+00 0.000000000000000000e+00 0.000000000000000000e+00
3.219899665551839707e-01 9.223492535245994680e-04 6.941016728297013782e-05 1.583863664491405211e-07 3.182835516357005014e-11 7.757100604203706898e-16 0.000000000000000000e+00 0.000000000000000000e+00 0.000000000000000000e+00 0.000000000000000000e+00 0.000000000000000000e+00
3.353645484949833167e-01 9.541150424301015958e-04 1.100436661353872782e-04 4.101268979155311788e-07 1.374603065440799011e-10 5.709963325601834202e-15 1.138570137206323003e-20 0.000000000000000000e+00 0.000000000000000000e+00 0.000000000000000000e+00 0.000000000000000000e+00
3.487391304347826626e-01 9.728108554555408823e-04 1.658815813696321430e-04 9.810160097967102509e-07 5.318493213687552491e-10 3.636208944088665291e-14 1.785514805899436663e-19 0.000000000000000000e+00 0.000000000000000000e+00 0.000000000000000000e+00 0.000000000000000000e+00
3.621137123745819530e-01 9.760443294413834832e-04 2.390910801703420227e-04 2.205884657384503892e-06 1.917358455460364400e-09 2.153279109361448839e-13 1.842083968194959588e-18 0.000000000000000000e+00 0.000000000000000000e+00 0.000000000000000000e+00 0.000000000000000000e+00
3.754882943143812990e-01 9.626852400647239755e-04 3.301898546854203031e-04 4.650314292506036052e-06 6.353705837754619934e-09 1.147528470660976424e-12 1.666076746369302779e-17 0.000000000000000000e+00 0.000000000000000000e+00 0.000000000000000000e+00 0.000000000000000000e+00
3.888628762541806450e-01 9.328207209704230144e-04 4.380129614384178048e-04 9.189159940898649433e-06 1.924165347211246086e-08 5.431454864657943193e-12 1.292840692055927708e-16 0.000000000000000000e+00 0.000000000000000000e+00 0.000000000000000000e+00 0.000000000000000000e+00
4.022374581939799354e-01 8.872343530247125271e-04 5.600322817635702876e-04 1.722141488043736098e-05 5.478028861640218507e-08 2.410430735057305804e-11 9.447781691349618293e-16 0.000000000000000000e+00 0.000000000000000000e+00 0.000000000000000000e+00 0.000000000000000000e+00
4.156120401337792813e-01 8.283217639631299803e-04 6.915027340502660812e-04 3.055563643817442058e-05 1.449251713454886396e-07 9.743726806952258021e-11 6.135952801138540198e-15 0.000000000000000000e+00 0.000000000000000000e+00 0.000000000000000000e+00 0.000000000000000000e+00
4.289866220735786273e-01 7.591835473074078078e-04 8.264397409871610542e-04 5.141110046182351812e-05 3.559546036857956491e-07 3.571346182386148805e-10 3.511752431632385489e-14 1.131616506572176372e-19 0.000000000000000000e+00 0.000000000000000000e+00 0.000000000000000000e+00
4.423612040133779733e-01 6.831773303923915951e-04 9.577851550911281511e-04 8.265790147389107773e-05 8.280355625668198270e-07 1.235691971265842750e-09 1.902692286004344918e-13 1.059289967901560889e-18 0.000000000000000000e+00 0.000000000000000000e+00 0.000000000000000000e+00
4.557357859531773192e-01 6.040018960710585600e-04 1.078319864816294424e-03 1.269103506030200214e-04 1.808204725620200905e-06 3.940084203269223335e-09 9.286858202546766365e-13 8.654717202550745631e-18 0.000000000000000000e+00 0.000000000000000000e+00 0.000000000000000000e+00
4.691103678929766096e-01 5.249308195137201809e-04 1.181420006991834928e-03 1.865029104523468258e-04 3.712402283654258988e-06 1.158101153366524339e-08 4.080480887389924903e-12 6.171357826941314712e-17 0.000000000000000000e+00 0.000000000000000000e+00 0.000000000000000000e+00
4.824849498327759556e-01 4.488669197370786200e-04 1.260709468082943331e-03 2.635734857805766451e-04 7.265164018544978501e-06 3.231918222905213980e-08 1.704678590152421070e-11 4.224218563365702663e-16 0.000000000000000000e+00 0.000000000000000000e+00 0.000000000000000000e+00
4.958595317725753016e-01 3.778831391993277646e-04 1.312503633942085912e-03 3.583542233381140801e-04 1.346974826717535937e-05 8.402482782159586702e-08 6.498740494886900133e-11 2.563941503681925576e-15 0.000000000000000000e+00 0.000000000000000000e+00 0.000000000000000000e+00
5.092341137123745920e-01 3.133660486788245156e-04 1.334788259994855670e-03 4.697799610924300630e-04 2.371941773338898815e-05 2.040715851151833842e-07 2.268830495656117743e-10 1.388604820032216727e-14 0.000000000000000000e+00 0.000000000000000000e+00 0.000000000000000000e+00
5.226086956521739380e-01 2.563406937715630141e-04 1.326610067040433737e-03 5.954184765627202865e-04 4.003633000434150152e-05 4.729544930937587149e-07 7.559672876293292648e-10 7.229134668260287907e-14 1.859261812760564414e-19 0.000000000000000000e+00 0.000000000000000000e+00
5.359832775919732839e-01 2.068534683221408667e-04 1.290515882689495389e-03 7.304577750434631134e-04 6.454011538550638171e-05 1.031261506286244933e-06 2.326144889668739870e-09 3.386965779882109682e-13 1.443875069849816688e-18 0.000000000000000000e+00 0.000000000000000000e+00
5.493578595317726299e-01 1.647035170412732518e-04 1.229965009822567420e-03 8.690439283060903165e-04 9.963606787126089094e-05 2.123490381987624135e-06 6.646676336454825777e-09 1.441611068398993061e-12 9.902747122415058427e-18 0.000000000000000000e+00 0.000000000000000000e+00
5.627324414715719758e-01 1.296348178999850705e-04 1.149048059717924569e-03 1.004070927090598871e-03 1.481606812676725018e-04 4.191337912947217773e-06 1.818797476929430033e-08 5.906007487852148677e-12 6.634188051735524891e-17 0.000000000000000000e+00 0.000000000000000000e+00
5.761070234113713218e-01 1.007679855308130784e-04 1.053610686253315422e-03 1.128425268966590711e-03 2.118775786471092774e-04 7.851850266525623709e-06 4.646104242765060495e-08 2.207171072887540163e-11 3.923881319105205263e-16 0.000000000000000000e+00 0.000000000000000000e+00
5.894816053511705567e-01 7.736388771332823155e-05 9.489833487396089453e-04 1.235397844504064176e-03 2.921240562817674922e-04 1.401769165257092165e-05 1.115434949650791781e-07 7.614213677155113979e-11 2.093872172801480003e-15 0.000000000000000000e+00 0.000000000000000000e+00
6.028561872909699026e-01 5.878827312574393875e-05 8.402733248784059663e-04 1.318460947092499509e-03 3.895840225416922565e-04 2.407543435523186185e-05 2.569680319537324255e-07 2.525297777030637900e-10 1.084288644715274581e-14 0.000000000000000000e+00 0.000000000000000000e+00
6.162307692307692486e-01 4.413805594187203510e-05 7.320759707848272001e-04 1.374154576125025552e-03 5.026075074097060159e-04 3.955604558531342259e-05 5.583232842919985023e-07 7.743735325185980744e-10 5.048447605804932546e-14 0.000000000000000000e+00 0.000000000000000000e+00
6.296053511705685946e-01 3.274718727973161599e-05 6.280087016802862439e-04 1.400166006562142754e-03 6.285262697806175700e-04 6.240050449691846935e-05 1.151714911614116788e-06 2.222489807636343420e-09 2.161538762971206373e-13 1.773054874798359619e-21 0.000000000000000000e+00
6.429799331103679405e-01 2.406388292414008358e-05 5.310485814744436836e-04 1.395519361646737743e-03 7.631782317138751824e-04 9.501587537388868896e-05 2.283440529288037343e-06 6.120422368908625195e-09 8.907960005360776747e-13 2.242624477302123847e-19 0.000000000000000000e+00
6.563545150501672865e-01 1.747470144933597924e-05 4.427914404329390849e-04 1.362719996009370332e-03 9.007957756565576710e-04 1.393439353554663091e-04 4.309263131384808508e-06 1.578138102560888296e-08 3.359618165625799946e-12 1.479495498234619607e-18 0.000000000000000000e+00
6.697290969899666324e-01 1.254537090678501776e-05 3.642849639255432096e-04 1.304838620555033362e-03 1.035038750917994512e-03 1.973708248777220249e-04 7.782381186935253504e-06 3.849160302846180324e-08 1.182038011446865616e-11 8.927645582121291048e-18 0.000000000000000000e+00
6.831036789297659784e-01 8.925742354829052186e-06 2.960819241551690168e-04 1.225931701850014287e-03 1.158893929013831824e-03 2.707995236577137696e-04 1.354536800598248519e-05 9.012874063841478972e-08 3.988691588162329483e-11 5.193378745033060812e-17 0.000000000000000000e+00
6.964782608695653243e-01 6.277134362693808427e-06 2.376777717818808031e-04 1.131578527124631976e-03 1.266302493930944939e-03 3.598160523955272602e-04 2.260949050133789019e-05 1.996169031268203128e-07 1.249199126434310418e-10 2.713274684613920088e-16 0.000000000000000000e+00
7.098528428093645593e-01 4.367115633708106348e-06 1.885610534621331438e-04 1.026901516105323178e-03 1.351731709727933004e-03 4.639490435843804752e-04 3.634342389322749292e-05 4.216845112724030496e-07 3.690049204109331069e-10 1.316938553036727669e-15 0.000000000000000000e+00
7.232274247491639052e-01 3.013128685350973373e-06 1.480310356193721905e-04 9.169468627151149218e-04 1.410653832919503978e-03 5.814835371407155217e-04 5.648518569363119934e-05 8.568751641599403752e-07 1.044754394739243483e-09 6.123028382739466141e-15 0.000000000000000000e+00
7.366020066889632512e-01 2.055803965884668483e-06 1.149047646710347809e-04 8.062924495768594756e-04 1.441365301700609598e-03 7.089458831777621477e-04 8.470889637655261710e-05 1.660700311669053330e-06 2.776691187191049716e-09 2.600517218422085953e-14 0.000000000000000000e+00
7.499765886287625971e-01 1.388923237025547852e-06 8.825326787844633698e-05 6.986867409286174084e-04 1.443072893144473632e-03 8.420117821809877711e-04 1.229609729642219145e-04 3.090197979387190246e-06 7.020201496269627068e-09 1.038253112196446776e-13 0.000000000000000000e+00
7.633511705685619431e-01 9.313525162323496142e-07 6.714847574414305642e-05 5.971658640489237516e-04 1.416676695254419751e-03 9.752457466877633959e-04 1.731567424136621703e-04 5.546735248064836710e-06 1.703245065885771020e-08 3.960720748234633135e-13 0.000000000000000000e+00
7.767257525083612890e-01 6.179462378257209162e-07 5.055036052408869374e-05 5.036094993016215554e-04 1.365454233297763807e-03 1.102840125715050463e-03 2.364747690663038314e-04 9.561109814993680664e-06 3.915332436556274141e-08 1.399170523168161565e-12 0.000000000000000000e+00
7.901003344481606350e-01 4.064867698464492503e-07 3.768944555114190438e-05 4.193826329128633309e-04 1.292967229499926126e-03 1.218804239832030518e-03 3.138886562403894634e-04 1.590822496575127612e-05 8.620031051320235083e-08 4.688671407261030245e-12 0.000000000000000000e+00
8.034749163879598699e-01 2.656096012906731095e-07 2.785797802369854165e-05 3.451498233890181529e-04 1.203726472541105869e-03 1.317472541757071366e-03 4.055210474721138007e-04 2.561352619407286898e-05 1.825411941440356850e-07 1.501177232707400967e-11 0.000000000000000000e+00
8.168494983277592159e-01 1.718491166544779695e-07 2.038279573628911235e-05 2.807134575516528506e-04 1.102859748120693087e-03 1.394694699101210441e-03 5.101792110439776857e-04 3.982975247157627408e-05 3.690760389704703650e-07 4.500713528947998051e-11 6.972299398476423100e-20
8.302240802675585618e-01 1.103853222538149799e-07 1.478256263710514604e-05 2.258198401473639108e-04 9.950334794480127434e-04 1.446886660949193038e-03 6.259852537538604985e-04 6.004785173454895472e-05 7.186193760536955080e-07 1.289077655056762846e-10 4.012954609904471106e-19
8.435986622073579078e-01 7.048821893199912556e-08 1.063450744133333265e-05 1.798020789287540599e-04 8.847226816778850419e-04 1.472141374173507227e-03 7.498300444785452453e-04 8.788868617406768913e-05 1.349801028772789557e-06 3.532961853716880495e-10 2.184346905071518722e-18
8.569732441471572537e-01 4.460160255746531445e-08 7.576083845487243772e-06 1.416388175616471268e-04 7.757181416538875152e-04 1.470678128573030914e-03 8.776377179339848447e-04 1.248292720793021699e-04 2.436340420173956803e-06 9.150861728437964776e-10 1.084588331917965580e-17
8.703478260869565997e-01 2.806005269693636427e-08 5.354692986567693683e-06 1.105098813783232799e-04 6.711721978146235586e-04 1.443303388058716618e-03 1.004720259654200880e-03 1.725202117480788776e-04 4.254049675366985645e-06 2.277010827862185574e-09 5.146165192760933137e-17
8.837224080267559456e-01 1.756142771800085293e-08 3.756005945407612142e-06 8.543235464778825984e-05 5.734343920249010927e-04 1.392548789473421712e-03 1.125946532815183532e-03 2.322042750725444014e-04 7.188810605778889074e-06 5.435077758281386861e-09 2.309041678585512384e-16
8.970969899665552916e-01 1.089881112105966257e-08 2.610146619446133127e-06 6.539613344650140297e-05 4.839352814286503024e-04 1.322144400501355961e-03 1.236442208158840782e-03 3.044819953261783028e-04 1.173732071210201666e-05 1.235495701782629639e-08 9.573064470205485033e-16
9.104715719063546375e-01 6.735409182310800670e-09 1.801396824912799064e-06 4.963655509724517129e-05 4.037552355738919358e-04 1.235857843697260854e-03 1.331291268850351775e-03 3.896968008882333674e-04 1.860971522058537731e-05 2.710347960059241873e-08 3.814690752562502169e-15
9.238461538461538725e-01 4.142990883689674869e-09 1.234423374910682254e-06 3.735786427059620659e-05 3.331746140953382659e-04 1.138160407099700995e-03 1.406609385256961820e-03 4.871463393122045689e-04 2.865041205827535058e-05 5.720797589840868556e-08 1.439796716526448264e-14
9.372207357859532184e-01 2.528806875340637023e-09 8.384457305363086142e-07 2.785662728827381369e-05 2.719323801553431971e-04 1.033432845598113159e-03 1.459786649949842453e-03 5.952213745063583781e-04 4.281395560404377621e-05 1.157410284502012006e-07 5.075157217872964605e-14
9.505953177257525644e-01 1.539378873139829793e-09 5.662247071213368598e-07 2.061735650250987501e-05 2.197653681310427875e-04 9.256444401364431231e-04 1.488621389210021068e-03 7.117078465112680998e-04 6.233424523679627328e-05 2.268279243924709032e-07 1.727120500605667210e-13
9.639698996655519103e-01 9.330564832499855094e-10 3.798446716170954200e-07 1.513924540395796154e-05 1.758823217499829469e-04 8.183887037778690698e-04 1.492861042197950270e-03 8.333522139095520583e-04 8.840540965434292328e-05 4.291171801174035921e-07 5.582140714438495028e-13
9.773444816053512563e-01 5.615701536481898274e-10 2.527002235382209817e-07 1.101916029555747469e-05 1.393702189076938811e-04 7.145389308701094238e-04 1.473492711102660337e-03 9.563755146417781718e-04 1.221808070231321310e-04 7.824147878406839888e-07 1.700065971354257535e-12
9.907190635451506022e-01 3.375834032824338074e-10 1.673583872713245680e-07 7.968558268830002559e-06 1.094992377040685899e-04 6.165319937345960450e-04 1.431852357104679112e-03 1.076472350069567928e-03 1.649882159592473653e-04 1.386312454196244020e-06 5.016145247008260059e-12
1.004093645484949837e+00 2.021135043375349204e-10 1.101440416678644222e-07 5.719496060277251397e-06 8.527387154919608921e-05 5.259184457420502598e-04 1.370936720458701711e-03 1.189289160442120801e-03 2.176782879562173139e-04 2.379078581780485731e-06 1.410345892309520091e-11
1.017468227424749072e+00 1.202267496649859639e-10 7.192680108319455589e-08 4.070957885668904542e-06 6.580327929883501598e-05 4.436341282509644155e-04 1.294153737734028307e-03 1.290735617011626356e-03 2.808020604620465287e-04 3.953493670659940778e-06 3.764799670846798772e-11
1.030842809364548529e+00 7.153586418218391546e-11 4.681974591573586883e-08 2.881825928969865976e-06 5.040620785556640214e-05 3.704205954264592712e-04 1.204895362709556715e-03 1.376608249011321197e-03 3.548034354950553256e-04 6.402117303128476112e-06 9.763526634970809669e-11
1.044217391304347764e+00 4.239653534656660789e-11 3.029519953614496384e-08 2.025490571584731534e-06 3.829743131914525861e-05 3.061604331840219470e-04 1.107149344187376714e-03 1.444032516412989235e-03 4.392039236882874136e-04 1.007444517886809425e-05 2.421642758246800840e-10
1.057591973244147221e+00 2.497825392944714912e-11 1.946108836553005021e-08 1.412337864205840375e-06 2.885002078552614577e-05 2.505145075616013305e-04 1.004538607839552044e-03 1.490891648236473228e-03 5.330762937666251242e-04 1.541384790561266163e-05 5.739263416614490606e-10
1.070966555183946456e+00 1.474094688527034913e-11 1.247810499627869609e-08 9.805068112446305358e-07 2.159715332811341324e-05 2.031910750397690761e-04 9.004070490664646369e-04 1.515297132079021850e-03 6.351050109754014265e-04 2.303837277396020392e-05 1.324466101487855222e-09
1.084341137123745691e+00 8.664979996252167127e-12 7.954859364432079644e-09 6.760382088507139094e-07 1.604344691430300161e-05 1.633009565669232041e-04 7.976788389645844517e-04 1.517451594997753931e-03 7.430676885408159758e-04 3.356782871664403331e-05 2.934273603422463870e-09
1.097715719063545148e+00 5.065770044277097780e-12 5.037198131522899561e-09 4.626209087172448491e-07 1.182237864798397089e-05 1.300449731352803964e-04 6.986921225403614280e-04 1.498129426157966074e-03 8.544226539446774611e-04 4.772333268218722211e-05 6.245729369713333513e-09
1.111090301003344383e+00 2.970609342968693001e-12 3.187981054567307852e-09 3.155582063199988353e-07 8.666390602223278039e-06 1.027886007551991331e-04 6.055096728029003665e-04 1.458350249734318696e-03 9.661601367865147111e-04 6.643213034580178265e-05 1.296996786574267495e-08
1.124464882943143840e+00 1.734901886241683288e-12 2.006318665154108612e-09 2.138125923416803185e-07 6.306160923591357418e-06 8.056178180785687358e-05 5.192753202251896042e-04 1.400914453707621018e-03 1.075076608559831764e-03 9.041812844522613554e-05 2.595334527408461016e-08
1.137839464882943075e+00 1.008159433082293402e-12 1.254782464562603646e-09 1.438498557632691819e-07 4.553923765808731232e-06 6.261030094109304824e-05 4.407845968076746232e-04 1.328606720398309987e-03 1.177954097901610367e-03 1.204556615184804809e-04 5.013257697286902232e-08
1.151214046822742532e+00 5.883970990518358815e-13 7.853861274881176333e-10 9.658316894747903683e-08 3.274809688039074437e-06 4.835233309172882804e-05 3.707227445303927201e-04 1.244251698960849523e-03 1.271259574127960295e-03 1.574559859278643905e-04 9.463384281481285436e-08
1.164588628762541767e+00 3.419430798519128154e-13 4.888444258601694063e-10 6.442525438058043086e-08 2.338190796611636963e-06 3.704693122693940245e-05 3.088457476307938368e-04 1.151433243761508258e-03 1.352384880611106049e-03 2.018038215194151771e-04 1.727593069185293476e-07
1.177963210702341001e+00 1.979112260377285849e-13 3.026375613132366337e-10 4.270264268315083274e-08 1.657812091716679826e-06 2.816626148378577313e-05 2.549296871923304223e-04 1.053274663819528303e-03 1.418866357127485968e-03 2.538727294784616701e-04 3.058447754374098797e-07
1.191337792642140458e+00 1.150628385156991976e-13 1.875939939520694463e-10 2.826359066217131772e-08 1.171243442528106980e-06 2.129710835227209027e-05 2.087431448823169220e-04 9.527641663877257959e-04 1.468292008999441765e-03 3.139649573356592237e-04 5.293970529517767924e-07
1.204712374581939693e+00 6.662876550387672812e-14 1.156774933592910449e-10 1.859219436167855964e-08 8.218887952346521934e-07 1.598426175065423719e-05 1.694481363974739035e-04 8.525991978347068415e-04 1.499878936547957521e-03 3.816906165246588124e-04 8.896869178621126826e-07
1.218086956521739150e+00 3.846451713100111519e-14 7.101583923342045509e-11 1.216289982470172301e-08 5.731103878445228204e-07 1.191253678050836703e-05 1.364075874000571806e-04 7.550233219338868410e-04 1.512967886150425219e-03 4.565768082810745454e-04 1.455548702740249976e-06
1.231461538461538385e+00 2.230210151509532415e-14 4.366101489622413575e-11 7.948652492400988483e-09 3.984143294232047248e-07 8.835104151831892907e-06 1.090393620685402808e-04 6.620193197220022559e-04 1.507239813008717268e-03 5.378986672017368716e-04 2.330257031222374987e-06
1.244836120401337842e+00 1.288355188972466756e-14 2.671410231805600573e-11 5.164897194130728959e-09 2.752040249478686874e-07 6.507179196797017830e-06 8.647004273829729363e-05 5.748161462115022359e-04 1.483939160275942783e-03 6.243646244158715213e-04 3.634732393311447439e-06
1.258210702341137077e+00 7.427203751738931637e-15 1.628823837483788345e-11 3.340439770140082732e-09 1.890379411295057784e-07 4.762169176348434528e-06 6.805796897495012523e-05 4.944065061826705089e-04 1.444273333906277886e-03 7.145817198516940354e-04 5.536834452069705847e-06
1.271585284280936534e+00 4.299360056659109874e-15 9.946758908708234461e-12 2.158887129576538960e-09 1.295079461551139011e-07 3.470123346954807952e-06 5.323410286950708059e-05 4.215251231531978856e-04 1.389808546881219319e-03 8.068829673909492248e-04 8.263509023475810561e-06
1.284959866220735769e+00 2.480355944521094257e-15 6.047224441891137852e-12 1.387839515334020130e-09 8.819245986549723046e-08 2.512066951337404694e-06 4.133260010553807377e-05 3.561933848665095755e-04 1.323041579798176328e-03 8.994154981910891652e-04 1.205259474212849342e-05
1.298334448160535004e+00 1.429356149508014197e-15 3.667107523507505558e-12 8.887908725990326454e-10 5.976831187140384484e-08 1.808183650875134630e-06 3.187523318332658622e-05 2.984353524502469370e-04 1.246250215183095696e-03 9.902502037119826402e-04 1.721431839263972194e-05
1.311709030100334461e+00 8.268495975269515206e-16 2.227230592355995217e-12 5.689027417390897227e-10 4.041218461367256838e-08 1.296505033331457057e-06 2.444561234500422880e-05 2.480976298105119771e-04 1.161863815386681743e-03 1.077337496500068532e-03 2.412338550604976390e-05
1.325083612040133696e+00 4.768243929331907619e-16 1.347156544302137719e-12 3.623428259275785043e-10 2.717065498381882003e-08 9.238711471369714797e-07 1.861893354128679536e-05 2.045698406162787196e-04 1.072491144111691183e-03 1.158886432121917056e-03 3.312550379719371983e-05
1.338458193979933153e+00 2.749225087408585618e-16 8.135122340584560049e-13 2.301082779326001559e-10 1.819425578306174929e-08 6.550515999735282746e-07 1.409536911476481501e-05 1.673930033971191488e-04 9.804455612028961480e-04 1.233049024052065845e-03 4.464691721306574489e-05
1.351832775919732388e+00 1.590623195561238854e-16 4.919800842989418313e-13 1.460757402762397292e-10 1.215865463661040077e-08 4.628259937289774051e-07 1.061742575921923344e-05 1.360195097558198306e-04 8.879245961293744929e-04 1.298104115581866138e-03 5.913447472570558430e-05
1.365207357859531845e+00 9.176406612035297195e-17 2.963965637069871380e-13 9.230299244536915301e-11 8.082304374463847837e-09 3.250990739513889863e-07 7.946081937429492342e-06 1.096956716597804457e-04 7.968012638240119837e-04 1.352895165329770716e-03 7.693053346321157668e-05
1.378581939799331080e+00 5.297708221803228970e-17 1.784366838403301718e-13 5.820547396908398553e-11 5.355270360938061492e-09 2.273798893606701060e-07 5.915016995901101642e-06 8.786258964741517057e-05 7.087135271223383211e-04 1.396198250365536650e-03 9.843559705454519660e-05
1.391956521739130537e+00 3.067847643683519437e-17 1.075633333733636862e-13 3.669142462210224639e-11 3.541823973034385706e-09 1.585232111798495467e-07 4.382968725515539144e-06 6.993384204161649667e-05 6.250001232608394823e-04 1.427147124684346752e-03 1.239745770778884345e-04
1.405331103678929772e+00 1.771821320962882474e-17 6.461080088429942729e-14 2.303001713464072179e-11 2.330854314324012660e-09 1.099087968144382819e-07 3.228009500023836775e-06 5.527557884295907414e-05 5.465237123144852131e-04 1.445515609564268934e-03 1.536910519315479184e-04
1.418705685618729007e+00 1.024925348323953940e-17 3.881631676219006661e-14 1.443812317373776004e-11 1.530222993016158177e-09 7.593306297036270029e-08 2.366299026759439332e-06 4.342454612261594383e-05 4.740510328388880946e-04 1.450983069607814395e-03 1.877416621334748975e-04
1.432080267558528464e+00 5.944345529520434784e-18 2.334518304901209122e-14 9.048297652722842684e-12 1.002869078101423944e-09 5.230348796925914141e-08 1.727282875646663273e-06 3.391975657812602737e-05 4.079973361873596928e-04 1.443713989717555855e-03 2.261055433604029405e-04
1.445454849498327698e+00 3.439054805861749223e-18 1.399421003217364771e-14 5.647781946597666703e-12 6.542020363664584719e-10 3.583979934376920914e-08 1.253599415826737453e-06 2.632313958326941718e-05 3.483993041316590347e-04 1.424383847153082479e-03 2.685573872226680982e-04
1.458829431438127155e+00 1.994444860709676663e-18 8.397317361765138820e-15 3.524091603644794762e-12 4.260766304864350074e-10 2.448992274460619738e-08 9.061992815490025393e-07 2.031862957639927808e-05 2.953340697017562094e-04 1.393551573259322642e-03 3.148422769641049898e-04
1.472204013377926390e+00 1.159154462697520360e-18 5.042992457017318376e-15 2.197931287825708467e-12 2.770345640782934689e-10 1.668702905986816475e-08 6.524751169510600760e-07 1.560146013026211058e-05 2.485733977666980312e-04 1.352240539033641503e-03 3.644931953350175513e-04
1.485578595317725847e+00 6.721381190971975169e-19 3.019266880425350666e-15 1.365687530070351386e-12 1.793432191350251907e-10 1.131450526814843133e-08 4.672416674153945980e-07 1.190643404854622772e-05 2.076942205028731701e-04 1.301744316278888140e-03 4.168977678368728629e-04
1.498953177257525082e+00 3.909945382420608834e-19 1.810995905781367506e-15 8.490077305682039907e-13 1.160112633204926477e-10 7.656185601757951174e-09 3.334987120974418248e-07 9.044332615461859326e-06 1.723972453463044668e-04 1.243234642702126507e-03 4.713937257474374253e-04
1.512327759197324317e+00 2.278279421664768232e-19 1.086805623503239184e-15 5.274753298486926517e-13 7.491665815367521165e-11 5.166549214716112470e-09 2.371422094595221343e-07 6.836633485381750262e-06 1.421643761266610563e-04 1.178186663231108608e-03 5.271828012737072786e-04
1.525702341137123774e+00 1.324672987129674970e-19 6.503391854563819494e-16 3.265641579110793413e-13 4.818136233659182387e-11 3.470375781620114689e-09 1.677597899145633540e-07 5.138194354618926815e-06 1.164382525211890980e-04 1.108102390415847786e-03 5.834335276572298222e-04
1.539076923076923009e+00 7.732815308844268603e-20 3.901941988478473181e-16 2.024486785974595297e-13 3.098825697434403340e-11 2.328140892472967925e-09 1.183728150514437928e-07 3.846438660565960503e-06 9.480876405796735793e-05 1.034377086833793364e-03 6.392652327560626596e-04
1.552451505016722466e+00 4.519311356434531295e-20 2.341464370096369310e-16 1.254013146121806033e-13 1.989507116698055448e-11 1.557647287045422539e-09 8.322201817165308110e-08 2.866147915608451115e-06 7.673035629180948369e-05 9.584673576968806433e-04 6.938259666769903185e-04
1.565826086956521701e+00 2.635926595363015790e-20 1.401289861252777198e-16 7.742149070663789179e-14 1.272404553842613567e-11 1.037606270090553558e-09 5.822483486427448846e-08 2.124129756643620596e-06 6.170538104401149498e-05 8.816968988222498738e-04 7.463294640125365132e-04
1.579200668896321158e+00 1.544682413129238566e-20 8.415098769123636706e-17 4.790150920398205880e-14 8.144623130166651967e-12 6.908603405031269161e-10 4.066097405957996094e-08 1.569074335979437441e-06 4.936642167903257443e-05 8.053178336931876742e-04 7.959453205301532516e-04
1.592575250836120393e+00 9.057918850833032386e-21 5.052326194422215365e-17 2.960528541416057345e-14 5.203451357271200291e-12 4.587403837505475297e-10 2.829468639432173816e-08 1.153948424429492907e-06 3.927179195428292515e-05 7.304051406440171005e-04 8.420542167930872377e-04
1.605949832775919628e+00 5.301507485535339349e-21 3.025728447695876796e-17 1.824104408306842708e-14 3.312408735428203469e-12 3.033582979266103255e-10 1.959875414795276360e-08 8.443045471317624204e-07 3.105551363540311042e-05 6.578596670140175913e-04 8.841355054167344832e-04
1.619324414715719085e+00 0.000000000000000000e+00 1.819637639380677397e-17 1.127189467019236075e-14 2.112054608736618523e-12 2.006667125591116990e-10 1.356029562185513443e-08 6.161581450562940486e-07 2.444830852946049127e-05 5.885601884479752313e-04 9.216203158285464232e-04
1.632698996655518320e+00 0.000000000000000000e+00 1.093619539001120890e-17 6.955884515056658073e-15 1.343895221506103223e-12 1.323681978841680484e-10 9.349319714117217758e-09 4.477408290265077379e-07 1.914429289947327923e-05 5.230426955332671953e-04 9.542794905854492605e-04
1.646073578595317777e+00 0.000000000000000000e+00 6.557226183555433045e-18 4.280048168983052718e-15 8.522170529442050894e-13 8.697723738992820482e-11 6.417911424371338865e-09 3.237784299751357985e-07 1.490706883338884306e-05 4.617259173209831862e-04 9.819439043913860948e-04
1.659448160535117012e+00 0.000000000000000000e+00 3.950967737445259393e-18 2.643261384713740944e-15 5.417258033171305249e-13 5.721260396280998498e-11 4.403966401294466659e-09 2.336959297107494861e-07 1.156358462400395971e-05 4.050581884866030855e-04 1.004382942449837200e-03
1.672822742474916469e+00 0.000000000000000000e+00 2.378107301453117824e-18 1.629680536944398943e-15 3.435695278917493545e-13 3.752462795529367910e-11 3.011312204217095694e-09 1.679701229726659663e-07 8.924444545769705367e-06 3.530792860843740303e-04 1.021746548095527106e-03
1.686197324414715704e+00 0.000000000000000000e+00 1.428210509480708039e-18 1.002026571508434836e-15 2.171998511050342736e-13 2.452161960686005201e-11 2.050551428349336766e-09 1.201733111251158620e-07 6.851252524140959934e-06 3.058135782367094307e-04 1.034168558715133426e-03
1.699571906354515161e+00 0.000000000000000000e+00 8.625470462564161059e-19 6.188265092567805917e-16 1.377452578068004182e-13 1.605371265484252672e-11 1.396824785849072212e-09 8.587551864885315750e-08 5.243225457075051736e-06 2.633553037382221841e-04 1.041708450786322463e-03
1.712946488294314396e+00 0.000000000000000000e+00 5.201530607884269532e-19 3.814007459146061312e-16 8.713473024144886349e-14 1.047784681186978168e-11 9.480832069592597980e-10 6.111140152300201119e-08 3.992957143862858700e-06 2.254100916181084704e-04 1.044767789104771374e-03
1.726321070234113630e+00 0.000000000000000000e+00 3.130659164760235379e-19 2.344977443408501879e-16 5.496047605140435657e-14 6.815747829627022033e-12 6.410456648612605089e-10 4.330148768751023785e-08 3.025765002516264249e-06 1.917651093793456326e-04 1.043659660177608710e-03
1.739695652173913087e+00 0.000000000000000000e+00 1.895487817701790192e-19 1.448737916195996091e-16 3.479270502949222897e-14 4.444003149528635740e-12 4.338356904253605739e-10 3.066271245538214645e-08 2.287000044924499224e-06 1.622872031733903295e-04 1.038628519664824834e-03
1.753070234113712322e+00 0.000000000000000000e+00 1.145624648216059691e-19 8.930389386097990359e-17 2.196639333379999441e-14 2.888485591521081085e-12 2.925427096336201798e-10 2.162394233386214259e-08 1.720432968715930697e-06 1.365412308123044424e-04 1.030162099077699001e-03
1.766444816053511779e+00 0.000000000000000000e+00 6.915250002391401114e-20 5.495123475884671643e-17 1.383713058899788788e-14 1.872271638981871241e-12 1.966203196249865468e-10 1.519145781548656528e-08 1.288385185980933360e-06 1.142259161556277323e-04 1.018627490279520788e-03
1.779819397993311014e+00 0.000000000000000000e+00 4.197143307380865385e-20 3.396513906660671157e-17 8.746242977269279248e-15 1.216329906123499805e-12 1.322757187853084757e-10 1.066746005808136341e-08 9.626675559625181093e-07 9.509738684274468741e-05 1.004347699129139616e-03
1.793193979933110471e+00 0.000000000000000000e+00 2.543206933903512399e-20 2.094962705313415049e-17 5.514400543921180382e-15 7.878566039222334789e-13 8.868410223011235403e-11 7.461601561374587526e-09 7.160707892080098339e-07 7.873440200693960036e-05 9.877645247906190803e-04
1.806568561872909706e+00 0.000000000000000000e+00 1.540046130636723271e-20 1.290691021494508930e-17 3.471052412863405173e-15 5.092179578973349930e-13 5.929620191613140448e-11 5.201890965264483320e-09 5.304775514390356323e-07 6.484048583846640428e-05 9.692182511771228184e-04
1.819943143812709163e+00 0.000000000000000000e+00 9.372618606871150712e-21 7.984748922069557000e-18 2.191827404812814385e-15 3.298293605695615451e-13 3.968423287585885952e-11 3.625223371473709878e-09 3.922000223030924282e-07 5.316205094220202557e-05 9.490174839652856234e-04
1.833317725752508398e+00 0.000000000000000000e+00 5.695238421843410665e-21 4.929918824740590209e-18 1.380751633633561473e-15 2.130396652249136826e-13 2.647302075308678667e-11 2.517126172862142187e-09 2.887334304338519897e-07 4.335822886983902911e-05 9.275040641060109748e-04
1.846692307692307633e+00 0.000000000000000000e+00 3.460657901004368843e-21 3.042229865228614673e-18 8.689137303381564402e-16 1.373881598910860883e-13 1.762166057709022017e-11 1.742832770741203876e-09 2.117954686099035080e-07 3.518829167829087742e-05 9.049484266845244469e-04
1.860066889632107090e+00 0.000000000000000000e+00 0.000000000000000000e+00 1.884398226717195099e-18 5.484043068214424687e-16 8.877594605936199688e-14 1.174026609847887441e-11 1.206360637399197243e-09 1.550777095546220172e-07 2.844150187822168776e-05 8.815975079014183200e-04
1.873441471571906325e+00 0.000000000000000000e+00 0.000000000000000000e+00 1.165040301908744652e-18 3.453398315221570494e-16 5.721285029543004470e-14 7.797913927658842917e-12 8.321031440938976722e-10 1.130898043834663927e-07 2.287375432238763655e-05 8.576844694765746371e-04
1.886816053511705782e+00 0.000000000000000000e+00 0.000000000000000000e+00 7.203560737276771993e-19 2.173731517535480543e-16 3.683533252525470197e-14 5.171065557837106107e-12 5.726425019449684585e-10 8.221105739427601194e-08 1.831283768680172001e-05 8.334019341329447148e-04
1.900190635451505017e+00 0.000000000000000000e+00 0.000000000000000000e+00 4.469001373092797768e-19 1.371822062558801837e-16 2.375777990709942954e-14 3.431858443037288977e-12 3.939740307669867804e-10 5.966396922489952035e-08 1.460619667670761326e-05 8.089234915414088333e-04
1.913565217391304474e+00 0.000000000000000000e+00 0.000000000000000000e+00 2.767612974805318636e-19 8.639013449535208090e-17 1.528484144354508867e-14 2.271003674581331517e-12 2.701512352106951686e-10 4.313417816530149537e-08 1.159467842522629175e-05 7.843901749684267267e-04
1.926939799331103709e+00 0.000000000000000000e+00 0.000000000000000000e+00 1.715124806619741977e-19 5.441274531596628993e-17 9.829720126302295647e-15 1.501241811250921337e-12 1.849188600638860352e-10 3.110068535933558006e-08 9.166307756309453734e-06 7.599279013798389097e-04
1.940314381270902944e+00 0.000000000000000000e+00 0.000000000000000000e+00 1.066022765030537993e-19 3.435025601239409991e-17 6.331281872364968965e-15 9.930590382205834274e-13 1.265382881154870317e-10 2.238904468951569636e-08 7.221209816910297443e-06 7.356449039313874569e-04
1.953688963210702401e+00 0.000000000000000000e+00 0.000000000000000000e+00 6.614684825968405282e-20 2.164125138165538316e-17 4.068297893312270595e-15 6.550937461281709474e-13 8.631573367424769125e-11 1.605865209447340616e-08 5.663280283080667395e-06 7.116147105033146644e-04
1.967063545150501636e+00 0.000000000000000000e+00 0.000000000000000000e+00 4.109583112705485701e-20 1.364445799985474538e-17 2.614616755034639737e-15 4.319350895070189223e-13 5.880618434701124563e-11 1.149294826609443494e-08 4.425120230603433156e-06 6.879135383411073270e-04
1.980438127090301093e+00 0.000000000000000000e+00 0.000000000000000000e+00 2.559684196633256768e-20 8.619371840034742829e-18 1.682528457546278160e-15 2.849408282395409061e-13 4.004929782817769607e-11 8.212862311118263259e-09 3.446348480059079739e-06 6.645989575942795559e-04
1.993812709030100327e+00 0.000000000000000000e+00 0.000000000000000000e+00 1.591783216714231246e-20 5.434538173575703294e-18 1.080288562008772282e-15 1.874800329453314977e-13 2.719326553663615561e-11 5.848451249146756982e-09 2.672584758722766883e-06 6.416995539229216608e-04
2.007187290969899784e+00 0.000000000000000000e+00 0.000000000000000000e+00 9.916777210626001117e-21 3.430969925961226020e-18 6.941230968391571787e-16 1.233623440430519877e-13 1.845116361169041230e-11 4.157658426150598933e-09 2.065812695406961403e-06 6.192572622525742681e-04
2.020561872909699019e+00 0.000000000000000000e+00 0.000000000000000000e+00 6.191192765066652487e-21 2.169516856119483538e-18 4.464486883719769928e-16 8.119854605529236560e-14 1.251360195586010191e-11 2.951235788846046544e-09 1.591864003816718198e-06 5.972931095228837519e-04
2.033936454849498254e+00 0.000000000000000000e+00 0.000000000000000000e+00 3.859410564464570570e-21 1.369360911587239212e-18 2.865351640963973046e-16 5.331309163503404566e-14 8.462493553862260419e-12 2.087915273669222841e-09 1.221654028907304620e-06 5.758075401462943487e-04
2.047311036789297489e+00 0.000000000000000000e+00 0.000000000000000000e+00 2.411528963042517878e-21 8.659239814928682436e-19 1.841384275360796949e-16 3.502555012658770458e-14 5.721912205030802887e-12 1.475362005796652787e-09 9.349083934547108897e-07 5.548195458242520224e-04
2.060685618729097168e+00 0.000000000000000000e+00 0.000000000000000000e+00 0.000000000000000000e+00 5.482455922541006822e-19 1.184187607969540618e-16 2.301335233657098286e-14 3.866552266372198057e-12 1.040931427195159793e-09 7.133551461564302013e-07 5.343248024732128549e-04
2.074060200668896403e+00 0.000000000000000000e+00 0.000000000000000000e+00 0.000000000000000000e+00 3.465110950455389569e-19 7.599981655084345687e-17 1.508504361142664511e-14 2.605689929587266538e-12 7.320921711566684168e-10 5.421915307516173901e-07 5.143070290486105025e-04
2.087434782608695638e+00 0.000000000000000000e+00 0.000000000000000000e+00 0.000000000000000000e+00 2.195328547075132417e-19 4.886531148458489800e-17 9.899516889576235901e-15 1.756622836438248518e-12 5.145209851605826830e-10 4.111237263177069787e-07 4.947701800856791786e-04
2.100809364548494873e+00 0.000000000000000000e+00 0.000000000000000000e+00 0.000000000000000000e+00 1.392046039944010423e-19 3.143134779831250064e-17 6.495631668135787473e-15 1.183329253067508363e-12 3.610391518352838894e-10 3.108503614159929087e-07 4.756934270081422385e-04
2.114183946488294552e+00 0.000000000000000000e+00 0.000000000000000000e+00 0.000000000000000000e+00 8.812297826988506933e-20 2.017820440362108949e-17 4.252541614409555734e-15 7.950667891648280359e-13 2.525735096627231122e-10 2.341626887526285414e-07 4.570519022370043310e-04
2.127558528428093787e+00 0.000000000000000000e+00 0.000000000000000000e+00 0.000000000000000000e+00 5.594897135616056620e-20 1.298461129294203678e-17 2.788741734218298909e-15 5.346717602695566429e-13 1.766578861610655279e-10 1.760572395574011147e-07 4.388408816870493449e-04
2.140933110367893022e+00 0.000000000000000000e+00 0.000000000000000000e+00 0.000000000000000000e+00 3.553877322310651815e-20 8.356200877165884282e-18 1.828082692638916655e-15 3.592218004834525724e-13 1.233544629370582669e-10 1.320006195371925167e-07 4.210309889061359333e-04
2.154307692307692257e+00 0.000000000000000000e+00 0.000000000000000000e+00 0.000000000000000000e+00 2.253857404943468970e-20 5.367648708716621142e-18 1.195770185128675509e-15 2.407465881605670887e-13 8.588500261173235899e-11 9.861833099077448739e-08 4.035956572802012142e-04
2.167682274247491492e+00 0.000000000000000000e+00 0.000000000000000000e+00 0.000000000000000000e+00 1.434294098181801983e-20 3.457893660389465531e-18 7.838988663893376699e-16 1.615734032348046495e-13 5.981499228057849824e-11 7.357132527563518028e-08 3.865278615114989204e-04
2.181056856187291171e+00 0.000000000000000000e+00 0.000000000000000000e+00 0.000000000000000000e+00 9.128334562289969908e-21 2.227038526756612548e-18 5.135479654944378050e-16 1.083134242948533831e-13 4.158435095239675538e-11 5.473398282664116491e-08 3.697974747101660299e-04
2.194431438127090406e+00 0.000000000000000000e+00 0.000000000000000000e+00 0.000000000000000000e+00 5.800805388718886240e-21 1.431773714670658543e-18 3.357435407412755456e-16 7.243764623051521559e-14 2.883003402228034808e-11 4.058191107141991273e-08 3.533826911737933960e-04
2.207806020066889641e+00 0.000000000000000000e+00 0.000000000000000000e+00 0.000000000000000000e+00 3.700722593266572824e-21 9.236196197359091191e-19 2.200991518376958740e-16 4.853809799909497060e-14 2.000363928750337149e-11 3.005928450823751227e-08 3.372808487403057076e-04
2.221180602006688876e+00 0.000000000000000000e+00 0.000000000000000000e+00 0.000000000000000000e+00 2.360259866100316422e-21 5.954596513091201664e-19 1.441493604239247315e-16 3.247927272744848385e-14 1.385286292554542552e-11 2.220341635609033885e-08 3.214679990210098830e-04
2.234555183946488555e+00 0.000000000000000000e+00 0.000000000000000000e+00 0.000000000000000000e+00 1.503155857981911604e-21 3.832434465778303861e-19 9.422173813020029512e-17 2.168422175035201581e-14 9.567902068936517754e-12 1.634748580170544136e-08 3.059325055956415500e-04
2.247929765886287790e+00 0.000000000000000000e+00 0.000000000000000000e+00 0.000000000000000000e+00 0.000000000000000000e+00 2.476185721843802457e-19 6.178635719609829233e-17 1.451238735485029591e-14 6.616985791147800314e-12 1.202973320273328781e-08 2.906818750250732774e-04
2.261304347826087024e+00 0.000000000000000000e+00 0.000000000000000000e+00 0.000000000000000000e+00 0.000000000000000000e+00 1.598386170445782978e-19 4.046577902008665610e-17 9.696926896016285701e-15 4.566672727789129762e-12 8.827553791441019673e-09 2.757026458683303457e-04
2.274678929765886259e+00 0.000000000000000000e+00 0.000000000000000000e+00 0.000000000000000000e+00 0.000000000000000000e+00 1.030086464866714806e-19 2.645226637555967358e-17 6.465241206325800555e-15 3.143651053908915937e-12 6.457639449064700135e-09 2.609962768957856984e-04
2.288053511705685494e+00 0.000000000000000000e+00 0.000000000000000000e+00 0.000000000000000000e+00 0.000000000000000000e+00 6.667449995808784231e-20 1.735622061922430508e-17 4.323251652063671064e-15 2.167961104430244270e-12 4.723735334345153439e-09 2.465836007363646047e-04
2.301428093645485173e+00 0.000000000000000000e+00 0.000000000000000000e+00 0.000000000000000000e+00 0.000000000000000000e+00 4.310066782126234235e-20 1.137018732105887419e-17 2.885528651348061542e-15 1.491713671658406019e-12 3.445473016149422452e-09 2.324617478916066323e-04
2.314802675585284408e+00 0.000000000000000000e+00 0.000000000000000000e+00 0.000000000000000000e+00 0.000000000000000000e+00 2.782641486303536158e-20 7.437257596521802944e-18 1.922400916625331215e-15 1.024126050671543370e-12 2.506016122772089938e-09 2.186453405325829310e-04
2.328177257525083643e+00 0.000000000000000000e+00 0.000000000000000000e+00 0.000000000000000000e+00 0.000000000000000000e+00 1.804146020743990689e-20 4.882525681257675573e-18 1.284493883072036553e-15 7.044180388738007055e-13 1.822921605649269741e-09 2.051655746328694097e-04
2.341551839464882878e+00 0.000000000000000000e+00 0.000000000000000000e+00 0.000000000000000000e+00 0.000000000000000000e+00 1.168151349622596433e-20 3.200219623930166692e-18 8.566483364039101452e-16 4.834273186575038582e-13 1.322305992063989420e-09 1.920280936081153304e-04
2.354926421404682113e+00 0.000000000000000000e+00 0.000000000000000000e+00 0.000000000000000000e+00 0.000000000000000000e+00 7.557506286854802028e-21 2.095300965711164497e-18 5.705162104757279346e-16 3.311642066348659034e-13 9.567968406747777859e-10 1.792562365592899039e-04
2.368301003344481792e+00 0.000000000000000000e+00 0.000000000000000000e+00 0.000000000000000000e+00 0.000000000000000000e+00 4.908415086906133125e-21 1.376473357711333310e-18 3.809801200867497106e-16 2.272514136561920784e-13 6.924082783904105255e-10 1.668856542383319926e-04
2.381675585284281027e+00 0.000000000000000000e+00 0.000000000000000000e+00 0.000000000000000000e+00 0.000000000000000000e+00 3.183766283169556483e-21 9.028628475480582787e-19 2.539530947702564391e-16 1.556089158983409453e-13 4.997300847137651673e-10 1.549247803718804470e-04
2.395050167224080262e+00 0.000000000000000000e+00 0.000000000000000000e+00 0.000000000000000000e+00 0.000000000000000000e+00 2.064390945098574138e-21 5.918382575067657174e-19 1.691178853233012423e-16 1.064025773182188432e-13 3.599048673868378031e-10 1.433991537514448444e-04
2.408424749163879497e+00 0.000000000000000000e+00 0.000000000000000000e+00 0.000000000000000000e+00 0.000000000000000000e+00 1.343280165759287650e-21 3.891375932854238135e-19 1.128982512803701487e-16 7.287074767949410734e-14 2.592315450299903115e-10 1.323415694112512896e-04
2.421799331103679176e+00 0.000000000000000000e+00 0.000000000000000000e+00 0.000000000000000000e+00 0.000000000000000000e+00 8.729728539764483747e-22 2.554835081662264352e-19 7.523740188607209691e-17 4.980321254115615976e-14 1.862372306738774316e-10 1.217565841231566681e-04
2.435173913043478411e+00 0.000000000000000000e+00 0.000000000000000000e+00 0.000000000000000000e+00 0.000000000000000000e+00 0.000000000000000000e+00 1.677037245526414034e-19 5.011336199677236048e-17 3.400398906592807981e-14 1.335617164089177801e-10 1.116655751121947064e-04
2.448548494983277646e+00 0.000000000000000000e+00 0.000000000000000000e+00 0.000000000000000000e+00 0.000000000000000000e+00 0.000000000000000000e+00 1.103830226511366648e-19 3.345198835074122497e-17 2.324928992247058967e-14 9.579149673892382467e-11 1.020916435490384634e-04
2.461923076923076881e+00 0.000000000000000000e+00 0.000000000000000000e+00 0.000000000000000000e+00 0.000000000000000000e+00 0.000000000000000000e+00 7.255150369045136245e-20 2.229302778275648137e-17 1.586457599791475452e-14 6.853231132300811393e-11 9.303076833324381146e-05
2.475297658862876116e+00 0.000000000000000000e+00 0.000000000000000000e+00 0.000000000000000000e+00 0.000000000000000000e+00 0.000000000000000000e+00 4.769801553182187869e-20 1.485510502279130655e-17 1.081917249438240848e-14 4.896217411961854906e-11 8.449559364145460734e-05
2.488672240802675795e+00 0.000000000000000000e+00 0.000000000000000000e+00 0.000000000000000000e+00 0.000000000000000000e+00 0.000000000000000000e+00 3.143346314707110862e-20 9.917750637044734422e-18 7.387258158921797924e-15 3.498052889255720652e-11 7.649535264951793691e-05
2.502046822742475030e+00 0.000000000000000000e+00 0.000000000000000000e+00 0.000000000000000000e+00 0.000000000000000000e+00 0.000000000000000000e+00 2.068673624814245081e-20 6.610847616643612184e-18 5.034368909256878036e-15 2.493203489773235538e-11 6.901580488047633056e-05
2.515421404682274265e+00 0.000000000000000000e+00 0.000000000000000000e+00 0.000000000000000000e+00 0.000000000000000000e+00 0.000000000000000000e+00 1.362346571878084881e-20 4.408032208933521379e-18 3.430294710687500871e-15 1.775202166512554586e-11 6.205907517750163091e-05
2.528795986622073499e+00 0.000000000000000000e+00 0.000000000000000000e+00 0.000000000000000000e+00 0.000000000000000000e+00 0.000000000000000000e+00 8.990372287922177029e-21 2.944023268795041421e-18 2.339651296903185140e-15 1.263860991813936800e-11 5.561990909535872914e-05
2.542170568561873178e+00 0.000000000000000000e+00 0.000000000000000000e+00 0.000000000000000000e+00 0.000000000000000000e+00 0.000000000000000000e+00 5.925120793016772597e-21 1.963225159345978393e-18 1.592849617380037043e-15 8.977515620916208304e-12 4.967514040206100461e-05
2.555545150501672413e+00 0.000000000000000000e+00 0.000000000000000000e+00 0.000000000000000000e+00 0.000000000000000000e+00 0.000000000000000000e+00 3.909264832502802487e-21 1.310159579725862712e-18 1.084675753741622378e-15 6.372868612759409265e-12 4.421726997228193667e-05
2.568919732441471648e+00 0.000000000000000000e+00 0.000000000000000000e+00 0.000000000000000000e+00 0.000000000000000000e+00 0.000000000000000000e+00 2.583702907627766730e-21 8.755115724005218698e-19 7.392003560511267814e-16 4.523006008232157440e-12 3.922902988252185166e-05
2.582294314381270883e+00 0.000000000000000000e+00 0.000000000000000000e+00 0.000000000000000000e+00 0.000000000000000000e+00 0.000000000000000000e+00 1.705452584780643441e-21 5.841926906845534232e-19 5.028723183150510888e-16 3.203037676543377581e-12 3.468154420258272557e-05
2.595668896321070118e+00 0.000000000000000000e+00 0.000000000000000000e+00 0.000000000000000000e+00 0.000000000000000000e+00 0.000000000000000000e+00 1.127440823037734435e-21 3.902602797964936330e-19 3.423185172045489898e-16 2.267686472900286822e-12 3.056037880680387585e-05
2.609043478260869797e+00 0.000000000000000000e+00 0.000000000000000000e+00 0.000000000000000000e+00 0.000000000000000000e+00 0.000000000000000000e+00 7.463660579196946263e-22 2.609806220053645675e-19 2.331518128543898167e-16 1.604948648330849660e-12 2.684052091816886427e-05
2.622418060200669032e+00 0.000000000000000000e+00 0.000000000000000000e+00 0.000000000000000000e+00 0.000000000000000000e+00 0.000000000000000000e+00 4.934899956245753907e-22 1.742774620656520537e-19 1.585287472942891244e-16 1.133488284446213030e-12 2.349121402625905605e-05
2.635792642140468267e+00 0.000000000000000000e+00 0.000000000000000000e+00 0.000000000000000000e+00 0.000000000000000000e+00 0.000000000000000000e+00 2.666027210621305358e-22 1.165612029368183610e-19 1.079017152822735247e-16 8.006149854022568498e-13 2.049442552260184896e-05
2.649167224080267502e+00 0.000000000000000000e+00 0.000000000000000000e+00 0.000000000000000000e+00 0.000000000000000000e+00 0.000000000000000000e+00 0.000000000000000000e+00 7.801758253808138994e-20 7.346469355627947191e-17 5.652282233448805506e-13 1.782200548597321046e-05
2.662541806020067181e+00 0.000000000000000000e+00 0.000000000000000000e+00 0.000000000000000000e+00 0.000000000000000000e+00 0.000000000000000000e+00 0.000000000000000000e+00 5.214720489578244186e-20 4.993620812287378200e-17 3.982306723683571893e-13 1.544467215135435031e-05
2.675916387959866416e+00 0.000000000000000000e+00 0.000000000000000000e+00 0.000000000000000000e+00 0.000000000000000000e+00 0.000000000000000000e+00 0.000000000000000000e+00 3.492384882279333330e-20 3.399191778528641731e-17 2.807121840574034598e-13 1.334382318131749268e-05
2.689290969899665651e+00 0.000000000000000000e+00 0.000000000000000000e+00 0.000000000000000000e+00 0.000000000000000000e+00 0.000000000000000000e+00 0.000000000000000000e+00 2.339953926543368522e-20 2.313962348336232243e-17 1.977473935745712192e-13 1.149202014110600823e-05
2.702665551839464886e+00 0.000000000000000000e+00 0.000000000000000000e+00 0.000000000000000000e+00 0.000000000000000000e+00 0.000000000000000000e+00 0.000000000000000000e+00 1.565713252897183839e-20 1.572706121666411646e-17 1.390279201414855836e-13 9.863734700992337411e-06
2.716040133779264121e+00 0.000000000000000000e+00 0.000000000000000000e+00 0.000000000000000000e+00 0.000000000000000000e+00 0.000000000000000000e+00 0.000000000000000000e+00 1.050120371082563042e-20 1.070858557295416035e-17 9.783037908965689373e-14 8.441972491985036715e-06
2.729414715719063800e+00 0.000000000000000000e+00 0.000000000000000000e+00 0.000000000000000000e+00 0.000000000000000000e+00 0.000000000000000000e+00 0.000000000000000000e+00 7.044132393636720443e-21 7.289949621647566733e-18 6.878469350287652968e-14 7.202560046989290004e-06
2.742789297658863035e+00 0.000000000000000000e+00 0.000000000000000000e+00 0.000000000000000000e+00 0.000000000000000000e+00 0.000000000000000000e+00 0.000000000000000000e+00 4.719043767910429574e-21 4.955074485990459766e-18 4.827038785769860423e-14 6.124805992604142785e-06
2.756163879598662270e+00 0.000000000000000000e+00 0.000000000000000000e+00 0.000000000000000000e+00 0.000000000000000000e+00 0.000000000000000000e+00 0.000000000000000000e+00 3.170067162402068176e-21 3.375489932971124573e-18 3.391677387788723091e-14 5.194518501261097136e-06
2.769538461538461505e+00 0.000000000000000000e+00 0.000000000000000000e+00 0.000000000000000000e+00 0.000000000000000000e+00 0.000000000000000000e+00 0.000000000000000000e+00 2.129174822181234143e-21 2.298349681520733091e-18 2.380743487908501237e-14 4.392014567842647489e-06
2.782913043478261184e+00 0.000000000000000000e+00 0.000000000000000000e+00 0.000000000000000000e+00 0.000000000000000000e+00 0.000000000000000000e+00 0.000000000000000000e+00 1.428267046405533330e-21 1.562607099851296590e-18 1.668049782536506823e-14 3.701538187424095611e-06
2.796287625418060419e+00 0.000000000000000000e+00 0.000000000000000000e+00 0.000000000000000000e+00 0.000000000000000000e+00 0.000000000000000000e+00 0.000000000000000000e+00 9.610766436819216912e-22 1.065147352729865771e-18 1.170614097034551986e-14 3.112060359616064123e-06
2.809662207357859653e+00 0.000000000000000000e+00 0.000000000000000000e+00 0.000000000000000000e+00 0.000000000000000000e+00 0.000000000000000000e+00 0.000000000000000000e+00 6.464004570561483292e-22 7.255125733758785852e-19 8.205327754498349117e-15 2.608564549626973726e-06
2.823036789297658888e+00 0.000000000000000000e+00 0.000000000000000000e+00 0.000000000000000000e+00 0.000000000000000000e+00 0.000000000000000000e+00 0.000000000000000000e+00 4.342267653243793360e-22 4.934628118703098533e-19 5.741194269744596554e-15 2.179691109276880146e-06
2.836411371237458123e+00 0.000000000000000000e+00 0.000000000000000000e+00 0.000000000000000000e+00 0.000000000000000000e+00 0.000000000000000000e+00 0.000000000000000000e+00 2.927123448771063231e-22 3.366299322937852741e-19 4.025125841424198386e-15 1.817371080784723378e-06
2.849785953177257802e+00 0.000000000000000000e+00 0.000000000000000000e+00 0.000000000000000000e+00 0.000000000000000000e+00 0.000000000000000000e+00 0.000000000000000000e+00 1.971638473828459901e-22 2.294074178063714678e-19 2.818012869611990567e-15 1.510768894018733437e-06
2.863160535117057037e+00 0.000000000000000000e+00 0.000000000000000000e+00 0.000000000000000000e+00 0.000000000000000000e+00 0.000000000000000000e+00 0.000000000000000000e+00 1.326541211671573880e-22 1.561258072827977413e-19 1.969572243689043894e-15 1.252096204308947687e-06
2.876535117056856272e+00 0.000000000000000000e+00 0.000000000000000000e+00 0.000000000000000000e+00 0.000000000000000000e+00 0.000000000000000000e+00 0.000000000000000000e+00 0.000000000000000000e+00 1.065985360720915339e-19 1.379745584654845934e-15 1.035710489044366873e-06
2.889909698996655507e+00 0.000000000000000000e+00 0.000000000000000000e+00 0.000000000000000000e+00 0.000000000000000000e+00 0.000000000000000000e+00 0.000000000000000000e+00 0.000000000000000000e+00 7.269152175441627134e-20 9.650160862075710817e-16 8.542046730796509780e-07
2.903284280936454742e+00 0.000000000000000000e+00 0.000000000000000000e+00 0.000000000000000000e+00 0.000000000000000000e+00 0.000000000000000000e+00 0.000000000000000000e+00 0.000000000000000000e+00 4.952035512454051137e-20 6.740290949412568756e-16 7.025011584102736586e-07
2.916658862876254421e+00 0.000000000000000000e+00 0.000000000000000000e+00 0.000000000000000000e+00 0.000000000000000000e+00 0.000000000000000000e+00 0.000000000000000000e+00 0.000000000000000000e+00 3.383568800690933342e-20 4.717807249330182288e-16 5.766912722946694410e-07
2.930033444816053656e+00 0.000000000000000000e+00 0.000000000000000000e+00 0.000000000000000000e+00 0.000000000000000000e+00 0.000000000000000000e+00 0.000000000000000000e+00 0.000000000000000000e+00 2.309079077633940128e-20 3.297101670006981387e-16 4.720676839320810147e-07
2.943408026755852891e+00 0.000000000000000000e+00 0.000000000000000000e+00 0.000000000000000000e+00 0.000000000000000000e+00 0.000000000000000000e+00 0.000000000000000000e+00 0.000000000000000000e+00 1.574792678695215887e-20 2.301846000278787735e-16 3.853969890860961144e-07
2.956782608695652126e+00 0.000000000000000000e+00 0.000000000000000000e+00 0.000000000000000000e+00 0.000000000000000000e+00 0.000000000000000000e+00 0.000000000000000000e+00 0.000000000000000000e+00 1.076909950638567228e-20 1.610098324862285671e-16 3.140994359868201730e-07
2.970157190635451805e+00 0.000000000000000000e+00 0.000000000000000000e+00 0.000000000000000000e+00 0.000000000000000000e+00 0.000000000000000000e+00 0.000000000000000000e+00 0.000000000000000000e+00 7.355690352454499641e-21 1.124553075937573403e-16 2.552886230507443537e-07
2.983531772575251040e+00 0.000000000000000000e+00 0.000000000000000000e+00 0.000000000000000000e+00 0.000000000000000000e+00 0.000000000000000000e+00 0.000000000000000000e+00 0.000000000000000000e+00 5.022729451164587403e-21 7.848783964625275723e-17 2.069785217397643503e-07
2.996906354515050275e+00 0.000000000000000000e+00 0.000000000000000000e+00 0.000000000000000000e+00 0.000000000000000000e+00 0.000000000000000000e+00 0.000000000000000000e+00 0.000000000000000000e+00 3.438003337310934840e-21 5.487413852337775766e-17 1.675368433257902454e-07
3.010280936454849510e+00 0.000000000000000000e+00 0.000000000000000000e+00 0.000000000000000000e+00 0.000000000000000000e+00 0.000000000000000000e+00 0.000000000000000000e+00 0.000000000000000000e+00 2.350581914057929878e-21 3.830928718011745059e-17 1.352510472040370911e-07
3.023655518394648745e+00 0.000000000000000000e+00 0.000000000000000000e+00 0.000000000000000000e+00 0.000000000000000000e+00 0.000000000000000000e+00 0.000000000000000000e+00 0.000000000000000000e+00 1.607186759282113677e-21 2.673486367053272366e-17 1.089409287717851337e-07
3.037030100334448424e+00 0.000000000000000000e+00 0.000000000000000000e+00 0.000000000000000000e+00 0.000000000000000000e+00 0.000000000000000000e+00 0.000000000000000000e+00 0.000000000000000000e+00 1.101248075064396237e-21 1.868538132123366006e-17 8.761163596824307422e-08
3.050404682274247659e+00 0.000000000000000000e+00 0.000000000000000000e+00 0.000000000000000000e+00 0.000000000000000000e+00 0.000000000000000000e+00 0.000000000000000000e+00 0.000000000000000000e+00 7.537376423639067732e-22 1.304113529434232832e-17 7.027748576464987462e-08
3.063779264214046893e+00 0.000000000000000000e+00 0.000000000000000000e+00 0.000000000000000000e+00 0.000000000000000000e+00 0.000000000000000000e+00 0.000000000000000000e+00 0.000000000000000000e+00 5.160889878796180948e-22 9.101405485195599517e-18 5.625812068221163677e-08
3.077153846153846128e+00 0.000000000000000000e+00 0.000000000000000000e+00 0.000000000000000000e+00 0.000000000000000000e+00 0.000000000000000000e+00 0.000000000000000000e+00 0.000000000000000000e+00 3.540249222525167939e-22 6.359979075311722763e-18 4.496722394979698606e-08
3.090528428093645807e+00 0.000000000000000000e+00 0.000000000000000000e+00 0.000000000000000000e+00 0.000000000000000000e+00 0.000000000000000000e+00 0.000000000000000000e+00 0.000000000000000000e+00 2.425895578500187851e-22 4.438228871309698252e-18 3.585317319099852706e-08
3.103903010033445042e+00 0.000000000000000000e+00 0.000000000000000000e+00 0.000000000000000000e+00 0.000000000000000000e+00 0.000000000000000000e+00 0.000000000000000000e+00 0.000000000000000000e+00 1.663508471559428925e-22 3.098022758668898479e-18 2.853458920544413733e-08
3.117277591973244277e+00 0.000000000000000000e+00 0.000000000000000000e+00 0.000000000000000000e+00 0.000000000000000000e+00 0.000000000000000000e+00 0.000000000000000000e+00 0.000000000000000000e+00 1.142508351317172499e-22 2.164786506405057391e-18 2.267627024177596354e-08
3.130652173913043512e+00 0.000000000000000000e+00 0.000000000000000000e+00 0.000000000000000000e+00 0.000000000000000000e+00 0.000000000000000000e+00 0.000000000000000000e+00 0.000000000000000000e+00 7.838532918746325920e-23 1.510666665018681551e-18 1.797743256314678598e-08
3.144026755852842747e+00 0.000000000000000000e+00 0.000000000000000000e+00 0.000000000000000000e+00 0.000000000000000000e+00 0.000000000000000000e+00 0.000000000000000000e+00 0.000000000000000000e+00 5.383539010703426975e-23 1.054832278600231866e-18 1.422975092686061653e-08
3.157401337792642426e+00 0.000000000000000000e+00 0.000000000000000000e+00 0.000000000000000000e+00 0.000000000000000000e+00 0.000000000000000000e+00 0.000000000000000000e+00 0.000000000000000000e+00 1.925256067501718074e-23 7.371448748305934311e-19 1.124681862389752894e-08
3.170775919732441661e+00 0.000000000000000000e+00 0.000000000000000000e+00 0.000000000000000000e+00 0.000000000000000000e+00 0.000000000000000000e+00 0.000000000000000000e+00 0.000000000000000000e+00 0.000000000000000000e+00 5.144708382660714161e-19 8.868535312031294668e-09
3.184150501672240896e+00 0.000000000000000000e+00 0.000000000000000000e+00 0.000000000000000000e+00 0.000000000000000000e+00 0.000000000000000000e+00 0.000000000000000000e+00 0.000000000000000000e+00 0.000000000000000000e+00 3.593924990611395744e-19 6.983797592926896741e-09
3.197525083612040131e+00 0.000000000000000000e+00 0.000000000000000000e+00 0.000000000000000000e+00 0.000000000000000000e+00 0.000000000000000000e+00 0.000000000000000000e+00 0.000000000000000000e+00 0.000000000000000000e+00 2.512054878278431273e-19 5.491535521982248320e-09
3.210899665551839366e+00 0.000000000000000000e+00 0.000000000000000000e+00 0.000000000000000000e+00 0.000000000000000000e+00 0.000000000000000000e+00 0.000000000000000000e+00 0.000000000000000000e+00 0.000000000000000000e+00 1.753647032548172030e-19 4.308418933980853317e-09
3.224274247491639045e+00 0.000000000000000000e+00 0.000000000000000000e+00 0.000000000000000000e+00 0.000000000000000000e+00 0.000000000000000000e+00 0.000000000000000000e+00 0.000000000000000000e+00 0.000000000000000000e+00 1.225726093035450261e-19 3.376495264177690627e-09
3.237648829431438280e+00 0.000000000000000000e+00 0.000000000000000000e+00 0.000000000000000000e+00 0.000000000000000000e+00 0.000000000000000000e+00 0.000000000000000000e+00 0.000000000000000000e+00 0.000000000000000000e+00 8.570223581136338824e-20 2.642223279026426341e-09
3.251023411371237515e+00 0.000000000000000000e+00 0.000000000000000000e+00 0.000000000000000000e+00 0.000000000000000000e+00 0.000000000000000000e+00 0.000000000000000000e+00 0.000000000000000000e+00 0.000000000000000000e+00 5.984907731910731931e-20 2.063124486840692993e-09
3.264397993311036750e+00 0.000000000000000000e+00 0.000000000000000000e+00 0.000000000000000000e+00 0.000000000000000000e+00 0.000000000000000000e+00 0.000000000000000000e+00 0.000000000000000000e+00 0.000000000000000000e+00 4.185982254710930674e-20 1.609586628306405084e-09
3.277772575250836429e+00 0.000000000000000000e+00 0.000000000000000000e+00 0.000000000000000000e+00 0.000000000000000000e+00 0.000000000000000000e+00 0.000000000000000000e+00 0.000000000000000000e+00 0.000000000000000000e+00 2.928054157135163720e-20 1.253846985499270375e-09
3.291147157190635664e+00 0.000000000000000000e+00 0.000000000000000000e+00 0.000000000000000000e+00 0.000000000000000000e+00 0.000000000000000000e+00 0.000000000000000000e+00 0.000000000000000000e+00 0.000000000000000000e+00 2.045692111745745613e-20 9.746670914947488353e-10
3.304521739130434899e+00 0.000000000000000000e+00 0.000000000000000000e+00 0.000000000000000000e+00 0.000000000000000000e+00 0.000000000000000000e+00 0.000000000000000000e+00 0.000000000000000000e+00 0.000000000000000000e+00 1.431894265778990204e-20 7.572026182428760790e-10
3.317896321070234134e+00 0.000000000000000000e+00 0.000000000000000000e+00 0.000000000000000000e+00 0.000000000000000000e+00 0.000000000000000000e+00 0.000000000000000000e+00 0.000000000000000000e+00 0.000000000000000000e+00 1.002113133365202781e-20 5.873391578573697152e-10
3.331270903010033368e+00 0.000000000000000000e+00 0.000000000000000000e+00 0.000000000000000000e+00 0.000000000000000000e+00 0.000000000000000000e+00 0.000000000000000000e+00 0.000000000000000000e+00 0.000000000000000000e+00 7.005096539024746116e-21 4.546476160667157825e-10
3.344645484949833047e+00 0.000000000000000000e+00 0.000000000000000000e+00 0.000000000000000000e+00 0.000000000000000000e+00 0.000000000000000000e+00 0.000000000000000000e+00 0.000000000000000000e+00 0.000000000000000000e+00 4.907431811239906873e-21 3.518178479703606499e-10
3.358020066889632282e+00 0.000000000000000000e+00 0.000000000000000000e+00 0.000000000000000000e+00 0.000000000000000000e+00 0.000000000000000000e+00 0.000000000000000000e+00 0.000000000000000000e+00 0.000000000000000000e+00 3.436545778123701548e-21 2.718038656286090655e-10
3.371394648829431517e+00 0.000000000000000000e+00 0.000000000000000000e+00 0.000000000000000000e+00 0.000000000000000000e+00 0.000000000000000000e+00 0.000000000000000000e+00 0.000000000000000000e+00 0.000000000000000000e+00 2.403770481963459093e-21 2.095697537106689269e-10
3.384769230769230752e+00 0.000000000000000000e+00 0.000000000000000000e+00 0.000000000000000000e+00 0.000000000000000000e+00 0.000000000000000000e+00 0.000000000000000000e+00 0.000000000000000000e+00 0.000000000000000000e+00 1.685536584244171054e-21 1.615746446050346252e-10
3.398143812709030431e+00 0.000000000000000000e+00 0.000000000000000000e+00 0.000000000000000000e+00 0.000000000000000000e+00 0.000000000000000000e+00 0.000000000000000000e+00 0.000000000000000000e+00 0.000000000000000000e+00 1.181144854923696634e-21 1.243599966617562985e-10
3.411518394648829666e+00 0.000000000000000000e+00 0.000000000000000000e+00 0.000000000000000000e+00 0.000000000000000000e+00 0.000000000000000000e+00 0.000000000000000000e+00 0.000000000000000000e+00 0.000000000000000000e+00 8.267647303126149288e-22 9.553183821910007852e-11
3.424892976588628901e+00 0.000000000000000000e+00 0.000000000000000000e+00 0.000000000000000000e+00 0.000000000000000000e+00 0.000000000000000000e+00 0.000000000000000000e+00 0.000000000000000000e+00 0.000000000000000000e+00 5.803163251229731699e-22 7.340123110358797636e-11
3.438267558528428136e+00 0.000000000000000000e+00 0.000000000000000000e+00 0.000000000000000000e+00 0.000000000000000000e+00 0.000000000000000000e+00 0.000000000000000000e+00 0.000000000000000000e+00 0.000000000000000000e+00 4.069670282821517066e-22 5.629685682711003382e-11
3.451642140468227371e+00 0.000000000000000000e+00 0.000000000000000000e+00 0.000000000000000000e+00 0.000000000000000000e+00 0.000000000000000000e+00 0.000000000000000000e+00 0.000000000000000000e+00 0.000000000000000000e+00 2.851313631514727405e-22 4.310088049888231693e-11
3.465016722408027050e+00 0.000000000000000000e+00 0.000000000000000000e+00 0.000000000000000000e+00 0.000000000000000000e+00 0.000000000000000000e+00 0.000000000000000000e+00 0.000000000000000000e+00 0.000000000000000000e+00 2.003217185947299317e-22 3.300788573250140146e-11
3.478391304347826285e+00 0.000000000000000000e+00 0.000000000000000000e+00 0.000000000000000000e+00 0.000000000000000000e+00 0.000000000000000000e+00 0.000000000000000000e+00 0.000000000000000000e+00 0.000000000000000000e+00 1.405988334073187395e-22 2.523308576686396606e-11
3.491765886287625520e+00 0.000000000000000000e+00 0.000000000000000000e+00 0.000000000000000000e+00 0.000000000000000000e+00 0.000000000000000000e+00 0.000000000000000000e+00 0.000000000000000000e+00 0.000000000000000000e+00 9.861742791450177429e-23 1.925907014871063013e-11
3.505140468227424755e+00 0.000000000000000000e+00 0.000000000000000000e+00 0.000000000000000000e+00 0.000000000000000000e+00 0.000000000000000000e+00 0.000000000000000000e+00 0.000000000000000000e+00 0.000000000000000000e+00 6.934485492720179292e-23 1.470315596607171481e-11
3.518515050167224434e+00 0.000000000000000000e+00 0.000000000000000000e+00 0.000000000000000000e+00 0.000000000000000000e+00 0.000000000000000000e+00 0.000000000000000000e+00 0.000000000000000000e+00 0.000000000000000000e+00 4.871408637251567760e-23 1.120543652361428585e-11
3.531889632107023669e+00 0.000000000000000000e+00 0.000000000000000000e+00 0.000000000000000000e+00 0.000000000000000000e+00 0.000000000000000000e+00 0.000000000000000000e+00 0.000000000000000000e+00 0.000000000000000000e+00 3.420887562013368818e-23 8.528103580752385258e-12
3.545264214046822904e+00 0.000000000000000000e+00 0.000000000000000000e+00 0.000000000000000000e+00 0.000000000000000000e+00 0.000000000000000000e+00 0.000000000000000000e+00 0.000000000000000000e+00 0.000000000000000000e+00 2.407701122850043682e-23 6.491747639146077635e-12
3.558638795986622139e+00 0.000000000000000000e+00 0.000000000000000000e+00 0.000000000000000000e+00 0.000000000000000000e+00 0.000000000000000000e+00 0.000000000000000000e+00 0.000000000000000000e+00 0.000000000000000000e+00 1.692991153575313181e-23 4.933265385168862260e-12
3.572013377926421374e+00 0.000000000000000000e+00 0.000000000000000000e+00 0.000000000000000000e+00 0.000000000000000000e+00 0.000000000000000000e+00 0.000000000000000000e+00 0.000000000000000000e+00 0.000000000000000000e+00 1.190350853902752673e-23 3.744620982570970899e-12
3.585387959866221053e+00 0.000000000000000000e+00 0.000000000000000000e+00 0.000000000000000000e+00 0.000000000000000000e+00 0.000000000000000000e+00 0.000000000000000000e+00 0.000000000000000000e+00 0.000000000000000000e+00 0.000000000000000000e+00 2.842736996735662521e-12
3.598762541806020288e+00 0.000000000000000000e+00 0.000000000000000000e+00 0.000000000000000000e+00 0.000000000000000000e+00 0.000000000000000000e+00 0.000000000000000000e+00 0.000000000000000000e+00 0.000000000000000000e+00 0.000000000000000000e+00 2.154511489509008375e-12
3.612137123745819522e+00 0.000000000000000000e+00 0.000000000000000000e+00 0.000000000000000000e+00 0.000000000000000000e+00 0.000000000000000000e+00 0.000000000000000000e+00 0.000000000000000000e+00 0.000000000000000000e+00 0.000000000000000000e+00 1.631391749696886348e-12
3.625511705685618757e+00 0.000000000000000000e+00 0.000000000000000000e+00 0.000000000000000000e+00 0.000000000000000000e+00 0.000000000000000000e+00 0.000000000000000000e+00 0.000000000000000000e+00 0.000000000000000000e+00 0.000000000000000000e+00 1.235344773575394243e-12
3.638886287625418436e+00 0.000000000000000000e+00 0.000000000000000000e+00 0.000000000000000000e+00 0.000000000000000000e+00 0.000000000000000000e+00 0.000000000000000000e+00 0.000000000000000000e+00 0.000000000000000000e+00 0.000000000000000000e+00 9.339422359750457251e-13
3.652260869565217671e+00 0.000000000000000000e+00 0.000000000000000000e+00 0.000000000000000000e+00 0.000000000000000000e+00 0.000000000000000000e+00 0.000000000000000000e+00 0.000000000000000000e+00 0.000000000000000000e+00 0.000000000000000000e+00 7.055819793215998976e-13
3.665635451505016906e+00 0.000000000000000000e+00 0.000000000000000000e+00 0.000000000000000000e+00 0.000000000000000000e+00 0.000000000000000000e+00 0.000000000000000000e+00 0.000000000000000000e+00 0.000000000000000000e+00 0.000000000000000000e+00 5.330351721668907108e-13
3.679010033444816141e+00 0.000000000000000000e+00 0.000000000000000000e+00 0.000000000000000000e+00 0.000000000000000000e+00 0.000000000000000000e+00 0.000000000000000000e+00 0.000000000000000000e+00 0.000000000000000000e+00 0.000000000000000000e+00 4.020534423387456697e-13
3.692384615384615376e+00 0.000000000000000000e+00 0.000000000000000000e+00 0.000000000000000000e+00 0.000000000000000000e+00 0.000000000000000000e+00 0.000000000000000000e+00 0.000000000000000000e+00 0.000000000000000000e+00 0.000000000000000000e+00 3.031147156249252324e-13
3.705759197324415055e+00 0.000000000000000000e+00 0.000000000000000000e+00 0.000000000000000000e+00 0.000000000000000000e+00 0.000000000000000000e+00 0.000000000000000000e+00 0.000000000000000000e+00 0.000000000000000000e+00 0.000000000000000000e+00 2.284900707996018019e-13
3.719133779264214290e+00 0.000000000000000000e+00 0.000000000000000000e+00 0.000000000000000000e+00 0.000000000000000000e+00 0.000000000000000000e+00 0.000000000000000000e+00 0.000000000000000000e+00 0.000000000000000000e+00 0.000000000000000000e+00 1.719744262980636806e-13
3.732508361204013525e+00 0.000000000000000000e+00 0.000000000000000000e+00 0.000000000000000000e+00 0.000000000000000000e+00 0.000000000000000000e+00 0.000000000000000000e+00 0.000000000000000000e+00 0.000000000000000000e+00 0.000000000000000000e+00 1.294066586691541626e-13
3.745882943143812760e+00 0.000000000000000000e+00 0.000000000000000000e+00 0.000000000000000000e+00 0.000000000000000000e+00 0.000000000000000000e+00 0.000000000000000000e+00 0.000000000000000000e+00 0.000000000000000000e+00 0.000000000000000000e+00 9.735059275132399139e-14
3.759257525083611995e+00 0.000000000000000000e+00 0.000000000000000000e+00 0.000000000000000000e+00 0.000000000000000000e+00 0.000000000000000000e+00 0.000000000000000000e+00 0.000000000000000000e+00 0.000000000000000000e+00 0.000000000000000000e+00 7.312613564113594221e-14
3.772632107023411674e+00 0.000000000000000000e+00 0.000000000000000000e+00 0.000000000000000000e+00 0.000000000000000000e+00 0.000000000000000000e+00 0.000000000000000000e+00 0.000000000000000000e+00 0.000000000000000000e+00 0.000000000000000000e+00 5.492939567296191624e-14
3.786006688963210909e+00 0.000000000000000000e+00 0.000000000000000000e+00 0.000000000000000000e+00 0.000000000000000000e+00 0.000000000000000000e+00 0.000000000000000000e+00 0.000000000000000000e+00 0.000000000000000000e+00 0.000000000000000000e+00 4.124531848917791515e-14
3.799381270903010144e+00 0.000000000000000000e+00 0.000000000000000000e+00 0.000000000000000000e+00 0.000000000000000000e+00 0.000000000000000000e+00 0.000000000000000000e+00 0.000000000000000000e+00 0.000000000000000000e+00 0.000000000000000000e+00 3.092513079652327535e-14
3.812755852842809379e+00 0.000000000000000000e+00 0.000000000000000000e+00 0.000000000000000000e+00 0.000000000000000000e+00 0.000000000000000000e+00 0.000000000000000000e+00 0.000000000000000000e+00 0.000000000000000000e+00 0.000000000000000000e+00 2.319260166548894656e-14
3.826130434782609058e+00 0.000000000000000000e+00 0.000000000000000000e+00 0.000000000000000000e+00 0.000000000000000000e+00 0.000000000000000000e+00 0.000000000000000000e+00 0.000000000000000000e+00 0.000000000000000000e+00 0.000000000000000000e+00 1.738481204517894028e-14
3.839505016722408293e+00 0.000000000000000000e+00 0.000000000000000000e+00 0.000000000000000000e+00 0.000000000000000000e+00 0.000000000000000000e+00 0.000000000000000000e+00 0.000000000000000000e+00 0.000000000000000000e+00 0.000000000000000000e+00 1.301283102485468422e-14
3.852879598662207528e+00 0.000000000000000000e+00 0.000000000000000000e+00 0.000000000000000000e+00 0.000000000000000000e+00 0.000000000000000000e+00 0.000000000000000000e+00 0.000000000000000000e+00 0.000000000000000000e+00 0.000000000000000000e+00 9.744919521982120980e-15
3.866254180602006763e+00 0.000000000000000000e+00 0.000000000000000000e+00 0.000000000000000000e+00 0.000000000000000000e+00 0.000000000000000000e+00 0.000000000000000000e+00 0.000000000000000000e+00 0.000000000000000000e+00 0.000000000000000000e+00 7.293048362378049549e-15
3.879628762541805997e+00 0.000000000000000000e+00 0.000000000000000000e+00 0.000000000000000000e+00 0.000000000000000000e+00 0.000000000000000000e+00 0.000000000000000000e+00 0.000000000000000000e+00 0.000000000000000000e+00 0.000000000000000000e+00 5.450479003156236773e-15
3.893003344481605676e+00 0.000000000000000000e+00 0.000000000000000000e+00 0.000000000000000000e+00 0.000000000000000000e+00 0.000000000000000000e+00 0.000000000000000000e+00 0.000000000000000000e+00 0.000000000000000000e+00 0.000000000000000000e+00 4.076328682677591084e-15
3.906377926421404911e+00 0.000000000000000000e+00 0.000000000000000000e+00 0.000000000000000000e+00 0.000000000000000000e+00 0.000000000000000000e+00 0.000000000000000000e+00 0.000000000000000000e+00 0.000000000000000000e+00 0.000000000000000000e+00 3.046259508993463590e-15
3.919752508361204146e+00 0.000000000000000000e+00 0.000000000000000000e+00 0.000000000000000000e+00 0.000000000000000000e+00 0.000000000000000000e+00 0.000000000000000000e+00 0.000000000000000000e+00 0.000000000000000000e+00 0.000000000000000000e+00 2.273380482600079417e-15
3.933127090301003381e+00 0.000000000000000000e+00 0.000000000000000000e+00 0.000000000000000000e+00 0.000000000000000000e+00 0.000000000000000000e+00 0.000000000000000000e+00 0.000000000000000000e+00 0.000000000000000000e+00 0.000000000000000000e+00 1.698208777671228828e-15
3.946501672240803060e+00 0.000000000000000000e+00 0.000000000000000000e+00 0.000000000000000000e+00 0.000000000000000000e+00 0.000000000000000000e+00 0.000000000000000000e+00 0.000000000000000000e+00 0.000000000000000000e+00 0.000000000000000000e+00 1.267387163073537761e-15
3.959876254180602295e+00 0.000000000000000000e+00 0.000000000000000000e+00 0.000000000000000000e+00 0.000000000000000000e+00 0.000000000000000000e+00 0.000000000000000000e+00 0.000000000000000000e+00 0.000000000000000000e+00 0.000000000000000000e+00 9.445983475562214340e-16
3.973250836120401530e+00 0.000000000000000000e+00 0.000000000000000000e+00 0.000000000000000000e+00 0.000000000000000000e+00 0.000000000000000000e+00 0.000000000000000000e+00 0.000000000000000000e+00 0.000000000000000000e+00 0.000000000000000000e+00 7.048617593566590412e-16
3.986625418060200765e+00 0.000000000000000000e+00 0.000000000000000000e+00 0.000000000000000000e+00 0.000000000000000000e+00 0.000000000000000000e+00 0.000000000000000000e+00 0.000000000000000000e+00 0.000000000000000000e+00 0.000000000000000000e+00 5.254042470229920241e-16
4.000000000000000000e+00 0.000000000000000000e+00 0.000000000000000000e+00 0.000000000000000000e+00 0.000000000000000000e+00 0.000000000000000000e+00 0.000000000000000000e+00 0.000000000000000000e+00 0.000000000000000000e+00 0.000000000000000000e+00 3.911239149376906562e-16
