1.000000000000000021e-03 5.344576655519248416e-09 5.352538556682874224e-09 5.354587021082492571e-09 5.355815285009973529e-09 5.356694566860327961e-09 5.357394273082422421e-09 5.357981842879731764e-09 5.358532133026477134e-09 5.359085601833677637e-09 5.359845095026274588e-09
1.437458193979933296e-02 3.590919793408209363e-10 3.671320614934668184e-10 3.692119510579366663e-10 3.704629983536510589e-10 3.713487301965080696e-10 3.720534332340289197e-10 3.726538632091728977e-10 3.732082605188960853e-10 3.737890263871241480e-10 3.745380611484408359e-10
2.774916387959866504e-02 1.792065163361823562e-10 1.873400745504382398e-10 1.894472349099088797e-10 1.907150370980868568e-10 1.916101295761408494e-10 1.923274677171449775e-10 1.929354962169035515e-10 1.934963056763073507e-10 1.940852725470294120e-10 1.948432475144571138e-10
4.112374581939799711e-02 1.161869196337108610e-10 1.244057530416830116e-10 1.265407100267733479e-10 1.278245882295186479e-10 1.287314708051886069e-10 1.294580166032366384e-10 1.300737450796045598e-10 1.306419469886860241e-10 1.312388433626423023e-10 1.320062931480053242e-10
5.449832775919732919e-02 8.400323658027279725e-11 9.229404590651050411e-11 9.445627265886998178e-11 9.575680988605386183e-11 9.667532180691770168e-11 9.741121242999809736e-11 9.803477388987792266e-11 9.861047025939132492e-11 9.921480904997724734e-11 9.999241697205652184e-11
6.787290969899666127e-02 6.443597828795608961e-11 7.278432978382104980e-11 7.497347362607432514e-11 7.629063915563819681e-11 7.722100555810704189e-11 7.796525871176719653e-11 7.859762617644185579e-11 7.918041286082550886e-11 7.979204803472560709e-11 8.057997972533489341e-11
8.124749163879599334e-02 5.126331658916270065e-11 5.965227792927396908e-11 6.186936854483111730e-11 6.320289670894287632e-11 6.414475211118603864e-11 6.489925072253707919e-11 6.553888730305219438e-11 6.612889607941850684e-11 6.674840887014480087e-11 6.754593856797586097e-11
9.462207357859532542e-02 4.178162731409452030e-11 5.019436660678828069e-11 5.243887231735290549e-11 5.378889615894691490e-11 5.474233750757095649e-11 5.550623650469812696e-11 5.615367083424319712e-11 5.675104955904998067e-11 5.737834002466287913e-11 5.818577040967464244e-11
1.079966555183946575e-01 3.462721772496832465e-11 4.304533696377852910e-11 4.531727431757471720e-11 4.668379293459162955e-11 4.765019872178135858e-11 4.842210864331217364e-11 4.907744917888982833e-11 4.968207486359343113e-11 5.031711460816919260e-11 5.113430527643012434e-11
1.213712374581939896e-01 2.903781754042314779e-11 3.744194919444055420e-11 3.974130929308822705e-11 4.112431585834508050e-11 4.210109156954850776e-11 4.288443572318798871e-11 4.354692795105468087e-11 4.415899454730468573e-11 4.480177667949483025e-11 4.562841194741196932e-11
1.347458193979933216e-01 2.456100417144714864e-11 3.292398627544350050e-11 3.525076316239836841e-11 3.665026002307056386e-11 3.763869111043809771e-11 3.843056232064440688e-11 3.910167786503573653e-11 3.972096485898958482e-11 4.037131168411871035e-11 4.120830156332287720e-11
1.481204013377926398e-01 2.090130586613587315e-11 2.919744104887014342e-11 3.155164104044968208e-11 3.296736892918730064e-11 3.396771125949271378e-11 3.476891990778391172e-11 3.544806618992344679e-11 3.607454771649181278e-11 3.673240529063164430e-11 3.757936237491090248e-11
1.614949832775919858e-01 1.785870037902291258e-11 2.606573683883290962e-11 2.844731895589870997e-11 2.987979238892910599e-11 3.089155786098265356e-11 3.170209425899410595e-11 3.238908056535691652e-11 3.302288398399608779e-11 3.368861240089512811e-11 3.454524859291325616e-11
1.748695652173913317e-01 1.529666540452983395e-11 2.339233385849258030e-11 2.580135224801251541e-11 2.725038206325656656e-11 2.827367405747651654e-11 2.909362902096933319e-11 2.978854522438958352e-11 3.042962015745689815e-11 3.110290634075348462e-11 3.196944645106256118e-11
1.882441471571906499e-01 1.311738467606743363e-11 2.107971225517300028e-11 2.351630666021498150e-11 2.498160989476574261e-11 2.601662516928449097e-11 2.684574119499884033e-11 2.754861002052491340e-11 2.819714664403717743e-11 2.887810653748643315e-11 2.975443317342425151e-11
2.016187290969899681e-01 1.124902146889521938e-11 1.905587453002796470e-11 2.151978152799206685e-11 2.300176003657927684e-11 2.404843835590495030e-11 2.488697254194958059e-11 2.559769732663421035e-11 2.625345450375564914e-11 2.694198898161754002e-11 2.782828906894715861e-11
2.149933110367893141e-01 9.637536903967954678e-12 1.726710865327741757e-11 1.975845318222733985e-11 2.125692412123900062e-11 2.231519904142450179e-11 2.316313533907276269e-11 2.388176528077676568e-11 2.454479822209871890e-11 2.524102196232114455e-11 2.613721025142079903e-11
2.283678929765886600e-01 8.241297670184887045e-12 1.567205588774506742e-11 1.819085587287655420e-11 1.970584398017676269e-11 2.077581068017502699e-11 2.163303189067003867e-11 2.235956054421682896e-11 2.302987899999612404e-11 2.373380825843418033e-11 2.463981242704650864e-11
2.417424749163879782e-01 7.027990659067724114e-12 1.423860616084966346e-11 1.678483235586695805e-11 1.831632071585819300e-11 1.939798774121487553e-11 2.026448155699794171e-11 2.099913443647861303e-11 2.167657237381636528e-11 2.238814154330709228e-11 2.330403720969619552e-11
2.551170568561872964e-01 5.971854256485725954e-12 1.294131596472361590e-11 1.551504093115053479e-11 1.706300409279491379e-11 1.815639933658522355e-11 1.903215566889316372e-11 1.977452276285692482e-11 2.045946748419517235e-11 2.117868320958457469e-11 2.210439909163225676e-11
2.684916387959866424e-01 5.052273590106660064e-12 1.175991514281217637e-11 1.436107568500983453e-11 1.592552812500358299e-11 1.703049081983367520e-11 1.791565710281522032e-11 1.866591730214671842e-11 1.935818204694301570e-11 2.008508860293059145e-11 2.102070290772805518e-11
2.818662207357859883e-01 4.252423324803441682e-12 1.067802994113669740e-11 1.330648376263351961e-11 1.488741873706519670e-11 1.600400644912981302e-11 1.689855301799394041e-11 1.765678142040499820e-11 1.835628822354979781e-11 1.909083238589213205e-11 2.003631170020751212e-11
2.952408026755852788e-01 3.575472099034232214e-12 9.682883071409638902e-12 1.233775641888861281e-11 1.393520683366109531e-11 1.506339536637434835e-11 1.596731768854035950e-11 1.673340613549649957e-11 1.744025407429681455e-11 1.818251757909392261e-11 1.913779282295078221e-11
3.086153846153846247e-01 2.983943079775610201e-12 8.763492550628507531e-12 1.144375121388889267e-11 1.305768179044411470e-11 1.419756424586748762e-11 1.511076929530182560e-11 1.588477118112486839e-11 1.659893810065135673e-11 1.734877985702792220e-11 1.831400760213179556e-11
3.219899665551839707e-01 2.454850910020866505e-12 7.910012816670031276e-12 1.061517092831982600e-11 1.224559521559910275e-11 1.339712119657422751e-11 1.431965266032681700e-11 1.510158504194858626e-11 1.582298255830680414e-11 1.658057540662111086e-11 1.755561109092502248e-11
3.353645484949833167e-01 1.980528688499656144e-12 7.113559752987858859e-12 9.844133379640981553e-12 1.149107827069099663e-11 1.265425296342684640e-11 1.358608322785877825e-11 1.437594444833425654e-11 1.510470149046157165e-11 1.586987790967394171e-11 1.685483057078901688e-11
3.487391304347826626e-01 1.599177522320269285e-12 6.372949021877086291e-12 9.124079647559944252e-12 1.078754232391592450e-11 1.196236330119039431e-11 1.290353524547278462e-11 1.370133008570147447e-11 1.443735059793810168e-11 1.521023830857912013e-11 1.620502178222262220e-11
3.621137123745819530e-01 1.277981752424798958e-12 5.682155470666038381e-12 8.449343429446467762e-12 1.012933714001118675e-11 1.131598475367006460e-11 1.226635170256781490e-11 1.307192722177800392e-11 1.381533557923905047e-11 1.459586617039781496e-11 1.560052981486594321e-11
3.754882943143812990e-01 1.010177447474511148e-12 5.038073371352304436e-12 7.815116137101764756e-12 9.511618270350761119e-12 1.070982055174022243e-11 1.166961066747706615e-11 1.248320934742040142e-11 1.323380019500275688e-11 1.402201574486923376e-11 1.503655522116990332e-11
3.888628762541806450e-01 7.893734123953341359e-13 4.438810435730442561e-12 7.217051040671090201e-12 8.930217057323746680e-12 1.013999691706687168e-11 1.110920254286977039e-11 1.193068435325507233e-11 1.268847813203242279e-11 1.348449056364850186e-11 1.450889014745198571e-11
4.022374581939799354e-01 6.095256927184962512e-13 3.883112822739652252e-12 6.651874921553876735e-12 8.381516476034224566e-12 9.602939885266680817e-12 1.058135653591953298e-11 1.141084465073521870e-11 1.217618097452547791e-11 1.297965195005575658e-11 1.401386897550041858e-11
4.156120401337792813e-01 4.648814716990306287e-13 3.370352364187901443e-12 6.116226618090713169e-12 7.862357888166607837e-12 9.095441566142224426e-12 1.008331308362481791e-11 1.092062933348745964e-11 1.169312204552274734e-11 1.250435226188251959e-11 1.354846311932377516e-11
4.289866220735786273e-01 3.500952875824340698e-13 2.900228537033804577e-12 5.607643654525235945e-12 7.369979812170115240e-12 8.614722743538907425e-12 9.611925329968467162e-12 1.045715117394707461e-11 1.123697447196557081e-11 1.205583872870994475e-11 1.310972814892552981e-11
4.423612040133779733e-01 2.602558640824504606e-13 2.472546532145334376e-12 5.123859467595096968e-12 6.901955172188019953e-12 8.158369259805994802e-12 9.164905514392917010e-12 1.001803436428158747e-11 1.080515445134078909e-11 1.163164591625973226e-11 1.269554201611098446e-11
4.557357859531773192e-01 1.909179855810511244e-13 2.087006961492595668e-12 4.663221202836549219e-12 6.456122391847332451e-12 7.724228928650990523e-12 8.740097977213237576e-12 9.601145803435126127e-12 1.039557749499301011e-11 1.122979489135117315e-11 1.230345915280715906e-11
4.691103678929766096e-01 1.381429437128313106e-13 1.742937654061937747e-12 4.224459729358144237e-12 6.030594319646343013e-12 7.310402500163385801e-12 8.335614870634914440e-12 9.204562585328194073e-12 1.000628935056499000e-11 1.084816716366027892e-11 1.193169639236768656e-11
4.824849498327759556e-01 9.852047987872372548e-14 1.439400201181671348e-12 3.806750250157122163e-12 5.623648548755317891e-12 6.915183822305693224e-12 7.949722827316540098e-12 8.826615481625578190e-12 9.635632851768537432e-12 1.048518103515955683e-11 1.157859903100031990e-11
4.958595317725753016e-01 6.919787743912864463e-14 1.174729974396850401e-12 3.409769005716871545e-12 5.233788667766755988e-12 6.537168168978159330e-12 7.581148003819596870e-12 8.465782442196458175e-12 9.282117978781867818e-12 1.013931884279430468e-11 1.124260912884594980e-11
5.092341137123745920e-01 4.633691669856227673e-14 9.405900385077113224e-13 3.031365097124990232e-12 4.859529657133459184e-12 6.174879046257533900e-12 7.228100149690364601e-12 8.120772725921939138e-12 8.944413752724835120e-12 9.809253650390781566e-12 1.092239276530221877e-11
5.226086956521739380e-01 2.937864946078688277e-14 7.376174384883839738e-13 2.671502071276590323e-12 4.499559593581764299e-12 5.827145541677297347e-12 6.889717975516372639e-12 7.790368574414903850e-12 8.621222450467817179e-12 9.493744262450047997e-12 1.061677601696126539e-11
5.359832775919732839e-01 1.752090657969439053e-14 5.662576039013269603e-13 2.331288240898007113e-12 4.152749728067797911e-12 5.492881949112788846e-12 6.564826282706477733e-12 7.473312132629700112e-12 8.311514541775117183e-12 9.191730986475264400e-12 1.032461543202985004e-11
5.493578595317726299e-01 9.459045417750783793e-15 4.238429515974256888e-13 2.011310253803162777e-12 3.817850213337818098e-12 5.171065491046772669e-12 6.252416056847612622e-12 7.168850025291365190e-12 8.014329809464051397e-12 8.902170531287771141e-12 1.004496803131787570e-11
5.627324414715719758e-01 4.131869370497412242e-15 3.074590136831107857e-13 1.712283744403272140e-12 3.493917402398502510e-12 4.860760557532189825e-12 5.951644616607630398e-12 6.875957239509941590e-12 7.728778020870596628e-12 8.624271697005367618e-12 9.776914359797731280e-12
5.761070234113713218e-01 7.911794424125958599e-16 2.141420760562795222e-13 1.435124202914088281e-12 3.180021807609123225e-12 4.561087906265410388e-12 5.661661957471959071e-12 6.593893192517918025e-12 7.453992958261006243e-12 8.357182008740857198e-12 9.519661156197687602e-12
5.894816053511705567e-01 -1.164198025439197151e-15 1.409070783777805760e-13 1.180721724655826250e-12 2.875421973723109611e-12 4.271178037350103867e-12 5.381724718384342459e-12 6.321889986979128072e-12 7.189286020408883939e-12 8.100098228847624938e-12 9.272497748190705417e-12
6.028561872909699026e-01 -2.205690386328149179e-15 8.468254395500652441e-14 9.497749828965572817e-13 2.579433017646633931e-12 3.990161163601901812e-12 5.111182453539601805e-12 6.059277300661496561e-12 6.933971256853006898e-12 7.852481571738250119e-12 9.034694422930539386e-12
6.162307692307692486e-01 -2.632534733135657155e-15 4.270296062555316177e-14 7.427439866264406300e-13 2.291793807635899361e-12 3.717112096957872552e-12 4.849405061559504539e-12 5.805443356612192086e-12 6.687451974114327937e-12 7.613621946401848689e-12 8.805706230640008514e-12
6.296053511705685946e-01 -2.671404593223265487e-15 1.245903935371610198e-14 5.599624851598998787e-13 2.012528919139705153e-12 3.451101872484022709e-12 4.595803007116866081e-12 5.559850254838709039e-12 6.449153193826680073e-12 7.382993459263733610e-12 8.584929409700199934e-12
6.429799331103679405e-01 -2.491882702519242370e-15 -8.308568609996052823e-15 4.016966554138622525e-13 1.742149565954219151e-12 3.191046179973179512e-12 4.349815627976482648e-12 5.321975634783976908e-12 6.218588686069689722e-12 7.160074992601386270e-12 8.371894392097367550e-12
6.563545150501672865e-01 -2.198414932015653269e-15 -2.173718577349514377e-14 2.669907805904138364e-13 1.481400563826439093e-12 2.935855866807042215e-12 4.110882157031871654e-12 5.091334065755772590e-12 5.995231534434325035e-12 6.944399823287623925e-12 8.166070395578090342e-12
6.697290969899666324e-01 -1.863308701458530979e-15 -2.958735207412611042e-14 1.548763398679293314e-13 1.231452396693418950e-12 2.684380996166440024e-12 3.878422499955501254e-12 4.867501306347248810e-12 5.778701191829452303e-12 6.735533421216537307e-12 7.967072691322236654e-12
6.831036789297659784e-01 -1.537861564436732823e-15 -3.342314852269873009e-14 6.374506696744877612e-14 9.936249261141389542e-13 2.435331508928557585e-12 3.651790114440704453e-12 4.650073264824188156e-12 5.568582725345847168e-12 6.533076264858354662e-12 7.774482770731145218e-12
6.964782608695653243e-01 -1.236975416813278313e-15 -3.431714764190332725e-14 -8.081968913957078608e-15 7.696583222418351285e-13 2.187692483973386709e-12 3.430251720356260584e-12 4.438670462652601063e-12 5.364504224237228432e-12 6.336666102761820830e-12 7.587933075649864794e-12
7.098528428093645593e-01 -8.846579102143492297e-16 -2.935076796788528621e-14 -4.149797631191539822e-14 5.891022305236996366e-13 1.950023626504421691e-12 3.213670142405520766e-12 4.232942106837234156e-12 5.166132305955428220e-12 6.145954002617719643e-12 7.407088660861958761e-12
7.232274247491639052e-01 -6.050519043772404565e-16 -2.351852076655044070e-14 -5.611668403315377501e-14 4.410307687702814037e-13 1.722091892278078819e-12 3.001519251082237684e-12 4.032554399266739055e-12 4.973139447212267684e-12 5.960628914732093968e-12 7.231628093570002050e-12
7.366020066889632512e-01 -4.084787328700827683e-16 -1.851236876262052742e-14 -6.264284224942026581e-14 3.161084096753221423e-13 1.502922696991064248e-12 2.793201249034678779e-12 3.837180350438797316e-12 4.785240722253929528e-12 5.780391136186151249e-12 7.061265819134975906e-12
7.499765886287625971e-01 -2.726828505919894794e-16 -1.434451226702281887e-14 -6.341797364001729328e-14 2.134165023018957554e-13 1.294209630919435711e-12 2.588323468786311335e-12 3.646501742319775094e-12 4.602158291693231841e-12 5.604980513289869543e-12 6.895719424392968273e-12
7.633511705685619431e-01 -1.804624612031968365e-16 -1.096559269422647640e-14 -6.035466834457307571e-14 1.315322726100362262e-13 1.097853636588853378e-12 2.386627255885759955e-12 3.460189096020076126e-12 4.423642145638024548e-12 5.434124300026867548e-12 6.734713343266950957e-12
7.767257525083612890e-01 -1.179661229840482857e-16 -8.258824474788199077e-15 -5.493122027570417943e-14 6.827695012971626767e-14 9.156394593395458545e-13 2.188147307540805633e-12 3.277919667695166441e-12 4.249454807079158879e-12 5.267607260318077322e-12 6.578062560137285210e-12
7.901003344481606350e-01 -7.636099697569517607e-17 -6.142469609217158764e-15 -4.835684447552897804e-14 2.124416743884949085e-14 7.490620147207062961e-13 1.993044490509338728e-12 3.099361525904612780e-12 4.079369309654111175e-12 5.105198776927353240e-12 6.425513677191772404e-12
8.034749163879598699e-01 -4.906486827337075358e-17 -4.517886285170569491e-15 -4.145056819374139974e-14 -1.202477419578685561e-14 5.993875977419785415e-13 1.801776868403520408e-12 2.924165763556045521e-12 3.913182805443270597e-12 4.946690025234406560e-12 6.276878547764281235e-12
8.168494983277592159e-01 -3.119217908033015797e-17 -3.282004914833721912e-15 -3.471910045961324712e-14 -3.410755272737290674e-14 4.672279574148893669e-13 1.615125496143555174e-12 2.752007675886921364e-12 3.750685376799919771e-12 4.791900180003892910e-12 6.131948614685570259e-12
8.302240802675585618e-01 -1.967582080838354936e-17 -2.359366876877028741e-15 -2.852876003681715622e-14 -4.731657472783414489e-14 3.528757178559661488e-13 1.434035237224411626e-12 2.582552958419089737e-12 3.591695740312353192e-12 4.640642091715624915e-12 5.990554066170371305e-12
8.435986622073579078e-01 -1.233224807465121652e-17 -1.680180455986741078e-15 -2.304882821306832950e-14 -5.377366037665836759e-14 2.560790887121348224e-13 1.259696976121616970e-12 2.415497994854799279e-12 3.436032153390469019e-12 4.492749738020307981e-12 5.852528004773316771e-12
8.569732441471572537e-01 -7.656490994524432308e-18 -1.183129959306046128e-15 -1.832843318527299294e-14 -5.533433179506155290e-14 1.758820142868290246e-13 1.093398905414680000e-12 2.250686272227034764e-12 3.283493813068823952e-12 4.348059277149269625e-12 5.717706158250430775e-12
8.703478260869565997e-01 -4.724135887051652394e-18 -8.258212414680278914e-16 -1.437711317464934586e-14 -5.351502701565868183e-14 1.112599128540626452e-13 9.364896070646761256e-13 2.087944932510534705e-12 3.133901117139220697e-12 4.206440693390449260e-12 5.585946644140997051e-12
8.837224080267559456e-01 -2.899661039455349485e-18 -5.715817556769626528e-16 -1.113703088027541983e-14 -4.954312130701677818e-14 6.070655918472332544e-14 7.902633582161709818e-13 1.927296438785770312e-12 2.987059351246840301e-12 4.067734128146142720e-12 5.457096866579692392e-12
8.970969899665552916e-01 -1.764339495086484227e-18 -3.915437632648636196e-16 -8.516130854438755089e-15 -4.434757578491400337e-14 2.244920849827507562e-14 6.557858100169785689e-13 1.768935296752234709e-12 2.842779650250972504e-12 3.931815373749877112e-12 5.331059836113488594e-12
9.104715719063546375e-01 -1.103879242380676664e-18 -2.756213815299677486e-16 -6.702852925837864857e-15 -4.077188913006044422e-14 -1.170742731613453807e-14 5.270190479333720050e-13 1.611130905137177867e-12 2.700757878763451946e-12 3.798564820138546732e-12 5.207673326723887274e-12
9.238461538461538725e-01 -6.938207007067231555e-19 -1.944035368574221997e-16 -5.271200135984821959e-15 -3.694783785157768953e-14 -3.780639703429826218e-14 4.085781765652478808e-13 1.454700344897153953e-12 2.560735810933494260e-12 3.667863605705303531e-12 5.086842086439587731e-12
9.372207357859532184e-01 -4.331479729763649228e-19 -1.359005809016818627e-16 -4.098919160075046810e-15 -3.269396472070602104e-14 -5.565164173929885342e-14 3.026147658405337473e-13 1.300458521676002831e-12 2.422459374726902971e-12 3.539596367781487933e-12 4.968449657058305609e-12
9.505953177257525644e-01 -2.696328180832164622e-19 -9.437506128834503125e-17 -3.154997967081036922e-15 -2.833167010420941850e-14 -6.645997730210302993e-14 2.099427303516474463e-13 1.149169759273910898e-12 2.285615933990620604e-12 3.413656425553304437e-12 4.852396395549505110e-12
9.639698996655519103e-01 -1.670579332427206008e-19 -6.503968458119838027e-17 -2.402861558682535901e-15 -2.410635382887997788e-14 -7.168711558484215486e-14 1.305618649658800995e-13 1.001705276829373820e-12 2.149908015532949540e-12 3.289940695104077509e-12 4.738584032143317392e-12
9.773444816053512563e-01 -1.027224031400245819e-19 -4.440188889894410330e-17 -1.809699681426614183e-15 -2.016725032413180771e-14 -7.261998046115440432e-14 6.416541155667661619e-14 8.591075575847035424e-13 2.015061130940936309e-12 3.168342382708579296e-12 4.626919198876039041e-12
9.907190635451506022e-01 -6.309202086349512927e-20 -3.015665683323532861e-17 -1.351828962008818033e-15 -1.664228567505595398e-14 -7.043961213177985281e-14 1.026235191957038758e-14 7.225274130065999330e-13 1.880779764515613630e-12 3.048769699268101438e-12 4.517313486042068985e-12
1.004093645484949837e+00 -3.857183031668044739e-20 -2.033840286580338898e-17 -1.000630120550572087e-15 -1.355163871686485188e-14 -6.610396825879027146e-14 -3.204951116068948277e-14 5.931727326807870357e-13 1.746882570794978279e-12 2.931072415798421597e-12 4.409689879706194308e-12
1.017468227424749072e+00 -2.341711151378987431e-20 -1.359716981415538047e-17 -7.332552205889642224e-16 -1.089073056298163633e-14 -6.038739537386694796e-14 -6.382623572045945186e-14 4.722158613266679451e-13 1.613278095432756864e-12 2.815168419457088069e-12 4.303962494434099163e-12
1.030842809364548529e+00 -1.422186169020124122e-20 -9.058683635937699638e-18 -5.337711140563730559e-16 -8.664634543237584271e-15 -5.399355993432438413e-14 -8.626352279804416755e-14 3.607804897817815893e-13 1.479911120424154128e-12 2.700911373499124839e-12 4.200058255431397530e-12
1.044217391304347764e+00 -8.598948620747280257e-21 -5.994502624465779799e-18 -3.853341387590896361e-16 -6.820322452140177182e-15 -4.737128860959293290e-14 -1.007109080576722779e-13 2.597026827025625043e-13 1.346950875896031414e-12 2.588142000304813087e-12 4.097910153788174125e-12
1.057591973244147221e+00 -5.166438068082333576e-21 -3.935665332832094679e-18 -2.756831406111404056e-16 -5.309574490707222473e-15 -4.086604186140709098e-14 -1.084753253438849265e-13 1.696454206431580746e-13 1.214699323092806939e-12 2.476724725311575141e-12 3.997452782897702064e-12
1.070966555183946456e+00 -3.109981733737852454e-21 -2.579030992889234949e-18 -1.962661956434342021e-16 -4.101188317168139427e-15 -3.475791905875631419e-14 -1.108420044581190713e-13 9.114573425549608671e-14 1.083573567216774727e-12 2.366444441522130487e-12 3.898619041351434975e-12
1.084341137123745691e+00 -1.864016071105244965e-21 -1.679424674248947629e-18 -1.386205218599471307e-16 -3.138441810366423369e-15 -2.916673434169134435e-14 -1.090178560079043799e-13 2.422085810072016063e-14 9.542246320832200760e-13 2.257085907805526357e-12 3.801354101270814880e-12
1.097715719063545148e+00 -1.110621657856993662e-21 -1.085551832387292192e-18 -9.709916932547684498e-17 -2.378717188422681139e-15 -2.416279001262909267e-14 -1.040710945345238162e-13 -3.130422699530988035e-14 8.274174671908463094e-13 2.148447392141608397e-12 3.705590820306301986e-12
1.111090301003344383e+00 -6.641424741413073234e-22 -7.016114567729473430e-19 -6.780431717812985989e-17 -1.792647883480037833e-15 -1.982033167614333600e-14 -9.704802710064057309e-14 -7.586363976965915916e-14 7.039742671555076062e-13 2.040246488778343323e-12 3.611276741192404676e-12
1.124464882943143840e+00 -3.962247193680107648e-22 -4.516591821132404504e-19 -4.709194847371769992e-17 -1.342191841149337885e-15 -1.611662079046855441e-14 -8.889033951584480062e-14 -1.107664141835312598e-13 5.844436277913530405e-13 1.932224237038711950e-12 3.518362132038672874e-12
1.137839464882943075e+00 -2.350847791109643594e-22 -2.887615710446380806e-19 -3.245243491515824521e-17 -9.961335334690160600e-16 -1.296482329142360059e-14 -7.993850551460834612e-14 -1.361923332346453016e-13 4.702170710806316751e-13 1.824160544249164610e-12 3.426797346971308867e-12
1.151214046822742532e+00 -1.403751253309699503e-22 -1.851221113460839955e-19 -2.235778549294096439e-17 -7.372620179902980607e-16 -1.036825959400791537e-14 -7.096468923314755300e-14 -1.536495531748938757e-13 3.618208982930899168e-13 1.715718478184590844e-12 3.336528919250916126e-12
1.164588628762541767e+00 -8.506334378723455472e-23 -1.202935368094914293e-19 -1.559961660391167065e-17 -5.523498740365125207e-16 -8.387545960649976741e-15 -6.354268256274890541e-14 -1.691402855697684755e-13 2.542252431410435564e-13 1.605824901449688872e-12 3.247508556520105911e-12
1.177963210702341001e+00 -5.131067518547093808e-23 -7.769937003347642189e-20 -1.080631349914111189e-17 -4.104320753349782626e-16 -6.718836008380019762e-15 -5.606506952505176327e-14 -1.776865346397899520e-13 1.537050174395285987e-13 1.494737839202876816e-12 3.159685639453461076e-12
1.191337792642140458e+00 -3.108966196178634330e-23 -5.024322553806526379e-20 -7.472515819494313683e-18 -3.036923792775037696e-16 -5.344400482589917661e-15 -4.886976101066213963e-14 -1.803247799333819014e-13 6.130978465834277721e-14 1.382170360675746019e-12 3.073008932447671132e-12
1.204712374581939693e+00 -1.875588509761518467e-23 -3.230556111993886519e-20 -5.132362452303202029e-18 -2.229735243786391719e-16 -4.213367887326356781e-15 -4.207638477329802067e-14 -1.780916341187447432e-13 -2.229121963547513509e-14 1.268024836903877275e-12 2.987423951679699352e-12
1.218086956521739150e+00 -1.127502846707252267e-23 -2.066804176311281042e-20 -3.503082374001758349e-18 -1.625203430556564773e-16 -3.293268135293919621e-15 -3.581555309572296795e-14 -1.719467100553733791e-13 -9.638607344616657630e-14 1.152260363096569268e-12 2.902866736457282963e-12
1.231461538461538385e+00 -6.806134293518811497e-24 -1.323833929835880966e-20 -2.387566157792696770e-18 -1.180256375952950270e-16 -2.558960596891167373e-15 -3.019975044853108974e-14 -1.628931490733819951e-13 -1.604325719127102012e-13 1.034906571354022445e-12 2.819261120708373006e-12
1.244836120401337842e+00 -4.091884789778631694e-24 -8.434933667624272898e-21 -1.617070651302576571e-18 -8.510036387554041006e-17 -1.972318434838806879e-15 -2.520533844094007031e-14 -1.517346964956996076e-13 -2.143573763085468001e-13 9.162150142347599659e-13 2.736526009217927844e-12
1.258210702341137077e+00 -2.453944415659078189e-24 -5.353128308924280233e-21 -1.089489909594167641e-18 -6.096934242550750999e-17 -1.508796162652482360e-15 -2.083894297477717639e-14 -1.392157708185155909e-13 -2.580864188213870566e-13 7.965436883114498070e-13 2.654558522748028961e-12
1.271585284280936534e+00 -1.477161581358435227e-24 -3.401055726293161149e-21 -7.331060023759719432e-19 -4.353907046523825202e-17 -1.148214809898152631e-15 -1.709407008464186158e-14 -1.260440764258597660e-13 -2.917896888557111415e-13 6.763843934394059015e-13 2.573224911850336289e-12
1.284959866220735769e+00 -8.857748515832267494e-25 -2.150138792339080575e-21 -4.903879570397006126e-19 -3.088249040374726103e-17 -8.672561706452341980e-16 -1.389722419132031085e-14 -1.126778005073458673e-13 -3.160208023222172872e-13 5.563863969250510461e-13 2.492380320404754126e-12
1.298334448160535004e+00 -5.303088505567621215e-25 -1.355148647922142255e-21 -3.265939654757618105e-19 -2.178438704459534042e-17 -6.507209143528134686e-16 -1.120612055942420712e-14 -9.955490113696712682e-14 -3.313449491445855984e-13 4.373384908244454126e-13 2.411841650364059326e-12
1.311709030100334461e+00 -3.186890418869302731e-25 -8.553370439025357930e-22 -2.173623904093257332e-19 -1.532739800602105329e-17 -4.861529254889596422e-16 -8.978378801899357741e-15 -8.707911172126553046e-14 -3.387051455320220440e-13 3.199984988507814173e-13 2.331380799299824898e-12
1.325083612040133696e+00 -1.908074104727554576e-25 -5.373107041457703798e-22 -1.438491108977174300e-19 -1.071530298401241987e-17 -3.606248471615386325e-16 -7.135038793501225311e-15 -7.536462024883495959e-14 -3.388856359241908820e-13 2.054010360914908039e-13 2.250763931124168826e-12
1.338458193979933153e+00 -1.141461265936557046e-25 -3.367536288733401556e-22 -9.485138579039883803e-20 -7.454775785783033121e-18 -2.659244152872178796e-16 -5.628925484530401915e-15 -6.458822059045993673e-14 -3.328008307819487370e-13 9.466069013354881175e-14 2.169705975162402201e-12
1.351832775919732388e+00 -6.847835600461990085e-26 -2.112244020355459611e-22 -6.247425005454110488e-20 -5.171762010453274971e-18 -1.952321526602124741e-16 -4.413403870083736383e-15 -5.486082261745980421e-14 -3.214920797876952964e-13 -1.109550742123135269e-14 2.087895119266255445e-12
1.365207357859531845e+00 -4.092662780060841804e-26 -1.318623487851566987e-22 -4.092025216239996853e-20 -3.565377870828673141e-18 -1.423381137717067217e-16 -3.433544093124547321e-15 -4.615934954128089813e-14 -3.059683409945482491e-13 -1.108629780277457407e-13 2.005038928714849039e-12
1.378581939799331080e+00 -2.445718973826698619e-26 -8.218840379083577225e-23 -2.672380325290090105e-20 -2.447698343009417221e-18 -1.032201298921700780e-16 -2.653551946087625744e-15 -3.850400331056951369e-14 -2.872326885332847643e-13 -2.035442187642150422e-13 1.920806372527184856e-12
1.391956521739130537e+00 -1.464675086909923552e-26 -5.124622719770465645e-23 -1.742959528582265076e-20 -1.675569504760006951e-18 -7.453074811020739229e-17 -2.038807635333587704e-15 -3.186214310769685128e-14 -2.662579877397964666e-13 -2.881197400602148606e-13 1.834880418530558427e-12
1.405331103678929772e+00 -8.728913980813754699e-27 -3.176950869230318999e-23 -1.129355641649980018e-20 -1.138722258581101118e-18 -5.339297520346154170e-17 -1.553127123707246087e-15 -2.610773376976966646e-14 -2.435635070357236659e-13 -3.630876757220740392e-13 1.747119110496075019e-12
1.418705685618729007e+00 -5.197195569498484333e-27 -1.964820673068724250e-23 -7.290281751652281545e-21 -7.699983293146157437e-19 -3.801255164768485222e-17 -1.174278346516351908e-15 -2.119544510566879253e-14 -2.199626424366078743e-13 -4.272991601947820578e-13 1.657391218124329718e-12
1.432080267558528464e+00 -3.100287917184715573e-27 -1.215589945299720332e-23 -4.700737602843541857e-21 -5.193570107486693361e-19 -2.695892749037103162e-17 -8.832304590181585454e-16 -1.708839161357733954e-14 -1.966343615153710410e-13 -4.815594946394160889e-13 1.565457778732021631e-12
1.445454849498327698e+00 -1.844196671923619661e-27 -7.491079556591152312e-24 -3.016896515938871749e-21 -3.484395033426153014e-19 -1.900652241855681717e-17 -6.600058714833569912e-16 -1.367436593989661003e-14 -1.740703654344468931e-13 -5.259398316030737263e-13 1.471274362480905521e-12
1.458829431438127155e+00 -1.098971862023403945e-27 -4.619387284488941375e-24 -1.934852738636676753e-21 -2.333037528337693529e-19 -1.335666345568395838e-17 -4.909783770881973896e-16 -1.087632189374211124e-14 -1.527469328746036005e-13 -5.604808966404117636e-13 1.374819357669505973e-12
1.472204013377926390e+00 -6.562398007265136403e-28 -2.850594797411395195e-24 -1.240172607337767578e-21 -1.559286672145851653e-19 -9.358089861565028991e-18 -3.637017822714718747e-16 -8.601957143454092531e-15 -1.329447407665372946e-13 -5.855650672255756808e-13 1.276174853567050770e-12
1.485578595317725847e+00 -3.909739681992228718e-28 -1.753718325136899954e-24 -7.919355060586469411e-22 -1.037602561805600250e-19 -6.524176772553801855e-18 -2.679346646442654382e-16 -6.760302407796242299e-15 -1.147824354178786690e-13 -6.017504343136903706e-13 1.175514353860331753e-12
1.498953177257525082e+00 -2.337300501310247931e-28 -1.081112461135597793e-24 -5.060580298271957812e-22 -6.900392640110182067e-20 -4.539915479071245308e-18 -1.967567403580596376e-16 -5.288184263291058175e-15 -9.840507210512871393e-14 -6.095471267548968084e-13 1.073054632855807384e-12
1.512327759197324317e+00 -1.405062724627282933e-28 -6.694050408110312577e-25 -3.244342064837126129e-22 -4.598973285737769666e-20 -3.162681778394942534e-18 -1.444957249336238745e-16 -4.131938434150030114e-15 -8.410482139362461466e-14 -6.122657130177169409e-13 9.679694259705708728e-13
1.525702341137123774e+00 -8.454869567624122026e-29 -4.135062340180381837e-25 -2.073702154338840598e-22 -3.054093651734022511e-20 -2.194087159143057141e-18 -1.056161933021326998e-16 -3.211089377862554945e-15 -7.139596611516249461e-14 -6.080373469873892129e-13 8.614065139927658259e-13
1.539076923076923009e+00 -5.094175050038199528e-29 -2.561149445693266349e-25 -1.327240318514428751e-22 -2.028239990746884501e-20 -1.520193061110260532e-18 -7.699543707415585078e-17 -2.485285052501341758e-15 -6.022671230944795474e-14 -5.971804002278673719e-13 7.540138588554634694e-13
1.552451505016722466e+00 -3.073858358370127754e-29 -1.587042786475452479e-25 -8.490334592185389667e-23 -1.344970323491570943e-20 -1.050723962883132171e-18 -5.594030889980523707e-17 -1.914915708679298092e-15 -5.049197416312151547e-14 -5.807173172899398259e-13 6.461945509645135942e-13
1.565826086956521701e+00 -1.853825441704662719e-29 -9.822373921195993797e-26 -5.421380879766662439e-23 -8.897559629514963847e-21 -7.241177684744056310e-19 -4.050271218513403081e-17 -1.469472293007859948e-15 -4.211215771328794184e-14 -5.602043113682032015e-13 5.378381526838978630e-13
1.579200668896321158e+00 -1.127652059098402302e-29 -6.097046389065384437e-26 -3.467401596790571573e-23 -5.888044560870534000e-21 -4.985311132416472646e-19 -2.925484119437047616e-17 -1.123279463158800698e-15 -3.491266375215584456e-14 -5.351979027622339271e-13 4.305245837963118732e-13
1.592575250836120393e+00 -6.827595274171413866e-30 -3.781052749765356945e-26 -2.213662429739521452e-23 -3.886175131127711055e-21 -3.420299650059385963e-19 -2.103910061751362131e-17 -8.541438342623894265e-16 -2.875182039576170061e-14 -5.064868781957142598e-13 3.250369040806698486e-13
1.605949832775919628e+00 -4.120098485422054382e-30 -2.333773370189336946e-26 -1.405813590942354890e-23 -2.550056450979855954e-21 -2.331769475960037214e-19 -1.502721772929730837e-17 -6.446735747055364947e-16 -2.347920838525659856e-14 -4.742251910923558751e-13 2.230434941114699751e-13
1.619324414715719085e+00 0.000000000000000000e+00 -1.442911031406779325e-26 -8.931535193127827855e-24 -1.671847660616903035e-21 -1.586139903860082523e-19 -1.069398282111415798e-17 -4.840634131178974884e-16 -1.903531826843630627e-14 -4.393770582734985089e-13 1.257828622826750120e-13
1.632698996655518320e+00 0.000000000000000000e+00 -8.906536990136787507e-27 -5.660992659815246254e-24 -1.092696511110255328e-21 -1.074827203854829455e-19 -7.575569747942303032e-18 -3.615235248363392798e-16 -1.533244431519512822e-14 -4.035798000213841825e-13 3.284059427958730807e-14
1.646073578595317777e+00 0.000000000000000000e+00 -5.480065608764508981e-27 -3.574646467362499398e-24 -7.111440067699085973e-22 -7.248966308674010197e-20 -5.338432325746564412e-18 -2.684504943118822662e-16 -1.226835330528409569e-14 -3.676224176312944495e-13 -5.538278582945991264e-14
1.659448160535117012e+00 0.000000000000000000e+00 -3.363501701807349270e-27 -2.248871645334018285e-24 -4.605225559937237561e-22 -4.858040595434894392e-20 -3.732674645605382386e-18 -1.974803863815996357e-16 -9.705113742975674605e-15 -3.300024345030166498e-13 -1.326799358952833546e-13
1.672822742474916469e+00 0.000000000000000000e+00 -2.055035864385216963e-27 -1.407480970028172171e-24 -2.964987941303445390e-22 -3.234847767229232214e-20 -2.591497012695588407e-18 -1.441492089100948142e-16 -7.610617621799127690e-15 -2.931287060679608363e-13 -2.016697968952480241e-13
1.686197324414715704e+00 0.000000000000000000e+00 -1.252052703540012522e-27 -8.779636134476645973e-25 -1.901711828229332433e-22 -2.144827196357402545e-20 -1.790680676898937526e-18 -1.046699775222166521e-16 -5.932661890063096351e-15 -2.584573935367357344e-13 -2.646568818293421975e-13
1.699571906354515161e+00 0.000000000000000000e+00 -7.670051181720719167e-28 -5.498373725737146043e-25 -1.223060694562580193e-22 -1.424068964155124694e-20 -1.237212626064994820e-18 -7.587732547512725089e-17 -4.607782724560580421e-15 -2.263921791591314961e-13 -3.215986515559702431e-13
1.712946488294314396e+00 0.000000000000000000e+00 -4.693029742339380179e-28 -3.438474682109113107e-25 -7.850526804553579210e-23 -9.431669384764475256e-21 -8.522165674756795722e-19 -5.480685561177181588e-17 -3.563114563485827637e-15 -1.971533805155998364e-13 -3.736838466656818332e-13
1.726321070234113630e+00 0.000000000000000000e+00 -2.864853451121280887e-28 -2.144266224972881073e-25 -5.022617550733466189e-23 -6.223370288038172773e-21 -5.845555414664733998e-19 -3.940151135838247080e-17 -2.740462740189231819e-15 -1.705423615322892814e-13 -4.202013793561211730e-13
1.739695652173913087e+00 0.000000000000000000e+00 -1.758635712874054254e-28 -1.343163952865598050e-25 -3.223903028658739543e-23 -4.114547844369681732e-21 -4.011734115336468260e-19 -2.829756503620856117e-17 -2.101462946328935489e-15 -1.466573317777958855e-13 -4.612049585619260168e-13
1.753070234113712322e+00 0.000000000000000000e+00 -1.077156085612388559e-28 -8.390746295460240335e-26 -2.062800935023779564e-23 -2.710456962118926639e-21 -2.741904709260480924e-19 -2.022940885473822060e-17 -1.602996291736672050e-15 -1.252960515671099758e-13 -4.969759227229794161e-13
1.766444816053511779e+00 0.000000000000000000e+00 -6.586130747317236875e-29 -5.230012037728805917e-26 -1.316293987928578518e-23 -1.779788245403419641e-21 -1.867018609602575349e-19 -1.439975949030729991e-17 -1.216652715739550653e-15 -1.063701509998425277e-13 -5.278069212278778760e-13
1.779819397993311014e+00 0.000000000000000000e+00 -4.054722347450865238e-29 -3.273241452631356034e-26 -8.424808109942000827e-24 -1.170846176235595874e-21 -1.271970081398130359e-19 -1.024092819024586761e-17 -9.209317493676361199e-16 -8.981473365891628899e-14 -5.539436491053460540e-13
1.793193979933110471e+00 0.000000000000000000e+00 -2.486324587321486865e-29 -2.043202827617427948e-26 -5.375745271730936270e-24 -7.675623050543205820e-22 -8.631495045537344202e-20 -7.250972251058410441e-18 -6.935719353413944405e-16 -7.536454832345298479e-14 -5.756883047566432160e-13
1.806568561872909706e+00 0.000000000000000000e+00 -1.522524640880419434e-29 -1.272999998500903833e-26 -3.422024610303837089e-24 -5.017262595436456483e-22 -5.836971443382342895e-20 -5.113111426233158324e-18 -5.198201275141462588e-16 -6.284908759219834736e-14 -5.931610799606918829e-13
1.819943143812709163e+00 0.000000000000000000e+00 -9.363631600202204951e-30 -7.958843600387074267e-27 -2.183782518575514967e-24 -3.284334507383856927e-22 -3.948166478005561915e-20 -3.601733587611362526e-18 -3.885339098160127489e-16 -5.213731693072475599e-14 -6.066826122781226235e-13
1.833317725752508398e+00 0.000000000000000000e+00 -5.759786588583892238e-30 -4.963469009773654671e-27 -1.389582339147717328e-24 -2.142876565969816220e-22 -2.660601695009372337e-20 -2.526469489601501193e-18 -2.890190481238194051e-16 -4.299809571967940247e-14 -6.168219131668307465e-13
1.846692307692307633e+00 0.000000000000000000e+00 -3.533713905020361211e-30 -3.092635543633211284e-27 -8.829678570471489726e-25 -1.395396786753523594e-22 -1.788356082625801245e-20 -1.766553437692073579e-18 -2.141303697222879259e-16 -3.526943006157208862e-14 -6.239832768635699697e-13
1.860066889632107090e+00 0.000000000000000000e+00 0.000000000000000000e+00 -1.933548337218441256e-27 -5.625000534549655706e-25 -9.101409705845231281e-23 -1.202729343325127792e-20 -1.234411884982634677e-18 -1.583025065094861273e-16 -2.880021218027956979e-14 -6.284835869337246076e-13
1.873441471571906325e+00 0.000000000000000000e+00 0.000000000000000000e+00 -1.206171496746517533e-27 -3.574056213298880418e-25 -5.918485689152951533e-23 -8.060995219865996654e-21 -8.592258766136853769e-19 -1.165115974295372205e-16 -2.339004650375948679e-14 -6.305935559428862513e-13
1.886816053511705782e+00 0.000000000000000000e+00 0.000000000000000000e+00 -7.522939247077222910e-28 -2.269340163836984063e-25 -3.843887228401341262e-23 -5.392558381937677539e-21 -5.965454481594189722e-19 -8.545969768877347046e-17 -1.890407879463707540e-14 -6.306437886440997303e-13
1.900190635451505017e+00 0.000000000000000000e+00 0.000000000000000000e+00 -4.706827137453274112e-28 -1.444359783297147952e-25 -2.500376341312184993e-23 -3.609544846279868606e-21 -4.139611554415573126e-19 -6.256440021402038839e-17 -1.521679365732200994e-14 -6.289021277695688037e-13
1.913565217391304474e+00 0.000000000000000000e+00 0.000000000000000000e+00 -2.941762553847914366e-28 -9.176595124497492672e-26 -1.622963065426636267e-23 -2.409922754723276331e-21 -2.864070164848307898e-19 -4.564258620509148937e-17 -1.219453352315768628e-14 -6.260565775037868589e-13
1.926939799331103709e+00 0.000000000000000000e+00 0.000000000000000000e+00 -1.838849676688840118e-28 -5.829906544470259737e-26 -1.052787758281968715e-23 -1.606944810052513987e-21 -1.977624448186189262e-19 -3.320090230249491027e-17 -9.729788679124935651e-15 -6.217921790992758471e-13
1.940314381270902944e+00 0.000000000000000000e+00 0.000000000000000000e+00 -1.152532741611142436e-28 -3.711349889135559490e-26 -6.838175588098450218e-24 -1.071979739186429103e-21 -1.364788453903695972e-19 -2.410673549104300381e-17 -7.733903984174700602e-15 -6.162590799908579533e-13
1.953688963210702401e+00 0.000000000000000000e+00 0.000000000000000000e+00 -7.209329354481107058e-29 -2.357149550612252661e-26 -4.429673898719785339e-24 -7.129137771736801709e-22 -9.385855467470476999e-20 -1.743379419235239211e-17 -6.117605916758624548e-15 -6.095419904433844628e-13
1.967063545150501636e+00 0.000000000000000000e+00 0.000000000000000000e+00 -4.513981990962598110e-29 -1.497755965651996811e-26 -2.869156032723653102e-24 -4.737509324038877532e-22 -6.444989311710234924e-20 -1.257668824924953003e-17 -4.819736766544410078e-15 -6.018048498896241908e-13
1.980438127090301093e+00 0.000000000000000000e+00 0.000000000000000000e+00 -2.833026026934795340e-29 -9.532443109464168368e-27 -1.860197349971324508e-24 -3.148813476733290831e-22 -4.422530677904075796e-20 -9.056079578863731916e-18 -3.783469789522274477e-15 -5.931489442762196992e-13
1.993812709030100327e+00 0.000000000000000000e+00 0.000000000000000000e+00 -1.776647874086515516e-29 -6.052806052131357706e-27 -1.202841082318631872e-24 -2.086550249203108278e-22 -3.024364746191749073e-20 -6.495544972081972415e-18 -2.956003379579115979e-15 -5.836139659794647057e-13
2.007187290969899784e+00 0.000000000000000000e+00 0.000000000000000000e+00 -1.113513680500811778e-29 -3.844405755005416808e-27 -7.775513525698335654e-25 -1.381304777142920009e-22 -2.064637148005754070e-20 -4.646225264706332082e-18 -2.299557211221049739e-15 -5.728706210910156608e-13
2.020561872909699019e+00 0.000000000000000000e+00 0.000000000000000000e+00 -6.987152486246703044e-30 -2.443359369373906291e-27 -5.026683873149923166e-25 -9.138625297446865820e-23 -1.407475979447333987e-20 -3.315287134023466276e-18 -1.781635436772990847e-15 -5.611096876283510676e-13
2.033936454849498254e+00 0.000000000000000000e+00 0.000000000000000000e+00 -4.382656254109078295e-30 -1.549565808384291308e-27 -3.241448898612675063e-25 -6.028728024387539602e-23 -9.563759016522857498e-21 -2.356825729390487112e-18 -1.374187832762955489e-15 -5.488075352491728436e-13
2.047311036789297489e+00 0.000000000000000000e+00 0.000000000000000000e+00 -2.750615029825980367e-30 -9.842332327488615733e-28 -2.092358452607311726e-25 -3.978456710329359795e-23 -6.495624182947611237e-21 -1.672964053366616197e-18 -1.056626390185694734e-15 -5.361043205014568776e-13
2.060685618729097168e+00 0.000000000000000000e+00 0.000000000000000000e+00 0.000000000000000000e+00 -6.257656331537647244e-28 -1.351245947679541439e-25 -2.625057200233243810e-23 -4.408020776687944738e-21 -1.185420854915875878e-18 -8.098333777510617578e-16 -5.230623146112686706e-13
2.074060200668896403e+00 0.000000000000000000e+00 0.000000000000000000e+00 0.000000000000000000e+00 -3.970658057950645661e-28 -8.706405483773340110e-26 -1.727526028751488208e-23 -2.982441763424905988e-21 -8.370799322388174064e-19 -6.181069200833201417e-16 -5.097209037509708363e-13
2.087434782608695638e+00 0.000000000000000000e+00 0.000000000000000000e+00 0.000000000000000000e+00 -2.525121032764013842e-28 -5.619114010525926896e-26 -1.137992123167370456e-23 -2.018295887031123673e-21 -5.905836384092681346e-19 -4.705720310561257984e-16 -4.961740300349980997e-13
2.100809364548494873e+00 0.000000000000000000e+00 0.000000000000000000e+00 0.000000000000000000e+00 -1.607026614873358479e-28 -3.627606679422723852e-26 -7.494500329734654490e-24 -1.364637186183296464e-21 -4.159649680127566182e-19 -3.571825428645530397e-16 -4.824697955881997384e-13
2.114183946488294552e+00 0.000000000000000000e+00 0.000000000000000000e+00 0.000000000000000000e+00 -1.021330625946079129e-28 -2.338031775925366449e-26 -4.925908616944379913e-24 -9.205355713407012380e-22 -2.921686614019686849e-19 -2.701828603152528899e-16 -4.688297400927369269e-13
2.127558528428093787e+00 0.000000000000000000e+00 0.000000000000000000e+00 0.000000000000000000e+00 -6.512196453923340004e-29 -1.510292563421811902e-26 -3.242768194200560387e-24 -6.214448303545270189e-22 -2.051513737759428685e-19 -2.039595160932996624e-16 -4.550574601052981226e-13
2.140933110367893022e+00 0.000000000000000000e+00 0.000000000000000000e+00 0.000000000000000000e+00 -4.151891264923520042e-29 -9.755584738678117647e-27 -2.133627474769110991e-24 -4.190841403491323313e-22 -1.437923078624249764e-19 -1.535169281126973826e-16 -4.411457021223095610e-13
2.154307692307692257e+00 0.000000000000000000e+00 0.000000000000000000e+00 0.000000000000000000e+00 -2.642477090309083917e-29 -6.288843428539089761e-27 -1.400611259324608688e-24 -2.818729705025263039e-22 -1.004773382526770980e-19 -1.151212605485089453e-16 -4.270856485745799561e-13
2.167682274247491492e+00 0.000000000000000000e+00 0.000000000000000000e+00 0.000000000000000000e+00 -1.687346980758640404e-29 -4.065190183620187920e-27 -9.213340325552709194e-25 -1.898268369446781514e-22 -7.022144745678010737e-20 -8.619065770499679064e-17 -4.129075187483457256e-13
2.181056856187291171e+00 0.000000000000000000e+00 0.000000000000000000e+00 0.000000000000000000e+00 -1.078017361716198586e-29 -2.626703235176649117e-27 -6.055591221516424576e-25 -1.276719205430879885e-22 -4.898112386178350570e-20 -6.434129973461225380e-17 -3.985990537703237095e-13
2.194431438127090406e+00 0.000000000000000000e+00 0.000000000000000000e+00 0.000000000000000000e+00 -6.876616429481796411e-30 -1.693914796284944918e-27 -3.971195651786247600e-25 -8.564895576873644483e-23 -3.406446702959053095e-20 -4.785886884425073114e-17 -3.841561227496502822e-13
2.207806020066889641e+00 0.000000000000000000e+00 0.000000000000000000e+00 0.000000000000000000e+00 -4.399847267501719909e-30 -1.095932473699862093e-27 -2.611015420486416443e-25 -5.756044960293351195e-23 -2.370617192388302458e-20 -3.555835130463009041e-17 -3.696187025138833688e-13
2.221180602006688876e+00 0.000000000000000000e+00 0.000000000000000000e+00 0.000000000000000000e+00 -2.815452460987493063e-30 -7.086007260495398830e-28 -1.715008259719242365e-25 -3.862923904681453269e-23 -1.646539614929280301e-20 -2.634500361488565957e-17 -3.550341030491718610e-13
2.234555183946488555e+00 0.000000000000000000e+00 0.000000000000000000e+00 0.000000000000000000e+00 -1.799412014774480930e-30 -4.573951876154598593e-28 -1.124283507616553298e-25 -2.586608320708252650e-23 -1.140611095340666103e-20 -1.945588765273280870e-17 -3.404279354056512544e-13
2.247929765886287790e+00 0.000000000000000000e+00 0.000000000000000000e+00 0.000000000000000000e+00 0.000000000000000000e+00 -2.964312530248976264e-28 -7.394436409172076104e-26 -1.736276474867142575e-23 -7.911974426348684965e-21 -1.436121559151206010e-17 -3.258266129421357613e-13
2.261304347826087024e+00 0.000000000000000000e+00 0.000000000000000000e+00 0.000000000000000000e+00 0.000000000000000000e+00 -1.919180276492515554e-28 -4.857315284280392974e-26 -1.163630354522482952e-23 -5.476911939402739471e-21 -1.057101711824988108e-17 -3.112306255533326712e-13
2.274678929765886259e+00 0.000000000000000000e+00 0.000000000000000000e+00 0.000000000000000000e+00 0.000000000000000000e+00 -1.240536478976320065e-28 -3.184748332343631077e-26 -7.781700669431058741e-24 -3.781715536103913798e-21 -7.757061600310946848e-18 -2.966574808787359866e-13
2.288053511705685494e+00 0.000000000000000000e+00 0.000000000000000000e+00 0.000000000000000000e+00 0.000000000000000000e+00 -8.054003225078692256e-29 -2.095972310397285218e-26 -5.219431234737400464e-24 -2.616002145322369916e-21 -5.692037297057054589e-18 -2.821469726697045174e-13
2.301428093645485173e+00 0.000000000000000000e+00 0.000000000000000000e+00 0.000000000000000000e+00 0.000000000000000000e+00 -5.222273769722779857e-29 -1.377283594887192408e-26 -3.494363066777948013e-24 -1.805556000101991860e-21 -4.164812248373576205e-18 -2.677111954748705567e-13
2.314802675585284408e+00 0.000000000000000000e+00 0.000000000000000000e+00 0.000000000000000000e+00 0.000000000000000000e+00 -3.381931111545899991e-29 -9.036536077781828250e-27 -2.335201925500218918e-24 -1.243441365300372443e-21 -3.038793345095225170e-18 -2.533829773323718781e-13
2.328177257525083643e+00 0.000000000000000000e+00 0.000000000000000000e+00 0.000000000000000000e+00 0.000000000000000000e+00 -2.200678758909544543e-29 -5.950893781486336053e-27 -1.565183260863535962e-24 -8.579522499054516309e-22 -2.217526820655093482e-18 -2.392138315392304744e-13
2.341551839464882878e+00 0.000000000000000000e+00 0.000000000000000000e+00 0.000000000000000000e+00 0.000000000000000000e+00 -1.429347639132115206e-29 -3.912656755056648030e-27 -1.047114248844252923e-24 -5.906496608093287118e-22 -1.613692777167223847e-18 -2.252254146382713174e-13
2.354926421404682113e+00 0.000000000000000000e+00 0.000000000000000000e+00 0.000000000000000000e+00 0.000000000000000000e+00 -9.276373644293212397e-30 -2.569800476821717570e-27 -6.995591369608716612e-25 -4.058958910458640392e-22 -1.171391652395605263e-18 -2.114593638162840928e-13
2.368301003344481792e+00 0.000000000000000000e+00 0.000000000000000000e+00 0.000000000000000000e+00 0.000000000000000000e+00 -6.043866213474785515e-30 -1.693540232876639872e-27 -4.686376561374809297e-25 -2.794238045352234761e-22 -8.504522551088397606e-19 -1.979731111131089618e-13
2.381675585284281027e+00 0.000000000000000000e+00 0.000000000000000000e+00 0.000000000000000000e+00 0.000000000000000000e+00 -3.937245639931963215e-30 -1.114394504281431165e-27 -3.133819863844081586e-25 -1.919480648931601823e-22 -6.157925273877363972e-19 -1.847910237505737995e-13
2.395050167224080262e+00 0.000000000000000000e+00 0.000000000000000000e+00 0.000000000000000000e+00 0.000000000000000000e+00 -2.561090227354979354e-30 -7.328385795806326710e-28 -2.093636406940967110e-25 -1.316737510738576268e-22 -4.449410763007382001e-19 -1.719572498377951115e-13
2.408424749163879497e+00 0.000000000000000000e+00 0.000000000000000000e+00 0.000000000000000000e+00 0.000000000000000000e+00 -1.671825897898481932e-30 -4.834010707826448036e-28 -1.402171046602473116e-25 -9.047083674676906008e-23 -3.215348530766134745e-19 -1.595259023357429333e-13
2.421799331103679176e+00 0.000000000000000000e+00 0.000000000000000000e+00 0.000000000000000000e+00 0.000000000000000000e+00 -1.090817902572260438e-30 -3.184001458887609642e-28 -9.374677059732190363e-26 -6.203366651851423436e-23 -2.317595878387643354e-19 -1.475153891789367788e-13
2.435173913043478411e+00 0.000000000000000000e+00 0.000000000000000000e+00 0.000000000000000000e+00 0.000000000000000000e+00 0.000000000000000000e+00 -2.096844919585470866e-28 -6.264579693183623641e-26 -4.249340942378588263e-23 -1.667594358592902550e-19 -1.359647767424600125e-13
2.448548494983277646e+00 0.000000000000000000e+00 0.000000000000000000e+00 0.000000000000000000e+00 0.000000000000000000e+00 0.000000000000000000e+00 -1.384681002955445777e-28 -4.195528540506067454e-26 -2.914964495287161829e-23 -1.200002314925586513e-19 -1.249158645084210294e-13
2.461923076923076881e+00 0.000000000000000000e+00 0.000000000000000000e+00 0.000000000000000000e+00 0.000000000000000000e+00 0.000000000000000000e+00 -9.131089907806297756e-29 -2.805206921547189434e-26 -1.995668766935785536e-23 -8.613926144182423604e-20 -1.143755518307283034e-13
2.475297658862876116e+00 0.000000000000000000e+00 0.000000000000000000e+00 0.000000000000000000e+00 0.000000000000000000e+00 0.000000000000000000e+00 -6.023922906378620160e-29 -1.875469334617087650e-26 -1.365518338012201725e-23 -6.174809449110176205e-20 -1.043717756704382581e-13
2.488672240802675795e+00 0.000000000000000000e+00 0.000000000000000000e+00 0.000000000000000000e+00 0.000000000000000000e+00 0.000000000000000000e+00 -3.983069153961821067e-29 -1.256304104835816526e-26 -9.354897683557682215e-24 -4.426439539489022382e-20 -9.492778533353196249e-14
2.502046822742475030e+00 0.000000000000000000e+00 0.000000000000000000e+00 0.000000000000000000e+00 0.000000000000000000e+00 0.000000000000000000e+00 -2.630086038131216241e-29 -8.402172715614764934e-27 -6.396735030870659103e-24 -3.165598538602401509e-20 -8.603655841378991322e-14
2.515421404682274265e+00 0.000000000000000000e+00 0.000000000000000000e+00 0.000000000000000000e+00 0.000000000000000000e+00 0.000000000000000000e+00 -1.737900902900765234e-29 -5.621328954193290127e-27 -4.373297411138753960e-24 -2.261632122950477166e-20 -7.771188620388604141e-14
2.528795986622073499e+00 0.000000000000000000e+00 0.000000000000000000e+00 0.000000000000000000e+00 0.000000000000000000e+00 0.000000000000000000e+00 -1.150750862475901105e-29 -3.767056132724323540e-27 -2.992951491901829779e-24 -1.615681715541971997e-20 -6.995748465569567919e-14
2.542170568561873178e+00 0.000000000000000000e+00 0.000000000000000000e+00 0.000000000000000000e+00 0.000000000000000000e+00 0.000000000000000000e+00 -7.614207380886591802e-30 -2.520592897599215872e-27 -2.044557126524762237e-24 -1.151594316653359187e-20 -6.275378179075996962e-14
2.555545150501672413e+00 0.000000000000000000e+00 0.000000000000000000e+00 0.000000000000000000e+00 0.000000000000000000e+00 0.000000000000000000e+00 -5.040827964644298538e-30 -1.687866379036779443e-27 -1.397036719655502660e-24 -8.202988569995358897e-21 -5.610068529044490191e-14
2.568919732441471648e+00 0.000000000000000000e+00 0.000000000000000000e+00 0.000000000000000000e+00 0.000000000000000000e+00 0.000000000000000000e+00 -3.342994552064463919e-30 -1.131781636310534132e-27 -9.553459024213734530e-25 -5.842043731389875779e-21 -4.998490942299713031e-14
2.582294314381270883e+00 0.000000000000000000e+00 0.000000000000000000e+00 0.000000000000000000e+00 0.000000000000000000e+00 0.000000000000000000e+00 -2.214229766143874849e-30 -7.577863253913504958e-28 -6.521533143389218522e-25 -4.151478774056350968e-21 -4.437777241305201888e-14
2.595668896321070118e+00 0.000000000000000000e+00 0.000000000000000000e+00 0.000000000000000000e+00 0.000000000000000000e+00 0.000000000000000000e+00 -1.470187947935185760e-30 -5.079749699889960926e-28 -4.454747702422978137e-25 -2.949400197456968975e-21 -3.926860874472444452e-14
2.609043478260869797e+00 0.000000000000000000e+00 0.000000000000000000e+00 0.000000000000000000e+00 0.000000000000000000e+00 0.000000000000000000e+00 -9.766242559057028109e-31 -3.408791753236200363e-28 -3.044661560730646811e-25 -2.094730215229825945e-21 -3.463240672422496431e-14
2.622418060200669032e+00 0.000000000000000000e+00 0.000000000000000000e+00 0.000000000000000000e+00 0.000000000000000000e+00 0.000000000000000000e+00 -6.483001806965655136e-31 -2.284236079708230272e-28 -2.077394440434958213e-25 -1.484578543802301001e-21 -3.043597410141994004e-14
2.635792642140468267e+00 0.000000000000000000e+00 0.000000000000000000e+00 0.000000000000000000e+00 0.000000000000000000e+00 0.000000000000000000e+00 -3.514653094726837747e-31 -1.533090996741238424e-28 -1.418915144976786392e-25 -1.052289066425711910e-21 -2.666213871941356714e-14
2.649167224080267502e+00 0.000000000000000000e+00 0.000000000000000000e+00 0.000000000000000000e+00 0.000000000000000000e+00 0.000000000000000000e+00 0.000000000000000000e+00 -1.029736555923681244e-28 -9.694587327279490152e-26 -7.455306244554725949e-22 -2.327995501458140106e-14
2.662541806020067181e+00 0.000000000000000000e+00 0.000000000000000000e+00 0.000000000000000000e+00 0.000000000000000000e+00 0.000000000000000000e+00 0.000000000000000000e+00 -6.907306543719874724e-29 -6.612901190891862787e-26 -5.271202301368069399e-22 -2.025626522979525487e-14
2.675916387959866416e+00 0.000000000000000000e+00 0.000000000000000000e+00 0.000000000000000000e+00 0.000000000000000000e+00 0.000000000000000000e+00 0.000000000000000000e+00 -4.642273498681380354e-29 -4.517362016869003642e-26 -3.728860670026866288e-22 -1.757145780519128276e-14
2.689290969899665651e+00 0.000000000000000000e+00 0.000000000000000000e+00 0.000000000000000000e+00 0.000000000000000000e+00 0.000000000000000000e+00 0.000000000000000000e+00 -3.121421203231768868e-29 -3.086054885966957913e-26 -2.636153113288120732e-22 -1.519366721092243433e-14
2.702665551839464886e+00 0.000000000000000000e+00 0.000000000000000000e+00 0.000000000000000000e+00 0.000000000000000000e+00 0.000000000000000000e+00 0.000000000000000000e+00 -2.096022690553357763e-29 -2.104917937966048278e-26 -1.859981931739002831e-22 -1.309293306315098792e-14
2.716040133779264121e+00 0.000000000000000000e+00 0.000000000000000000e+00 0.000000000000000000e+00 0.000000000000000000e+00 0.000000000000000000e+00 0.000000000000000000e+00 -1.410808753074356221e-29 -1.438356068179236088e-26 -1.313510401896789411e-22 -1.125027815309269901e-14
2.729414715719063800e+00 0.000000000000000000e+00 0.000000000000000000e+00 0.000000000000000000e+00 0.000000000000000000e+00 0.000000000000000000e+00 0.000000000000000000e+00 -9.498224287570535242e-30 -9.826756282799454086e-27 -9.268491310125889551e-23 -9.636601869703465705e-15
2.742789297658863035e+00 0.000000000000000000e+00 0.000000000000000000e+00 0.000000000000000000e+00 0.000000000000000000e+00 0.000000000000000000e+00 0.000000000000000000e+00 -6.386900059417286340e-30 -6.703320888093766866e-27 -6.527667755938079045e-23 -8.226974185893925823e-15
2.756163879598662270e+00 0.000000000000000000e+00 0.000000000000000000e+00 0.000000000000000000e+00 0.000000000000000000e+00 0.000000000000000000e+00 0.000000000000000000e+00 -4.305907053378992866e-30 -4.582858247026137667e-27 -4.603172445893338007e-23 -7.004874341139657664e-15
2.769538461538461505e+00 0.000000000000000000e+00 0.000000000000000000e+00 0.000000000000000000e+00 0.000000000000000000e+00 0.000000000000000000e+00 0.000000000000000000e+00 -2.902493908436602850e-30 -3.131691582988076790e-27 -3.242828910133238953e-23 -5.945946134836066241e-15
2.782913043478261184e+00 0.000000000000000000e+00 0.000000000000000000e+00 0.000000000000000000e+00 0.000000000000000000e+00 0.000000000000000000e+00 0.000000000000000000e+00 -1.954054074287036730e-30 -2.136873968611937558e-27 -2.280299573902985658e-23 -5.030794323736625709e-15
2.796287625418060419e+00 0.000000000000000000e+00 0.000000000000000000e+00 0.000000000000000000e+00 0.000000000000000000e+00 0.000000000000000000e+00 0.000000000000000000e+00 -1.320406670581878309e-30 -1.461878524447060831e-27 -1.606105805271978706e-23 -4.246174742257516448e-15
2.809662207357859653e+00 0.000000000000000000e+00 0.000000000000000000e+00 0.000000000000000000e+00 0.000000000000000000e+00 0.000000000000000000e+00 0.000000000000000000e+00 -8.913046478677274167e-31 -9.993603855074079329e-28 -1.129891572825122801e-23 -3.573083598198368122e-15
2.823036789297658888e+00 0.000000000000000000e+00 0.000000000000000000e+00 0.000000000000000000e+00 0.000000000000000000e+00 0.000000000000000000e+00 0.000000000000000000e+00 -6.009225143940441651e-31 -6.821963656897267968e-28 -7.934604091379702585e-24 -2.997259833221718336e-15
2.836411371237458123e+00 0.000000000000000000e+00 0.000000000000000000e+00 0.000000000000000000e+00 0.000000000000000000e+00 0.000000000000000000e+00 0.000000000000000000e+00 -4.068310172219512151e-31 -4.670813394274232823e-28 -5.583297251232158496e-24 -2.508767354672927247e-15
2.849785953177257802e+00 0.000000000000000000e+00 0.000000000000000000e+00 0.000000000000000000e+00 0.000000000000000000e+00 0.000000000000000000e+00 0.000000000000000000e+00 -2.750296521821105435e-31 -3.194724153436439144e-28 -3.923237524031047389e-24 -2.093624755848691883e-15
2.863160535117057037e+00 0.000000000000000000e+00 0.000000000000000000e+00 0.000000000000000000e+00 0.000000000000000000e+00 0.000000000000000000e+00 0.000000000000000000e+00 -1.857742630522535106e-31 -2.182172181240892493e-28 -2.752111362285643802e-24 -1.741886150733841893e-15
2.876535117056856272e+00 0.000000000000000000e+00 0.000000000000000000e+00 0.000000000000000000e+00 0.000000000000000000e+00 0.000000000000000000e+00 0.000000000000000000e+00 0.000000000000000000e+00 -1.495408169228687172e-28 -1.935045352409408078e-24 -1.446445240588261007e-15
2.889909698996655507e+00 0.000000000000000000e+00 0.000000000000000000e+00 0.000000000000000000e+00 0.000000000000000000e+00 0.000000000000000000e+00 0.000000000000000000e+00 0.000000000000000000e+00 -1.023500351135930100e-28 -1.358395332639016114e-24 -1.197580336673666590e-15
2.903284280936454742e+00 0.000000000000000000e+00 0.000000000000000000e+00 0.000000000000000000e+00 0.000000000000000000e+00 0.000000000000000000e+00 0.000000000000000000e+00 0.000000000000000000e+00 -6.998197708328809109e-29 -9.522963025053811675e-25 -9.887056993152782320e-16
2.916658862876254421e+00 0.000000000000000000e+00 0.000000000000000000e+00 0.000000000000000000e+00 0.000000000000000000e+00 0.000000000000000000e+00 0.000000000000000000e+00 0.000000000000000000e+00 -4.799337559316215049e-29 -6.690227167144356328e-25 -8.147817373272927901e-16
2.930033444816053656e+00 0.000000000000000000e+00 0.000000000000000000e+00 0.000000000000000000e+00 0.000000000000000000e+00 0.000000000000000000e+00 0.000000000000000000e+00 0.000000000000000000e+00 -3.287476711126053187e-29 -4.692905240153862752e-25 -6.695428142535813056e-16
2.943408026755852891e+00 0.000000000000000000e+00 0.000000000000000000e+00 0.000000000000000000e+00 0.000000000000000000e+00 0.000000000000000000e+00 0.000000000000000000e+00 0.000000000000000000e+00 -2.250376222262230199e-29 -3.288486658483096615e-25 -5.487279178580776956e-16
2.956782608695652126e+00 0.000000000000000000e+00 0.000000000000000000e+00 0.000000000000000000e+00 0.000000000000000000e+00 0.000000000000000000e+00 0.000000000000000000e+00 0.000000000000000000e+00 -1.544628660912496003e-29 -2.308806333151782226e-25 -4.489435502650037260e-16
2.970157190635451805e+00 0.000000000000000000e+00 0.000000000000000000e+00 0.000000000000000000e+00 0.000000000000000000e+00 0.000000000000000000e+00 0.000000000000000000e+00 0.000000000000000000e+00 -1.058967413365815056e-29 -1.618570792375247869e-25 -3.662945427876127229e-16
2.983531772575251040e+00 0.000000000000000000e+00 0.000000000000000000e+00 0.000000000000000000e+00 0.000000000000000000e+00 0.000000000000000000e+00 0.000000000000000000e+00 0.000000000000000000e+00 -7.257975524068091793e-30 -1.133894465156235926e-25 -2.981244428503575724e-16
2.996906354515050275e+00 0.000000000000000000e+00 0.000000000000000000e+00 0.000000000000000000e+00 0.000000000000000000e+00 0.000000000000000000e+00 0.000000000000000000e+00 0.000000000000000000e+00 -4.986922758743886343e-30 -7.957202413443760735e-26 -2.422462443434669397e-16
3.010280936454849510e+00 0.000000000000000000e+00 0.000000000000000000e+00 0.000000000000000000e+00 0.000000000000000000e+00 0.000000000000000000e+00 0.000000000000000000e+00 0.000000000000000000e+00 -3.422547322807705685e-30 -5.575971657436558726e-26 -1.963183047603032952e-16
3.023655518394648745e+00 0.000000000000000000e+00 0.000000000000000000e+00 0.000000000000000000e+00 0.000000000000000000e+00 0.000000000000000000e+00 0.000000000000000000e+00 0.000000000000000000e+00 -2.348909257788663006e-30 -3.905892961162483123e-26 -1.587392853941026537e-16
3.037030100334448424e+00 0.000000000000000000e+00 0.000000000000000000e+00 0.000000000000000000e+00 0.000000000000000000e+00 0.000000000000000000e+00 0.000000000000000000e+00 0.000000000000000000e+00 -1.615528897994008395e-30 -2.740148200158328268e-26 -1.281532769557180212e-16
3.050404682274247659e+00 0.000000000000000000e+00 0.000000000000000000e+00 0.000000000000000000e+00 0.000000000000000000e+00 0.000000000000000000e+00 0.000000000000000000e+00 0.000000000000000000e+00 -1.109892423187288978e-30 -1.919632894526653511e-26 -1.031947197582681149e-16
3.063779264214046893e+00 0.000000000000000000e+00 0.000000000000000000e+00 0.000000000000000000e+00 0.000000000000000000e+00 0.000000000000000000e+00 0.000000000000000000e+00 0.000000000000000000e+00 -7.630580422054874202e-31 -1.344756909277027580e-26 -8.292774825294055270e-17
3.077153846153846128e+00 0.000000000000000000e+00 0.000000000000000000e+00 0.000000000000000000e+00 0.000000000000000000e+00 0.000000000000000000e+00 0.000000000000000000e+00 0.000000000000000000e+00 -5.254161054509334836e-31 -9.432498365572935510e-27 -6.654038731743293142e-17
3.090528428093645807e+00 0.000000000000000000e+00 0.000000000000000000e+00 0.000000000000000000e+00 0.000000000000000000e+00 0.000000000000000000e+00 0.000000000000000000e+00 0.000000000000000000e+00 -3.613928199751907396e-31 -6.607198249731003258e-27 -5.325870284043033625e-17
3.103903010033445042e+00 0.000000000000000000e+00 0.000000000000000000e+00 0.000000000000000000e+00 0.000000000000000000e+00 0.000000000000000000e+00 0.000000000000000000e+00 0.000000000000000000e+00 -2.488729087537419352e-31 -4.629469341955209063e-27 -4.255092714847179883e-17
3.117277591973244277e+00 0.000000000000000000e+00 0.000000000000000000e+00 0.000000000000000000e+00 0.000000000000000000e+00 0.000000000000000000e+00 0.000000000000000000e+00 0.000000000000000000e+00 -1.715737912314726609e-31 -3.247152806997498684e-27 -3.394563047733917893e-17
3.130652173913043512e+00 0.000000000000000000e+00 0.000000000000000000e+00 0.000000000000000000e+00 0.000000000000000000e+00 0.000000000000000000e+00 0.000000000000000000e+00 0.000000000000000000e+00 -1.182048955893921090e-31 -2.274564398158708718e-27 -2.701557523077724998e-17
3.144026755852842747e+00 0.000000000000000000e+00 0.000000000000000000e+00 0.000000000000000000e+00 0.000000000000000000e+00 0.000000000000000000e+00 0.000000000000000000e+00 0.000000000000000000e+00 -8.149034550058910325e-32 -1.594253410129057888e-27 -2.146639476831614603e-17
3.157401337792642426e+00 0.000000000000000000e+00 0.000000000000000000e+00 0.000000000000000000e+00 0.000000000000000000e+00 0.000000000000000000e+00 0.000000000000000000e+00 0.000000000000000000e+00 -2.925701984335754443e-32 -1.118338681595638920e-27 -1.703207246635196625e-17
3.170775919732441661e+00 0.000000000000000000e+00 0.000000000000000000e+00 0.000000000000000000e+00 0.000000000000000000e+00 0.000000000000000000e+00 0.000000000000000000e+00 0.000000000000000000e+00 0.000000000000000000e+00 -7.834813618831791048e-28 -1.348234035721719205e-17
3.184150501672240896e+00 0.000000000000000000e+00 0.000000000000000000e+00 0.000000000000000000e+00 0.000000000000000000e+00 0.000000000000000000e+00 0.000000000000000000e+00 0.000000000000000000e+00 0.000000000000000000e+00 -5.493967838850725455e-28 -1.065813568244051245e-17
3.197525083612040131e+00 0.000000000000000000e+00 0.000000000000000000e+00 0.000000000000000000e+00 0.000000000000000000e+00 0.000000000000000000e+00 0.000000000000000000e+00 0.000000000000000000e+00 0.000000000000000000e+00 -3.854758428748226442e-28 -8.413178281605600720e-18
3.210899665551839366e+00 0.000000000000000000e+00 0.000000000000000000e+00 0.000000000000000000e+00 0.000000000000000000e+00 0.000000000000000000e+00 0.000000000000000000e+00 0.000000000000000000e+00 0.000000000000000000e+00 -2.701230758314068624e-28 -6.626139215434683006e-18
3.224274247491639045e+00 0.000000000000000000e+00 0.000000000000000000e+00 0.000000000000000000e+00 0.000000000000000000e+00 0.000000000000000000e+00 0.000000000000000000e+00 0.000000000000000000e+00 0.000000000000000000e+00 -1.895250683519271477e-28 -5.212981012495233131e-18
3.237648829431438280e+00 0.000000000000000000e+00 0.000000000000000000e+00 0.000000000000000000e+00 0.000000000000000000e+00 0.000000000000000000e+00 0.000000000000000000e+00 0.000000000000000000e+00 0.000000000000000000e+00 -1.330210776704422233e-28 -4.095126677906867302e-18
3.251023411371237515e+00 0.000000000000000000e+00 0.000000000000000000e+00 0.000000000000000000e+00 0.000000000000000000e+00 0.000000000000000000e+00 0.000000000000000000e+00 0.000000000000000000e+00 0.000000000000000000e+00 -9.324833896629019157e-29 -3.209966576468400988e-18
3.264397993311036750e+00 0.000000000000000000e+00 0.000000000000000000e+00 0.000000000000000000e+00 0.000000000000000000e+00 0.000000000000000000e+00 0.000000000000000000e+00 0.000000000000000000e+00 0.000000000000000000e+00 -6.546943183885150027e-29 -2.514014502587466578e-18
3.277772575250836429e+00 0.000000000000000000e+00 0.000000000000000000e+00 0.000000000000000000e+00 0.000000000000000000e+00 0.000000000000000000e+00 0.000000000000000000e+00 0.000000000000000000e+00 0.000000000000000000e+00 -4.597069890523442715e-29 -1.965969833953361188e-18
3.291147157190635664e+00 0.000000000000000000e+00 0.000000000000000000e+00 0.000000000000000000e+00 0.000000000000000000e+00 0.000000000000000000e+00 0.000000000000000000e+00 0.000000000000000000e+00 0.000000000000000000e+00 -3.224047828518628551e-29 -1.534146457755407114e-18
3.304521739130434899e+00 0.000000000000000000e+00 0.000000000000000000e+00 0.000000000000000000e+00 0.000000000000000000e+00 0.000000000000000000e+00 0.000000000000000000e+00 0.000000000000000000e+00 0.000000000000000000e+00 -2.265340756236920304e-29 -1.196471013583509605e-18
3.317896321070234134e+00 0.000000000000000000e+00 0.000000000000000000e+00 0.000000000000000000e+00 0.000000000000000000e+00 0.000000000000000000e+00 0.000000000000000000e+00 0.000000000000000000e+00 0.000000000000000000e+00 -1.591481110205765030e-29 -9.316624899010059952e-19
3.331270903010033368e+00 0.000000000000000000e+00 0.000000000000000000e+00 0.000000000000000000e+00 0.000000000000000000e+00 0.000000000000000000e+00 0.000000000000000000e+00 0.000000000000000000e+00 0.000000000000000000e+00 -1.116763082238116849e-29 -7.239747705049636417e-19
3.344645484949833047e+00 0.000000000000000000e+00 0.000000000000000000e+00 0.000000000000000000e+00 0.000000000000000000e+00 0.000000000000000000e+00 0.000000000000000000e+00 0.000000000000000000e+00 0.000000000000000000e+00 -7.853545051984619548e-30 -5.624019829644942233e-19
3.358020066889632282e+00 0.000000000000000000e+00 0.000000000000000000e+00 0.000000000000000000e+00 0.000000000000000000e+00 0.000000000000000000e+00 0.000000000000000000e+00 0.000000000000000000e+00 0.000000000000000000e+00 -5.520882924384983449e-30 -4.361790122938121912e-19
3.371394648829431517e+00 0.000000000000000000e+00 0.000000000000000000e+00 0.000000000000000000e+00 0.000000000000000000e+00 0.000000000000000000e+00 0.000000000000000000e+00 0.000000000000000000e+00 0.000000000000000000e+00 -3.876549597648405591e-30 -3.376116673709525320e-19
3.384769230769230752e+00 0.000000000000000000e+00 0.000000000000000000e+00 0.000000000000000000e+00 0.000000000000000000e+00 0.000000000000000000e+00 0.000000000000000000e+00 0.000000000000000000e+00 0.000000000000000000e+00 -2.728718522565112823e-30 -2.613023610361401794e-19
3.398143812709030431e+00 0.000000000000000000e+00 0.000000000000000000e+00 0.000000000000000000e+00 0.000000000000000000e+00 0.000000000000000000e+00 0.000000000000000000e+00 0.000000000000000000e+00 0.000000000000000000e+00 -1.919517809044521430e-30 -2.018977820248716821e-19
3.411518394648829666e+00 0.000000000000000000e+00 0.000000000000000000e+00 0.000000000000000000e+00 0.000000000000000000e+00 0.000000000000000000e+00 0.000000000000000000e+00 0.000000000000000000e+00 0.000000000000000000e+00 -1.348775109479418506e-30 -1.556966625124045437e-19
3.424892976588628901e+00 0.000000000000000000e+00 0.000000000000000000e+00 0.000000000000000000e+00 0.000000000000000000e+00 0.000000000000000000e+00 0.000000000000000000e+00 0.000000000000000000e+00 0.000000000000000000e+00 -9.504414868325027503e-31 -1.200926145700650012e-19
3.438267558528428136e+00 0.000000000000000000e+00 0.000000000000000000e+00 0.000000000000000000e+00 0.000000000000000000e+00 0.000000000000000000e+00 0.000000000000000000e+00 0.000000000000000000e+00 0.000000000000000000e+00 -6.691017512021687034e-31 -9.246518091814895593e-20
3.451642140468227371e+00 0.000000000000000000e+00 0.000000000000000000e+00 0.000000000000000000e+00 0.000000000000000000e+00 0.000000000000000000e+00 0.000000000000000000e+00 0.000000000000000000e+00 0.000000000000000000e+00 -4.705985934770662239e-31 -7.106587013585560129e-20
3.465016722408027050e+00 0.000000000000000000e+00 0.000000000000000000e+00 0.000000000000000000e+00 0.000000000000000000e+00 0.000000000000000000e+00 0.000000000000000000e+00 0.000000000000000000e+00 0.000000000000000000e+00 -3.319282146779004457e-31 -5.463545359494917142e-20
3.478391304347826285e+00 0.000000000000000000e+00 0.000000000000000000e+00 0.000000000000000000e+00 0.000000000000000000e+00 0.000000000000000000e+00 0.000000000000000000e+00 0.000000000000000000e+00 0.000000000000000000e+00 -2.338856267765627823e-31 -4.192842818316217542e-20
3.491765886287625520e+00 0.000000000000000000e+00 0.000000000000000000e+00 0.000000000000000000e+00 0.000000000000000000e+00 0.000000000000000000e+00 0.000000000000000000e+00 0.000000000000000000e+00 0.000000000000000000e+00 -1.646840498199324722e-31 -3.212584994418883154e-20
3.505140468227424755e+00 0.000000000000000000e+00 0.000000000000000000e+00 0.000000000000000000e+00 0.000000000000000000e+00 0.000000000000000000e+00 0.000000000000000000e+00 0.000000000000000000e+00 0.000000000000000000e+00 -1.162753103475489029e-31 -2.462135942252515993e-20
3.518515050167224434e+00 0.000000000000000000e+00 0.000000000000000000e+00 0.000000000000000000e+00 0.000000000000000000e+00 0.000000000000000000e+00 0.000000000000000000e+00 0.000000000000000000e+00 0.000000000000000000e+00 -8.199827155198111670e-32 -1.883700995579694805e-20
3.531889632107023669e+00 0.000000000000000000e+00 0.000000000000000000e+00 0.000000000000000000e+00 0.000000000000000000e+00 0.000000000000000000e+00 0.000000000000000000e+00 0.000000000000000000e+00 0.000000000000000000e+00 -5.781723852228030248e-32 -1.439185003728981533e-20
3.545264214046822904e+00 0.000000000000000000e+00 0.000000000000000000e+00 0.000000000000000000e+00 0.000000000000000000e+00 0.000000000000000000e+00 0.000000000000000000e+00 0.000000000000000000e+00 0.000000000000000000e+00 -4.085169905911573985e-32 -1.099785016268421644e-20
3.558638795986622139e+00 0.000000000000000000e+00 0.000000000000000000e+00 0.000000000000000000e+00 0.000000000000000000e+00 0.000000000000000000e+00 0.000000000000000000e+00 0.000000000000000000e+00 0.000000000000000000e+00 -2.884150954351288512e-32 -8.390003226638228676e-21
3.572013377926421374e+00 0.000000000000000000e+00 0.000000000000000000e+00 0.000000000000000000e+00 0.000000000000000000e+00 0.000000000000000000e+00 0.000000000000000000e+00 0.000000000000000000e+00 0.000000000000000000e+00 -2.035877418358403536e-32 -6.393174620070472382e-21
3.585387959866221053e+00 0.000000000000000000e+00 0.000000000000000000e+00 0.000000000000000000e+00 0.000000000000000000e+00 0.000000000000000000e+00 0.000000000000000000e+00 0.000000000000000000e+00 0.000000000000000000e+00 0.000000000000000000e+00 -4.872226585317974752e-21
3.598762541806020288e+00 0.000000000000000000e+00 0.000000000000000000e+00 0.000000000000000000e+00 0.000000000000000000e+00 0.000000000000000000e+00 0.000000000000000000e+00 0.000000000000000000e+00 0.000000000000000000e+00 0.000000000000000000e+00 -3.706983434751654370e-21
3.612137123745819522e+00 0.000000000000000000e+00 0.000000000000000000e+00 0.000000000000000000e+00 0.000000000000000000e+00 0.000000000000000000e+00 0.000000000000000000e+00 0.000000000000000000e+00 0.000000000000000000e+00 0.000000000000000000e+00 -2.817805451231919604e-21
3.625511705685618757e+00 0.000000000000000000e+00 0.000000000000000000e+00 0.000000000000000000e+00 0.000000000000000000e+00 0.000000000000000000e+00 0.000000000000000000e+00 0.000000000000000000e+00 0.000000000000000000e+00 0.000000000000000000e+00 -2.142015629652780095e-21
3.638886287625418436e+00 0.000000000000000000e+00 0.000000000000000000e+00 0.000000000000000000e+00 0.000000000000000000e+00 0.000000000000000000e+00 0.000000000000000000e+00 0.000000000000000000e+00 0.000000000000000000e+00 0.000000000000000000e+00 -1.625680870378003535e-21
3.652260869565217671e+00 0.000000000000000000e+00 0.000000000000000000e+00 0.000000000000000000e+00 0.000000000000000000e+00 0.000000000000000000e+00 0.000000000000000000e+00 0.000000000000000000e+00 0.000000000000000000e+00 0.000000000000000000e+00 -1.232945154710213410e-21
3.665635451505016906e+00 0.000000000000000000e+00 0.000000000000000000e+00 0.000000000000000000e+00 0.000000000000000000e+00 0.000000000000000000e+00 0.000000000000000000e+00 0.000000000000000000e+00 0.000000000000000000e+00 0.000000000000000000e+00 -9.350468386703587253e-22
3.679010033444816141e+00 0.000000000000000000e+00 0.000000000000000000e+00 0.000000000000000000e+00 0.000000000000000000e+00 0.000000000000000000e+00 0.000000000000000000e+00 0.000000000000000000e+00 0.000000000000000000e+00 0.000000000000000000e+00 -7.080139547209709375e-22
3.692384615384615376e+00 0.000000000000000000e+00 0.000000000000000000e+00 0.000000000000000000e+00 0.000000000000000000e+00 0.000000000000000000e+00 0.000000000000000000e+00 0.000000000000000000e+00 0.000000000000000000e+00 0.000000000000000000e+00 -5.358532555802640157e-22
3.705759197324415055e+00 0.000000000000000000e+00 0.000000000000000000e+00 0.000000000000000000e+00 0.000000000000000000e+00 0.000000000000000000e+00 0.000000000000000000e+00 0.000000000000000000e+00 0.000000000000000000e+00 0.000000000000000000e+00 -4.054966144700202623e-22
3.719133779264214290e+00 0.000000000000000000e+00 0.000000000000000000e+00 0.000000000000000000e+00 0.000000000000000000e+00 0.000000000000000000e+00 0.000000000000000000e+00 0.000000000000000000e+00 0.000000000000000000e+00 0.000000000000000000e+00 -3.063828919097946624e-22
3.732508361204013525e+00 0.000000000000000000e+00 0.000000000000000000e+00 0.000000000000000000e+00 0.000000000000000000e+00 0.000000000000000000e+00 0.000000000000000000e+00 0.000000000000000000e+00 0.000000000000000000e+00 0.000000000000000000e+00 -2.314399632384948090e-22
3.745882943143812760e+00 0.000000000000000000e+00 0.000000000000000000e+00 0.000000000000000000e+00 0.000000000000000000e+00 0.000000000000000000e+00 0.000000000000000000e+00 0.000000000000000000e+00 0.000000000000000000e+00 0.000000000000000000e+00 -1.747841007868720144e-22
3.759257525083611995e+00 0.000000000000000000e+00 0.000000000000000000e+00 0.000000000000000000e+00 0.000000000000000000e+00 0.000000000000000000e+00 0.000000000000000000e+00 0.000000000000000000e+00 0.000000000000000000e+00 0.000000000000000000e+00 -1.318006447454346804e-22
3.772632107023411674e+00 0.000000000000000000e+00 0.000000000000000000e+00 0.000000000000000000e+00 0.000000000000000000e+00 0.000000000000000000e+00 0.000000000000000000e+00 0.000000000000000000e+00 0.000000000000000000e+00 0.000000000000000000e+00 -9.938755781166693552e-23
3.786006688963210909e+00 0.000000000000000000e+00 0.000000000000000000e+00 0.000000000000000000e+00 0.000000000000000000e+00 0.000000000000000000e+00 0.000000000000000000e+00 0.000000000000000000e+00 0.000000000000000000e+00 0.000000000000000000e+00 -7.491782488806895583e-23
3.799381270903010144e+00 0.000000000000000000e+00 0.000000000000000000e+00 0.000000000000000000e+00 0.000000000000000000e+00 0.000000000000000000e+00 0.000000000000000000e+00 0.000000000000000000e+00 0.000000000000000000e+00 0.000000000000000000e+00 -5.639049964614691759e-23
3.812755852842809379e+00 0.000000000000000000e+00 0.000000000000000000e+00 0.000000000000000000e+00 0.000000000000000000e+00 0.000000000000000000e+00 0.000000000000000000e+00 0.000000000000000000e+00 0.000000000000000000e+00 0.000000000000000000e+00 -4.245505281962407329e-23
3.826130434782609058e+00 0.000000000000000000e+00 0.000000000000000000e+00 0.000000000000000000e+00 0.000000000000000000e+00 0.000000000000000000e+00 0.000000000000000000e+00 0.000000000000000000e+00 0.000000000000000000e+00 0.000000000000000000e+00 -3.194753425046632859e-23
3.839505016722408293e+00 0.000000000000000000e+00 0.000000000000000000e+00 0.000000000000000000e+00 0.000000000000000000e+00 0.000000000000000000e+00 0.000000000000000000e+00 0.000000000000000000e+00 0.000000000000000000e+00 0.000000000000000000e+00 -2.400646296331756987e-23
3.852879598662207528e+00 0.000000000000000000e+00 0.000000000000000000e+00 0.000000000000000000e+00 0.000000000000000000e+00 0.000000000000000000e+00 0.000000000000000000e+00 0.000000000000000000e+00 0.000000000000000000e+00 0.000000000000000000e+00 -1.804790291379558887e-23
3.866254180602006763e+00 0.000000000000000000e+00 0.000000000000000000e+00 0.000000000000000000e+00 0.000000000000000000e+00 0.000000000000000000e+00 0.000000000000000000e+00 0.000000000000000000e+00 0.000000000000000000e+00 0.000000000000000000e+00 -1.355978472473561763e-23
3.879628762541805997e+00 0.000000000000000000e+00 0.000000000000000000e+00 0.000000000000000000e+00 0.000000000000000000e+00 0.000000000000000000e+00 0.000000000000000000e+00 0.000000000000000000e+00 0.000000000000000000e+00 0.000000000000000000e+00 -1.017365179651183643e-23
3.893003344481605676e+00 0.000000000000000000e+00 0.000000000000000000e+00 0.000000000000000000e+00 0.000000000000000000e+00 0.000000000000000000e+00 0.000000000000000000e+00 0.000000000000000000e+00 0.000000000000000000e+00 0.000000000000000000e+00 -7.638615064044125578e-24
3.906377926421404911e+00 0.000000000000000000e+00 0.000000000000000000e+00 0.000000000000000000e+00 0.000000000000000000e+00 0.000000000000000000e+00 0.000000000000000000e+00 0.000000000000000000e+00 0.000000000000000000e+00 0.000000000000000000e+00 -5.730863265489155086e-24
3.919752508361204146e+00 0.000000000000000000e+00 0.000000000000000000e+00 0.000000000000000000e+00 0.000000000000000000e+00 0.000000000000000000e+00 0.000000000000000000e+00 0.000000000000000000e+00 0.000000000000000000e+00 0.000000000000000000e+00 -4.293756962299932435e-24
3.933127090301003381e+00 0.000000000000000000e+00 0.000000000000000000e+00 0.000000000000000000e+00 0.000000000000000000e+00 0.000000000000000000e+00 0.000000000000000000e+00 0.000000000000000000e+00 0.000000000000000000e+00 0.000000000000000000e+00 -3.220129853611180987e-24
3.946501672240803060e+00 0.000000000000000000e+00 0.000000000000000000e+00 0.000000000000000000e+00 0.000000000000000000e+00 0.000000000000000000e+00 0.000000000000000000e+00 0.000000000000000000e+00 0.000000000000000000e+00 0.000000000000000000e+00 -2.412745983981203557e-24
3.959876254180602295e+00 0.000000000000000000e+00 0.000000000000000000e+00 0.000000000000000000e+00 0.000000000000000000e+00 0.000000000000000000e+00 0.000000000000000000e+00 0.000000000000000000e+00 0.000000000000000000e+00 0.000000000000000000e+00 -1.805386009259380657e-24
3.973250836120401530e+00 0.000000000000000000e+00 0.000000000000000000e+00 0.000000000000000000e+00 0.000000000000000000e+00 0.000000000000000000e+00 0.000000000000000000e+00 0.000000000000000000e+00 0.000000000000000000e+00 0.000000000000000000e+00 -1.352519759642934945e-24
3.986625418060200765e+00 0.000000000000000000e+00 0.000000000000000000e+00 0.000000000000000000e+00 0.000000000000000000e+00 0.000000000000000000e+00 0.000000000000000000e+00 0.000000000000000000e+00 0.000000000000000000e+00 0.000000000000000000e+00 -1.012133906049661469e-24
4.000000000000000000e+00 0.000000000000000000e+00 0.000000000000000000e+00 0.000000000000000000e+00 0.000000000000000000e+00 0.000000000000000000e+00 0.000000000000000000e+00 0.000000000000000000e+00 0.000000000000000000e+00 0.000000000000000000e+00 -7.563773633013365384e-25
