1.000000000000000021e-03 1.069539054934162320e-07 1.071132211081448210e-07 1.071542142963012338e-07 1.071787939054437304e-07 1.071963898013454566e-07 1.072103920895091456e-07 1.072221503408415122e-07 1.072331625642076371e-07 1.072442383978694348e-07 1.072594371229990619e-07
1.437458193979933296e-02 1.475307601733117418e-06 1.508325001298917059e-06 1.516870017545302459e-06 1.522009819027791508e-06 1.525648758862120193e-06 1.528543960130187342e-06 1.531010766051072826e-06 1.533288451414499523e-06 1.535674469337821089e-06 1.538751803016443623e-06
2.774916387959866504e-02 2.726044383321612469e-06 2.849635672192128687e-06 2.881687753636988489e-06 2.900972331960044878e-06 2.914587611346980341e-06 2.925499064011524919e-06 2.934747804339932340e-06 2.943278294384066425e-06 2.952237087683239055e-06 2.963766668372228740e-06
4.112374581939799711e-02 3.856672203030603222e-06 4.128950781938367509e-06 4.199808697247477302e-06 4.242419828803126742e-06 4.272518706293817998e-06 4.296632316537865489e-06 4.317067967717994341e-06 4.335926241225769927e-06 4.355736866455916515e-06 4.381208054997424782e-06
5.449832775919732919e-02 4.865541620193807952e-06 5.344265284440101037e-06 5.469468522159544431e-06 5.544775828130302285e-06 5.597962047499094353e-06 5.640573623050320080e-06 5.676680804505190393e-06 5.710016369023461063e-06 5.745010466279100434e-06 5.790037672336177964e-06
6.787290969899666127e-02 5.751847313679430252e-06 6.493703650934898725e-06 6.689015628156890170e-06 6.806531069098901171e-06 6.889536899095043003e-06 6.955937997181639706e-06 7.012356829728244172e-06 7.064352142886153911e-06 7.118921272994131036e-06 7.189219301583439844e-06
8.124749163879599334e-02 6.515696779424251276e-06 7.575346372497394895e-06 7.856898560192472112e-06 8.026245617694662842e-06 8.145853470948113831e-06 8.241668559943174775e-06 8.322897120161209961e-06 8.397823359341660072e-06 8.476496364545377422e-06 8.577776045944729395e-06
9.462207357859532542e-02 7.158129785697626568e-06 8.587567698301177053e-06 8.971571841412397076e-06 9.202542404798677174e-06 9.365663142864645606e-06 9.496355784209670249e-06 9.607122918273080259e-06 9.709326224890752331e-06 9.816647020113436402e-06 9.954787284881777391e-06
1.079966555183946575e-01 7.681169430256838709e-06 9.528689672007189347e-06 1.003161490196865202e-05 1.033411298308047497e-05 1.054804047192685354e-05 1.071891357028535087e-05 1.086398239848747887e-05 1.099782478243759700e-05 1.113839974553854458e-05 1.131929637290469742e-05
1.213712374581939896e-01 8.087670792739483916e-06 1.039715973622217315e-05 1.103566319821080085e-05 1.141970677721144021e-05 1.169094514254905503e-05 1.190846999016036131e-05 1.209243577357859095e-05 1.226239899148055138e-05 1.244089152851208599e-05 1.267043777564800665e-05
1.347458193979933216e-01 8.381376269741938305e-06 1.119150876062364826e-05 1.198242585629206673e-05 1.245814229090831756e-05 1.279412940596372431e-05 1.306330196317379545e-05 1.329142730090413128e-05 1.350193509770364721e-05 1.372300074037027482e-05 1.400751001819291245e-05
1.481204013377926398e-01 8.566850769790033257e-06 1.191034602571986673e-05 1.287068138438529632e-05 1.344819120581010868e-05 1.385625516014352526e-05 1.418308764474709265e-05 1.446012792292475088e-05 1.471568496705210839e-05 1.498404106371926608e-05 1.532953544748304921e-05
1.614949832775919858e-01 8.649432994139649239e-06 1.255237758345750789e-05 1.369926676966320087e-05 1.438909753121777265e-05 1.487632956638717207e-05 1.526665648471977810e-05 1.559748585716642588e-05 1.590270414943934321e-05 1.622329644122557109e-05 1.663582346133588870e-05
1.748695652173913317e-01 8.635199980430533572e-06 1.311633553650370704e-05 1.446709728369509592e-05 1.527958397441411429e-05 1.585335486392805331e-05 1.631311248093479836e-05 1.670275951269725219e-05 1.706221716180308356e-05 1.743973600732284400e-05 1.792561442003392299e-05
1.882441471571906499e-01 8.530914590049498610e-06 1.360115733953470548e-05 1.517330522689828962e-05 1.611875527348535878e-05 1.678657283946946777e-05 1.732153909537175612e-05 1.777504752159974843e-05 1.819349946141956677e-05 1.863287170043075117e-05 1.919829941481027876e-05
2.016187290969899681e-01 8.343981927123554418e-06 1.400562175749683929e-05 1.581652337563599795e-05 1.690574204128816158e-05 1.767502550649208650e-05 1.829132802506145395e-05 1.881369369851951302e-05 1.929565949854996241e-05 1.980171582862013982e-05 2.045312513920061946e-05
2.149933110367893141e-01 8.082412036167905585e-06 1.432885495746799684e-05 1.639622323696235970e-05 1.763970438352608727e-05 1.851789619726643829e-05 1.922154200892138849e-05 1.981788509508517875e-05 2.036809193661843933e-05 2.094584160972592408e-05 2.168952853270368213e-05
2.283678929765886600e-01 7.754741019075733519e-06 1.456988139844569996e-05 1.691144030201641578e-05 1.831987490514309314e-05 1.931458774851865239e-05 2.011151810877633502e-05 2.078694789810017508e-05 2.141012091564962086e-05 2.206454079077032330e-05 2.290682306242602180e-05
2.417424749163879782e-01 7.370044834638871593e-06 1.472789940515888338e-05 1.736137436204332010e-05 1.894546778076048623e-05 2.006428897287151021e-05 2.096054597359836197e-05 2.172043343539594118e-05 2.242114067973815386e-05 2.315715152948797463e-05 2.410450728435251303e-05
2.551170568561872964e-01 6.937733476896566980e-06 1.480213446012095819e-05 1.774536115899165312e-05 1.951584725454981172e-05 2.076642039223426241e-05 2.176806856160572913e-05 2.261715250566443894e-05 2.340055948879300881e-05 2.422316400576057988e-05 2.528195351649986197e-05
2.684916387959866424e-01 6.467707409505064585e-06 1.479203451719770232e-05 1.806266026582895054e-05 2.003035193189860107e-05 2.142012007492340809e-05 2.253343901965147961e-05 2.347707967728894575e-05 2.434777648303830069e-05 2.526204406799654570e-05 2.643881407213747285e-05
2.818662207357859883e-01 5.970037784216641663e-06 1.469724739419027097e-05 1.831268203093336789e-05 2.048839930429618224e-05 2.202507233718117375e-05 2.325616737271716248e-05 2.429965829258722544e-05 2.526233523155161067e-05 2.627323136945735972e-05 2.757442119072471017e-05
2.952408026755852788e-01 5.454907448402596435e-06 1.451776322546280530e-05 1.849483792131743424e-05 2.088948369862478295e-05 2.258068758545317769e-05 2.393570662743567290e-05 2.508410667024124594e-05 2.614370260384470308e-05 2.725638801774028783e-05 2.868838733230393983e-05
3.086153846153846247e-01 4.932424736707816663e-06 1.425405638268275598e-05 1.860862679483665384e-05 2.123302535505236231e-05 2.308658201675802265e-05 2.457153978182112763e-05 2.583014003949421695e-05 2.699144298384277004e-05 2.821075658640077790e-05 2.978030817400336477e-05
3.219899665551839707e-01 4.412383161838898572e-06 1.390733904443095723e-05 1.865359370654249860e-05 2.151865025316829631e-05 2.354217662001255302e-05 2.516330091518833879e-05 2.653735657706843661e-05 2.780503696109648160e-05 2.913632182292443968e-05 3.084970949434202294e-05
3.353645484949833167e-01 3.903984136017413585e-06 1.347978061321389103e-05 1.862922517178600953e-05 2.174585673954405722e-05 2.394706269698701956e-05 2.571046965824993273e-05 2.720521266862847368e-05 2.858432138639564182e-05 3.003235057769543056e-05 3.189628701056554947e-05
3.487391304347826626e-01 3.415554156200716841e-06 1.297476905204856699e-05 1.853525201416427189e-05 2.191431995352354539e-05 2.430090634359528582e-05 2.621284721140603312e-05 2.783352509968474152e-05 2.932871171828901403e-05 3.089879209434057247e-05 3.291964193951750798e-05
3.621137123745819530e-01 2.954259601377485865e-06 1.239742924249395411e-05 1.837135940115266878e-05 2.202368472265483609e-05 2.460374980051201768e-05 2.667008261536469086e-05 2.842160304875920152e-05 3.003795669580881011e-05 3.173502326089563773e-05 3.391941052194321309e-05
3.754882943143812990e-01 2.525871876803485582e-06 1.175413730890598989e-05 1.813743287771492791e-05 2.207363302162997749e-05 2.485430228972810649e-05 2.708168915895208038e-05 2.896980926665767065e-05 3.071170696993164349e-05 3.254092039615397565e-05 3.489536421776613938e-05
3.888628762541806450e-01 2.134604741517308441e-06 1.105351492643761731e-05 1.783299446184851642e-05 2.206390461344389471e-05 2.505290574506479237e-05 2.744752355190424302e-05 2.947715990527894844e-05 3.134944214247945606e-05 3.331615126314572392e-05 3.584713686670315584e-05
4.022374581939799354e-01 1.783051784288098704e-06 1.030569820248405593e-05 1.745900251495256103e-05 2.199426919681507028e-05 2.519944173836280462e-05 2.776694227734128568e-05 2.994363375594705532e-05 3.195198206679903665e-05 3.406040097540822739e-05 3.677432941646229236e-05
4.156120401337792813e-01 1.472221032557800969e-06 9.522427457622476522e-06 1.701527365697238673e-05 2.186451403997423468e-05 2.529357315967522513e-05 2.804075152427546784e-05 3.036924977826220123e-05 3.251747983051276648e-05 3.477343526274755744e-05 3.767700999800531800e-05
4.289866220735786273e-01 1.201687720105468516e-06 8.716628327396098500e-06 1.650318887101272306e-05 2.167447500926097937e-05 2.533506238400751301e-05 2.826773818922301100e-05 3.075346524681631436e-05 3.304684977338019088e-05 3.545504996507186659e-05 3.855443631986948000e-05
4.423612040133779733e-01 9.698062252016129438e-07 7.901916590689701591e-06 1.592418546959175379e-05 2.142403937593620052e-05 2.532378440194799521e-05 2.844809804939992789e-05 3.109623153335547817e-05 3.353947215139693061e-05 3.610492252009355146e-05 3.940728286798409922e-05
4.557357859531773192e-01 7.739778307683419611e-07 7.092033551715162069e-06 1.528098761516566309e-05 2.111309217099882263e-05 2.525957430308962542e-05 2.858164197111914362e-05 3.139741826459294132e-05 3.399534820057691493e-05 3.672338431765012612e-05 4.023445336949370212e-05
4.691103678929766096e-01 6.109541726354957277e-07 6.300140016933665291e-06 1.457724462745398949e-05 2.074169161306774648e-05 2.514231615721993876e-05 2.866827639971547017e-05 3.165680617689684213e-05 3.441414620024425933e-05 3.730957577733991421e-05 4.103610536114304637e-05
4.824849498327759556e-01 4.770857837087738189e-07 5.538632626662762817e-06 1.381802564213896437e-05 2.030986822376677124e-05 2.497185626571093233e-05 2.870773525191452251e-05 3.187433648700252736e-05 3.479582909461029623e-05 3.786368502599159257e-05 4.181219430374633625e-05
4.958595317725753016e-01 3.686386214906880108e-07 4.817799880222276953e-06 1.300989700548765951e-05 1.981793636709035123e-05 2.474850616002147969e-05 2.870079268708441528e-05 3.204985135888728938e-05 3.514034332288169934e-05 3.838554368845828083e-05 4.256239206781308750e-05
5.092341137123745920e-01 2.819114711852707260e-07 4.146257993989256546e-06 1.216095028989462656e-05 1.926627429863887484e-05 2.447177005044789624e-05 2.864573399626027045e-05 3.218349081439216713e-05 3.544766829048564150e-05 3.887512129795645048e-05 4.328661065851122357e-05
5.226086956521739380e-01 2.133757899895242111e-07 3.530285570954683489e-06 1.128083428623967191e-05 1.865581133311103976e-05 2.414179985380839811e-05 2.854382606801643106e-05 3.227518517860429446e-05 3.571737953046268463e-05 3.933220247305886294e-05 4.398487808038667874e-05
5.359832775919732839e-01 1.598690762918752963e-07 2.973822921550865592e-06 1.038041222630744993e-05 1.798804898216522859e-05 2.375868217479732480e-05 2.839472535062330112e-05 3.232418182317271961e-05 3.594964354561247467e-05 3.975682781641065887e-05 4.465687242216286013e-05
5.493578595317726299e-01 1.185932876909339641e-07 2.478578658527125708e-06 9.471638693637238709e-06 1.726438870384688009e-05 2.332241535165293110e-05 2.819831604121248407e-05 3.233141794527309563e-05 3.614452048816370257e-05 4.014867029521157038e-05 4.530267176953105528e-05
5.627324414715719758e-01 8.709616104070511081e-08 2.044110351097335952e-06 8.566857409230864827e-06 1.648825720574775375e-05 2.283313212518582244e-05 2.795482459341958132e-05 3.229630222276405767e-05 3.630199287985233367e-05 4.050811769896508878e-05 4.592206873038428378e-05
5.761070234113713218e-01 6.335246001820990952e-08 1.668326610451175642e-06 7.678466287817663395e-06 1.566333128078887185e-05 2.229106653694265668e-05 2.766409418752521565e-05 3.221914394213051076e-05 3.642177162366347929e-05 4.083494259307141500e-05 4.651505931212733720e-05
5.894816053511705567e-01 4.563335630521241757e-08 1.347739980423277614e-06 6.818293894242688162e-06 1.479477337735894851e-05 2.169652343082370248e-05 2.732613115196573785e-05 3.209980710600929688e-05 3.650406675783026301e-05 4.112877490914016820e-05 4.708170962330420178e-05
6.028561872909699026e-01 3.255393855626481546e-08 1.077838377025227458e-06 5.997085923488189566e-06 1.388891102872071228e-05 2.105014313479258253e-05 2.694112128414225324e-05 3.193831505037384881e-05 3.654880710139353408e-05 4.139025438690665588e-05 4.762167183160716857e-05
6.162307692307692486e-01 2.299406976290525058e-08 8.534942259004809131e-07 5.224013807877892141e-06 1.295349851269179748e-05 2.035261641209160788e-05 2.650911867303888081e-05 3.173470616364306828e-05 3.655609157813928469e-05 4.161887998463453185e-05 4.813525459668416777e-05
6.296053511705685946e-01 1.609156948731777225e-08 6.693172231705220248e-07 4.506381511050916122e-06 1.199754294679596072e-05 1.960539359736461371e-05 2.603020681488195503e-05 3.148915574534613394e-05 3.652587144859792835e-05 4.181483396231326584e-05 4.862220179734423901e-05
6.429799331103679405e-01 1.115818551118703475e-08 5.199380498966195787e-07 3.849395360864370913e-06 1.103108732766094787e-05 1.881021046315478200e-05 2.550454616880006847e-05 3.120168773475766712e-05 3.645834458830471750e-05 4.197809093505456787e-05 4.908274626359095030e-05
6.563545150501672865e-01 7.663028486413106482e-09 4.001504199473117793e-07 3.256084761854659350e-06 1.006494595028446501e-05 1.796953153875672178e-05 2.493230264913821789e-05 3.087230353269420334e-05 3.635324094716346879e-05 4.210870564904806168e-05 4.951654042782512228e-05
6.697290969899666324e-01 5.216231422011664378e-09 3.051066882033953880e-07 2.727459885631677572e-06 9.110293727465902479e-06 1.708683198402780937e-05 2.431374520298589987e-05 3.050115895829745412e-05 3.621093721512852373e-05 4.220671213519751363e-05 4.992387723645153958e-05
6.831036789297659784e-01 3.519902036798469200e-09 2.305811964785454925e-07 2.262628848956129291e-06 8.178222692321884005e-06 1.616646044064687376e-05 2.364928894567757206e-05 3.008835667010114880e-05 3.603142068471635901e-05 4.227215980823122794e-05 5.030465967135194517e-05
6.964782608695653243e-01 2.353879991594041870e-09 1.727145184752998001e-07 1.859117608383323112e-06 7.279265609827574899e-06 1.521389072510323326e-05 2.293943351155989664e-05 2.963399985549234844e-05 3.581475788377680664e-05 4.230515093960328003e-05 5.065891888244851253e-05
7.098528428093645593e-01 1.560413352201127428e-09 1.282715560731887581e-07 1.513199281055768024e-06 6.422945362093608962e-06 1.423570883299894638e-05 2.218497669437415705e-05 2.913821473872585627e-05 3.556109564943971059e-05 4.230570206641660148e-05 5.098672816823437124e-05
7.232274247491639052e-01 1.026421862806341824e-09 9.444847610593248739e-08 1.220243386824532179e-06 5.617398100590214343e-06 1.323961173288912629e-05 2.138703443306073929e-05 2.860115975215657443e-05 3.527045854356486654e-05 4.227392098534353754e-05 5.128809040054643808e-05
7.366020066889632512e-01 6.695789285526510297e-10 6.896176662404488384e-08 9.750514919022121623e-07 4.869069787976464120e-06 1.223424912435987085e-05 2.054714142644454523e-05 2.802298824873349133e-05 3.494301351229128929e-05 4.220984246903010704e-05 5.156310547766180933e-05
7.499765886287625971e-01 4.334094442604571203e-10 4.994533894551043048e-08 7.721795544057414277e-07 4.182548992904047612e-06 1.122901345630315826e-05 1.966740884706539810e-05 2.740391814373389112e-05 3.457883947123350723e-05 4.211364294815844663e-05 5.181175296144477019e-05
7.633511705685619431e-01 2.783546264709780246e-10 3.587225371937263117e-08 6.061617460397070553e-07 3.560510358757433093e-06 1.023375137381830568e-05 1.875060075441669074e-05 2.674416374264939017e-05 3.417808849098524093e-05 4.198527115435936086e-05 5.203391572359808610e-05
7.767257525083612890e-01 1.773825459949409846e-10 2.555764556751423422e-08 4.717587174667116484e-07 3.003774747718267764e-06 9.258426325156362115e-06 1.780028568688771300e-05 2.604403234341190124e-05 3.374088861399252107e-05 4.182498369605566058e-05 5.223004406296041303e-05
7.901003344481606350e-01 1.123758844726497155e-10 1.806693366694816158e-08 3.640736395464380229e-07 2.511475644611130633e-06 8.312707141332338048e-06 1.682088744075247732e-05 2.530400691740844935e-05 3.326733998808571778e-05 4.163280515392134241e-05 5.239994965346006083e-05
8.034749163879598699e-01 7.073445094395309961e-11 1.267772404853443446e-08 2.786551341383656501e-07 2.081277962230542230e-06 7.405610683905668572e-06 1.581777253157813130e-05 2.452466399199371315e-05 3.275764283824250824e-05 4.140881641811957893e-05 5.254384446296220539e-05
8.168494983277592159e-01 4.416732369778670760e-11 8.825698457847880773e-09 2.115588476448409644e-07 1.709686850119616153e-06 6.545128220916648580e-06 1.479722998644192303e-05 2.370678826800205657e-05 3.221185893922266558e-05 4.115322561319179512e-05 5.266166965258321157e-05
8.302240802675585618e-01 2.741579696130691539e-11 6.098362147283317891e-09 1.593206260622232728e-07 1.392325299365517555e-06 5.737962271792384066e-06 1.376636301231590105e-05 2.285146235366690355e-05 3.163024077769741559e-05 4.086609092023035404e-05 5.275358902677912870e-05
8.435986622073579078e-01 1.693806383336900753e-11 4.183455180198509265e-09 1.190939038952656632e-07 1.124249055588861472e-06 4.989395109747633607e-06 1.273306159609808655e-05 2.196002750995507154e-05 3.101302026369283284e-05 4.054755657252814702e-05 5.281970295294675737e-05
8.569732441471572537e-01 1.038916613500220984e-11 2.850250398575592792e-09 8.833250090729092441e-08 9.002150573030360552e-07 4.302616229276146719e-06 1.170571976741081418e-05 2.103472132934071237e-05 3.036024879225479708e-05 4.019769636352714604e-05 5.286004441813990738e-05
8.703478260869565997e-01 6.349846023777633220e-12 1.928194054770264758e-09 6.503065911655860471e-08 7.149239204346174534e-07 3.679856766480925183e-06 1.069302525660294185e-05 2.007778541811302522e-05 2.967223673708757815e-05 3.981681167244393725e-05 5.287476482041632487e-05
8.837224080267559456e-01 3.856795854580922508e-12 1.295642623612502434e-09 4.752587718989421412e-08 5.632135365068852027e-07 3.121297942513894072e-06 9.703656743154318652e-06 1.909246004234385583e-05 2.894923407052447505e-05 3.940484869338548425e-05 5.286383416511259992e-05
8.970969899665552916e-01 2.327687408597110516e-12 8.646356847482152523e-10 3.448413230397313420e-08 4.402135919092887562e-07 2.625791667985083510e-06 8.746001441769003668e-06 1.808258617925081349e-05 2.819161806107594643e-05 3.896201161077559103e-05 5.282768282895635597e-05
9.104715719063546375e-01 1.402121074690806008e-12 5.737432825264658689e-10 2.484467000426781437e-08 3.414168369401178513e-07 2.190939026558395847e-06 7.827856748810891176e-06 1.705282488566198926e-05 2.739983646724860507e-05 3.848848770313018813e-05 5.276603573094514895e-05
9.238461538461538725e-01 8.406593151924295572e-13 3.781131025420739904e-10 1.778197427001383269e-08 2.627996292539105418e-07 1.813345926676756468e-06 6.956138298339732207e-06 1.600854827771391306e-05 2.657441628553842638e-05 3.798441194059445680e-05 5.267920574886410793e-05
9.372207357859532184e-01 5.012032526256992468e-13 2.477918906524629778e-10 1.263673002290304055e-08 2.007938524531201002e-07 1.488852667785435210e-06 6.136546568574954926e-06 1.495577991379063866e-05 2.571619998544281337e-05 3.744989989783633607e-05 5.256723277548038925e-05
9.505953177257525644e-01 2.977727912984192253e-13 1.614324459812909147e-10 8.918397659428902152e-09 1.523093212700663609e-07 1.212812852789594890e-06 5.373733824374580613e-06 1.390144539082584200e-05 2.482616960915585129e-05 3.688511890242591996e-05 5.243026822588860061e-05
9.639698996655519103e-01 1.764709573068621488e-13 1.045957036836451699e-10 6.257793003838236207e-09 1.147169508593779476e-07 9.803095055790461479e-07 4.670796460377215640e-06 1.285262419067857531e-05 2.390563477900975055e-05 3.629025152249696923e-05 5.226842120207696868e-05
9.773444816053512563e-01 1.041612588035338399e-13 6.738355566482230757e-11 4.361908639422304118e-09 8.580586049449951799e-08 7.863446479785638841e-07 4.029499172027076346e-06 1.181690727330683505e-05 2.295628161343610764e-05 3.566543629180635118e-05 5.208179754545298377e-05
9.907190635451506022e-01 6.120413160317930641e-14 4.322167198668197480e-11 3.022952772001653753e-09 6.374338818916141779e-08 6.260443343983708296e-07 3.450233670098098668e-06 1.080179826143839123e-05 2.198022365688284921e-05 3.501102941847255510e-05 5.187050395568048005e-05
1.004093645484949837e+00 3.595216872153941634e-14 2.757680194486924151e-11 2.081742443203100173e-09 4.704454525740704523e-08 4.947624043158592246e-07 2.932158824937067667e-06 9.814887174143679759e-06 2.098006576144961259e-05 3.432677536794236718e-05 5.163472706460984634e-05
1.017468227424749072e+00 2.102768751539520706e-14 1.750286603408496369e-11 1.424235611209210589e-09 3.449992468223161653e-08 3.882012804400428604e-07 2.473325545979778169e-06 8.863274910392650758e-06 1.995895180949616970e-05 3.361330725566630181e-05 5.137450267431873443e-05
1.030842809364548529e+00 1.225071675846967946e-14 1.105272700509668040e-11 9.698666398132478529e-10 2.513292552882926121e-08 3.024505302281182831e-07 2.070855393861840162e-06 7.953407638639191306e-06 1.892059191042574188e-05 3.287075979793911240e-05 5.108996778964381910e-05
1.044217391304347764e+00 7.141040729451068416e-15 6.962336527562736411e-12 6.569320341952107452e-10 1.818891659412548720e-08 2.340413530920963648e-07 1.721162817928870348e-06 7.090861130462550695e-06 1.786927431290695814e-05 3.209926506022224384e-05 5.078129010141304618e-05
1.057591973244147221e+00 4.150910151994034681e-15 4.365314428822176878e-12 4.422116872784327312e-10 1.309460402966954777e-08 1.798219280118336961e-07 1.420145033664126932e-06 6.280446978922983840e-06 1.680983379507501775e-05 3.129953458282379482e-05 5.044861723355326523e-05
1.070966555183946456e+00 2.402644982842107102e-15 2.722000553742836194e-12 2.959824211286148660e-10 9.370050810443959427e-09 1.373298042458901473e-07 1.163383264315672252e-06 5.525696721275353211e-06 1.574760659618831195e-05 3.047184702491778529e-05 5.009203512122564430e-05
1.084341137123745691e+00 1.389669711461234084e-15 1.692153525114792342e-12 1.974772766722616817e-10 6.664134284671324936e-09 1.041683337732797110e-07 9.463152528905554073e-07 4.829043284809327007e-06 1.468834332375534096e-05 2.961657948947673464e-05 4.971174780160731127e-05
1.097715719063545148e+00 8.040732266786963803e-16 1.049852071076420832e-12 1.310001090742151534e-10 4.713832503160411879e-09 7.850377674706621886e-08 7.643911610288142151e-07 4.191732123979728903e-06 1.363809593501785810e-05 2.873470710360668181e-05 4.930776382116678491e-05
1.111090301003344383e+00 4.635352221614153842e-16 6.481426031273272443e-13 8.640416691788424422e-11 3.313721670443275134e-09 5.881589904685649907e-08 6.132589174800344980e-07 3.613893138117192220e-06 1.260310013731881436e-05 2.782702552843727736e-05 4.888024822654602733e-05
1.124464882943143840e+00 2.665765237478040771e-16 3.985142144629255880e-13 5.680066472182320834e-11 2.318463015219509503e-09 4.379722692230604975e-08 4.886666833542418104e-07 3.094590704797404160e-06 1.158957609658001732e-05 2.689467311327551987e-05 4.842937526374173211e-05
1.137839464882943075e+00 1.535718552041212450e-16 2.447773733051733077e-13 3.717919465648887636e-11 1.613973315453413824e-09 3.241578627954740375e-08 3.868425142315249706e-07 2.631997674819570647e-06 1.060362615741881578e-05 2.593900026499999721e-05 4.795529740368314624e-05
1.151214046822742532e+00 8.827925257216818875e-17 1.498389373311913527e-13 2.422492584979891744e-11 1.117419176094701576e-09 2.385802251631550878e-08 3.042491712863551034e-07 2.223446003172233431e-06 9.651040758032267136e-06 2.496178464789393435e-05 4.745809854250008624e-05
1.164588628762541767e+00 5.063394866446873044e-17 9.138289093593433514e-14 1.571407353945013275e-11 7.698610297612673046e-10 1.745990786723915873e-08 2.377831883175966971e-07 1.865827928252080685e-06 8.737142981125057338e-06 2.396496783832685953e-05 4.693793257804698005e-05
1.177963210702341001e+00 2.907555054676204113e-17 5.566695479933171193e-14 1.016260389576090390e-11 5.280309683490360724e-10 1.270720960850824400e-08 1.847025834452321541e-07 1.555317034135801319e-06 7.866571097302744683e-06 2.295098247259011524e-05 4.639492155553005099e-05
1.191337792642140458e+00 1.667203852925959596e-17 3.380902748824258190e-14 6.544861704119444486e-12 3.602150185286015286e-10 9.200801757683723363e-09 1.425739796989034747e-07 1.287980190780355067e-06 7.043382822346515173e-06 2.192254093674738885e-05 4.582922626258195112e-05
1.204712374581939693e+00 9.545071757829179170e-18 2.047284348954911959e-14 4.197894867075602851e-12 2.447435746161225143e-10 6.623615877059331330e-09 1.094244689530377488e-07 1.059682519914307059e-06 6.270719223435947435e-06 2.088274641253271108e-05 4.524100565086746522e-05
1.218086956521739150e+00 5.466930391300171417e-18 1.238084513608980039e-14 2.685171587841985127e-12 1.656129066508686364e-10 4.746789427144913787e-09 8.348278646375659866e-08 8.662801667050788201e-07 5.550887595196369846e-06 1.983509465422789880e-05 4.463038807344214684e-05
1.231461538461538385e+00 3.133725470491850109e-18 7.479162315064656824e-15 1.712988608397611445e-12 1.115602586226893843e-10 3.384248539895153908e-09 6.332796215172156472e-08 7.037162249986703919e-07 4.885321147312906887e-06 1.878333909619554323e-05 4.399751079319585246e-05
1.244836120401337842e+00 1.793383798969636800e-18 4.504669790600857925e-15 1.088391188017965766e-12 7.481648020568782032e-11 2.400414535859895631e-09 4.778689091730401257e-08 5.681156603161598789e-07 4.274538285415086139e-06 1.773158440904383255e-05 4.334258741976858168e-05
1.258210702341137077e+00 1.024250725720853885e-18 2.704396221373390482e-15 6.886481383531173839e-13 4.998117233061558267e-11 1.694772061640955115e-09 3.584642439871102609e-08 4.558454098197509338e-07 3.718249041747488948e-06 1.668411516674694268e-05 4.266582568952135911e-05
1.271585284280936534e+00 5.874101608401478490e-19 1.626830824779572443e-15 4.357389268484765988e-13 3.328391008493874604e-11 1.191661365208581428e-09 2.675777148532083505e-08 3.635805897146000306e-07 3.215400678752654714e-06 1.564538207449701367e-05 4.196741056792289385e-05
1.284959866220735769e+00 3.364836265791090599e-19 9.762033872966586259e-16 2.747399819438682570e-13 2.208271442893215354e-11 8.338784459035068627e-10 1.987054005331403909e-08 2.882792570968367664e-07 2.764256922917980172e-06 1.461993902686191224e-05 4.124761186537582319e-05
1.298334448160535004e+00 1.924187751395118225e-19 5.841248751057863692e-16 1.725757390294380158e-13 1.458548812261468295e-11 5.807705614503450514e-10 1.467657019478906156e-08 2.272474007335241449e-07 2.362493459144545248e-06 1.361230293019070728e-05 4.050674764930950244e-05
1.311709030100334461e+00 1.101682864551149055e-19 3.493745167368758005e-16 1.082001675644474057e-13 9.603970193894543180e-12 4.029073051519465092e-10 1.078950675529790002e-08 1.781308399225385961e-07 2.007344178817207847e-06 1.262692633017540674e-05 3.974518792877140778e-05
1.325083612040133696e+00 6.314804927520996259e-20 2.089389702496233358e-16 6.773559829143303126e-14 6.306833414539657802e-12 2.785297666500626842e-10 7.896679018635240755e-09 1.388907317533842961e-07 1.695685819655335243e-06 1.166803448525399509e-05 3.896334350966909366e-05
1.338458193979933153e+00 3.618363618720749078e-20 1.247396979341657578e-16 4.229184279131356072e-14 4.127431981929872232e-12 1.917118597352870471e-10 5.750770334840409075e-09 1.076907991040390519e-07 1.424168074605215286e-06 1.073969013511068535e-05 3.816172442135618373e-05
1.351832775919732388e+00 2.072589624838628459e-20 7.435824506631175596e-17 2.633828320039057875e-14 2.691918903665727499e-12 1.313450805841157294e-10 4.166762477347710792e-09 8.304200679917285139e-08 1.189267214961962890e-06 9.845488000849185784e-06 3.734103563788135219e-05
1.365207357859531845e+00 1.190471349656997513e-20 4.437022501237498116e-17 1.639293060566104829e-14 1.752156959761773014e-12 8.970702038711176855e-11 3.006599274524970146e-09 6.370657953238790543e-08 9.874243035250873993e-07 8.988760475063563158e-06 3.650199838280386046e-05
1.378581939799331080e+00 6.830072352731048068e-21 2.641912666843054395e-17 1.017214398966385506e-14 1.136197706903385678e-12 6.105953169239856379e-11 2.161000430757470727e-09 4.863134164700908801e-08 8.153634112774200213e-07 8.172268988099712120e-06 3.564553272606516715e-05
1.391956521739130537e+00 3.918084002242397607e-21 1.571448814424377151e-17 6.300472252881754632e-15 7.348864124800380688e-13 4.140327543491777947e-11 1.546154976817122881e-09 3.694016515134244873e-08 6.695177612831550212e-07 7.398344755030178722e-06 3.477257176396490767e-05
1.405331103678929772e+00 2.256454878763688880e-21 9.367169358690927726e-18 3.904154854369753838e-15 4.748078806411633250e-13 2.800667415236131936e-11 1.101576964257094057e-09 2.792122794625065966e-08 5.467541120242201489e-07 6.668769302203484659e-06 3.388443312899634902e-05
1.418705685618729007e+00 1.298799126888964748e-21 5.574966164949716376e-18 2.413336997171127471e-15 3.057835584505565693e-13 1.887112966702619740e-11 7.818806711073851285e-10 2.100576380266615906e-08 4.440905107690370404e-07 5.984799787077700064e-06 3.298249161149551418e-05
1.432080267558528464e+00 7.465530568447411317e-22 3.310706059960954746e-18 1.487437492647980273e-15 1.962304616607127099e-13 1.266356517381398655e-11 5.527239387064449334e-10 1.572942953389098038e-08 3.587853037593777496e-07 5.347135857555490945e-06 3.206824633477865750e-05
1.445454849498327698e+00 4.206595928994118281e-22 1.969233431959091110e-18 9.170469837984870719e-16 1.258114249935125450e-13 8.480518360362839301e-12 3.891100943749796126e-10 1.172307770431190570e-08 2.883711056444162794e-07 4.755962878409580336e-06 3.114336587854328603e-05
1.458829431438127155e+00 2.428264456588203053e-22 1.172363452209695218e-18 5.652374609774106466e-16 8.055576542600204021e-14 5.666044518389297899e-12 2.731397679051521315e-10 8.702168149417040097e-09 2.305842163005919402e-07 4.211021907441090667e-06 3.020976530491336276e-05
1.472204013377926390e+00 1.400082202732265613e-22 6.966974305918777584e-19 3.475273155050661131e-16 5.141951758890604262e-14 3.771896107250372449e-12 1.909802327912575293e-10 6.430966451788769677e-09 1.834385951797297164e-07 3.711483653138427897e-06 2.926942816359947514e-05
1.485578595317725847e+00 8.076164154567569313e-23 4.138065596255694803e-19 2.133571907706072979e-16 3.274505479129020547e-14 2.503147571201402961e-12 1.330099633016398366e-10 4.731415384670096178e-09 1.452112492553886052e-07 3.256143123008001800e-06 2.832446792336496048e-05
1.498953177257525082e+00 4.674057496069848273e-23 2.462644518109350013e-19 1.310733274626851243e-16 2.084095344377774260e-14 1.658286961561837900e-12 9.238279986487134469e-11 3.468503191754317430e-09 1.144081525183097274e-07 2.843463726053248609e-06 2.737705179456975782e-05
1.512327759197324317e+00 2.706476161041449332e-23 1.465256480166682835e-19 8.044825519465900816e-17 1.324300982474862221e-14 1.096065029738220754e-12 6.396885081713309038e-11 2.532572788211488580e-09 8.970909443450378433e-08 2.471578805090370646e-06 2.642965876310945190e-05
1.525702341137123774e+00 1.109554007591867505e-23 8.708634585932218259e-20 4.928459340000231200e-17 8.393545877789745887e-15 7.221462046175069975e-13 4.412714540440056896e-11 1.841146503310793831e-09 6.999864882415944186e-08 2.138347989091221046e-06 2.548441358359121813e-05
1.539076923076923009e+00 6.413068099475427764e-24 5.186763946607128937e-20 3.021940892973921738e-17 5.318305120786164110e-15 4.751029419773500773e-13 3.036265270903072699e-11 1.333036198155182309e-09 5.435916525086474898e-08 1.841405687499229832e-06 2.454372265566843168e-05
1.552451505016722466e+00 3.706149008726801249e-24 3.086669773642383676e-20 1.850079420769424430e-17 3.362279753048576559e-15 3.116744361181280031e-13 2.081886059426854990e-11 9.624824314742240752e-10 4.204417094413396254e-08 1.578326788442092297e-06 2.360985486442688052e-05
1.565826086956521701e+00 2.141014354860347523e-24 1.837168779507910277e-20 1.131959220040556806e-17 2.122835828980418933e-15 2.040460073013224668e-13 1.423568121479713880e-11 6.923303654309471398e-10 3.236627063860090310e-08 1.346539871798751693e-06 2.268506619367287148e-05
1.579200668896321158e+00 1.858942252239864085e-25 1.094982647239545643e-20 6.928898115332554788e-18 1.339665506626324670e-15 1.334012858309946419e-13 9.712060676499283544e-12 4.961109591701498606e-10 2.481848349970363564e-08 1.143462083111040867e-06 2.177150680654213599e-05
1.592575250836120393e+00 1.067628018577123239e-25 6.521388194884759324e-21 4.241280077054746517e-18 8.446994585590096736e-16 8.706622970189206277e-14 6.609034726520309965e-12 3.542506085813605581e-10 1.894346343220788364e-08 9.665530331613781730e-07 2.087117626643287052e-05
1.605949832775919628e+00 0.000000000000000000e+00 3.887109607612008630e-21 2.592517815921915042e-18 5.315238384659922320e-16 5.667452812314824161e-14 4.482871072299071200e-12 2.522035147337873895e-10 1.440210671697364835e-08 8.132458564982699988e-07 1.998606547526101762e-05
1.619324414715719085e+00 0.000000000000000000e+00 2.316369820323094429e-21 1.583248042107341738e-18 3.339359034461057890e-16 3.681011413913892178e-14 3.032048542233904314e-12 1.788835376609280887e-10 1.090543832498071699e-08 6.811246964830333911e-07 1.911782124553345800e-05
1.632698996655518320e+00 0.000000000000000000e+00 1.385402582972646481e-21 9.694059082822858386e-19 2.101193776144473132e-16 2.391788040880680881e-14 2.049158940238230277e-12 1.266228895495417617e-10 8.223760641301211869e-09 5.678543536530027996e-07 1.826802883120716173e-05
1.646073578595317777e+00 0.000000000000000000e+00 8.281758236744737500e-22 5.928771626945341370e-19 1.319791729263171747e-16 1.550437424713386949e-14 1.380807503922419400e-12 8.931624212693976713e-11 6.179396145681821894e-09 4.713114573769376497e-07 1.743806022271698870e-05
1.659448160535117012e+00 0.000000000000000000e+00 4.946518797654894697e-22 3.620833038818137226e-19 8.273565661508505625e-17 1.002540177131221691e-14 9.276303766993506526e-13 6.277891641048191315e-11 4.625207186433008694e-09 3.894459991450985190e-07 1.662912091990439563e-05
1.672822742474916469e+00 0.000000000000000000e+00 2.959831680435714027e-22 2.213440307202408123e-19 5.187004827367333878e-17 6.477344835010920568e-15 6.220985193830922521e-13 4.400954004512815452e-11 3.450027548860147981e-09 3.203517066833405226e-07 1.584217627259207521e-05
1.686197324414715704e+00 0.000000000000000000e+00 1.774231918736653380e-22 1.354396191979793723e-19 3.252843879273380255e-17 4.182851189791624267e-15 4.166351123288858820e-13 3.078346354960202940e-11 2.563662446620922294e-09 2.623789360523429859e-07 1.507808376218989279e-05
1.699571906354515161e+00 0.000000000000000000e+00 1.009330940786165082e-22 8.282732493935836338e-20 2.037500706763650209e-17 2.696510682744790229e-15 2.783962336878798387e-13 2.147119284512045505e-11 1.898468552037293647e-09 2.139650672081724307e-07 1.433744866959520199e-05
1.712946488294314396e+00 0.000000000000000000e+00 6.042682668382760417e-23 5.065034924326237720e-20 1.275352701490516770e-17 1.735960185851989772e-15 1.856410142287730061e-13 1.493474447401789750e-11 1.400788307140123946e-09 1.737639694059827462e-07 1.362082178854239071e-05
1.726321070234113630e+00 0.000000000000000000e+00 3.624527690197444549e-23 3.100749384455525397e-20 7.985199674466187194e-18 1.116951460840103209e-15 1.236100273424008141e-13 1.036398189901340609e-11 1.030360217325123404e-09 1.405045429462177850e-07 1.292833749489147699e-05
1.739695652173913087e+00 0.000000000000000000e+00 2.173741131531051134e-23 1.897158589320510745e-20 4.994247560049742907e-18 7.175103359004485703e-16 8.212751981612922465e-14 7.172386430747933332e-12 7.556135103726729504e-10 1.131504121074416193e-07 1.226031343787503299e-05
1.753070234113712322e+00 0.000000000000000000e+00 1.304444557012637951e-23 1.160922009409191903e-20 3.122393280844551397e-18 4.604845167096987485e-16 5.448176389592848032e-14 4.952752845067193139e-12 5.521916820971679340e-10 9.074910959059051883e-08 1.161667922918387563e-05
1.766444816053511779e+00 0.000000000000000000e+00 7.853662416374976662e-24 7.120611262328781448e-21 1.954922934314698846e-18 2.956733310523462874e-16 3.612211048722501322e-14 3.414552486917630566e-12 4.024769686189827131e-10 7.247953863416112961e-08 1.099747949502803002e-05
1.779819397993311014e+00 0.000000000000000000e+00 2.933807269316290890e-24 4.363650174700630432e-21 1.222324760807465363e-18 1.895027731793977688e-16 2.389360213539433775e-14 2.347403794446780762e-12 2.923541155164690413e-10 5.765629955178683812e-08 1.040238548325575703e-05
1.793193979933110471e+00 0.000000000000000000e+00 1.753186786697004392e-24 2.671229489122287914e-21 7.631071645652166225e-19 1.212192278351387712e-16 1.576674740992197430e-14 1.609133151127203455e-12 2.116389620761609366e-10 4.569622643973282041e-08 9.831085996506659755e-06
1.806568561872909706e+00 0.000000000000000000e+00 1.051354130002643651e-24 1.640020017871717339e-21 4.774412826799876532e-19 7.764087802093529864e-17 1.040744631513607516e-14 1.102268356379168380e-12 1.529085442039040581e-10 3.607630428283144383e-08 9.283398587195078447e-06
1.819943143812709163e+00 0.000000000000000000e+00 6.312285745731566066e-25 1.002327513315438955e-21 2.987564969012664012e-19 4.970630671543094539e-17 6.862172961420346720e-15 7.537019178188171838e-13 1.101878331207518831e-10 2.837287500538843835e-08 8.758761545154921109e-06
1.833317725752508398e+00 0.000000000000000000e+00 4.840537903016629165e-26 6.151121949194429204e-22 1.867050712099892314e-19 3.176799721797259948e-17 4.514801488704263271e-15 5.140070036226530759e-13 7.915113648428815615e-11 2.223285273212842191e-08 8.256667647753042073e-06
1.846692307692307633e+00 0.000000000000000000e+00 2.261688933473418089e-26 3.776287197217872027e-22 1.166617277809470317e-19 2.028841101168574465e-17 2.966314321959930329e-15 3.498260040204053928e-13 5.669729249529461506e-11 1.736181179564123441e-08 7.776614065416003179e-06
1.860066889632107090e+00 0.000000000000000000e+00 0.000000000000000000e+00 2.323092497186383514e-22 7.299727743276630452e-20 1.296573374807635226e-17 1.948629213337987629e-15 2.378405966138765043e-13 4.052843559588032027e-11 1.350725922399911488e-08 7.318070209341339991e-06
1.873441471571906325e+00 0.000000000000000000e+00 0.000000000000000000e+00 1.429636034716488091e-22 4.567308827130845679e-20 8.281654453529852162e-18 1.278736096364775180e-15 1.614385802944269418e-13 2.890203199740417651e-11 1.047192208407485354e-08 6.880410295545933048e-06
1.886816053511705782e+00 0.000000000000000000e+00 0.000000000000000000e+00 8.794273387360102520e-23 2.855322979062568172e-20 5.283050371503199345e-18 8.376630054269118388e-16 1.093318202865389186e-13 2.055224470167263954e-11 8.090347275196881647e-09 6.463059352397044090e-06
1.900190635451505017e+00 0.000000000000000000e+00 0.000000000000000000e+00 5.421642096613301608e-23 1.787811202950370458e-20 3.372917274841142500e-18 5.487169488311706587e-16 7.397548198701022192e-14 1.458579654374509279e-11 6.229847315734746572e-09 6.065368729255275346e-06
1.913565217391304474e+00 0.000000000000000000e+00 0.000000000000000000e+00 3.063815404751854667e-23 1.117954533240352752e-20 2.150588264239797820e-18 3.588116955912153033e-16 4.994206882298673745e-14 1.032279919838326574e-11 4.780325929148263331e-09 5.686755007457457370e-06
1.926939799331103709e+00 0.000000000000000000e+00 0.000000000000000000e+00 1.875010045494458651e-23 7.000374611576230646e-21 1.371912472894327781e-18 2.346097835418671060e-16 3.369145478227249326e-14 7.294046266449838183e-12 3.657606578193841013e-09 5.326543387605699391e-06
1.940314381270902944e+00 0.000000000000000000e+00 0.000000000000000000e+00 1.155579898773324985e-23 4.387484950197885669e-21 8.754759867299795004e-19 1.533518756107083052e-16 2.270527430868555802e-14 5.144169375862517465e-12 2.790057195686341734e-09 4.984127181732712809e-06
1.953688963210702401e+00 0.000000000000000000e+00 0.000000000000000000e+00 7.125827839487171835e-24 2.750355926761753146e-21 5.585059341696720638e-19 1.001507754005769179e-16 1.527893553114500296e-14 3.619946085271369344e-12 2.121531740089144128e-09 4.658928858605385302e-06
1.967063545150501636e+00 0.000000000000000000e+00 0.000000000000000000e+00 4.392349551348993069e-24 1.723083172286023187e-21 3.559442457348957172e-19 6.531244316758330248e-17 1.026192483394818496e-14 2.541020460136153559e-12 1.607924520954525936e-09 4.350254850439162017e-06
1.980438127090301093e+00 0.000000000000000000e+00 0.000000000000000000e+00 2.597108747819680319e-24 1.080180562623106566e-21 2.268840492316624767e-19 4.257622930990199102e-17 6.885405227654964298e-15 1.780503054331018612e-12 1.215165070542959506e-09 4.057549429648087943e-06
1.993812709030100327e+00 0.000000000000000000e+00 0.000000000000000000e+00 9.239925031231151541e-25 6.785575442747379563e-22 1.448297938790586335e-19 2.777542092265719710e-17 4.619541534072543176e-15 1.246219545514292695e-12 9.160118846341124189e-10 3.780257249085558239e-06
2.007187290969899784e+00 0.000000000000000000e+00 0.000000000000000000e+00 5.677696146804526111e-25 4.260758731965208565e-22 9.237459784160633173e-20 1.809719788527401154e-17 3.094021711566342316e-15 8.702686146688597843e-13 6.883869443337404233e-10 3.517724703102102771e-06
2.020561872909699019e+00 0.000000000000000000e+00 0.000000000000000000e+00 3.485601658990457414e-25 2.673666393259243825e-22 5.886052564871089939e-20 1.177504300960407023e-17 2.068546026517364468e-15 6.063225617956319293e-13 5.157538344069926936e-10 3.269447253166654770e-06
2.033936454849498254e+00 0.000000000000000000e+00 0.000000000000000000e+00 2.456821961101372941e-26 1.657677228327567466e-22 3.753779963830662567e-20 7.663165246327353093e-18 1.382260361146694756e-15 4.218359146669719887e-13 3.853996221601163527e-10 3.034811625812000797e-06
2.047311036789297489e+00 0.000000000000000000e+00 0.000000000000000000e+00 1.163622121951855179e-26 1.043001886566284323e-22 2.397369162413397177e-20 4.991482588897865594e-18 9.238598995907147112e-16 2.932879227737088318e-13 2.874178084088743969e-10 2.813319026543652860e-06
2.060685618729097168e+00 0.000000000000000000e+00 0.000000000000000000e+00 0.000000000000000000e+00 6.559200772658540052e-23 1.529877112744186501e-20 3.247445982359787520e-18 6.165008444883279598e-16 2.034840840943886630e-13 2.137375826566469540e-10 2.604468242458607781e-06
2.074060200668896403e+00 0.000000000000000000e+00 0.000000000000000000e+00 0.000000000000000000e+00 4.127257269959126332e-23 9.764546326389183969e-21 2.112083671608157751e-18 4.110314588084577771e-16 1.409518196713804597e-13 1.585334904547506383e-10 2.407722696715440452e-06
2.087434782608695638e+00 0.000000000000000000e+00 0.000000000000000000e+00 0.000000000000000000e+00 2.599090569775281051e-23 6.234745865881887333e-21 1.373486234414641709e-18 2.738455114377681952e-16 9.749353466962531547e-14 1.172955552019824849e-10 2.222612049153276213e-06
2.100809364548494873e+00 0.000000000000000000e+00 0.000000000000000000e+00 0.000000000000000000e+00 1.637591158286320117e-23 3.981704388350187452e-21 8.929672194120331746e-19 1.823158958589323842e-16 6.734262682836315984e-14 8.658276610211987368e-11 2.048622355978246877e-06
2.114183946488294552e+00 0.000000000000000000e+00 0.000000000000000000e+00 0.000000000000000000e+00 1.032402470891476947e-23 2.543524678521258956e-21 5.804650050123082308e-19 1.212990439676298308e-16 4.645518262984786618e-14 6.376594051143540593e-11 1.885302666576805201e-06
2.127558528428093787e+00 0.000000000000000000e+00 0.000000000000000000e+00 0.000000000000000000e+00 5.625602850719285303e-24 1.626749097233906673e-21 3.775562059404451447e-19 8.069853697557634076e-17 3.201672496944889548e-14 4.686182649019140666e-11 1.732213235271413027e-06
2.140933110367893022e+00 0.000000000000000000e+00 0.000000000000000000e+00 0.000000000000000000e+00 3.538855488394348986e-24 1.038086339032578685e-21 2.453376389139674846e-19 5.361480851297704117e-17 2.202505626316697881e-14 3.435084128467213061e-11 1.588883621126789957e-06
2.154307692307692257e+00 0.000000000000000000e+00 0.000000000000000000e+00 0.000000000000000000e+00 2.225026946459529739e-24 6.631286589273199063e-22 1.592956857503612116e-19 3.557937097477348615e-17 1.512654881785470288e-14 2.512030174272085999e-11 1.454887140104630990e-06
2.167682274247491492e+00 0.000000000000000000e+00 0.000000000000000000e+00 0.000000000000000000e+00 1.403808507963614620e-24 4.247972353174381738e-22 1.036559509063816240e-19 2.364501692510657750e-17 1.039315862204706378e-14 1.834960100335797752e-11 1.329832834214663190e-06
2.181056856187291171e+00 0.000000000000000000e+00 0.000000000000000000e+00 0.000000000000000000e+00 6.890964465122455350e-25 2.720981558855288035e-22 6.741921252443102656e-20 1.569980368792768112e-17 7.130584130005330374e-15 1.337346615621741802e-11 1.213300972333762134e-06
2.194431438127090406e+00 0.000000000000000000e+00 0.000000000000000000e+00 0.000000000000000000e+00 2.745570475983826347e-25 1.741884893733660952e-22 4.381171491020104910e-20 1.041149319444444865e-17 4.883914086258493635e-15 9.723744386946852079e-12 1.104879241010531985e-06
2.207806020066889641e+00 0.000000000000000000e+00 0.000000000000000000e+00 0.000000000000000000e+00 1.721711832137184539e-25 1.115549751338598504e-22 2.847045370302135487e-20 6.901137305358469760e-18 3.341361572198858698e-15 7.055590062652071445e-12 1.004199368888828401e-06
2.221180602006688876e+00 0.000000000000000000e+00 0.000000000000000000e+00 0.000000000000000000e+00 7.005556630710447165e-26 7.156358974559897594e-23 1.852354972081881544e-20 4.577211309338575751e-18 2.285618726408248539e-15 5.112460391567670789e-12 9.108574370569621304e-07
2.234555183946488555e+00 0.000000000000000000e+00 0.000000000000000000e+00 0.000000000000000000e+00 7.034652778039630891e-27 4.591424007348330914e-23 1.204937889046820990e-20 3.034050795648804140e-18 1.561700304746179132e-15 3.697349731856084927e-12 8.245043404196012474e-07
2.247929765886287790e+00 0.000000000000000000e+00 0.000000000000000000e+00 0.000000000000000000e+00 0.000000000000000000e+00 2.858554611426430215e-23 7.834177844168265098e-21 2.009415650364988240e-18 1.065616341230342983e-15 2.668334559467082113e-12 7.447658833585334418e-07
2.261304347826087024e+00 0.000000000000000000e+00 0.000000000000000000e+00 0.000000000000000000e+00 0.000000000000000000e+00 1.833754699816227222e-23 5.096615913282426971e-21 1.331167814371128869e-18 7.267735628390989834e-16 1.922688890707515532e-12 6.712822261279728491e-07
2.274678929765886259e+00 0.000000000000000000e+00 0.000000000000000000e+00 0.000000000000000000e+00 0.000000000000000000e+00 1.176413261861626201e-23 3.315722450594852103e-21 8.813867422533865876e-19 4.951770945384730052e-16 1.382982463796079977e-12 6.037098867110978251e-07
2.288053511705685494e+00 0.000000000000000000e+00 0.000000000000000000e+00 0.000000000000000000e+00 0.000000000000000000e+00 7.556331921626450930e-24 2.159043693565757193e-21 5.838386114643854749e-19 3.373194597044912507e-16 9.935935897987303392e-13 5.417354197588739546e-07
2.301428093645485173e+00 0.000000000000000000e+00 0.000000000000000000e+00 0.000000000000000000e+00 0.000000000000000000e+00 4.857841394507685157e-24 1.406623439109830203e-21 3.867681442907634039e-19 2.296556085823677186e-16 7.127525790324592798e-13 4.850108869379239346e-07
2.314802675585284408e+00 0.000000000000000000e+00 0.000000000000000000e+00 0.000000000000000000e+00 0.000000000000000000e+00 3.123394869479507581e-24 9.163065861193802694e-22 2.560907391460455856e-19 1.561992008037659883e-16 5.103894044436355220e-13 4.331976394112720298e-07
2.328177257525083643e+00 0.000000000000000000e+00 0.000000000000000000e+00 0.000000000000000000e+00 0.000000000000000000e+00 1.619120670120531416e-24 5.966427589684711147e-22 1.694362825036235958e-19 1.061106321044107818e-16 3.647989886510123224e-13 3.860085844649522654e-07
2.341551839464882878e+00 0.000000000000000000e+00 0.000000000000000000e+00 0.000000000000000000e+00 0.000000000000000000e+00 1.037750902899491280e-24 3.889410650734681125e-22 1.121801210750656529e-19 7.208637134970160694e-17 2.604759545425460429e-13 3.431163767656040180e-07
2.354926421404682113e+00 0.000000000000000000e+00 0.000000000000000000e+00 0.000000000000000000e+00 0.000000000000000000e+00 6.660277881103471901e-25 2.537703969063760671e-22 7.430519280671050471e-20 4.896303158161464310e-17 1.857705967963776453e-13 3.042497180135882323e-07
2.368301003344481792e+00 0.000000000000000000e+00 0.000000000000000000e+00 0.000000000000000000e+00 0.000000000000000000e+00 4.272963008188921845e-25 1.655229428754138947e-22 4.918667581615571181e-20 3.322187431513398261e-17 1.322652000432393031e-13 2.691236353016167538e-07
2.381675585284281027e+00 0.000000000000000000e+00 0.000000000000000000e+00 0.000000000000000000e+00 0.000000000000000000e+00 1.209460840399356865e-25 1.072712876625350171e-22 3.253527546475910768e-20 2.251571477066136993e-17 9.400549980220603772e-14 2.374454507560677075e-07
2.395050167224080262e+00 0.000000000000000000e+00 0.000000000000000000e+00 0.000000000000000000e+00 0.000000000000000000e+00 7.726835442468709233e-26 7.003503505806282781e-23 2.154871956035315068e-20 1.526887684819356814e-17 6.677856973726068603e-14 2.089719786284010113e-07
2.408424749163879497e+00 0.000000000000000000e+00 0.000000000000000000e+00 0.000000000000000000e+00 0.000000000000000000e+00 4.934316691254211306e-26 4.576425622956572538e-23 1.427938014978866576e-20 1.035410983431661102e-17 4.739369650489432736e-14 1.834384506775280713e-07
2.421799331103679176e+00 0.000000000000000000e+00 0.000000000000000000e+00 0.000000000000000000e+00 0.000000000000000000e+00 3.000821376579708623e-27 2.989417271456518118e-23 9.456459666751986145e-21 7.014396877739207790e-18 3.358263518795429535e-14 1.606089715813494760e-07
2.435173913043478411e+00 0.000000000000000000e+00 0.000000000000000000e+00 0.000000000000000000e+00 0.000000000000000000e+00 0.000000000000000000e+00 1.953664770734835457e-23 6.263330973713316278e-21 4.750192112813370660e-18 2.376873828344086540e-14 1.402624912489294538e-07
2.448548494983277646e+00 0.000000000000000000e+00 0.000000000000000000e+00 0.000000000000000000e+00 0.000000000000000000e+00 0.000000000000000000e+00 1.277124157676882500e-23 4.148370844246688378e-21 3.215205522035795214e-18 1.680152110750910929e-14 1.221682129038996562e-07
2.461923076923076881e+00 0.000000000000000000e+00 0.000000000000000000e+00 0.000000000000000000e+00 0.000000000000000000e+00 0.000000000000000000e+00 8.356568687160006914e-24 2.749272197912787801e-21 2.176468141470904071e-18 1.186776807127938124e-14 1.061304371100163930e-07
2.475297658862876116e+00 0.000000000000000000e+00 0.000000000000000000e+00 0.000000000000000000e+00 0.000000000000000000e+00 0.000000000000000000e+00 5.141933007048048494e-24 1.822049030363842732e-21 1.472670904707275678e-18 8.373176461164002879e-15 9.195225815972249945e-08
2.488672240802675795e+00 0.000000000000000000e+00 0.000000000000000000e+00 0.000000000000000000e+00 0.000000000000000000e+00 0.000000000000000000e+00 3.360692933140464628e-24 1.208083566406198835e-21 9.963849204348554248e-19 5.902222346897084517e-15 7.945599021843354171e-08
2.502046822742475030e+00 0.000000000000000000e+00 0.000000000000000000e+00 0.000000000000000000e+00 0.000000000000000000e+00 0.000000000000000000e+00 2.196024106234119942e-24 8.007630618220037657e-22 6.736949420254220048e-19 4.155360109480720988e-15 6.848199286527089157e-08
2.515421404682274265e+00 0.000000000000000000e+00 0.000000000000000000e+00 0.000000000000000000e+00 0.000000000000000000e+00 0.000000000000000000e+00 1.435681462225937004e-24 5.309357151727000225e-22 4.554590099325950246e-19 2.923144309203521084e-15 5.886614806393204180e-08
2.528795986622073499e+00 0.000000000000000000e+00 0.000000000000000000e+00 0.000000000000000000e+00 0.000000000000000000e+00 0.000000000000000000e+00 9.404357957903698079e-25 3.525702470698102599e-22 3.081998179110245650e-19 2.056072836321744909e-15 5.046775542138429681e-08
2.542170568561873178e+00 0.000000000000000000e+00 0.000000000000000000e+00 0.000000000000000000e+00 0.000000000000000000e+00 0.000000000000000000e+00 4.552859797233323777e-25 2.340655163179493323e-22 2.084229644772109956e-19 1.444454924630939446e-15 4.315193591235087787e-08
2.555545150501672413e+00 0.000000000000000000e+00 0.000000000000000000e+00 0.000000000000000000e+00 0.000000000000000000e+00 0.000000000000000000e+00 2.964205796626484035e-25 1.550691074165063684e-22 1.408453502157765139e-19 1.013487830489323737e-15 3.679750007502282892e-08
2.568919732441471648e+00 0.000000000000000000e+00 0.000000000000000000e+00 0.000000000000000000e+00 0.000000000000000000e+00 0.000000000000000000e+00 1.930714846518311836e-25 1.029259599451514822e-22 9.516897085745021505e-20 7.105415452733440732e-16 3.129902429784035783e-08
2.582294314381270883e+00 0.000000000000000000e+00 0.000000000000000000e+00 0.000000000000000000e+00 0.000000000000000000e+00 0.000000000000000000e+00 1.260321228254209857e-25 6.841100144067909017e-23 6.436077810135663572e-20 4.981226643452872680e-16 2.655227541206006857e-08
2.595668896321070118e+00 0.000000000000000000e+00 0.000000000000000000e+00 0.000000000000000000e+00 0.000000000000000000e+00 0.000000000000000000e+00 3.217565844599211294e-26 4.546047097287352150e-23 4.350249203503255699e-20 3.488291705784023233e-16 2.246587981914765179e-08
2.609043478260869797e+00 0.000000000000000000e+00 0.000000000000000000e+00 0.000000000000000000e+00 0.000000000000000000e+00 0.000000000000000000e+00 2.083990401912149809e-26 3.020792948435401979e-23 2.939261674300537777e-20 2.440433161170227644e-16 1.895862835226646930e-08
2.622418060200669032e+00 0.000000000000000000e+00 0.000000000000000000e+00 0.000000000000000000e+00 0.000000000000000000e+00 0.000000000000000000e+00 1.184826239869818174e-27 2.008972915858675938e-23 1.986732411952504051e-20 1.706752980084408246e-16 1.595761288693244259e-08
2.635792642140468267e+00 0.000000000000000000e+00 0.000000000000000000e+00 0.000000000000000000e+00 0.000000000000000000e+00 0.000000000000000000e+00 4.808798825882857166e-29 1.336750001091102111e-23 1.343108993253457194e-20 1.193090197205506481e-16 1.339870462514144156e-08
2.649167224080267502e+00 0.000000000000000000e+00 0.000000000000000000e+00 0.000000000000000000e+00 0.000000000000000000e+00 0.000000000000000000e+00 0.000000000000000000e+00 8.899464316548231026e-24 9.081518883599669956e-21 8.336134481033190912e-17 1.122142300008066586e-08
2.662541806020067181e+00 0.000000000000000000e+00 0.000000000000000000e+00 0.000000000000000000e+00 0.000000000000000000e+00 0.000000000000000000e+00 0.000000000000000000e+00 5.801298234027718669e-24 6.141625716968821808e-21 5.821499970962483705e-17 9.373897790370036706e-09
2.675916387959866416e+00 0.000000000000000000e+00 0.000000000000000000e+00 0.000000000000000000e+00 0.000000000000000000e+00 0.000000000000000000e+00 0.000000000000000000e+00 3.859903317573599508e-24 4.152068490920603531e-21 4.061924111109975284e-17 7.810821723744048095e-09
2.689290969899665651e+00 0.000000000000000000e+00 0.000000000000000000e+00 0.000000000000000000e+00 0.000000000000000000e+00 0.000000000000000000e+00 0.000000000000000000e+00 2.567759287000735906e-24 2.805888774892826315e-21 2.831603931559837480e-17 6.491755895924918972e-09
2.702665551839464886e+00 0.000000000000000000e+00 0.000000000000000000e+00 0.000000000000000000e+00 0.000000000000000000e+00 0.000000000000000000e+00 0.000000000000000000e+00 1.710663218131968068e-24 1.898137301973977311e-21 1.974532703962999905e-17 5.382922737310393766e-09
2.716040133779264121e+00 0.000000000000000000e+00 0.000000000000000000e+00 0.000000000000000000e+00 0.000000000000000000e+00 0.000000000000000000e+00 0.000000000000000000e+00 1.139978397496530635e-24 1.284160764272290498e-21 1.376119053026040506e-17 4.452568573169809563e-09
2.729414715719063800e+00 0.000000000000000000e+00 0.000000000000000000e+00 0.000000000000000000e+00 0.000000000000000000e+00 0.000000000000000000e+00 0.000000000000000000e+00 7.291846101362762303e-25 8.685091163872666997e-22 9.582900823097530199e-18 3.673852836498298299e-09
2.742789297658863035e+00 0.000000000000000000e+00 0.000000000000000000e+00 0.000000000000000000e+00 0.000000000000000000e+00 0.000000000000000000e+00 0.000000000000000000e+00 4.466358448699424085e-25 5.874732068986471768e-22 6.670646373254963463e-18 3.024311374155747513e-09
2.756163879598662270e+00 0.000000000000000000e+00 0.000000000000000000e+00 0.000000000000000000e+00 0.000000000000000000e+00 0.000000000000000000e+00 0.000000000000000000e+00 2.969851371752554916e-25 3.977334478246074076e-22 4.644165335347999871e-18 2.483750049203488189e-09
2.769538461538461505e+00 0.000000000000000000e+00 0.000000000000000000e+00 0.000000000000000000e+00 0.000000000000000000e+00 0.000000000000000000e+00 0.000000000000000000e+00 1.975545421415062306e-25 2.693516976525319606e-22 3.232426140876475132e-18 2.035180357006815467e-09
2.782913043478261184e+00 0.000000000000000000e+00 0.000000000000000000e+00 0.000000000000000000e+00 0.000000000000000000e+00 0.000000000000000000e+00 0.000000000000000000e+00 1.313733240195958493e-25 1.823637048527315161e-22 2.248260589993287345e-18 1.663780738506455513e-09
2.796287625418060419e+00 0.000000000000000000e+00 0.000000000000000000e+00 0.000000000000000000e+00 0.000000000000000000e+00 0.000000000000000000e+00 0.000000000000000000e+00 5.722773280232777236e-26 1.234938066046079493e-22 1.563174578598464265e-18 1.356980541057477754e-09
2.809662207357859653e+00 0.000000000000000000e+00 0.000000000000000000e+00 0.000000000000000000e+00 0.000000000000000000e+00 0.000000000000000000e+00 0.000000000000000000e+00 3.782895937727837102e-26 8.363504702200166406e-23 1.086385197462408106e-18 1.104271843316908726e-09
2.823036789297658888e+00 0.000000000000000000e+00 0.000000000000000000e+00 0.000000000000000000e+00 0.000000000000000000e+00 0.000000000000000000e+00 0.000000000000000000e+00 2.503835993300046685e-26 5.666001692043211865e-23 7.550837113384809034e-19 8.966465397662007021e-10
2.836411371237458123e+00 0.000000000000000000e+00 0.000000000000000000e+00 0.000000000000000000e+00 0.000000000000000000e+00 0.000000000000000000e+00 0.000000000000000000e+00 5.673977805504409946e-27 3.835602720049387821e-23 5.245945000290896056e-19 7.264612819434192900e-10
2.849785953177257802e+00 0.000000000000000000e+00 0.000000000000000000e+00 0.000000000000000000e+00 0.000000000000000000e+00 0.000000000000000000e+00 0.000000000000000000e+00 3.734151535750842077e-27 2.600489103963371585e-23 3.644506158728128794e-19 5.873685019765285800e-10
2.863160535117057037e+00 0.000000000000000000e+00 0.000000000000000000e+00 0.000000000000000000e+00 0.000000000000000000e+00 0.000000000000000000e+00 0.000000000000000000e+00 1.961782954308569853e-28 1.763184424768114035e-23 2.530970990764209939e-19 4.738814601040837347e-10
2.876535117056856272e+00 0.000000000000000000e+00 0.000000000000000000e+00 0.000000000000000000e+00 0.000000000000000000e+00 0.000000000000000000e+00 0.000000000000000000e+00 0.000000000000000000e+00 1.196051609303436455e-23 1.757615963802393533e-19 3.815367677251456186e-10
2.889909698996655507e+00 0.000000000000000000e+00 0.000000000000000000e+00 0.000000000000000000e+00 0.000000000000000000e+00 0.000000000000000000e+00 0.000000000000000000e+00 0.000000000000000000e+00 8.119997662637962936e-24 1.220845613209380427e-19 3.065594986425472115e-10
2.903284280936454742e+00 0.000000000000000000e+00 0.000000000000000000e+00 0.000000000000000000e+00 0.000000000000000000e+00 0.000000000000000000e+00 0.000000000000000000e+00 0.000000000000000000e+00 5.512023848888989963e-24 8.475781556906930869e-20 2.457995176153912202e-10
2.916658862876254421e+00 0.000000000000000000e+00 0.000000000000000000e+00 0.000000000000000000e+00 0.000000000000000000e+00 0.000000000000000000e+00 0.000000000000000000e+00 0.000000000000000000e+00 3.741587327207792531e-24 5.882035834722741834e-20 1.966989651920509627e-10
2.930033444816053656e+00 0.000000000000000000e+00 0.000000000000000000e+00 0.000000000000000000e+00 0.000000000000000000e+00 0.000000000000000000e+00 0.000000000000000000e+00 0.000000000000000000e+00 2.502857290010501758e-24 4.081827990545624056e-20 1.570897351568564818e-10
2.943408026755852891e+00 0.000000000000000000e+00 0.000000000000000000e+00 0.000000000000000000e+00 0.000000000000000000e+00 0.000000000000000000e+00 0.000000000000000000e+00 0.000000000000000000e+00 1.699501400540952999e-24 2.833672253453064589e-20 1.252257918918931720e-10
2.956782608695652126e+00 0.000000000000000000e+00 0.000000000000000000e+00 0.000000000000000000e+00 0.000000000000000000e+00 0.000000000000000000e+00 0.000000000000000000e+00 0.000000000000000000e+00 1.153810785702626831e-24 1.966297437854661141e-20 9.962689922072792099e-11
2.970157190635451805e+00 0.000000000000000000e+00 0.000000000000000000e+00 0.000000000000000000e+00 0.000000000000000000e+00 0.000000000000000000e+00 0.000000000000000000e+00 0.000000000000000000e+00 7.836657373746319621e-25 1.364470474817780125e-20 7.911231200655535680e-11
2.983531772575251040e+00 0.000000000000000000e+00 0.000000000000000000e+00 0.000000000000000000e+00 0.000000000000000000e+00 0.000000000000000000e+00 0.000000000000000000e+00 0.000000000000000000e+00 5.325160894361152065e-25 9.470084821508820318e-21 6.271713386553093877e-11
2.996906354515050275e+00 0.000000000000000000e+00 0.000000000000000000e+00 0.000000000000000000e+00 0.000000000000000000e+00 0.000000000000000000e+00 0.000000000000000000e+00 0.000000000000000000e+00 3.474127216174179890e-25 6.573568171451199386e-21 4.962949522642796838e-11
3.010280936454849510e+00 0.000000000000000000e+00 0.000000000000000000e+00 0.000000000000000000e+00 0.000000000000000000e+00 0.000000000000000000e+00 0.000000000000000000e+00 0.000000000000000000e+00 2.275121206070660457e-25 4.562347806230705207e-21 3.920067012121128266e-11
3.023655518394648745e+00 0.000000000000000000e+00 0.000000000000000000e+00 0.000000000000000000e+00 0.000000000000000000e+00 0.000000000000000000e+00 0.000000000000000000e+00 0.000000000000000000e+00 1.542509331176179859e-25 3.166559652953331807e-21 3.090918890097180803e-11
3.037030100334448424e+00 0.000000000000000000e+00 0.000000000000000000e+00 0.000000000000000000e+00 0.000000000000000000e+00 0.000000000000000000e+00 0.000000000000000000e+00 0.000000000000000000e+00 1.045591783584426948e-25 2.197022212403107258e-21 2.432579985425637610e-11
3.050404682274247659e+00 0.000000000000000000e+00 0.000000000000000000e+00 0.000000000000000000e+00 0.000000000000000000e+00 0.000000000000000000e+00 0.000000000000000000e+00 0.000000000000000000e+00 7.087943403908307603e-26 1.524586371119073675e-21 1.911570503521403822e-11
3.063779264214046893e+00 0.000000000000000000e+00 0.000000000000000000e+00 0.000000000000000000e+00 0.000000000000000000e+00 0.000000000000000000e+00 0.000000000000000000e+00 0.000000000000000000e+00 3.750591600338439009e-26 1.058377766448724616e-21 1.499720983806601002e-11
3.077153846153846128e+00 0.000000000000000000e+00 0.000000000000000000e+00 0.000000000000000000e+00 0.000000000000000000e+00 0.000000000000000000e+00 0.000000000000000000e+00 0.000000000000000000e+00 2.529259626008383629e-26 7.346667573600264121e-22 1.174578271898199530e-11
3.090528428093645807e+00 0.000000000000000000e+00 0.000000000000000000e+00 0.000000000000000000e+00 0.000000000000000000e+00 0.000000000000000000e+00 0.000000000000000000e+00 0.000000000000000000e+00 1.705933157443742871e-26 5.100422667767919144e-22 9.185192188965857762e-12
3.103903010033445042e+00 0.000000000000000000e+00 0.000000000000000000e+00 0.000000000000000000e+00 0.000000000000000000e+00 0.000000000000000000e+00 0.000000000000000000e+00 0.000000000000000000e+00 6.366279792636190122e-27 3.540172621526368444e-22 7.170495662235014742e-12
3.117277591973244277e+00 0.000000000000000000e+00 0.000000000000000000e+00 0.000000000000000000e+00 0.000000000000000000e+00 0.000000000000000000e+00 0.000000000000000000e+00 0.000000000000000000e+00 4.266195647729280417e-27 2.459239161601944384e-22 5.590717381713829951e-12
3.130652173913043512e+00 0.000000000000000000e+00 0.000000000000000000e+00 0.000000000000000000e+00 0.000000000000000000e+00 0.000000000000000000e+00 0.000000000000000000e+00 0.000000000000000000e+00 8.361505441062206414e-28 1.708276849325802746e-22 4.352250445166032449e-12
3.144026755852842747e+00 0.000000000000000000e+00 0.000000000000000000e+00 0.000000000000000000e+00 0.000000000000000000e+00 0.000000000000000000e+00 0.000000000000000000e+00 0.000000000000000000e+00 5.555703447258651342e-28 1.186346639580774951e-22 3.382498888647980419e-12
3.157401337792642426e+00 0.000000000000000000e+00 0.000000000000000000e+00 0.000000000000000000e+00 0.000000000000000000e+00 0.000000000000000000e+00 0.000000000000000000e+00 0.000000000000000000e+00 1.028174535880630646e-30 8.240065842035465407e-23 2.625083589071374178e-12
3.170775919732441661e+00 0.000000000000000000e+00 0.000000000000000000e+00 0.000000000000000000e+00 0.000000000000000000e+00 0.000000000000000000e+00 0.000000000000000000e+00 0.000000000000000000e+00 0.000000000000000000e+00 5.722277730710238271e-23 2.034156878705853257e-12
3.184150501672240896e+00 0.000000000000000000e+00 0.000000000000000000e+00 0.000000000000000000e+00 0.000000000000000000e+00 0.000000000000000000e+00 0.000000000000000000e+00 0.000000000000000000e+00 0.000000000000000000e+00 3.976441480861042011e-23 1.574307564007607136e-12
3.197525083612040131e+00 0.000000000000000000e+00 0.000000000000000000e+00 0.000000000000000000e+00 0.000000000000000000e+00 0.000000000000000000e+00 0.000000000000000000e+00 0.000000000000000000e+00 0.000000000000000000e+00 2.764041276066238103e-23 1.216864194081888373e-12
3.210899665551839366e+00 0.000000000000000000e+00 0.000000000000000000e+00 0.000000000000000000e+00 0.000000000000000000e+00 0.000000000000000000e+00 0.000000000000000000e+00 0.000000000000000000e+00 0.000000000000000000e+00 1.921557420510580503e-23 9.392101171737413678e-13
3.224274247491639045e+00 0.000000000000000000e+00 0.000000000000000000e+00 0.000000000000000000e+00 0.000000000000000000e+00 0.000000000000000000e+00 0.000000000000000000e+00 0.000000000000000000e+00 0.000000000000000000e+00 1.335878287099274498e-23 7.239588132319099422e-13
3.237648829431438280e+00 0.000000000000000000e+00 0.000000000000000000e+00 0.000000000000000000e+00 0.000000000000000000e+00 0.000000000000000000e+00 0.000000000000000000e+00 0.000000000000000000e+00 0.000000000000000000e+00 9.290411551719922685e-24 5.573107055049103777e-13
3.251023411371237515e+00 0.000000000000000000e+00 0.000000000000000000e+00 0.000000000000000000e+00 0.000000000000000000e+00 0.000000000000000000e+00 0.000000000000000000e+00 0.000000000000000000e+00 0.000000000000000000e+00 6.463380369914185219e-24 4.285065445926050094e-13
3.264397993311036750e+00 0.000000000000000000e+00 0.000000000000000000e+00 0.000000000000000000e+00 0.000000000000000000e+00 0.000000000000000000e+00 0.000000000000000000e+00 0.000000000000000000e+00 0.000000000000000000e+00 4.497161807943526273e-24 3.290841446665597055e-13
3.277772575250836429e+00 0.000000000000000000e+00 0.000000000000000000e+00 0.000000000000000000e+00 0.000000000000000000e+00 0.000000000000000000e+00 0.000000000000000000e+00 0.000000000000000000e+00 0.000000000000000000e+00 3.119341383437789322e-24 2.523647674517621655e-13
3.291147157190635664e+00 0.000000000000000000e+00 0.000000000000000000e+00 0.000000000000000000e+00 0.000000000000000000e+00 0.000000000000000000e+00 0.000000000000000000e+00 0.000000000000000000e+00 0.000000000000000000e+00 2.170268682373746541e-24 1.933285279527593059e-13
3.304521739130434899e+00 0.000000000000000000e+00 0.000000000000000000e+00 0.000000000000000000e+00 0.000000000000000000e+00 0.000000000000000000e+00 0.000000000000000000e+00 0.000000000000000000e+00 0.000000000000000000e+00 1.510196765031766550e-24 1.479220151612491889e-13
3.317896321070234134e+00 0.000000000000000000e+00 0.000000000000000000e+00 0.000000000000000000e+00 0.000000000000000000e+00 0.000000000000000000e+00 0.000000000000000000e+00 0.000000000000000000e+00 0.000000000000000000e+00 1.051182203648289040e-24 1.130545417283713837e-13
3.331270903010033368e+00 0.000000000000000000e+00 0.000000000000000000e+00 0.000000000000000000e+00 0.000000000000000000e+00 0.000000000000000000e+00 0.000000000000000000e+00 0.000000000000000000e+00 0.000000000000000000e+00 7.319561885818413923e-25 8.632539862768151882e-14
3.344645484949833047e+00 0.000000000000000000e+00 0.000000000000000000e+00 0.000000000000000000e+00 0.000000000000000000e+00 0.000000000000000000e+00 0.000000000000000000e+00 0.000000000000000000e+00 0.000000000000000000e+00 5.096090554770312451e-25 6.582997963963114690e-14
3.358020066889632282e+00 0.000000000000000000e+00 0.000000000000000000e+00 0.000000000000000000e+00 0.000000000000000000e+00 0.000000000000000000e+00 0.000000000000000000e+00 0.000000000000000000e+00 0.000000000000000000e+00 3.490016147550204814e-25 5.015488597961085838e-14
3.371394648829431517e+00 0.000000000000000000e+00 0.000000000000000000e+00 0.000000000000000000e+00 0.000000000000000000e+00 0.000000000000000000e+00 0.000000000000000000e+00 0.000000000000000000e+00 0.000000000000000000e+00 2.426886023953633173e-25 3.816935220152540423e-14
3.384769230769230752e+00 0.000000000000000000e+00 0.000000000000000000e+00 0.000000000000000000e+00 0.000000000000000000e+00 0.000000000000000000e+00 0.000000000000000000e+00 0.000000000000000000e+00 0.000000000000000000e+00 1.687429043457334385e-25 2.901442854048589599e-14
3.398143812709030431e+00 0.000000000000000000e+00 0.000000000000000000e+00 0.000000000000000000e+00 0.000000000000000000e+00 0.000000000000000000e+00 0.000000000000000000e+00 0.000000000000000000e+00 0.000000000000000000e+00 1.173541615938556709e-25 2.203837027515630564e-14
3.411518394648829666e+00 0.000000000000000000e+00 0.000000000000000000e+00 0.000000000000000000e+00 0.000000000000000000e+00 0.000000000000000000e+00 0.000000000000000000e+00 0.000000000000000000e+00 0.000000000000000000e+00 8.159569845725844386e-26 1.672041302609380072e-14
3.424892976588628901e+00 0.000000000000000000e+00 0.000000000000000000e+00 0.000000000000000000e+00 0.000000000000000000e+00 0.000000000000000000e+00 0.000000000000000000e+00 0.000000000000000000e+00 0.000000000000000000e+00 5.337824793062929692e-26 1.267385953486382811e-14
3.438267558528428136e+00 0.000000000000000000e+00 0.000000000000000000e+00 0.000000000000000000e+00 0.000000000000000000e+00 0.000000000000000000e+00 0.000000000000000000e+00 0.000000000000000000e+00 0.000000000000000000e+00 3.696751682933619410e-26 9.599242686376861721e-15
3.451642140468227371e+00 0.000000000000000000e+00 0.000000000000000000e+00 0.000000000000000000e+00 0.000000000000000000e+00 0.000000000000000000e+00 0.000000000000000000e+00 0.000000000000000000e+00 0.000000000000000000e+00 2.558456015804090567e-26 7.261830465739438595e-15
3.465016722408027050e+00 0.000000000000000000e+00 0.000000000000000000e+00 0.000000000000000000e+00 0.000000000000000000e+00 0.000000000000000000e+00 0.000000000000000000e+00 0.000000000000000000e+00 0.000000000000000000e+00 1.638343088666024139e-26 5.490563872606685070e-15
3.478391304347826285e+00 0.000000000000000000e+00 0.000000000000000000e+00 0.000000000000000000e+00 0.000000000000000000e+00 0.000000000000000000e+00 0.000000000000000000e+00 0.000000000000000000e+00 0.000000000000000000e+00 1.050570515035683346e-26 4.147407295927968413e-15
3.491765886287625520e+00 0.000000000000000000e+00 0.000000000000000000e+00 0.000000000000000000e+00 0.000000000000000000e+00 0.000000000000000000e+00 0.000000000000000000e+00 0.000000000000000000e+00 0.000000000000000000e+00 7.215142706839986483e-27 3.129625560153069727e-15
3.505140468227424755e+00 0.000000000000000000e+00 0.000000000000000000e+00 0.000000000000000000e+00 0.000000000000000000e+00 0.000000000000000000e+00 0.000000000000000000e+00 0.000000000000000000e+00 0.000000000000000000e+00 3.680148742363681255e-27 2.359838290355245380e-15
3.518515050167224434e+00 0.000000000000000000e+00 0.000000000000000000e+00 0.000000000000000000e+00 0.000000000000000000e+00 0.000000000000000000e+00 0.000000000000000000e+00 0.000000000000000000e+00 0.000000000000000000e+00 2.501836008676795425e-27 1.777476378906161232e-15
3.531889632107023669e+00 0.000000000000000000e+00 0.000000000000000000e+00 0.000000000000000000e+00 0.000000000000000000e+00 0.000000000000000000e+00 0.000000000000000000e+00 0.000000000000000000e+00 0.000000000000000000e+00 1.105411417704300122e-27 1.338410438829978573e-15
3.545264214046822904e+00 0.000000000000000000e+00 0.000000000000000000e+00 0.000000000000000000e+00 0.000000000000000000e+00 0.000000000000000000e+00 0.000000000000000000e+00 0.000000000000000000e+00 0.000000000000000000e+00 6.804560752603468341e-28 1.006857765197279286e-15
3.558638795986622139e+00 0.000000000000000000e+00 0.000000000000000000e+00 0.000000000000000000e+00 0.000000000000000000e+00 0.000000000000000000e+00 0.000000000000000000e+00 0.000000000000000000e+00 0.000000000000000000e+00 1.923540554605031808e-28 7.567109951091567956e-16
3.572013377926421374e+00 0.000000000000000000e+00 0.000000000000000000e+00 0.000000000000000000e+00 0.000000000000000000e+00 0.000000000000000000e+00 0.000000000000000000e+00 0.000000000000000000e+00 0.000000000000000000e+00 2.990489011272545069e-29 5.684004086319694007e-16
3.585387959866221053e+00 0.000000000000000000e+00 0.000000000000000000e+00 0.000000000000000000e+00 0.000000000000000000e+00 0.000000000000000000e+00 0.000000000000000000e+00 0.000000000000000000e+00 0.000000000000000000e+00 0.000000000000000000e+00 4.264443400534914163e-16
3.598762541806020288e+00 0.000000000000000000e+00 0.000000000000000000e+00 0.000000000000000000e+00 0.000000000000000000e+00 0.000000000000000000e+00 0.000000000000000000e+00 0.000000000000000000e+00 0.000000000000000000e+00 0.000000000000000000e+00 3.198467325587417457e-16
3.612137123745819522e+00 0.000000000000000000e+00 0.000000000000000000e+00 0.000000000000000000e+00 0.000000000000000000e+00 0.000000000000000000e+00 0.000000000000000000e+00 0.000000000000000000e+00 0.000000000000000000e+00 0.000000000000000000e+00 2.397030812506635478e-16
3.625511705685618757e+00 0.000000000000000000e+00 0.000000000000000000e+00 0.000000000000000000e+00 0.000000000000000000e+00 0.000000000000000000e+00 0.000000000000000000e+00 0.000000000000000000e+00 0.000000000000000000e+00 0.000000000000000000e+00 1.794396029568621969e-16
3.638886287625418436e+00 0.000000000000000000e+00 0.000000000000000000e+00 0.000000000000000000e+00 0.000000000000000000e+00 0.000000000000000000e+00 0.000000000000000000e+00 0.000000000000000000e+00 0.000000000000000000e+00 0.000000000000000000e+00 1.342551162946167926e-16
3.652260869565217671e+00 0.000000000000000000e+00 0.000000000000000000e+00 0.000000000000000000e+00 0.000000000000000000e+00 0.000000000000000000e+00 0.000000000000000000e+00 0.000000000000000000e+00 0.000000000000000000e+00 0.000000000000000000e+00 1.003370679705871016e-16
3.665635451505016906e+00 0.000000000000000000e+00 0.000000000000000000e+00 0.000000000000000000e+00 0.000000000000000000e+00 0.000000000000000000e+00 0.000000000000000000e+00 0.000000000000000000e+00 0.000000000000000000e+00 0.000000000000000000e+00 7.494395463666001634e-17
3.679010033444816141e+00 0.000000000000000000e+00 0.000000000000000000e+00 0.000000000000000000e+00 0.000000000000000000e+00 0.000000000000000000e+00 0.000000000000000000e+00 0.000000000000000000e+00 0.000000000000000000e+00 0.000000000000000000e+00 5.593026954699454639e-17
3.692384615384615376e+00 0.000000000000000000e+00 0.000000000000000000e+00 0.000000000000000000e+00 0.000000000000000000e+00 0.000000000000000000e+00 0.000000000000000000e+00 0.000000000000000000e+00 0.000000000000000000e+00 0.000000000000000000e+00 4.169019863869457402e-17
3.705759197324415055e+00 0.000000000000000000e+00 0.000000000000000000e+00 0.000000000000000000e+00 0.000000000000000000e+00 0.000000000000000000e+00 0.000000000000000000e+00 0.000000000000000000e+00 0.000000000000000000e+00 0.000000000000000000e+00 3.104869789303624645e-17
3.719133779264214290e+00 0.000000000000000000e+00 0.000000000000000000e+00 0.000000000000000000e+00 0.000000000000000000e+00 0.000000000000000000e+00 0.000000000000000000e+00 0.000000000000000000e+00 0.000000000000000000e+00 0.000000000000000000e+00 2.308873124525946984e-17
3.732508361204013525e+00 0.000000000000000000e+00 0.000000000000000000e+00 0.000000000000000000e+00 0.000000000000000000e+00 0.000000000000000000e+00 0.000000000000000000e+00 0.000000000000000000e+00 0.000000000000000000e+00 0.000000000000000000e+00 1.714744558372475404e-17
3.745882943143812760e+00 0.000000000000000000e+00 0.000000000000000000e+00 0.000000000000000000e+00 0.000000000000000000e+00 0.000000000000000000e+00 0.000000000000000000e+00 0.000000000000000000e+00 0.000000000000000000e+00 0.000000000000000000e+00 1.271375566670357048e-17
3.759257525083611995e+00 0.000000000000000000e+00 0.000000000000000000e+00 0.000000000000000000e+00 0.000000000000000000e+00 0.000000000000000000e+00 0.000000000000000000e+00 0.000000000000000000e+00 0.000000000000000000e+00 0.000000000000000000e+00 9.405981003132311563e-18
3.772632107023411674e+00 0.000000000000000000e+00 0.000000000000000000e+00 0.000000000000000000e+00 0.000000000000000000e+00 0.000000000000000000e+00 0.000000000000000000e+00 0.000000000000000000e+00 0.000000000000000000e+00 0.000000000000000000e+00 6.945095161791559342e-18
3.786006688963210909e+00 0.000000000000000000e+00 0.000000000000000000e+00 0.000000000000000000e+00 0.000000000000000000e+00 0.000000000000000000e+00 0.000000000000000000e+00 0.000000000000000000e+00 0.000000000000000000e+00 0.000000000000000000e+00 5.112360933679809284e-18
3.799381270903010144e+00 0.000000000000000000e+00 0.000000000000000000e+00 0.000000000000000000e+00 0.000000000000000000e+00 0.000000000000000000e+00 0.000000000000000000e+00 0.000000000000000000e+00 0.000000000000000000e+00 0.000000000000000000e+00 3.749533763703022419e-18
3.812755852842809379e+00 0.000000000000000000e+00 0.000000000000000000e+00 0.000000000000000000e+00 0.000000000000000000e+00 0.000000000000000000e+00 0.000000000000000000e+00 0.000000000000000000e+00 0.000000000000000000e+00 0.000000000000000000e+00 2.738817237675740548e-18
3.826130434782609058e+00 0.000000000000000000e+00 0.000000000000000000e+00 0.000000000000000000e+00 0.000000000000000000e+00 0.000000000000000000e+00 0.000000000000000000e+00 0.000000000000000000e+00 0.000000000000000000e+00 0.000000000000000000e+00 1.988927464631879613e-18
3.839505016722408293e+00 0.000000000000000000e+00 0.000000000000000000e+00 0.000000000000000000e+00 0.000000000000000000e+00 0.000000000000000000e+00 0.000000000000000000e+00 0.000000000000000000e+00 0.000000000000000000e+00 0.000000000000000000e+00 1.434576213403377216e-18
3.852879598662207528e+00 0.000000000000000000e+00 0.000000000000000000e+00 0.000000000000000000e+00 0.000000000000000000e+00 0.000000000000000000e+00 0.000000000000000000e+00 0.000000000000000000e+00 0.000000000000000000e+00 0.000000000000000000e+00 1.025794084642210760e-18
3.866254180602006763e+00 0.000000000000000000e+00 0.000000000000000000e+00 0.000000000000000000e+00 0.000000000000000000e+00 0.000000000000000000e+00 0.000000000000000000e+00 0.000000000000000000e+00 0.000000000000000000e+00 0.000000000000000000e+00 7.252059055236882501e-19
3.879628762541805997e+00 0.000000000000000000e+00 0.000000000000000000e+00 0.000000000000000000e+00 0.000000000000000000e+00 0.000000000000000000e+00 0.000000000000000000e+00 0.000000000000000000e+00 0.000000000000000000e+00 0.000000000000000000e+00 5.052735194698930024e-19
3.893003344481605676e+00 0.000000000000000000e+00 0.000000000000000000e+00 0.000000000000000000e+00 0.000000000000000000e+00 0.000000000000000000e+00 0.000000000000000000e+00 0.000000000000000000e+00 0.000000000000000000e+00 0.000000000000000000e+00 3.452902957689971238e-19
3.906377926421404911e+00 0.000000000000000000e+00 0.000000000000000000e+00 0.000000000000000000e+00 0.000000000000000000e+00 0.000000000000000000e+00 0.000000000000000000e+00 0.000000000000000000e+00 0.000000000000000000e+00 0.000000000000000000e+00 2.299210769478031654e-19
3.919752508361204146e+00 0.000000000000000000e+00 0.000000000000000000e+00 0.000000000000000000e+00 0.000000000000000000e+00 0.000000000000000000e+00 0.000000000000000000e+00 0.000000000000000000e+00 0.000000000000000000e+00 0.000000000000000000e+00 1.477483799476083585e-19
3.933127090301003381e+00 0.000000000000000000e+00 0.000000000000000000e+00 0.000000000000000000e+00 0.000000000000000000e+00 0.000000000000000000e+00 0.000000000000000000e+00 0.000000000000000000e+00 0.000000000000000000e+00 0.000000000000000000e+00 9.025044297573914005e-20
3.946501672240803060e+00 0.000000000000000000e+00 0.000000000000000000e+00 0.000000000000000000e+00 0.000000000000000000e+00 0.000000000000000000e+00 0.000000000000000000e+00 0.000000000000000000e+00 0.000000000000000000e+00 0.000000000000000000e+00 5.110280674902886606e-20
3.959876254180602295e+00 0.000000000000000000e+00 0.000000000000000000e+00 0.000000000000000000e+00 0.000000000000000000e+00 0.000000000000000000e+00 0.000000000000000000e+00 0.000000000000000000e+00 0.000000000000000000e+00 0.000000000000000000e+00 2.556887574716502083e-20
3.973250836120401530e+00 0.000000000000000000e+00 0.000000000000000000e+00 0.000000000000000000e+00 0.000000000000000000e+00 0.000000000000000000e+00 0.000000000000000000e+00 0.000000000000000000e+00 0.000000000000000000e+00 0.000000000000000000e+00 1.016428101877219979e-20
3.986625418060200765e+00 0.000000000000000000e+00 0.000000000000000000e+00 0.000000000000000000e+00 0.000000000000000000e+00 0.000000000000000000e+00 0.000000000000000000e+00 0.000000000000000000e+00 0.000000000000000000e+00 0.000000000000000000e+00 2.284884371690746318e-21
4.000000000000000000e+00 0.000000000000000000e+00 0.000000000000000000e+00 0.000000000000000000e+00 0.000000000000000000e+00 0.000000000000000000e+00 0.000000000000000000e+00 0.000000000000000000e+00 0.000000000000000000e+00 0.000000000000000000e+00 0.000000000000000000e+00
