9.999999999999997430e-06
1.015880489938018071e-05
1.032013169836707706e-05
1.048402044596199931e-05
1.065051182716407595e-05
1.081964717307009923e-05
1.099146847113492664e-05
1.116601837559482948e-05
1.134334021805618907e-05
1.152347801825254749e-05
1.170647649497236092e-05
1.189238107716041504e-05
1.208123791519534025e-05
1.227309389234638114e-05
1.246799663641214079e-05
1.266599453154392910e-05
1.286713673025710505e-05
1.307147316563303524e-05
1.327905456371494502e-05
1.348993245610041512e-05
1.370415919273403897e-05
1.392178795490325093e-05
1.414287276844031572e-05
1.436746851713420402e-05
1.459563095635532071e-05
1.482741672689674829e-05
1.506288336903503449e-05
1.530208933681451012e-05
1.554509401255845086e-05
1.579195772161043039e-05
1.604274174731007470e-05
1.629750834620642767e-05
1.655632076351312772e-05
1.681924324880869879e-05
1.708634107198645522e-05
1.735768053945768290e-05
1.763332901061187479e-05
1.791335491453866215e-05
1.819782776701511117e-05
1.848681818776298248e-05
1.878039791797972465e-05
1.907863983814814485e-05
1.938161798612893100e-05
1.968940757554016218e-05
2.000208501442906915e-05
2.031972792424005644e-05
2.064241515908421748e-05
2.097022682531444890e-05
2.130324430141177839e-05
2.164155025818749012e-05
2.198522867930575387e-05
2.233436488213249742e-05
2.268904553891519090e-05
2.304935869829916761e-05
2.341539380718528208e-05
2.378724173293498043e-05
2.416499478592805834e-05
2.454874674247825307e-05
2.493859286811313432e-05
2.533462994122349446e-05
2.573695627708850979e-05
2.614567175228202581e-05
2.656087782946682106e-05
2.698267758258259880e-05
2.741117572243359198e-05
2.784647862268294728e-05
2.828869434625965490e-05
2.873793267218510179e-05
2.919430512282518108e-05
2.965792499157569268e-05
3.012890737098680176e-05
3.060736918133529643e-05
3.109342919964858842e-05
3.158720808919214578e-05
3.208882842942259049e-05
3.259841474641888512e-05
3.311609354379461728e-05
3.364199333410337921e-05
3.417624467074042061e-05
3.471898018035342922e-05
3.527033459576565797e-05
3.583044478942431414e-05
3.639944980737741580e-05
3.697749090379293905e-05
3.756471157602371877e-05
3.816125760023131660e-05
3.876727706757391115e-05
3.938292042096981150e-05
4.000834049244479331e-05
4.064369254107187002e-05
4.128913429151426668e-05
4.194482597318006689e-05
4.261093035999908326e-05
4.328761281083063869e-05
4.397504131051378486e-05
4.467338651156933636e-05
4.538282177656351201e-05
4.610352322114510292e-05
4.683566975776559985e-05
4.757944314009413829e-05
4.833502800813691745e-05
4.910261193407387321e-05
4.988238546882334539e-05
5.067454218934534419e-05
5.147927874669692093e-05
5.229679491485018011e-05
5.312729364028606524e-05
5.397098109237476047e-05
5.482806671455709401e-05
5.569876327633861202e-05
5.658328692610856104e-05
5.748185724479862552e-05
5.839469730039314365e-05
5.932203370330566168e-05
6.026409666263378006e-05
6.122112004330838506e-05
6.219334142415035088e-05
6.318100215684829856e-05
6.418434742587403395e-05
6.520362630934877673e-05
6.623909184087668756e-05
6.729100107235919158e-05
6.835961513780785214e-05
6.944519931817059403e-05
7.054802310718648231e-05
7.166836027828709494e-05
7.280648895256069822e-05
7.396269166779428179e-05
7.513725544861342962e-05
7.633047187773530078e-05
7.754263716835385601e-05
7.877405223767329511e-05
8.002502278161058953e-05
8.129585935068349509e-05
8.258687742710456357e-05
8.389839750309803935e-05
8.523074516046169125e-05
8.658425115139218719e-05
8.795925148059271397e-05
8.935608748868588175e-05
9.077510593695046635e-05
9.221665909340474431e-05
9.368110482025521788e-05
9.516880666273554472e-05
9.668013393935631281e-05
9.821546183358651784e-05
9.977517148699260137e-05
1.013596500938556495e-04
1.029692909972921633e-04
1.046044937868995290e-04
1.062656643979536863e-04
1.079532152121822101e-04
1.096675651601359809e-04
1.114091398251884862e-04
1.131783715491854541e-04
1.149756995397735769e-04
1.168015699794315544e-04
1.186564361362344377e-04
1.205407584763770095e-04
1.224550047784821812e-04
1.243996502497268385e-04
1.263751776438104101e-04
1.283820773807981853e-04
1.304208476688658333e-04
1.324919946279788175e-04
1.345960324155364113e-04
1.367334833540085042e-04
1.389048780606020076e-04
1.411107555789848050e-04
1.433516635131030256e-04
1.456281581631210234e-04
1.479408046635223334e-04
1.502901771234036983e-04
1.526768587689948805e-04
1.551014420884441313e-04
1.575645289789015188e-04
1.600667308959395239e-04
1.626086690053439739e-04
1.651909743373175695e-04
1.678142879431327600e-04
1.704792610542693934e-04
1.731865552440824878e-04
1.759368425920358476e-04
1.787308058505453830e-04
1.815691386144688572e-04
1.844525454932902293e-04
1.873817422860382729e-04
1.903574561589800216e-04
1.933804258261394543e-04
1.964514017326807790e-04
1.995711462412061877e-04
2.027404338210084137e-04
2.059600512403320322e-04
2.092307977616878465e-04
2.125534853402658432e-04
2.159289388255026328e-04
2.193579961658475859e-04
2.228415086167831742e-04
2.263803409521447836e-04
2.299753716788000349e-04
2.336274932547372169e-04
2.373376123106134890e-04
2.411066498748254676e-04
2.449355416021519057e-04
2.488252380060274743e-04
2.527767046945071953e-04
2.567909226099736753e-04
2.608688882726557714e-04
2.650116140280112174e-04
2.692201282980410558e-04
2.734954758365900295e-04
2.778387179887064989e-04
2.822509329541175553e-04
2.867332160548916498e-04
2.912866800073469565e-04
2.959124551982818545e-04
3.006116899655924169e-04
3.053855508833416333e-04
3.102352230513607070e-04
3.151619103894461212e-04
3.201668359362323281e-04
3.252512421528047865e-04
3.304163912311397044e-04
3.356635654074421535e-04
3.409940672804543283e-04
3.464092201348251869e-04
3.519103682696127049e-04
3.574988773320025501e-04
3.631761346563259054e-04
3.689435496084640404e-04
3.748025539357176424e-04
3.807546021222373445e-04
3.868011717500932992e-04
3.929437638660842995e-04
3.991839033543663029e-04
4.055231393150037877e-04
4.119630454485292709e-04
4.185052204466095942e-04
4.251512883889204601e-04
4.319028991463157922e-04
4.387617287904097712e-04
4.457294800096529169e-04
4.528078825320239176e-04
4.599986935544290393e-04
4.673036981789212741e-04
4.747247098558503059e-04
4.822635708340443405e-04
4.899221526181471269e-04
4.977023564332113282e-04
5.056061136966764468e-04
5.136353864978370149e-04
5.217921680849256245e-04
5.300784833599348845e-04
5.384963893812918199e-04
5.470479758745205650e-04
5.557353657510085993e-04
5.645607156350179083e-04
5.735262163990602216e-04
5.826340937077745643e-04
5.918866085704472006e-04
6.012860579022974612e-04
6.108347750946854695e-04
6.205351305943677519e-04
6.303895324919578337e-04
6.404004271197283197e-04
6.505702996589051660e-04
6.609016747566118927e-04
6.713971171526030577e-04
6.820592323159593807e-04
6.928906670918848123e-04
7.038941103587835740e-04
7.150722936957665732e-04
7.264279920607570867e-04
7.379640244793727634e-04
7.496832547447361680e-04
7.615885921284106484e-04
7.736829921026147248e-04
7.859694570739153606e-04
7.984510371285672998e-04
8.111308307896870125e-04
8.240119857864590088e-04
8.370976998355464729e-04
8.503912214349230612e-04
8.638958506702985743e-04
8.776149400343640199e-04
8.915518952590333317e-04
9.057101761609146319e-04
9.200932975001988208e-04
9.347048298531878633e-04
9.495484004986883952e-04
9.646276943184682985e-04
9.799464547120264810e-04
9.955084845258764352e-04
1.011317646997600536e-03
1.027377866714886167e-03
1.043693130589793587e-03
1.060267488848503498e-03
1.077105056036769051e-03
1.094210012041348578e-03
1.111586603127649947e-03
1.129239142993853501e-03
1.147172013841783527e-03
1.165389667464773087e-03
1.183896626352817739e-03
1.202697484815266459e-03
1.221796910121353968e-03
1.241199643658837722e-03
1.260910502111032725e-03
1.280934378652548401e-03
1.301276244164000732e-03
1.321941148466029272e-03
1.342934221572895069e-03
1.364260674966002529e-03
1.385925802887634072e-03
1.407934983655229544e-03
1.430293680996550399e-03
1.453007445406025730e-03
1.476081915522661769e-03
1.499522819529808693e-03
1.523335976577179160e-03
1.547527298225434078e-03
1.572102789913710314e-03
1.597068552450465247e-03
1.622430783527978619e-03
1.648195779260925838e-03
1.674369935749361448e-03
1.700959750666547953e-03
1.727971824871981938e-03
1.755412864050038798e-03
1.783289680374653286e-03
1.811609194200414696e-03
1.840378435780535508e-03
1.869604547012092494e-03
1.899294783208991090e-03
1.929456514903070234e-03
1.960097229673832091e-03
1.991224534007202812e-03
2.022846155183837587e-03
2.054969943197393258e-03
2.087603872703267232e-03
2.120756044998299474e-03
2.154434690031884272e-03
2.188648168449051218e-03
2.223404973665968169e-03
2.258713733978408300e-03
2.294583214703715957e-03
2.331022320356761820e-03
2.368040096860483251e-03
2.405645733791497709e-03
2.443848566661407668e-03
2.482658079234314422e-03
2.522083905881132310e-03
2.562135833971315290e-03
2.602823806302530154e-03
2.644157923568952063e-03
2.686148446868717558e-03
2.728805800251239352e-03
2.772140573304932368e-03
2.816163523786070939e-03
2.860885580289369585e-03
2.906317844960973427e-03
2.952471596254559096e-03
2.999358291731161509e-03
3.046989570903506708e-03
3.095377258125486548e-03
3.144533365527515945e-03
3.194470095998538147e-03
3.245199846215339815e-03
3.296735209720021154e-03
3.349088980046287245e-03
3.402274153895439631e-03
3.456303934362752513e-03
3.511191734215129978e-03
3.566951179220786278e-03
3.623596111531800917e-03
3.681140593120423282e-03
3.739598909269899185e-03
3.798985572120780387e-03
3.859315324273520677e-03
3.920603142448282272e-03
3.982864241202895353e-03
4.046114076709806870e-03
4.110368350593070728e-03
4.175643013826208123e-03
4.241954270692027858e-03
4.309318582805286152e-03
4.377752673199236319e-03
4.447273530477109139e-03
4.517898413029461553e-03
4.589644853318563741e-03
4.662530662230762214e-03
4.736573933498019334e-03
4.811793048189610261e-03
4.888206679275206371e-03
4.965833796260389447e-03
5.044693669895769332e-03
5.124805876960933197e-03
5.206190305124302857e-03
5.288867157880233240e-03
5.372856959564464852e-03
5.458180560449234740e-03
5.544859141919334863e-03
5.632914221730308743e-03
5.722367659350221028e-03
5.813241661386168296e-03
5.905558787097079342e-03
5.999341953993944654e-03
6.094614443529070176e-03
6.191399906875633824e-03
6.289722370799014084e-03
6.389606243621415507e-03
6.491076321281138116e-03
6.594157793488151717e-03
6.698876249977338618e-03
6.805257686861126455e-03
6.913328513082945756e-03
7.023115556973168021e-03
7.134646072909219157e-03
7.247947748081368796e-03
7.363048709366056856e-03
7.479977530308275224e-03
7.598763238214931853e-03
7.719435321360786258e-03
7.842023736308831663e-03
7.966558915346984293e-03
8.093071774042774613e-03
8.221593718918118743e-03
8.352156655245863981e-03
8.484792994970241295e-03
8.619535664753033219e-03
8.756418114147524953e-03
8.895474323902325536e-03
9.036738814396948205e-03
9.180246654211476204e-03
9.326033468832199691e-03
9.474135449495602046e-03
9.624589362172737347e-03
9.777432556696269775e-03
9.932702976032537628e-03
1.009043916570073578e-02
1.025068028334183250e-02
1.041346610843927462e-02
1.057883705219422876e-02
1.074683416755753233e-02
1.091749915942097013e-02
1.109087439497047703e-02
1.126700291420362071e-02
1.144592844061425273e-02
1.162769539204669411e-02
1.181234889172242015e-02
1.199993477944177878e-02
1.219049962296356836e-02
1.238409072956545530e-02
1.258075615778781429e-02
1.278054472936422312e-02
1.298350604134127298e-02
1.318969047839099046e-02
1.339914922531864130e-02
1.361193427976930756e-02
1.382809846513614882e-02
1.404769544367365577e-02
1.427077972981925964e-02
1.449740670372631594e-02
1.472763262501218529e-02
1.496151464672451983e-02
1.519911082952932722e-02
1.544048015612449129e-02
1.568568254588198138e-02
1.593477886972280780e-02
1.618783096522797421e-02
1.644490165198959908e-02
1.670605474720571887e-02
1.697135508152268837e-02
1.724086851512934143e-02
1.751466195410653418e-02
1.779280336703651169e-02
1.807536180187587285e-02
1.836240740309659156e-02
1.865401142909925078e-02
1.895024626990272909e-02
1.925118546511487769e-02
1.955690372218854903e-02
1.986747693496753592e-02
2.018298220252708747e-02
2.050349784831351219e-02
2.082910343958782259e-02
2.115987980717812939e-02
2.149590906554568401e-02
2.183727463316962811e-02
2.218406125325540768e-02
2.253635501477209077e-02
2.289424337382377564e-02
2.325781517536031420e-02
2.362716067523289859e-02
2.400237156259986404e-02
2.438354098268829401e-02
2.477076355991711040e-02
2.516413542138739093e-02
2.556375422074564849e-02
2.596971916242615808e-02
2.638213102627821535e-02
2.680109219258449207e-02
2.722670666747670221e-02
2.765908010875494163e-02
2.809831985211683897e-02
2.854453493780358467e-02
2.899783613766876780e-02
2.945833598267730627e-02
2.992614879084095833e-02
3.040139069559751744e-02
3.088417967464070213e-02
3.137463557920776303e-02
3.187288016383234973e-02
3.237903711656973244e-02
3.289323208970212215e-02
3.341559273093151761e-02
3.394624871506796149e-02
3.448533177622104678e-02
3.503297574050252827e-02
3.558931655924840037e-02
3.615449234276846974e-02
3.672864339463194350e-02
3.731191224649744315e-02
3.790444369349614540e-02
3.850638483017685548e-02
3.911788508702191552e-02
3.973909626754290603e-02
4.037017258596553582e-02
4.101127070551300463e-02
4.166254977729722669e-02
4.232417147982774075e-02
4.299630005914808345e-02
4.367910236960937526e-02
4.437274791529160350e-02
4.507740889208258772e-02
4.579326023042522287e-02
4.652047963874351988e-02
4.725924764755832369e-02
4.800974765430367913e-02
4.877216596885459998e-02
4.954669185977832874e-02
5.033351760131960645e-02
5.113283852113240102e-02
5.194485304876952925e-02
5.276976276494232260e-02
5.360777245156254922e-02
5.445909014257913766e-02
5.532392717562197026e-02
5.620249824446606202e-02
5.709502145232881604e-02
5.800171836601342862e-02
5.892281407091264772e-02
5.985853722688546513e-02
6.080912012502148051e-02
6.177479874530656528e-02
6.275581281520448140e-02
6.375240586916845753e-02
6.476482530909821733e-02
6.579332246575682330e-02
6.683815266116303888e-02
6.789957527197433562e-02
6.897785379387656735e-02
7.007325590699628459e-02
7.118605354235148230e-02
7.231652294935798919e-02
7.346494476440769417e-02
7.463160408053590156e-02
7.581679051819498194e-02
7.702079829715197112e-02
7.824392630952795025e-02
7.948647819399741465e-02
8.074876241116565878e-02
8.203109232014356433e-02
8.333378625633820758e-02
8.465716761047890893e-02
8.600156490889816763e-02
8.736731189508770146e-02
8.875474761254929790e-02
9.016421648896169594e-02
9.159606842168391272e-02
9.305065886461644231e-02
9.452834891644190662e-02
9.602950541026689102e-02
9.755450100468741892e-02
9.910371427630070007e-02
1.006775298136856761e-01
1.022763383128763998e-01
1.039005366743513264e-01
1.055505281015629709e-01
1.072267222010322985e-01
1.089295350840324139e-01
1.106593894698873481e-01
1.124167147909110737e-01
1.142019472990131457e-01
1.160155301739971695e-01
1.178579136335791144e-01
1.197295550451528828e-01
1.216309190393307788e-01
1.235624776252867291e-01
1.255247103079316362e-01
1.275181042069493398e-01
1.295431541777228857e-01
1.316003629341813141e-01
1.336902411735969853e-01
1.358133077033654990e-01
1.379700895697976715e-01
1.401611221889582648e-01
1.423869494795812762e-01
1.446481239980967892e-01
1.469452070758016926e-01
1.492787689582089072e-01
1.516493889466093981e-01
1.540576555418825822e-01
1.565041665905900214e-01
1.589895294333897036e-01
1.615143610558068266e-01
1.640792882413989462e-01
1.666849477273535940e-01
1.693319863625568633e-01
1.720210612681719597e-01
1.747528400007682947e-01
1.775280007180405351e-01
1.803472323471597416e-01
1.832112347557981469e-01
1.861207189258694272e-01
1.890764071300282678e-01
1.920790331109732407e-01
1.951293422635962393e-01
1.982280918200252373e-01
2.013760510376056689e-01
2.045740013898660614e-01
2.078227367605178511e-01
2.111230636405345695e-01
2.144758013283615261e-01
2.178817821333048632e-01
2.213418515821501953e-01
2.248568686290626784e-01
2.284277058688206907e-01
2.320552497534350000e-01
2.357404008122086225e-01
2.394840738752911091e-01
2.432871983007831584e-01
2.471507182054472895e-01
2.510755926990826947e-01
2.550627961226223372e-01
2.591133182900102749e-01
2.632281647339211883e-01
2.674083569553810658e-01
2.716549326773528561e-01
2.759689461023484003e-01
2.803514681741320902e-01
2.848035868435798701e-01
2.893264073387606938e-01
2.939210524393067736e-01
2.985886627551406769e-01
3.033303970096298818e-01
3.081474323272361815e-01
3.130409645257349327e-01
3.180122084130731497e-01
3.230623980889443803e-01
3.281927872511477551e-01
3.334046495068195282e-01
3.386992786886009466e-01
3.440779891758291575e-01
3.495421162208292576e-01
3.550930162803875301e-01
3.607320673524885835e-01
3.664606693184001007e-01
3.722802442901901876e-01
3.781922369637633063e-01
3.841981149775027249e-01
3.902993692766083544e-01
3.964975144832201814e-01
4.027940892724199973e-01
4.091906567542036299e-01
4.156888048615196007e-01
4.222901467444695744e-01
4.289963211707691348e-01
4.358089929325681400e-01
4.427298532597314096e-01
4.497606202396826069e-01
4.569030392439155097e-01
4.641588833612781961e-01
4.715299538381385047e-01
4.790180805255390140e-01
4.866251223334533971e-01
4.943529676922563953e-01
5.022035350215224847e-01
5.101787732062686986e-01
5.182806620807610676e-01
5.265112129200036906e-01
5.348724689390332854e-01
5.433665058001423409e-01
5.519954321281572707e-01
5.607613900339002422e-01
5.696665556459623581e-01
5.787131396509233028e-01
5.879033878421484616e-01
5.972395816773021782e-01
6.067240388447144861e-01
6.163591138387414237e-01
6.261471985442630395e-01
6.360907228304631955e-01
6.461921551540387165e-01
6.564540031719884317e-01
6.668788143641326549e-01
6.774691766655194236e-01
6.882277191088732593e-01
6.991571124772466561e-01
7.102600699670350570e-01
7.215393478615222955e-01
7.329977462151210377e-01
7.446381095484798651e-01
7.564633275546290836e-01
7.684763358163396729e-01
7.806801165348757898e-01
7.930776992703183481e-01
8.056721616936468600e-01
8.184666303507638352e-01
8.314642814386523639e-01
8.446683415938599504e-01
8.580820886935033309e-01
8.717088526689937833e-01
8.855520163326846550e-01
8.996150162176471676e-01
9.139013434307811101e-01
9.284145445194744717e-01
9.431582223520252883e-01
9.581360370120451941e-01
9.733517067070671658e-01
9.888090086915810595e-01
1.004511780204728977e+00
1.020463919422890386e+00
1.036669386427395700e+00
1.053132204187607002e+00
1.069856459559610729e+00
1.086846304300770338e+00
1.104105956100390307e+00
1.121639699626748143e+00
1.139451887590751777e+00
1.157546941826492093e+00
1.175929354388950632e+00
1.194603688669144015e+00
1.213574580526973312e+00
1.232846739442065909e+00
1.252424949682893640e+00
1.272314071494454968e+00
1.292519042304821175e+00
1.313044877950839018e+00
1.333896673923302911e+00
1.355079606631897304e+00
1.376598934690228093e+00
1.398460000221262156e+00
1.420668230183496084e+00
1.443229137718186506e+00
1.466148323517974195e+00
1.489431477217242783e+00
1.513084378804558039e+00
1.537112900057535647e+00
1.561523006000496538e+00
1.586320756385270592e+00
1.611512307195515303e+00
1.637103912174925568e+00
1.663101924379708718e+00
1.689512797755718498e+00
1.716343088740630352e+00
1.743599457891562121e+00
1.771288671538542303e+00
1.799417603464234849e+00
1.827993236610340411e+00
1.857022664811095458e+00
1.886513094554298720e+00
1.916471846770306797e+00
1.946906358649436841e+00
1.977824185488231912e+00
2.009233002565046000e+00
2.041140607045413002e+00
2.073554919917677264e+00
2.106483987959356874e+00
2.139935985734740864e+00
2.173919217624203259e+00
2.208442119885747790e+00
2.243513262749287751e+00
2.279141352544187260e+00
2.315335233860585262e+00
2.352103891745045861e+00
2.389456453931075419e+00
2.427402193105059336e+00
2.465950529208186470e+00
2.505111031774926555e+00
2.544893422308645015e+00
2.585307576694944931e+00
2.626363527653329921e+00
2.668071467227805194e+00
2.710441749317028748e+00
2.753484892244640658e+00
2.797211581370415701e+00
2.841632671742874816e+00
2.886759190794029983e+00
2.932602341076914865e+00
2.979173503046593563e+00
3.026484237885334050e+00
3.074546290372641266e+00
3.123371591800873759e+00
3.172972262937157506e+00
3.223360617032346997e+00
3.274549162877731678e+00
3.326550607910355950e+00
3.379377861367583336e+00
3.433044037491790323e+00
3.487562458785950614e+00
3.542946659320909131e+00
3.599210388095188673e+00
3.656367612448142346e+00
3.714432521527319064e+00
3.773419529810879691e+00
3.833343280685959975e+00
3.894218650083861366e+00
3.956060750172959217e+00
4.018884933110267177e+00
4.082706794852575705e+00
4.147542179028108400e+00
4.213407180869668700e+00
4.280318151210240174e+00
4.348291700542049831e+00
4.417344703140072326e+00
4.487494301251045314e+00
4.558757909348973847e+00
4.631153218458249121e+00
4.704698200545393227e+00
4.779411112980564091e+00
4.855310503069902417e+00
4.932415212659855719e+00
5.010744382814625197e+00
5.090317458567891862e+00
5.171154193749995187e+00
5.253274655891780220e+00
5.336699231206313954e+00
5.421448629649711748e+00
5.507543890062342129e+00
5.595006385391670278e+00
5.683857827998026302e+00
5.774120275044672290e+00
5.865816133973423163e+00
5.958968168067249493e+00
6.053599502101209673e+00
6.149733628083117409e+00
6.247394411085378962e+00
6.346606095169448736e+00
6.447393309404349182e+00
6.549781073980786239e+00
6.653794806422357766e+00
6.759460327895382648e+00
6.866803869618953726e+00
6.975852079376778647e+00
7.086632028132422434e+00
7.199171216749611801e+00
7.313497582819270981e+00
7.429639507594949954e+00
7.547625823038410786e+00
7.667485818977095136e+00
7.789249250375254618e+00
7.912946344720551473e+00
8.038607809527956505e+00
8.166264839962837030e+00
8.295949126585053790e+00
8.427692863216096342e+00
8.561528754931103435e+00
8.697490026177835176e+00
8.835610429024562507e+00
8.975924251538927479e+00
9.118466326299900615e+00
9.263272039044860406e+00
9.410377337454033153e+00
9.559818740074423005e+00
9.711633345385449090e+00
9.865858841008559921e+00
1.002253351306309526e+01
1.018169625567074021e+01
1.034338658061087202e+01
1.050764462712928982e+01
1.067451117190268306e+01
1.084402763916134305e+01
1.101623611097262589e+01
1.119117933768775330e+01
1.136890074855445576e+01
1.154944446249819734e+01
1.173285529907459512e+01
1.191917878959576882e+01
1.210846118843337749e+01
1.230074948450116779e+01
1.249609141291986525e+01
1.269453546686728984e+01
1.289613090961668540e+01
1.310092778676621172e+01
1.330897693866265108e+01
1.352033001302239335e+01
1.373503947775287415e+01
1.395315863397759948e+01
1.417474162926804659e+01
1.439984347108563867e+01
1.462852004043724463e+01
1.486082810574749935e+01
1.509682533695143469e+01
1.533657031981089602e+01
1.558012257045835547e+01
1.582754255017160183e+01
1.607889168038315120e+01
1.633423235792795225e+01
1.659362797053327299e+01
1.685714291255453645e+01
1.712484260096108457e+01
1.739679349157577803e+01
1.767306309557251964e+01
1.795371999623571213e+01
1.823883386598592082e+01
1.852847548367588715e+01
1.882271675216120954e+01
1.912163071615006515e+01
1.942529158033637060e+01
1.973377472782096120e+01
2.004715673882523319e+01
2.036551540970200946e+01
2.068892977224832919e+01
2.101748011332487565e+01
2.135124799478700908e+01
2.169031627373234627e+01
2.203476912306977553e+01
2.238469205241522886e+01
2.274017192931923503e+01
2.310129700083158255e+01
2.346815691540843929e+01
2.384084274516740365e+01
2.421944700849589793e+01
2.460406369301867002e+01
2.499478827893000243e+01
2.539171776269643388e+01
2.579495068113592282e+01
2.620458713587936472e+01
2.662072881822060566e+01
2.704347903436104517e+01
2.747294273105521256e+01
2.790922652166347007e+01
2.835243871261860704e+01
2.880268933031261014e+01
2.926009014841049094e+01
2.972475471559781823e+01
3.019679838376890046e+01
3.067633833666269538e+01
3.116349361895329295e+01
3.165838516580256368e+01
3.216113583288205291e+01
3.267187042687134380e+01
3.319071573644148998e+01
3.371780056372966072e+01
3.425325575631406139e+01
3.479721423969653671e+01
3.534981105030108495e+01
3.591118336899621966e+01
3.648147055514987613e+01
3.706081418122502669e+01
3.764935806792471595e+01
3.824724831989522045e+01
3.885463336199618567e+01
3.947166397614671496e+01
4.009849333875674660e+01
4.073527705875252991e+01
4.138217321620641087e+01
4.203934240157968816e+01
4.270694775558885681e+01
4.338515500970493832e+01
4.407413252729589459e+01
4.477405134542245690e+01
4.548508521729772980e+01
4.620741065542090809e+01
4.694120697539617026e+01
4.768665634044736379e+01
4.844394380663954536e+01
4.921325736881878044e+01
4.999478800728136463e+01
5.078872973518432588e+01
5.159527964670862588e+01
5.241463796598739577e+01
5.324700809681110059e+01
5.409259667312205977e+01
5.495161361031080105e+01
5.582427215732720782e+01
5.671078894961878092e+01
5.761138406291027536e+01
5.852628106783657103e+01
5.945570708544392602e+01
6.039989284357207566e+01
6.135907273413174323e+01
6.233348487129224935e+01
6.332337115059236510e+01
6.432897730899067312e+01
6.535055298586910055e+01
6.638835178500507084e+01
6.744263133752845363e+01
6.851365336587748800e+01
6.960168374877116548e+01
7.070699258721259639e+01
7.182985427154135039e+01
7.297054754954980638e+01
7.412935559568205690e+01
7.530656608133105578e+01
7.650247124625227002e+01
7.771736797111189787e+01
7.895155785118633673e+01
8.020534727123289542e+01
8.147904748154896026e+01
8.277297467523892749e+01
8.408745006670889666e+01
8.542279997140680337e+01
8.677935588683007495e+01
8.815745457481850167e+01
8.955743814515520285e+01
9.097965414049394894e+01
9.242445562263635850e+01
9.389220126017843882e+01
9.538325541754899461e+01
9.689798824546279832e+01
9.843677577280899982e+01
1.000000000000000426e+02
