1.820049558733368665e+07 -3.077684534071702138e+07 9.607217804417828098e+06 2.081976084608122241e+06 8.286721048079048283e+06 1.234745682639594562e+07 5.123099392500867695e+07 0.000000000000000000e+00 0.000000000000000000e+00 0.000000000000000000e+00 2.560342017505140509e+06 2.943130706792373676e+06 2.664324135233832989e+06 2.442824094393149950e+06 2.229863332568579353e+06 2.085865628982436378e+06 1.957869231034511235e+06 1.775574589973791037e+06 1.469076348425211385e+06 7.434812842564902967e+05
-3.077684534071702510e+07 5.294387407284274697e+07 -1.627832510997032374e+07 -3.477825465279056691e+06 -1.428660683442629501e+07 -2.175686716776213422e+07 -8.733530533086133003e+07 0.000000000000000000e+00 0.000000000000000000e+00 0.000000000000000000e+00 -5.586168719050555490e+06 -5.405295900486860424e+06 -4.631751845628593117e+06 -4.175449277740281075e+06 -3.704546884566417895e+06 -3.410525991362720728e+06 -3.140102076338881627e+06 -2.773740113118912093e+06 -2.245542638393811416e+06 -1.073480889413088327e+06
9.607217804417828098e+06 -1.627832510997031629e+07 5.545862311954484321e+06 1.185840116336760810e+06 4.384307784593391232e+06 6.475323987781502306e+06 2.972028512983556464e+07 0.000000000000000000e+00 0.000000000000000000e+00 0.000000000000000000e+00 1.762214087465357501e+06 1.814492212579728570e+06 1.601959641027745092e+06 1.444122065613282844e+06 1.319443107999359723e+06 1.210105997980379732e+06 1.101540451081986306e+06 9.699301061119204387e+05 7.755215374303904828e+05 3.882813258383712964e+05
2.081976084608123172e+06 -3.477825465279059019e+06 1.185840116336760577e+06 2.594508308722068323e+05 9.253042959190330002e+05 1.307163307640767423e+06 6.277242806027738377e+06 0.000000000000000000e+00 0.000000000000000000e+00 0.000000000000000000e+00 2.597791436721054197e+05 3.204034898031409830e+05 3.123315354189268546e+05 3.014555705764886225e+05 2.885009139430770301e+05 2.746902106589404866e+05 2.593051468169198488e+05 2.352622032954945462e+05 1.978328025219888368e+05 1.045918017668346147e+05
8.286721048079053871e+06 -1.428660683442629315e+07 4.384307784593390301e+06 9.253042959190326510e+05 3.924451099519513547e+06 6.215648994222801179e+06 2.361650597103771195e+07 0.000000000000000000e+00 0.000000000000000000e+00 0.000000000000000000e+00 1.825747828874958679e+06 1.592058531052614097e+06 1.277316734878094401e+06 1.093602742551243398e+06 9.658043941234231461e+05 8.744795280522371177e+05 7.885756518925653072e+05 6.949865414578804048e+05 5.513941949751669308e+05 2.601192322681017977e+05
1.234745682639594749e+07 -2.175686716776212677e+07 6.475323987781498581e+06 1.307163307640766492e+06 6.215648994222802110e+06 1.096756819389689900e+07 3.540540042701970786e+07 0.000000000000000000e+00 0.000000000000000000e+00 0.000000000000000000e+00 4.006400814056936651e+06 3.042930855627311394e+06 2.207775569086164236e+06 1.694853387938858010e+06 1.345798481266953284e+06 1.089856395201833453e+06 8.790713881743235979e+05 6.785886666505939793e+05 4.551651810811709729e+05 1.585282488058107847e+05
5.123099392500866950e+07 -8.733530533086130023e+07 2.972028512983556837e+07 6.277242806027740240e+06 2.361650597103772312e+07 3.540540042701970041e+07 1.607807548472154737e+08 0.000000000000000000e+00 0.000000000000000000e+00 0.000000000000000000e+00 1.096469293460641429e+07 1.058824886215553246e+07 8.995641353902049363e+06 7.855603633292853832e+06 6.965358358962973580e+06 6.245823786534665152e+06 5.569885733238218352e+06 4.809818606933194213e+06 3.777871447505217046e+06 1.851961958677589893e+06
0.000000000000000000e+00 0.000000000000000000e+00 0.000000000000000000e+00 0.000000000000000000e+00 0.000000000000000000e+00 0.000000000000000000e+00 0.000000000000000000e+00 0.000000000000000000e+00 0.000000000000000000e+00 0.000000000000000000e+00 0.000000000000000000e+00 0.000000000000000000e+00 0.000000000000000000e+00 0.000000000000000000e+00 0.000000000000000000e+00 0.000000000000000000e+00 0.000000000000000000e+00 0.000000000000000000e+00 0.000000000000000000e+00 0.000000000000000000e+00
0.000000000000000000e+00 0.000000000000000000e+00 0.000000000000000000e+00 0.000000000000000000e+00 0.000000000000000000e+00 0.000000000000000000e+00 0.000000000000000000e+00 0.000000000000000000e+00 0.000000000000000000e+00 0.000000000000000000e+00 0.000000000000000000e+00 0.000000000000000000e+00 0.000000000000000000e+00 0.000000000000000000e+00 0.000000000000000000e+00 0.000000000000000000e+00 0.000000000000000000e+00 0.000000000000000000e+00 0.000000000000000000e+00 0.000000000000000000e+00
0.000000000000000000e+00 0.000000000000000000e+00 0.000000000000000000e+00 0.000000000000000000e+00 0.000000000000000000e+00 0.000000000000000000e+00 0.000000000000000000e+00 0.000000000000000000e+00 0.000000000000000000e+00 0.000000000000000000e+00 0.000000000000000000e+00 0.000000000000000000e+00 0.000000000000000000e+00 0.000000000000000000e+00 0.000000000000000000e+00 0.000000000000000000e+00 0.000000000000000000e+00 0.000000000000000000e+00 0.000000000000000000e+00 0.000000000000000000e+00
2.560342017505140044e+06 -5.586168719050554559e+06 1.762214087465356803e+06 2.597791436721054197e+05 1.825747828874958679e+06 4.006400814056938514e+06 1.096469293460641429e+07 0.000000000000000000e+00 0.000000000000000000e+00 0.000000000000000000e+00 5.659794325684297830e+06 6.798540887205728795e+05 2.163083313789311796e+04 2.760768197656383563e+03 2.488934227925811058e+02 3.925488491319666196e+01 5.858556450248486591e+00 1.001763000028528250e+00 2.325195122665445202e-01 4.612015096779766704e-02
2.943130706792371348e+06 -5.405295900486859493e+06 1.814492212579728337e+06 3.204034898031409248e+05 1.592058531052612932e+06 3.042930855627310462e+06 1.058824886215553433e+07 0.000000000000000000e+00 0.000000000000000000e+00 0.000000000000000000e+00 6.798540887205728795e+05 3.562982516294465400e+06 7.887095586891216226e+05 2.858305077363619057e+04 3.846821915039415671e+03 3.511058895708383716e+02 5.502963333474423280e+01 6.531736876854225216e+00 1.146921785745524947e+00 1.997097169359743352e-01
2.664324135233832523e+06 -4.631751845628590323e+06 1.601959641027744859e+06 3.123315354189269128e+05 1.277316734878094401e+06 2.207775569086163770e+06 8.995641353902051225e+06 0.000000000000000000e+00 0.000000000000000000e+00 0.000000000000000000e+00 2.163083313789320528e+04 7.887095586891220883e+05 2.336841191703360062e+06 7.327716459397915751e+05 3.348020744251921133e+04 4.266263253972751954e+03 3.820496303749406479e+02 4.927996798700732484e+01 5.102839130389007494e+00 6.904352079161403255e-01
2.442824094393149484e+06 -4.175449277740279213e+06 1.444122065613283310e+06 3.014555705764886225e+05 1.093602742551243166e+06 1.694853387938857311e+06 7.855603633292851970e+06 0.000000000000000000e+00 0.000000000000000000e+00 0.000000000000000000e+00 2.760768197656398570e+03 2.858305077363637611e+04 7.327716459397913422e+05 1.772318543859215453e+06 6.467568854164034128e+05 3.559615072823992523e+04 3.658438577221488231e+03 3.044928186921089264e+02 3.084547637099455031e+01 2.904864801524486673e+00
2.229863332568578888e+06 -3.704546884566415101e+06 1.319443107999359723e+06 2.885009139430769719e+05 9.658043941234226804e+05 1.345798481266953750e+06 6.965358358962971717e+06 0.000000000000000000e+00 0.000000000000000000e+00 0.000000000000000000e+00 2.488934227926113749e+02 3.846821915039559826e+03 3.348020744251926226e+04 6.467568854164036456e+05 1.448890898303933209e+06 5.664515883124989923e+05 3.209608099249446968e+04 2.561441824887299845e+03 1.690303573128760206e+02 1.404854318513209321e+01
2.085865628982436843e+06 -3.410525991362722591e+06 1.210105997980379732e+06 2.746902106589404866e+05 8.744795280522378162e+05 1.089856395201834850e+06 6.245823786534663290e+06 0.000000000000000000e+00 0.000000000000000000e+00 0.000000000000000000e+00 3.925488491321679163e+01 3.511058895709031162e+02 4.266263253972694656e+03 3.559615072823994706e+04 5.664515883124989923e+05 1.246016886471539503e+06 4.900307759667309001e+05 2.383578781894228450e+04 1.402170857043295200e+03 6.891540009189023408e+01
1.957869231034512166e+06 -3.140102076338882558e+06 1.101540451081986772e+06 2.593051468169199070e+05 7.885756518925654236e+05 8.790713881743232487e+05 5.569885733238216490e+06 0.000000000000000000e+00 0.000000000000000000e+00 0.000000000000000000e+00 5.858556450234337909e+00 5.502963333470867013e+01 3.820496303748649325e+02 3.658438577221437299e+03 3.209608099249444058e+04 4.900307759667307837e+05 1.108665722443576902e+06 4.061609076061253436e+05 1.370488824568432574e+04 5.335992092877465893e+02
1.775574589973790338e+06 -2.773740113118911162e+06 9.699301061119203223e+05 2.352622032954946044e+05 6.949865414578801719e+05 6.785886666505940957e+05 4.809818606933193281e+06 0.000000000000000000e+00 0.000000000000000000e+00 0.000000000000000000e+00 1.001763000022488859e+00 6.531736876842908934e+00 4.927996798700122127e+01 3.044928186921109159e+02 2.561441824887288931e+03 2.383578781894225540e+04 4.061609076061255764e+05 1.015828735598620027e+06 2.873667044669128954e+05 4.889890037603425299e+03
1.469076348425211152e+06 -2.245542638393812347e+06 7.755215374303904828e+05 1.978328025219888368e+05 5.513941949751668144e+05 4.551651810811710893e+05 3.777871447505217046e+06 0.000000000000000000e+00 0.000000000000000000e+00 0.000000000000000000e+00 2.325195122671033510e-01 1.146921785747656575e+00 5.102839130391227052e+00 3.084547637100060768e+01 1.690303573128850303e+02 1.402170857043296110e+03 1.370488824568431664e+04 2.873667044669128954e+05 9.287276875656630145e+05 1.216672445377983968e+05
7.434812842564904131e+05 -1.073480889413088094e+06 3.882813258383711800e+05 1.045918017668346001e+05 2.601192322681018850e+05 1.585282488058106974e+05 1.851961958677589428e+06 0.000000000000000000e+00 0.000000000000000000e+00 0.000000000000000000e+00 4.612015096784721074e-02 1.997097169361423397e-01 6.904352079163550426e-01 2.904864801524579931e+00 1.404854318513200795e+01 6.891540009188965143e+01 5.335992092877460209e+02 4.889890037603423480e+03 1.216672445377983968e+05 5.332023996138623916e+05
