8.288333605633415282e+06 -2.463002749037382193e+06 -3.482794097811325919e+05 -6.832863545868644724e+04 7.176448719929379877e+05 1.290720870103555731e+06 5.950177991531839594e+06 -8.127903061697605153e+03 -8.383571771802453441e+03 1.095666360753938352e+04
-2.463002749031261541e+06 9.427477854479299858e+05 9.424985360503515403e+04 1.834363899485106595e+04 -2.718221475412430009e+05 -4.935956126378664048e+05 -1.712302256152799819e+06 3.369823687499128937e+03 3.837434160726479604e+03 -3.634291133355533020e+03
-3.482794097812687396e+05 9.424985360524470161e+04 1.577737552107750525e+04 3.157458217154575777e+03 -2.705083845185628161e+04 -4.697120303827855969e+04 -2.535310882616170275e+05 3.311721036766660404e+02 3.657940551156018500e+02 -3.872975121757069701e+02
-6.832863545871808310e+04 1.834363899486705486e+04 3.157458217155280181e+03 6.692355943364466384e+02 -5.216984392693149857e+03 -8.820295268283898622e+03 -5.106298197406482359e+04 3.888071243923546660e+01 4.286055552648905120e+01 -4.766861720541397318e+01
7.176448719916215632e+05 -2.718221475412942236e+05 -2.705083845181096694e+04 -5.216984392689521883e+03 8.001122425045698765e+04 1.494474811445145751e+05 4.972503170766843250e+05 -9.800530804912251597e+02 -1.100763076753435371e+03 1.091123913595428348e+03
1.290720870102161309e+06 -4.935956126380895730e+05 -4.697120303823055292e+04 -8.820295268279831362e+03 1.494474811445535452e+05 2.914862166760085966e+05 8.823908199708253378e+05 -1.858722284082695069e+03 -2.060400023558742760e+03 2.123580030958823954e+03
5.950177991533913650e+06 -1.712302256156929303e+06 -2.535310882615903392e+05 -5.106298197404760140e+04 4.972503170775966719e+05 8.823908199718713295e+05 4.342291278461455368e+06 -4.866900877239877445e+03 -4.955513769137120107e+03 6.771867169765328072e+03
-8.127903061698099009e+03 3.369823687500221240e+03 3.311721036767154942e+02 3.888071243924133569e+01 -9.800530804914590135e+02 -1.858722284082745091e+03 -4.866900877239884721e+03 8.942086291808807630e+01 1.203376063066609163e+02 -4.781864496755891736e+01
-8.383571771802788135e+03 3.837434160728725146e+03 3.657940551156077049e+02 4.286055552648846856e+01 -1.100763076753866244e+03 -2.060400023558921475e+03 -4.955513769136822702e+03 1.203376063066550614e+02 1.696811182976899488e+02 -4.595714334853400374e+01
1.095666360754170455e+04 -3.634291133357554827e+03 -3.872975121758656769e+02 -4.766861720543084857e+01 1.091123913596012244e+03 2.123580030959425585e+03 6.771867169765816470e+03 -4.781864496757462746e+01 -4.595714334855745165e+01 7.055922490325409058e+01
