8.423793366249375045e+06 -2.535624005271915812e+06 -3.560640544118413818e+05 -7.010362997995785554e+04 7.391971598397933412e+05 1.332539253329235595e+06 6.057062664021341130e+06 -8.395231218391112634e+03 -8.872876555057384394e+03 1.061382806451735814e+04
-2.535624005308004562e+06 9.772688592788802925e+05 9.783845454707217868e+04 1.911016332497735129e+04 -2.823300035921753733e+05 -5.144722687951441621e+05 -1.765210747085861396e+06 3.470212334517719228e+03 3.995847398889789019e+03 -3.587109708685587975e+03
-3.560640544111148920e+05 9.783845454558491474e+04 1.620757461019790753e+04 3.251711207666798146e+03 -2.809906328225278776e+04 -4.896960013745112519e+04 -2.596364285433891055e+05 3.368355961333900837e+02 3.828707392307711075e+02 -3.591938983804582790e+02
-7.010362997982520028e+04 1.911016332475406671e+04 3.251711207665945949e+03 6.894461317207374123e+02 -5.440761921415345569e+03 -9.246987446545395869e+03 -5.243375967351304280e+04 3.927774664288725148e+01 4.554142641417961102e+01 -4.115851934170983384e+01
7.391971598470731406e+05 -2.823300035915488843e+05 -2.809906328255990229e+04 -5.440761921460873054e+03 8.323810333295383316e+04 1.559124922982370481e+05 5.127281565421817359e+05 -1.016840865818626071e+03 -1.152399818493383464e+03 1.093465697335101368e+03
1.332539253336717840e+06 -5.144722687930039247e+05 -4.896960013778252323e+04 -9.246987446592749620e+03 1.559124922979392286e+05 3.045305465679810150e+05 9.119977288396903314e+05 -1.942676902770196193e+03 -2.167766546152563023e+03 2.160932115059353237e+03
6.057062664011619985e+06 -1.765210747059681918e+06 -2.596364285435443744e+05 -5.243375967355692410e+04 5.127281565367875155e+05 9.119977288339016959e+05 4.427319932212339714e+06 -4.988167770461658620e+03 -5.255272300930502752e+03 6.376834362582061658e+03
-8.395231218345301386e+03 3.470212334444081534e+03 3.368355961321825589e+02 3.927774664265159998e+01 -1.016840865802035978e+03 -1.942676902748572275e+03 -4.988167770445217684e+03 9.005851846182852682e+01 1.203474247541198139e+02 -5.064757099080976843e+01
-8.872876555023971378e+03 3.995847398836902357e+03 3.828707392297566230e+02 4.554142641396558133e+01 -1.152399818481794682e+03 -2.167766546138246213e+03 -5.255272300916221866e+03 1.203474247541811195e+02 1.693407954806997395e+02 -4.711586802096253024e+01
1.061382806441293724e+04 -3.587109708525912083e+03 -3.591938983778721877e+02 -4.115851934125420541e+01 1.093465697297995348e+03 2.160932115008305118e+03 6.376834362548723220e+03 -5.064757099062077828e+01 -4.711586802069081159e+01 7.947107227109968619e+01
