8.288323063620124012e+06 -2.462998950290611945e+06 -3.482790102675314993e+05 -6.832856219819484977e+04 7.176436833255463280e+05 1.290718451370757772e+06 5.950170979517693631e+06 -8.127886855097553052e+03 -8.383554500412510606e+03 1.095664329811107746e+04
-2.462998950294617563e+06 9.427464104100080440e+05 9.424970942805017694e+04 1.834361245047878037e+04 -2.718217174227194628e+05 -4.935947381714503281e+05 -1.712299725830383599e+06 3.369817807650234499e+03 3.837427862229084440e+03 -3.634283854749152852e+03
-3.482790102674150839e+05 9.424970942789649416e+04 1.577736030057591597e+04 3.157455424246074017e+03 -2.705079333492823935e+04 -4.697111123452258471e+04 -2.535308224293194944e+05 3.311714990610772134e+02 3.657934080817906306e+02 -3.872967657126785070e+02
-6.832856219816269004e+04 1.834361245044272073e+04 3.157455424245801623e+03 6.692350789345298381e+02 -5.216976094238582846e+03 -8.820278408884540113e+03 -5.106293311018538952e+04 3.888060162097239925e+01 4.286043618944950140e+01 -4.766848214632929626e+01
7.176436833264266606e+05 -2.718217174227872165e+05 -2.705079333495982428e+04 -5.216976094246095272e+03 8.001108967397388187e+04 1.494472074502370961e+05 4.972495256998426048e+05 -9.800512386022702458e+02 -1.100761105722800266e+03 1.091121629429649147e+03
1.290718451371660223e+06 -4.935947381717331591e+05 -4.697111123454669723e+04 -8.820278408891394065e+03 1.494472074502720207e+05 2.914856597661770647e+05 8.823892108656488126e+05 -1.858718536043525773e+03 -2.060396019595156758e+03 2.123575368006951521e+03
5.950170979516023770e+06 -1.712299725826912560e+06 -2.535308224293490348e+05 -5.106293311019682733e+04 4.972495256990995840e+05 8.823892108649101574e+05 4.342286609060495161e+06 -4.866890106394915165e+03 -4.955502258335867737e+03 6.771853748771664868e+03
-8.127886855096809995e+03 3.369817807637170063e+03 3.311714990614599969e+02 3.888060162105855255e+01 -9.800512385995391469e+02 -1.858718536040556728e+03 -4.866890106398652279e+03 8.942083298471470698e+01 1.203375746511424609e+02 -4.781860673444557364e+01
-8.383554500411340996e+03 3.837427862223797092e+03 3.657934080819238716e+02 4.286043618948267664e+01 -1.100761105721706372e+03 -2.060396019594058998e+03 -4.955502258336824525e+03 1.203375746511404998e+02 1.696810845125695550e+02 -4.595710377733917085e+01
1.095664329811246535e+04 -3.634283854711364256e+03 -3.872967657139220137e+02 -4.766848214659838590e+01 1.091121629421756097e+03 2.123575367998238107e+03 6.771853748784818890e+03 -4.781860673445200405e+01 -4.595710377734829422e+01 7.055917333393638557e+01
