9.372729289870830253e+06 -2.814226809464078862e+06 -3.900160842970770318e+05 -7.451099941624559870e+04 8.336220840422774199e+05 1.540498453637809958e+06 6.601962750600931235e+06 -9.372152620394419500e+03 -9.380181265749990416e+03 1.323142117304790918e+04
-2.814226809464075137e+06 1.056972367920516524e+06 1.077872317020720802e+05 2.036119962165103425e+04 -3.094944653858966194e+05 -5.746415641357592540e+05 -1.923896672653045505e+06 3.776743816928916203e+03 4.166516296916846841e+03 -4.369317798394396959e+03
-3.900160842970773228e+05 1.077872317020722112e+05 1.738879906020981434e+04 3.396706702493875127e+03 -3.151883599764969404e+04 -5.659166073910158593e+04 -2.786401411767112440e+05 3.786363852642010102e+02 4.039355196094124949e+02 -4.734221485094932973e+02
-7.451099941624567145e+04 2.036119962165104516e+04 3.396706702493876037e+03 7.051944597022014705e+02 -5.881029660613648957e+03 -1.024641582785403443e+04 -5.480186340756951540e+04 4.598270298298374570e+01 4.866801835555782674e+01 -6.027815549786942739e+01
8.336220840422764886e+05 -3.094944653858962702e+05 -3.151883599764967585e+04 -5.881029660613652595e+03 9.244453919429628877e+04 1.762125172103534569e+05 5.670315315769328736e+05 -1.114225454314258059e+03 -1.208803324169252392e+03 1.334702771152706873e+03
1.540498453637808794e+06 -5.746415641357586719e+05 -5.659166073910160776e+04 -1.024641582785404717e+04 1.762125172103533987e+05 3.491389149709181511e+05 1.032499766289752210e+06 -2.147151845294226405e+03 -2.291747030796344006e+03 2.649432523351359123e+03
6.601962750600932166e+06 -1.923896672653045040e+06 -2.786401411767111276e+05 -5.480186340756948630e+04 5.670315315769327572e+05 1.032499766289752093e+06 4.734984941494666971e+06 -5.617868351586446806e+03 -5.561895361960177979e+03 8.131896916253569543e+03
-9.372152620394426776e+03 3.776743816928984415e+03 3.786363852641989070e+02 4.598270298298310621e+01 -1.114225454314272156e+03 -2.147151845294241866e+03 -5.617868351586425888e+03 9.125218028555126182e+01 1.218501553848835499e+02 -5.106323793982708992e+01
-9.380181265750012244e+03 4.166516296916898682e+03 4.039355196094118128e+02 4.866801835555746436e+01 -1.208803324169262396e+03 -2.291747030796353556e+03 -5.561895361960169794e+03 1.218501553848835925e+02 1.709676978365870639e+02 -4.854161319336882485e+01
1.323142117304789281e+04 -4.369317798394505189e+03 -4.734221485094876130e+02 -6.027815549786814131e+01 1.334702771152730975e+03 2.649432523351388681e+03 8.131896916253516792e+03 -5.106323793982696202e+01 -4.854161319336861169e+01 7.658721217547483207e+01
