1.033301701695539616e+07 -1.157428891682341322e+07 3.185138218265296891e+06 6.843249421831407817e+05 2.957536187181130517e+06 3.582405226293233223e+06 2.179851644816128910e+07 2.071885003752045668e+04 3.349268229873686505e+04 4.334529250019195388e+03 1.200018981273516081e+06 9.555090981873895507e+05 7.894915667628161609e+05 7.316984591502032708e+05 6.983072445221245289e+05 6.989243730327355443e+05 7.077712245356712956e+05 7.048299839273954276e+05 6.666802048822641373e+05 4.103785276164928800e+05
-1.157428891682383046e+07 1.859400318885827065e+07 -5.856967071082833223e+06 -1.245674802498159697e+06 -4.642917236885097809e+06 -5.435717575475023128e+06 -3.341940227047859505e+07 -9.429908416825323911e+02 -1.441866230267297396e+03 3.010845024489822208e+01 -2.069823962111018365e+06 -1.907960600841962267e+06 -1.597784577535315650e+06 -1.452927326573865721e+06 -1.302410046979455277e+06 -1.225794816814057296e+06 -1.178665653651245870e+06 -1.098584441431158688e+06 -1.001561380165269831e+06 -5.628438411387089873e+05
3.185138218265357427e+06 -5.856967071082890965e+06 2.490047463979927357e+06 5.337182339838598855e+05 1.461825812277092831e+06 1.554456479430705775e+06 1.303140074757929705e+07 2.723098923099737021e+03 4.247740555511610182e+03 1.336936234085313799e+02 7.088398328284684103e+05 7.934738894825029420e+05 7.168814144396577030e+05 6.511016609620994423e+05 5.938718344094017521e+05 5.461935642503952840e+05 5.050406402840820956e+05 4.635147210177321103e+05 4.077414480382615002e+05 2.453705677622998774e+05
6.843249421831479995e+05 -1.245674802498168079e+06 5.337182339838604676e+05 1.175630785312854277e+05 3.065727394231371582e+05 2.982730531279575662e+05 2.725328954121503979e+06 7.690882500539845523e+02 1.214847937139474197e+03 7.956318361102130154e+01 1.016198340989116405e+05 1.356755659987002728e+05 1.369086130394881184e+05 1.341320873012349184e+05 1.289847465913526248e+05 1.238523287427668402e+05 1.192936632443432463e+05 1.132454292196801980e+05 1.048770870684009424e+05 6.658849648462035111e+04
2.957536187181271147e+06 -4.642917236885095946e+06 1.461825812277076067e+06 3.065727394231349463e+05 1.193070265892632538e+06 1.498086805031850468e+06 8.471927003617973998e+06 2.105161709595796538e+02 3.186686722880250500e+02 -1.692584370573121078e+01 6.421665105296515394e+05 5.196553429786053603e+05 4.035111879357977887e+05 3.472685216639668215e+05 3.117604554109332385e+05 2.904756887468191562e+05 2.742171163808960700e+05 2.578442785258796939e+05 2.307207168229652743e+05 1.297145796721309453e+05
3.582405226293532178e+06 -5.435717575475009158e+06 1.554456479430671316e+06 2.982730531279534916e+05 1.498086805031846743e+06 2.378172606589630712e+06 9.748931046682057902e+06 2.029092799406913628e+01 -1.846137564793153274e+01 -1.389231217147651307e+02 1.289931633725653170e+06 8.241360448304757010e+05 5.378989861244432395e+05 3.859246945341617102e+05 2.884787615584369050e+05 2.239432995027204452e+05 1.758254479444274039e+05 1.344574146999205695e+05 9.114728664095251588e+04 2.721853605448638700e+04
2.179851644816140085e+07 -3.341940227047843114e+07 1.303140074757922068e+07 2.725328954121489078e+06 8.471927003617929295e+06 9.748931046681987122e+06 7.479349553872607648e+07 2.258268065156378270e+03 3.501253296132769719e+03 4.016265482036033063e+01 5.110658993354293518e+06 4.824472241592068225e+06 3.979508315895178821e+06 3.424464024897858500e+06 3.014332374308062252e+06 2.717300309033429716e+06 2.473484492070521694e+06 2.243160386039520614e+06 1.949094276114471257e+06 1.155814746236860985e+06
2.071885003752099146e+04 -9.429908416743867292e+02 2.723098923099471904e+03 7.690882500539636339e+02 2.105161709581307434e+02 2.029092799260864766e+01 2.258268065157655201e+03 3.259061647532815641e+03 5.204486250056121207e+03 5.041636050965278173e+02 1.106846678864551592e+02 -2.039859947255069983e+01 -6.738909606502904381e+00 1.453290958416052803e+01 -7.442175766309077289e+00 1.500934585383618014e+01 2.359800400987477786e+01 3.821689101857183601e+01 -1.726722440321637464e+01 -1.843210054697226212e+02
3.349268229873781092e+04 -1.441866230252690229e+03 4.247740555511072671e+03 1.214847937139416899e+03 3.186686722854273626e+02 -1.846137565054220886e+01 3.501253296135361325e+03 5.204486250056118479e+03 8.489353585524220762e+03 1.277934685510209192e+03 1.022377738842394308e+02 -2.969769415493530573e-01 -3.450560314060239442e+00 9.253106081891523615e+00 -9.598213704983006522e+00 1.183986299765940231e+01 2.326958186286850250e+01 5.247256470986354771e+01 -4.378916554882357559e+01 -3.218017039651358573e+02
4.334529250019085339e+03 3.010845025053907875e+01 1.336936234082843669e+02 7.956318361097477521e+01 -1.692584370676692629e+01 -1.389231217158347249e+02 4.016265482214322446e+01 5.041636050965223603e+02 1.277934685510199643e+03 1.351549837326927218e+03 -2.203032075529247038e+02 8.005314700193069655e+01 2.096057374642445126e+01 -3.343368720362749258e+01 -6.388321852846052806e-01 -3.292623112721575040e+01 -4.576244736537603330e+01 -2.149453129337596735e+01 -2.497748210227927501e+01 -1.059448773297710886e+02
1.200018981273700483e+06 -2.069823962111100554e+06 7.088398328284500167e+05 1.016198340989090211e+05 6.421665105296814581e+05 1.289931633725725580e+06 5.110658993354347534e+06 1.106846678864817619e+02 1.022377738839535652e+02 -2.203032075537779804e+02 2.314167083509248216e+06 2.779530997876348556e+05 2.682107809022098081e+04 1.135640293285793450e+04 4.829644319577140777e+03 3.036312916488398969e+03 2.117661592592722627e+03 1.540907117028383027e+03 1.043288974347406111e+03 4.133582677917438559e+02
9.555090981874112040e+05 -1.907960600841998588e+06 7.934738894825107418e+05 1.356755659987007966e+05 5.196553429786179331e+05 8.241360448305035243e+05 4.824472241592129692e+06 -2.039859947222466019e+01 -2.969769409976485974e-01 8.005314700199812705e+01 2.779530997876749607e+05 1.577924177967124619e+06 3.185432339927445864e+05 2.469010132141816575e+04 8.141992309442179248e+03 3.690072640738154405e+03 2.148966416222642238e+03 1.350255612936125090e+03 8.354871772521224784e+02 3.329623178441609639e+02
7.894915667628154624e+05 -1.597784577535295160e+06 7.168814144396655029e+05 1.369086130394883803e+05 4.035111879357937723e+05 5.378989861244363710e+05 3.979508315895225853e+06 -6.738909606247361239e+00 -3.450560313524192679e+00 2.096057374673237916e+01 2.682107809023471782e+04 3.185432339927481953e+05 1.066240361271954607e+06 3.099997301003588946e+05 2.019120773215324152e+04 6.698418629131941998e+03 2.576805578562733899e+03 1.404912337198382374e+03 7.764874356478719619e+02 3.007388247777291213e+02
7.316984591501951218e+05 -1.452927326573829865e+06 6.511016609620950185e+05 1.341320873012335214e+05 3.472685216639598948e+05 3.859246945341531537e+05 3.424464024897856172e+06 1.453290958418125456e+01 9.253106082049669112e+00 -3.343368720334649424e+01 1.135640293285312509e+04 2.469010132142015209e+04 3.099997301003553439e+05 8.183444093347778544e+05 2.787185818588110269e+05 1.741152558538444282e+04 5.165879344050649706e+03 1.752258037540569831e+03 8.429312796167041597e+02 3.025741511964481560e+02
6.983072445221133530e+05 -1.302410046979479725e+06 5.938718344093961641e+05 1.289847465913520282e+05 3.117604554109369055e+05 2.884787615584391169e+05 3.014332374308041763e+06 -7.442175766289771843e+00 -9.598213704929527523e+00 -6.388321852527709677e-01 4.829644319563997669e+03 8.141992309442814076e+03 2.019120773215150621e+04 2.787185818588137045e+05 6.801212452769604279e+05 2.485636628740454034e+05 1.464676428013760597e+04 3.635960539441510264e+03 1.067690038521127008e+03 3.232082636739252735e+02
6.989243730327098165e+05 -1.225794816814020742e+06 5.461935642503915587e+05 1.238523287427663017e+05 2.904756887468103087e+05 2.239432995027100260e+05 2.717300309033434372e+06 1.500934585380333175e+01 1.183986299757127547e+01 -3.292623112730569801e+01 3.036312916485367168e+03 3.690072640738132577e+03 6.698418629133331706e+03 1.741152558538548328e+04 2.485636628740424349e+05 5.984234225500113098e+05 2.202526957605002099e+05 1.137534769981448335e+04 2.250570650127976478e+03 4.314546879298604836e+02
7.077712245356626809e+05 -1.178665653651261702e+06 5.050406402840797091e+05 1.192936632443423005e+05 2.742171163808986312e+05 1.758254479444301978e+05 2.473484492070506793e+06 2.359800400971914769e+01 2.326958186262282879e+01 -4.576244736538778568e+01 2.117661592592602119e+03 2.148966416222544012e+03 2.576805578562274150e+03 5.165879344050696091e+03 1.464676428013640179e+04 2.202526957604968338e+05 5.509790913657227065e+05 1.889366498995228903e+05 7.773912171183328610e+03 9.273281195851159282e+02
7.048299839273914695e+05 -1.098584441431162646e+06 4.635147210177335073e+05 1.132454292196800379e+05 2.578442785258803051e+05 1.344574146999203949e+05 2.243160386039515492e+06 3.821689101849307235e+01 5.247256470972462239e+01 -2.149453129342461466e+01 1.540907117028442826e+03 1.350255612935872250e+03 1.404912337197878742e+03 1.752258037540490022e+03 3.635960539441506626e+03 1.137534769981482896e+04 1.889366498995241418e+05 5.368272279572202824e+05 1.427908189146451186e+05 3.384249944718501865e+03
6.666802048822642537e+05 -1.001561380165272625e+06 4.077414480382615002e+05 1.048770870684009278e+05 2.307207168229660892e+05 9.114728664095379645e+04 1.949094276114471490e+06 -1.726722440324317631e+01 -4.378916554886836821e+01 -2.497748210229553933e+01 1.043288974348828788e+03 8.354871772520707509e+02 7.764874356476598223e+02 8.429312796166523185e+02 1.067690038521091765e+03 2.250570650128090165e+03 7.773912171183021201e+03 1.427908189146449149e+05 5.407240056781239109e+05 7.182780979360954370e+04
4.103785276164933457e+05 -5.628438411387138767e+05 2.453705677623001975e+05 6.658849648462027835e+04 1.297145796721317602e+05 2.721853605448750750e+04 1.155814746236860985e+06 -1.843210054696885436e+02 -3.218017039650808329e+02 -1.059448773297472144e+02 4.133582677917789852e+02 3.329623178442535618e+02 3.007388247778175696e+02 3.025741511965189261e+02 3.232082636739423833e+02 4.314546879298507633e+02 9.273281195850528320e+02 3.384249944718458664e+03 7.182780979360955826e+04 3.710024238507723203e+05
