2.986407009382440709e+06 -4.959125444114323705e+06 1.260660384339011274e+06 2.985999521645169007e+05 1.230494864139691461e+06 1.311013465820475249e+06 6.606240140378131531e+06 9.709425546030313126e+04 1.335244462389213732e+05 1.501370313140278740e+05 1.715103651851765753e+05 1.973476154722161882e+05 2.324504766451602627e+05 2.756657028874756070e+05 3.437981127529215883e+05 4.302976579903454985e+05 3.867148684985509608e+05
-4.959125444114282727e+06 8.724202904125915840e+06 -1.998680836375723593e+06 -4.689479267737740884e+05 -2.109863205471526366e+06 -2.278586828767857049e+06 -1.047968964541029930e+07 -1.753816818915342737e+05 -2.329230360737954325e+05 -2.551074963845658640e+05 -2.876751937911184505e+05 -3.238366476604501368e+05 -3.746061219393155188e+05 -4.369427138706508558e+05 -5.280344007846374298e+05 -6.445811608217634493e+05 -5.418018150481882039e+05
1.260660384339012206e+06 -1.998680836375713348e+06 7.882763252676597331e+05 1.849365605140797270e+05 4.864943904283798765e+05 4.060129992472455488e+05 4.040256819861500524e+06 7.092642004218630609e+04 9.373952564473079110e+04 1.067739887802708399e+05 1.209212617555048346e+05 1.377365097795493202e+05 1.581844507416745473e+05 1.824180649960126902e+05 2.202903354772645980e+05 2.649259575337062124e+05 2.343580241652170371e+05
2.985999521645174827e+05 -4.689479267737728660e+05 1.849365605140794942e+05 4.387330521472742112e+04 1.136300144502451294e+05 9.030862134850982693e+04 9.412500620591776678e+05 1.351305239476499082e+04 1.872039675998756502e+04 2.213692495947924544e+04 2.596709190572167790e+04 3.034414045440506743e+04 3.583996962744575285e+04 4.247572636776214495e+04 5.275676079724422743e+04 6.617972972923498310e+04 6.161291587370030902e+04
1.230494864139684709e+06 -2.109863205471531022e+06 4.864943904283808079e+05 1.136300144502451003e+05 5.337876514128245180e+05 6.334752525069138501e+05 2.553356245205294341e+06 4.646848691029123438e+04 6.037373634164981195e+04 6.349099472091461212e+04 6.961044090601282369e+04 7.823296931716994732e+04 8.945464371983773890e+04 1.031486961628336139e+05 1.247793497405579838e+05 1.500910649783726258e+05 1.257112572278607986e+05
1.311013465820473852e+06 -2.278586828767876606e+06 4.060129992472470040e+05 9.030862134850966686e+04 6.334752525069164112e+05 1.025168170151203172e+06 2.165803687189108226e+06 6.364818637559294439e+04 7.802264334324291849e+04 7.079925436529348372e+04 6.908102323731708748e+04 6.989111729420852498e+04 7.130494482734135818e+04 7.286941578279131500e+04 7.598736152660897642e+04 7.455095316371455556e+04 4.080753892932239978e+04
6.606240140378165059e+06 -1.047968964541032165e+07 4.040256819861518685e+06 9.412500620591817424e+05 2.553356245205303188e+06 2.165803687189114746e+06 2.097266874091878906e+07 4.216178158943727030e+05 5.291864292386835441e+05 5.899573562165529002e+05 6.532154385150619783e+05 7.279042765399294440e+05 8.218749237657394260e+05 9.308757039099861868e+05 1.105283660107987467e+06 1.304640633285657968e+06 1.127656300998993218e+06
9.709425546030345140e+04 -1.753816818915346521e+05 7.092642004218589864e+04 1.351305239476491261e+04 4.646848691029142356e+04 6.364818637559284980e+04 4.216178158943720045e+05 7.292210302937032247e+04 3.338328771175897418e+04 1.913520298677207029e+04 1.453063373407449035e+04 1.195827323769321811e+04 1.036279932155825009e+04 9.127576036049818867e+03 8.315201467896793474e+03 7.146802030907717381e+03 3.985856063158787947e+03
1.335244462389224209e+05 -2.329230360737963929e+05 9.373952564473103848e+04 1.872039675998756502e+04 6.037373634165008843e+04 7.802264334324281663e+04 5.291864292386802845e+05 3.338328771175877773e+04 6.887295167842504452e+04 3.412503941391007538e+04 2.239232590608402825e+04 1.749664348155253174e+04 1.473211712560673186e+04 1.271873846854404474e+04 1.138934620596266541e+04 9.633311211801892568e+03 5.278149499489840309e+03
1.501370313140336075e+05 -2.551074963845735474e+05 1.067739887802749290e+05 2.213692495947982025e+04 6.349099472091540520e+04 7.079925436529326544e+04 5.899573562165529002e+05 1.913520298677211758e+04 3.412503941391059197e+04 6.842722559851616097e+04 3.525256977864711371e+04 2.411219972392397176e+04 1.905814896708037850e+04 1.602230156327793156e+04 1.405244647777370119e+04 1.165457122397992862e+04 6.258843965382296119e+03
1.715103651851772447e+05 -2.876751937911127461e+05 1.209212617555072648e+05 2.596709190572220541e+04 6.961044090601202333e+04 6.908102323731681099e+04 6.532154385150492890e+05 1.453063373407458857e+04 2.239232590608431201e+04 3.525256977864471264e+04 7.351556144007957482e+04 3.748244866663773428e+04 2.649156047431861953e+04 2.070772315802293451e+04 1.772415871083964157e+04 1.435082324813893865e+04 7.524745666255005744e+03
1.973476154722184001e+05 -3.238366476604454219e+05 1.377365097795491456e+05 3.034414045440529299e+04 7.823296931717146072e+04 6.989111729421209020e+04 7.279042765399261843e+05 1.195827323769330178e+04 1.749664348155270636e+04 2.411219972392388081e+04 3.748244866663846187e+04 8.228747643250820693e+04 4.303067122675536666e+04 2.939217438565075281e+04 2.324694804995357117e+04 1.830613922486740557e+04 9.300576020657212212e+03
2.324504766451641917e+05 -3.746061219393183710e+05 1.581844507416752167e+05 3.583996962744602934e+04 8.945464371983955789e+04 7.130494482734233316e+04 8.218749237657471094e+05 1.036279932155827373e+04 1.473211712560671549e+04 1.905814896708047672e+04 2.649156047431907791e+04 4.303067122675848805e+04 9.725467027350411809e+04 4.973868688296791515e+04 3.399270473101796961e+04 2.467103809052654833e+04 1.203684538646555302e+04
2.756657028874762473e+05 -4.369427138706516707e+05 1.824180649960115843e+05 4.247572636776207946e+04 1.031486961628337740e+05 7.286941578279131500e+04 9.308757039099877002e+05 9.127576036049782488e+03 1.271873846854398107e+04 1.602230156327782606e+04 2.070772315802275989e+04 2.939217438565208431e+04 4.973868688296801702e+04 1.197868614229741797e+05 6.142921480163188971e+04 3.675053226143294887e+04 1.643335147648521161e+04
3.437981127529223450e+05 -5.280344007846375462e+05 2.202903354772636085e+05 5.275676079724411102e+04 1.247793497405580274e+05 7.598736152660973312e+04 1.105283660107983975e+06 8.315201467896773465e+03 1.138934620596262175e+04 1.405244647777362843e+04 1.772415871083953607e+04 2.324694804995342201e+04 3.399270473101748939e+04 6.142921480163151136e+04 1.632816316461612878e+05 7.937057598388261977e+04 2.660290796961101296e+04
4.302976579903451493e+05 -6.445811608217629837e+05 2.649259575337061542e+05 6.617972972923493944e+04 1.500910649783725676e+05 7.455095316371449735e+04 1.304640633285656571e+06 7.146802030907716471e+03 9.633311211801898025e+03 1.165457122397993408e+04 1.435082324813894593e+04 1.830613922486740557e+04 2.467103809052653014e+04 3.675053226143283973e+04 7.937057598388253246e+04 2.404089643960256944e+05 7.353138769257630338e+04
3.867148684985509608e+05 -5.418018150481882039e+05 2.343580241652170080e+05 6.161291587370030174e+04 1.257112572278607840e+05 4.080753892932237068e+04 1.127656300998992985e+06 3.985856063158787947e+03 5.278149499489841219e+03 6.258843965382297029e+03 7.524745666255005744e+03 9.300576020657210393e+03 1.203684538646555302e+04 1.643335147648519342e+04 2.660290796961102023e+04 7.353138769257627428e+04 2.801458016794847208e+05
