4.602440285747539019e+05 -8.788959844099244801e+05 1.225365161841068402e+04 2.863172997018986734e+03 1.826024117177685257e+05 1.541816701205007266e+05 1.966461986664367723e+05 8.843030434731841524e+03 1.191338704499684172e+04 1.254914317352802937e+04 1.215796798447410947e+04 1.109036865299778219e+04 1.008043948791223738e+04 8.250183172268398266e+03 5.629855154408673116e+03 1.176540357445914651e+03 -7.983782862921141714e+03
-8.788959844099222682e+05 2.111129420222240034e+06 1.973248431541909667e+04 6.917832468762192548e+03 -4.022950929576894268e+05 -3.421093168620783836e+05 -1.046430704228276882e+05 -2.276146592701219561e+04 -2.484443702251779905e+04 -2.252611221949049286e+04 -1.865070680025657202e+04 -1.320982199310581018e+04 -8.032469830684827684e+03 3.806167020917837363e+02 1.307906742158635279e+04 2.965449829490166667e+04 5.726460468954029784e+04
1.225365161840929068e+04 1.973248431542210164e+04 1.516360186216101283e+05 3.488930687811283133e+04 -2.271574908871590742e+04 -1.143939011310722562e+05 7.406075261634244816e+05 2.551343410724543355e+04 3.102130428699880576e+04 3.305332081933641894e+04 3.428089540377054072e+04 3.563751081006690220e+04 3.759434312943261466e+04 4.002412018758074555e+04 4.464189146109922149e+04 5.083285524921702017e+04 4.778787533476608223e+04
2.863172997018652040e+03 6.917832468762345343e+03 3.488930687811264943e+04 8.199318893323150405e+03 -5.741514907723768374e+03 -2.692939327565973508e+04 1.673237983026913716e+05 4.127745553154084519e+03 5.576523480442024265e+03 6.412534331473927523e+03 7.051000534999564479e+03 7.681103078750620625e+03 8.460856468214322376e+03 9.393602749094645333e+03 1.091441668957650472e+04 1.303037915308852644e+04 1.290567386873330543e+04
1.826024117177709122e+05 -4.022950929576948984e+05 -2.271574908871654043e+04 -5.741514907723916622e+03 8.638703878602971963e+04 8.903236075118574081e+04 -5.968458784338839178e+04 2.957972627056591591e+03 2.092215369777415617e+03 9.977768471142974249e+02 -1.689912716359501417e+02 -1.428164119304311953e+03 -2.839429718510849398e+03 -5.102667080713948963e+03 -8.103918500467152626e+03 -1.273347434898593929e+04 -1.774075566200395406e+04
1.541816701205026475e+05 -3.421093168620850192e+05 -1.143939011310714413e+05 -2.692939327565967324e+04 8.903236075118472218e+04 1.559595857311154250e+05 -5.004069084831729997e+05 -8.106916548739031896e+03 -1.561473376476452177e+04 -1.953270085546488554e+04 -2.231779446698874381e+04 -2.478021397686607452e+04 -2.760481485167113715e+04 -3.102525970972025607e+04 -3.628497109821700724e+04 -4.334610034795296087e+04 -4.374245519339223392e+04
1.966461986664471915e+05 -1.046430704228435206e+05 7.406075261634197086e+05 1.673237983026913134e+05 -5.968458784337808902e+04 -5.004069084831667133e+05 3.753194459331314079e+06 1.751598756738076918e+05 1.878147679607561440e+05 1.858291877678968594e+05 1.827304322095226962e+05 1.814933438049506512e+05 1.844050870710754534e+05 1.898697548275750596e+05 2.050546432838541223e+05 2.259919211056119530e+05 2.060832010895609856e+05
8.843030434731894275e+03 -2.276146592701233385e+04 2.551343410724543355e+04 4.127745553154084519e+03 2.957972627056611600e+03 -8.106916548739025529e+03 1.751598756738079246e+05 5.302700541950774641e+04 1.758241698928258484e+04 7.649586873714859394e+03 4.600310759180587411e+03 3.040187200469883464e+03 2.137196232028653867e+03 1.521368846643745428e+03 1.102248953146673330e+03 7.497678188776122852e+02 3.601886028419654622e+02
1.191338704499687810e+04 -2.484443702251811192e+04 3.102130428699898039e+04 5.576523480442047003e+03 2.092215369777440173e+03 -1.561473376476469639e+04 1.878147679607557657e+05 1.758241698928255937e+04 4.418071082407595532e+04 1.650150347758768476e+04 7.679592992845944536e+03 4.613207477087797088e+03 3.071013588665995485e+03 2.093754499012442011e+03 1.459989998917452795e+03 9.571030843885312152e+02 4.423769321223040265e+02
1.254914317352826947e+04 -2.252611221949059836e+04 3.305332081933681184e+04 6.412534331474030296e+03 9.977768471145609510e+02 -1.953270085546498012e+04 1.858291877678963356e+05 7.649586873714855756e+03 1.650150347758760108e+04 4.101016868109324423e+04 1.558255383471159803e+04 7.066239316875240547e+03 4.220302556002216988e+03 2.724604295554816417e+03 1.812935995046260587e+03 1.137561173350231002e+03 5.035914524819716007e+02
1.215796798447443143e+04 -1.865070680025316688e+04 3.428089540376957302e+04 7.051000534999373485e+03 -1.689912716348376307e+02 -2.231779446698680113e+04 1.827304322095204261e+05 4.600310759180561945e+03 7.679592992845711706e+03 1.558255383471087043e+04 3.993667813468427630e+04 1.479911043409216654e+04 6.461304550423046749e+03 3.706405285414409718e+03 2.320902589948891546e+03 1.376249254712953189e+03 5.775342681592792360e+02
1.109036865299901183e+04 -1.320982199310522628e+04 3.563751081006375898e+04 7.681103078750009445e+03 -1.428164119302470908e+03 -2.478021397686274577e+04 1.814933438049407268e+05 3.040187200469879826e+03 4.613207477087727966e+03 7.066239316875336044e+03 1.479911043409183912e+04 4.027416648997704033e+04 1.510825965332322630e+04 5.859438402785037397e+03 3.217322039636901536e+03 1.771090945879117498e+03 6.910620525112467476e+02
1.008043948791541152e+04 -8.032469830693553376e+03 3.759434312943118857e+04 8.460856468214289634e+03 -2.839429718508515180e+03 -2.760481485166973653e+04 1.844050870710743766e+05 2.137196232028667964e+03 3.071013588666040505e+03 4.220302556002210622e+03 6.461304550423245018e+03 1.510825965332521082e+04 4.280526750283767615e+04 1.518334631097616875e+04 5.292376052956602507e+03 2.522122085187318589e+03 8.927063827708059307e+02
8.250183172267477858e+03 3.806167020907960250e+02 4.002412018757990154e+04 9.393602749094658066e+03 -5.102667080713974428e+03 -3.102525970972089635e+04 1.898697548275733425e+05 1.521368846643756115e+03 2.093754499012471115e+03 2.724604295554809141e+03 3.706405285414761238e+03 5.859438402784799109e+03 1.518334631097618694e+04 4.778617240161358495e+04 1.549694075348287333e+04 4.233940116820444928e+03 1.263271535102069947e+03
5.629855154408272938e+03 1.307906742158762427e+04 4.464189146109938156e+04 1.091441668957646834e+04 -8.103918500467485501e+03 -3.628497109821747290e+04 2.050546432838551700e+05 1.102248953146674012e+03 1.459989998917450066e+03 1.812935995046250810e+03 2.320902589948941113e+03 3.217322039636749651e+03 5.292376052956749845e+03 1.549694075348345723e+04 5.761413294170564768e+04 1.566887647772220225e+04 2.339608170033779970e+03
1.176540357445911468e+03 2.965449829490187403e+04 5.083285524921704928e+04 1.303037915308850097e+04 -1.273347434898589563e+04 -4.334610034795291722e+04 2.259919211056119238e+05 7.497678188776141042e+02 9.571030843885350805e+02 1.137561173350236686e+03 1.376249254712961374e+03 1.771090945879152969e+03 2.522122085187342236e+03 4.233940116820454023e+03 1.566887647772211858e+04 7.327209304670010170e+04 1.213987594205658752e+04
-7.983782862921131709e+03 5.726460468954034150e+04 4.778787533476608951e+04 1.290567386873330906e+04 -1.774075566200394314e+04 -4.374245519339221937e+04 2.060832010895608691e+05 3.601886028419655759e+02 4.423769321223040265e+02 5.035914524819716007e+02 5.775342681592788949e+02 6.910620525112475434e+02 8.927063827708082044e+02 1.263271535102072448e+03 2.339608170033775423e+03 1.213987594205657660e+04 7.743471105763870582e+04
