4.673011210097982548e+05 -8.946229408183177002e+05 2.888137903062835539e+04 5.754961486323019017e+03 1.842876968210006598e+05 1.464845929811788374e+05 3.000773707890192163e+05 2.246444062870978451e+04 2.809349283502907929e+04 2.393789292882438531e+04 1.994878857348087331e+04 1.579339726038329536e+04 1.262800063146762113e+04 9.394602662505221815e+03 5.365477580796438815e+03 5.909032518213007279e+01 -9.205283813026695498e+03
-8.946229408183122287e+05 2.154139123525791802e+06 -1.353312429080588117e+04 2.070642164727589261e+03 -4.087584630998261855e+05 -3.326201507210832788e+05 -3.399092025609374978e+05 -7.913953718687777291e+04 -6.458938332440092927e+04 -4.602991591828727542e+04 -3.213435449157780386e+04 -1.941127511382234661e+04 -9.767586505085680983e+03 2.156908487458760646e+03 1.827866961838522184e+04 3.503905046133063297e+04 6.129394244016268931e+04
2.888137903062888654e+04 -1.353312429080491711e+04 2.004445838798843324e+05 4.392777913399643148e+04 -2.051757948266377207e+04 -1.391618240348529362e+05 1.035428480083121685e+06 7.034635211708192946e+04 6.604923955594931613e+04 5.657413747999996122e+04 5.068875253246183274e+04 4.775976149655546033e+04 4.658566183948538674e+04 4.690519658501662343e+04 4.935545861884333135e+04 5.366785724561198003e+04 4.779008341082344850e+04
5.754961486323404642e+03 2.070642164727257295e+03 4.392777913399647514e+04 9.981427371534737176e+03 -5.687014764499020202e+03 -3.219056759202264220e+04 2.186764859463850444e+05 9.209047928383652106e+03 1.096624957196644209e+04 1.067382727982014512e+04 1.037023025872874859e+04 1.035550258354803009e+04 1.061066423730478709e+04 1.118154416322566976e+04 1.225227883223514436e+04 1.395084924039399812e+04 1.303680344150323799e+04
1.842876968209975166e+05 -4.087584630998215871e+05 -2.051757948266332460e+04 -5.687014764499014746e+03 8.775208868901868118e+04 9.003995190048604854e+04 -3.646926985954447446e+04 1.395058806395581269e+04 7.139369082344666822e+03 3.066264936594355731e+03 4.892333722041155966e+02 -1.621502632921871736e+03 -3.626623801514619117e+03 -6.468760618384329064e+03 -9.748934645169640135e+03 -1.431671546076361847e+04 -1.858195080958392646e+04
1.464845929811766837e+05 -3.326201507210825803e+05 -1.391618240348531981e+05 -3.219056759202271496e+04 9.003995190048689255e+04 1.731624775446259300e+05 -6.279405658004479483e+05 -5.255518559469094726e+03 -3.010446168745748218e+04 -3.297972579672162101e+04 -3.335303127032982593e+04 -3.385401519937770354e+04 -3.504373336311665480e+04 -3.723496939988839586e+04 -4.100363237067666341e+04 -4.652237916200296604e+04 -4.428771901039872319e+04
3.000773707890227670e+05 -3.399092025609393604e+05 1.035428480083122849e+06 2.186764859463849280e+05 -3.646926985954520205e+04 -6.279405658004465513e+05 5.640258655555430800e+06 5.687386870924315881e+05 4.172323412400468369e+05 3.208432882636750583e+05 2.681134932330129086e+05 2.392411521560942638e+05 2.238444011811730452e+05 2.180526060185479000e+05 2.226767184312968748e+05 2.351389793300578604e+05 2.042654820165592246e+05
2.246444062870975904e+04 -7.913953718687768560e+04 7.034635211708194402e+04 9.209047928383659382e+03 1.395058806395579268e+04 -5.255518559469138381e+03 5.687386870924318209e+05 2.724341141503109247e+05 2.427230899659686838e+04 1.267106783080072773e+03 2.401596599911028420e+02 6.167350857726894731e+01 1.300982564511919470e+01 2.513343478661306918e+00 6.479894544506368259e-01 2.029241147185663618e-01 4.355289655265361798e-02
2.809349283502892649e+04 -6.458938332440055092e+04 6.604923955594947620e+04 1.096624957196647301e+04 7.139369082344594972e+03 -3.010446168745758769e+04 4.172323412400472444e+05 2.427230899659691204e+04 1.666927854483400006e+05 2.536525274984583666e+04 1.355247535745999812e+03 2.810365594027352358e+02 6.414334744175046410e+01 1.253550260112641546e+01 2.906459498815294751e+00 8.699814402873875530e-01 1.836648310698850428e-01
2.393789292882353038e+04 -4.602991591828531818e+04 5.657413747999996122e+04 1.067382727982012875e+04 3.066264936594083338e+03 -3.297972579672186839e+04 3.208432882636735449e+05 1.267106783080085734e+03 2.536525274984567295e+04 1.170699903205596202e+05 2.456800945906514244e+04 1.323547521104492034e+03 2.527450203495059782e+02 5.495067050108998785e+01 1.124043704779340658e+01 2.879063596183084606e+00 5.801955489259568166e-01
1.994878857348123711e+04 -3.213435449157799667e+04 5.068875253246149805e+04 1.037023025872867220e+04 4.892333722041418014e+02 -3.335303127032939665e+04 2.681134932330102311e+05 2.401596599910365057e+02 1.355247535745783352e+03 2.456800945906516426e+04 9.189553138127524289e+04 2.354354463316757028e+04 1.262000989279688838e+03 2.386091076316971566e+02 5.222699603502385912e+01 1.194919774547848768e+01 2.223938065360255401e+00
1.579339726038572371e+04 -1.941127511382514058e+04 4.775976149655455083e+04 1.035550258354780090e+04 -1.621502632921297845e+03 -3.385401519937599369e+04 2.392411521560896072e+05 6.167350857719502244e+01 2.810365594025536211e+02 1.323547521104130283e+03 2.354354463316739566e+04 7.909240564004475891e+04 2.217235871306652552e+04 1.184684050445075400e+03 2.277225383942096926e+02 5.549526218988889070e+01 9.851127840727972540e+00
1.262800063146905813e+04 -9.767586505087401747e+03 4.658566183948593971e+04 1.061066423730484166e+04 -3.626623801514503612e+03 -3.504373336311639287e+04 2.238444011811751407e+05 1.300982564509593686e+01 6.414334744169656233e+01 2.527450203492861647e+02 1.262000989279866872e+03 2.217235871306762056e+04 7.356533283521150588e+04 2.053797735032830678e+04 1.080859334465224265e+03 2.205924557253762828e+02 3.908855612668397583e+01
9.394602662505079934e+03 2.156908487460131255e+03 4.690519658501688536e+04 1.118154416322566613e+04 -6.468760618384703776e+03 -3.723496939988860686e+04 2.180526060185491224e+05 2.513343478686752785e+00 1.253550260121999571e+01 5.495067050123295616e+01 2.386091076319680724e+02 1.184684050445344383e+03 2.053797735032807032e+04 7.371398585774819367e+04 1.822777979690022403e+04 9.050631427317135831e+02 1.327268823971183167e+02
5.365477580795851281e+03 1.827866961838620773e+04 4.935545861884361511e+04 1.225227883223517347e+04 -9.748934645170000294e+03 -4.100363237067709269e+04 2.226767184312982718e+05 6.479894544655624422e-01 2.906459498867189684e+00 1.124043704787643350e+01 5.222699603517408207e+01 2.277225383942935082e+02 1.080859334465341135e+03 1.822777979690039137e+04 8.003910820847426658e+04 1.523655666741185269e+04 5.746330944060746333e+02
5.909032518211552087e+01 3.503905046133057476e+04 5.366785724561194365e+04 1.395084924039399266e+04 -1.431671546076363848e+04 -4.652237916200300970e+04 2.351389793300579186e+05 2.029241147191901407e-01 8.699814402898582433e-01 2.879063596185987617e+00 1.194919774548836600e+01 5.549526218988650328e+01 2.205924557253737248e+02 9.050631427316714053e+02 1.523655666741187270e+04 9.072657088047559955e+04 1.082439511231556389e+04
-9.205283813026693679e+03 6.129394244016268203e+04 4.779008341082346305e+04 1.303680344150323799e+04 -1.858195080958393373e+04 -4.428771901039872319e+04 2.042654820165592246e+05 4.355289655245615787e-02 1.836648310692879371e-01 5.801955489250458786e-01 2.223938065358608274e+00 9.851127840725851570e+00 3.908855612668368451e+01 1.327268823971185157e+02 5.746330944060737238e+02 1.082439511231556389e+04 8.329662921153077332e+04
