6.109230251904316247e+06 -1.031002211535943300e+07 3.492503435263987165e+06 7.593630363452944439e+05 2.568728657992373221e+06 2.805047125790147576e+06 1.901545539456328005e+07 8.124539184617036954e+05 1.024536382031301502e+06 9.086247614024528302e+05 8.415862493434570497e+05 7.828199100106291007e+05 7.590135429179552011e+05 7.477965809932148550e+05 7.290254599995871540e+05 6.790077496933888178e+05 4.149023042956531281e+05
-1.031002211535942554e+07 1.801574724961346388e+07 -5.859084836079332978e+06 -1.250826048163606785e+06 -4.458581626371436752e+06 -5.046359395902631804e+06 -3.223184853575831652e+07 -1.751637326189510059e+06 -1.931704569007747341e+06 -1.620082311879322398e+06 -1.465451375511826947e+06 -1.311755512853570282e+06 -1.232799332080272492e+06 -1.184288843814645661e+06 -1.102573727263201028e+06 -1.003479049259666703e+06 -5.632704295580233447e+05
3.492503435263983905e+06 -5.859084836079320870e+06 2.397310773371677846e+06 5.125097599083073437e+05 1.458124266375850653e+06 1.533410698580496712e+06 1.306307374435567856e+07 6.405628337544273818e+05 7.867514678076496348e+05 6.956238730493658222e+05 6.257667661352148280e+05 5.730692853284454904e+05 5.306572049803303089e+05 4.948136941315745353e+05 4.574993438252476044e+05 4.049791295142853050e+05 2.448324273695325828e+05
7.593630363452943275e+05 -1.250826048163606320e+06 5.125097599083075766e+05 1.125137100152404746e+05 3.072434272519706283e+05 2.966776370406064088e+05 2.741678140838565305e+06 9.130826876842256752e+04 1.336729682809568476e+05 1.319851650540819974e+05 1.282055084602154675e+05 1.238412874474420678e+05 1.198096505872870039e+05 1.164987699884963076e+05 1.115369154815160873e+05 1.040890527004278265e+05 6.645394787730165990e+04
2.568728657992371824e+06 -4.458581626371438615e+06 1.458124266375852749e+06 3.072434272519706283e+05 1.133723653550998075e+06 1.371241185056927381e+06 8.093611396637646481e+06 5.347474180979265366e+05 5.274785974624888040e+05 4.095508283749097027e+05 3.501933450022209436e+05 3.139610841218826827e+05 2.921404316388179432e+05 2.755781055582857225e+05 2.588428941920372890e+05 2.312166240273259755e+05 1.298405916578255710e+05
2.805047125790148973e+06 -5.046359395902642980e+06 1.533410698580494151e+06 2.966776370406058850e+05 1.371241185056929477e+06 2.102652311523785349e+06 8.951112921904386953e+06 1.046244980972589343e+06 8.412947544364988571e+05 5.475982459963294677e+05 3.890007285857924144e+05 2.905596683505622204e+05 2.253744018786462257e+05 1.770724523516788613e+05 1.354626475661661534e+05 9.173134711525938474e+04 2.745632606570635471e+04
1.901545539456328750e+07 -3.223184853575830907e+07 1.306307374435569718e+07 2.741678140838568099e+06 8.093611396637650207e+06 8.951112921904399991e+06 7.227395390160325170e+07 4.470664679895093665e+06 4.873213521614197642e+06 4.032937351892655250e+06 3.457826665127526969e+06 3.039497024565091357e+06 2.735382009834396653e+06 2.487215809809069149e+06 2.252395597559007816e+06 1.954136420892370865e+06 1.157216506911718752e+06
8.124539184617039282e+05 -1.751637326189510990e+06 6.405628337544270325e+05 9.130826876842253841e+04 5.347474180979267694e+05 1.046244980972589692e+06 4.470664679895091802e+06 1.998185053306008223e+06 3.028883153610799927e+05 2.819079586416044913e+04 8.554804555547685595e+03 3.608327234702395799e+03 2.156903445288788134e+03 1.552673102155423521e+03 1.177235599193146300e+03 8.414789079114186734e+02 3.936996880119997968e+02
1.024536382031301735e+06 -1.931704569007748738e+06 7.867514678076495184e+05 1.336729682809569058e+05 5.274785974624890368e+05 8.412947544364999048e+05 4.873213521614196710e+06 3.028883153610801091e+05 1.567402725385923404e+06 3.148522023925592657e+05 2.002263106969607179e+04 5.610935908155233847e+03 2.191580570684915074e+03 1.320630697843414055e+03 9.044823494747311088e+02 6.008638544705702316e+02 2.641249683857100763e+02
9.086247614024498034e+05 -1.620082311879319837e+06 6.956238730493653566e+05 1.319851650540817936e+05 4.095508283749088878e+05 5.475982459963288857e+05 4.032937351892647333e+06 2.819079586416044185e+04 3.148522023925591493e+05 1.056178266528128646e+06 3.015574244349322398e+05 1.565811116787954234e+04 4.130042011049332359e+03 1.305698464268371481e+03 7.189352640061215425e+02 4.240498741192375860e+02 1.723818632656646628e+02
8.415862493434590288e+05 -1.465451375511833932e+06 6.257667661352147115e+05 1.282055084602153802e+05 3.501933450022223988e+05 3.890007285857952666e+05 3.457826665127513930e+06 8.554804555547698328e+03 2.002263106969560249e+04 3.015574244349318906e+05 8.058442669029796962e+05 2.717962046265199897e+05 1.452415448950505015e+04 3.399846362612396661e+03 9.183954974447219683e+02 4.306477647921165044e+02 1.546945948177655055e+02
7.828199100106316619e+05 -1.311755512853577267e+06 5.730692853284402518e+05 1.238412874474409327e+05 3.139610841218855930e+05 2.905596683505719993e+05 3.039497024565055035e+06 3.608327234702462647e+03 5.610935908155544894e+03 1.565811116787931860e+04 2.717962046265155659e+05 6.696779641003723955e+05 2.433957770844161569e+05 1.304447922426425066e+04 2.614732704690423816e+03 6.338924250369109359e+02 1.843264345503355912e+02
7.590135429179542698e+05 -1.232799332080266904e+06 5.306572049803339178e+05 1.198096505872877606e+05 2.921404316388166626e+05 2.253744018786440138e+05 2.735382009834404569e+06 2.156903445288810872e+03 2.191580570684970553e+03 4.130042011049987195e+03 1.452415448950800055e+04 2.433957770844227634e+05 5.904251859795071650e+05 2.169251932439140801e+05 1.051612594773308956e+04 1.775337012949759355e+03 3.011865000683993117e+02
7.477965809932148550e+05 -1.184288843814641936e+06 4.948136941315754666e+05 1.164987699884962931e+05 2.755781055582856061e+05 1.770724523516793270e+05 2.487215809809073806e+06 1.552673102155434663e+03 1.320630697843467033e+03 1.305698464268471525e+03 3.399846362613091515e+03 1.304447922426558944e+04 2.169251932439131779e+05 5.455523806650682818e+05 1.871138236711301142e+05 7.364217157919256351e+03 8.102989099903853685e+02
7.290254599995887838e+05 -1.102573727263202658e+06 4.574993438252471969e+05 1.115369154815159709e+05 2.588428941920379293e+05 1.354626475661672011e+05 2.252395597559008282e+06 1.177235599193161306e+03 9.044823494747804489e+02 7.189352640061902093e+02 9.183954974448702160e+02 2.614732704690263290e+03 1.051612594773257661e+04 1.871138236711294740e+05 5.335730285665858537e+05 1.419652202887904132e+05 3.291113747588260594e+03
6.790077496933895163e+05 -1.003479049259667750e+06 4.049791295142851304e+05 1.040890527004277974e+05 2.312166240273260628e+05 9.173134711525944294e+04 1.954136420892370399e+06 8.414789079114207198e+02 6.008638544705777349e+02 4.240498741192507737e+02 4.306477647921340122e+02 6.338924250369210540e+02 1.775337012949745940e+03 7.364217157919211786e+03 1.419652202887903550e+05 5.393796081891221693e+05 7.176231281679851236e+04
4.149023042956531281e+05 -5.632704295580235776e+05 2.448324273695325828e+05 6.645394787730165990e+04 1.298405916578256001e+05 2.745632606570635471e+04 1.157216506911718752e+06 3.936996880119996831e+02 2.641249683857097352e+02 1.723818632656644922e+02 1.546945948177658465e+02 1.843264345503378081e+02 3.011865000684003917e+02 8.102989099904025352e+02 3.291113747588275146e+03 7.176231281679851236e+04 3.708382268908096012e+05
