3.789093025044184178e+05 -1.303743829411566549e+05 -2.235667140061679311e+04 -6.208499664551421120e+03 2.874778206108628729e+04 1.950084757716981767e+04 3.359333748281503795e+05 2.864299067787463855e+02 2.673580146891687264e+02 -4.258549483115618841e+02
-1.303743829411584156e+05 1.654952755131582380e+05 1.721566425788500055e+03 2.501011182320763169e+02 -3.889401736750147393e+04 -5.032626537767535774e+04 -6.759331455398649268e+04 9.237153241694734334e+02 1.232322198580210625e+03 -5.408709496523993039e+02
-2.235667140061655664e+04 1.721566425788765855e+03 2.023401941020490540e+03 5.425740809623603127e+02 1.018150843582454286e+02 2.468802905402795659e+03 -2.140649956470376128e+04 -2.257959350666161669e+01 -3.361744889973829586e+00 7.601205011009042778e+01
-6.208499664551364731e+03 2.501011182321688580e+02 5.425740809623590621e+02 1.572074047987308063e+02 6.666841617755976301e+01 7.123007401903541904e+02 -6.272955930890642776e+03 -2.058307534798271021e+01 -2.013515909422525496e+01 2.846350784952017676e+01
2.874778206108650920e+04 -3.889401736749918928e+04 1.018150843582620695e+02 6.666841617757303595e+01 9.772138687239516003e+03 1.435871491788942149e+04 1.441874617665841834e+04 -2.290921433931139006e+02 -3.008429667595361252e+02 1.438678255461261983e+02
1.950084757717017419e+04 -5.032626537767421542e+04 2.468802905402858414e+03 7.123007401903797700e+02 1.435871491788965068e+04 2.679250561045989161e+04 1.764977976432459400e+03 -3.791897418203567440e+02 -4.785588106424942225e+02 2.776770157867546800e+02
3.359333748281485168e+05 -6.759331455399387050e+04 -2.140649956470361940e+04 -6.272955930890624586e+03 1.441874617665946789e+04 1.764977976434078300e+03 3.241762638274251949e+05 7.329691128485465015e+02 8.175693210640620237e+02 -7.882808176277825396e+02
2.864299067787724766e+02 9.237153241694288681e+02 -2.257959350666013876e+01 -2.058307534798224481e+01 -2.290921433931051183e+02 -3.791897418203464554e+02 7.329691128485551417e+02 6.750282328062529302e+01 9.522870710586514065e+01 -2.528967146793761955e+01
2.673580146892161338e+02 1.232322198580142867e+03 -3.361744889972817063e+00 -2.013515909422478245e+01 -3.008429667595238470e+02 -4.785588106424806938e+02 8.175693210640829420e+02 9.522870710586479959e+01 1.391695699335392646e+02 -2.435740279813082765e+01
-4.258549483115884868e+02 -5.408709496523963480e+02 7.601205011009075463e+01 2.846350784952031177e+01 1.438678255461243793e+02 2.776770157867540547e+02 -7.882808176278014116e+02 -2.528967146793841891e+01 -2.435740279813207820e+01 3.693887769513000308e+01
