9.029046426157142967e+06 -2.707515056923182681e+06 -3.734364452720813570e+05 -7.069177940356647014e+04 8.060523209825045196e+05 1.499032553906107321e+06 6.318214330374913290e+06 -8.917420363416422333e+03 -8.833734212211653357e+03 1.287221279461835729e+04
-2.707515056923185010e+06 1.010521477742474992e+06 1.032991166116463864e+05 1.933164595481042488e+04 -2.970980900643654168e+05 -5.542119573031925829e+05 -1.840465716459874529e+06 3.576558685967481324e+03 3.914857828412796152e+03 -4.230206694424925445e+03
-3.734364452720812988e+05 1.032991166116463137e+05 1.654888776564503496e+04 3.209869717530948947e+03 -3.035001812692822568e+04 -5.485458029819895455e+04 -2.653340198721599882e+05 3.591877412567985175e+02 3.798284007026593372e+02 -4.592677709331254050e+02
-7.069177940356644103e+04 1.933164595481042852e+04 3.209869717530948492e+03 6.633200607774527953e+02 -5.601591844777257393e+03 -9.807692825778558472e+03 -5.180065191031259019e+04 4.360669796131143272e+01 4.576438563891068156e+01 -5.831554386875144758e+01
8.060523209825047525e+05 -2.970980900643653003e+05 -3.035001812692825843e+04 -5.601591844777257393e+03 8.912051561602961738e+04 1.706545884060798562e+05 5.447287436645160196e+05 -1.057525030200456740e+03 -1.136832503440520895e+03 1.298407681552350823e+03
1.499032553906107787e+06 -5.542119573031928157e+05 -5.485458029819897638e+04 -9.807692825778556653e+03 1.706545884060799726e+05 3.394150371986699756e+05 9.975129484182834858e+05 -2.042056328775857082e+03 -2.157143334311326271e+03 2.588180544709613059e+03
6.318214330374912359e+06 -1.840465716459873831e+06 -2.653340198721600464e+05 -5.180065191031261202e+04 5.447287436645156704e+05 9.975129484182836022e+05 4.506826892349903472e+06 -5.337393805512933795e+03 -5.235035608139413853e+03 7.877882840676546948e+03
-8.917420363416425971e+03 3.576558685967483143e+03 3.591877412567987449e+02 4.360669796131145404e+01 -1.057525030200456968e+03 -2.042056328775857310e+03 -5.337393805512934705e+03 8.541531249484110333e+01 1.139679796296619116e+02 -4.804829193533138465e+01
-8.833734212211658814e+03 3.914857828412802519e+03 3.798284007026596214e+02 4.576438563891074551e+01 -1.136832503440521805e+03 -2.157143334311326726e+03 -5.235035608139414762e+03 1.139679796296619116e+02 1.598664305156082435e+02 -4.551731399265374733e+01
1.287221279461836275e+04 -4.230206694424916350e+03 -4.592677709331260871e+02 -5.831554386875160390e+01 1.298407681552348549e+03 2.588180544709609876e+03 7.877882840676551496e+03 -4.804829193533137044e+01 -4.551731399265370470e+01 7.257197654774836337e+01
