2.276416609255342744e+06 -1.028752842990271165e+06 -2.573105661405278952e+05 -5.000134289886551414e+04 2.143835493303163676e+05 1.718887329269328038e+05 7.080102467038888717e+05 1.207548598516897800e+04 1.918277566347896209e+04 1.679746353625237589e+03 -2.009507267754850909e+05 -9.089781165084079839e+04 -5.507952990084027988e+04 -3.381149709547905513e+04 -2.108598465165539528e+04 -1.164820265280934836e+04 -5.441387123261985835e+03 -2.779847074094806885e+03 -4.264134368597060529e+03 -1.218125903257315076e+04
-1.028752842990471283e+06 2.267832021540616173e+06 -6.475540578052637102e+03 3.823500399073481276e+03 -4.316292373712539556e+05 -3.524576752059610444e+05 -4.232275900294222520e+05 1.513559952898022232e+02 3.303490952903364359e+02 2.446718156643456155e+02 -7.542555756140519225e+04 -6.553590401567821391e+04 -4.644661493254954985e+04 -3.304056784182965202e+04 -1.994610925868239428e+04 -1.006456656405737886e+04 2.059647138565720525e+03 1.877142500381529680e+04 3.603293272903346951e+04 6.346351613362845092e+04
-2.573105661404920102e+05 -6.475540578092212854e+03 2.729812074692166643e+05 5.942007181330492313e+04 -2.274385803941188351e+04 -1.442967854044437408e+05 1.032925948825687054e+06 9.926687751994210203e+02 1.726621320228771765e+03 5.153648451134037032e+02 1.033947846216402977e+05 9.279293021635639889e+04 7.866766189305816079e+04 6.826293476126009773e+04 6.107450192437379883e+04 5.656427698784742097e+04 5.398986678482690331e+04 5.425353092227839079e+04 5.686930365929937398e+04 4.958893402364167559e+04
-5.000134289885927865e+04 3.823500399066704631e+03 5.942007181330483581e+04 1.345290241517146569e+04 -6.204181748290244286e+03 -3.324964333787728538e+04 2.183111520002890611e+05 2.918191253560096357e+02 5.036049176977629145e+02 1.421891909199736119e+02 1.420559932376504548e+04 1.585855354273687044e+04 1.530377741097873513e+04 1.435116823845261024e+04 1.358737085432259119e+04 1.317173781955108461e+04 1.308532670354964648e+04 1.360839214180177805e+04 1.483601474886903088e+04 1.351358828586523123e+04
2.143835493303760304e+05 -4.316292373712991830e+05 -2.274385803942465645e+04 -6.204181748292590783e+03 9.289805942020977091e+04 9.558393051453094813e+04 -2.136122291442161441e+04 -5.031388640117633315e+01 -9.778155087264489964e+01 -5.147092429703447181e+01 1.255292862727769534e+04 7.242706354642983570e+03 3.119556802943733601e+03 5.841999134163561394e+02 -1.626478459175996250e+03 -3.713138816816579492e+03 -6.622224094881199562e+03 -1.005047125067345769e+04 -1.476143128186979811e+04 -1.925696933502183674e+04
1.718887329269890324e+05 -3.524576752060056315e+05 -1.442967854044535488e+05 -3.324964333787888609e+04 9.558393051452975487e+04 1.836008526336667419e+05 -6.373771758840389084e+05 -1.442107258834315076e+02 -2.330475783095108682e+02 -2.998899890351891173e+01 -9.282180206468397955e+03 -3.050097361876053765e+04 -3.319723937849980575e+04 -3.382307685858664627e+04 -3.453281699366660905e+04 -3.596916058147104923e+04 -3.831066816269171250e+04 -4.235685736985929543e+04 -4.810476974278423586e+04 -4.596665637941427849e+04
7.080102467038237955e+05 -4.232275900292518781e+05 1.032925948825703468e+06 2.183111520002919133e+05 -2.136122291444240545e+04 -6.373771758840800030e+05 6.067912032640005462e+06 6.722415307761043550e+02 9.322178060504527366e+02 -2.416199611445105688e+02 5.541126641247575171e+05 4.213285690383345354e+05 3.243258808358795941e+05 2.741334022206551745e+05 2.447488344579723489e+05 2.300475289399887843e+05 2.246587111677340872e+05 2.301430856152032502e+05 2.433689494193695427e+05 2.121565211095680133e+05
1.207548598516795209e+04 1.513559953054375455e+02 9.926687751990003790e+02 2.918191253559504048e+02 -5.031388640415843838e+01 -1.442107258862625088e+02 6.722415307780656804e+02 1.785692750454968063e+03 2.903510742116856363e+03 4.140558162619344102e+02 8.134282380397866774e+00 -5.966497317417524471e+01 -5.939232897466977334e+01 -9.837394078089889149e+01 -7.597889111965794484e+01 -4.684795384777714133e+01 -4.074788294255120036e+01 -3.812564417059073207e+01 -1.400966268201494245e+02 -3.254731456315783475e+02
1.918277566347699394e+04 3.303490953188157846e+02 1.726621320227834985e+03 5.036049176976175090e+02 -9.778155087798990053e+01 -2.330475783144505613e+02 9.322178060532696691e+02 2.903510742116853635e+03 4.804731225434501539e+03 8.959210638021697832e+02 3.302134271165027002e+01 -4.310313497753347178e+01 -5.211157767834707499e+01 -9.698117264392797665e+01 -7.834541697840224117e+01 -5.688846377781288766e+01 -5.440407395588571404e+01 -4.832526684140930939e+01 -2.384251687978050427e+02 -5.719068696773298370e+02
1.679746353624615949e+03 2.446718156740808467e+02 5.153648451126628061e+02 1.421891909198313328e+02 -5.147092429867386443e+01 -2.998899890471826879e+01 -2.416199611453185980e+02 4.140558162619271343e+02 8.959210638021585282e+02 6.974711245874966608e+02 4.376592520989819235e+01 1.336958370501024547e+02 1.008902876081401701e+02 1.225921112841431579e+02 9.424879417554143402e+01 4.635863687453828419e+01 2.487937031709733304e+01 2.512176556834633345e+01 -4.400771664396452820e+01 -1.933457161067693448e+02
-2.009507267754235363e+05 -7.542555756142476457e+04 1.033947846216440084e+05 1.420559932376616962e+04 1.255292862728145701e+04 -9.282180206467503012e+03 5.541126641247788211e+05 8.134282381639479809e+00 3.302134271412924704e+01 4.376592521121634149e+01 3.310840145846827654e+05 4.128665110070812079e+04 3.366040401111778010e+03 1.082441190316219263e+03 5.260547372847740917e+02 4.171689974901994447e+02 3.491087109679696709e+02 2.481106668308542567e+02 1.768454143640765324e+02 5.687242111666280664e+01
-9.089781165083059750e+04 -6.553590401567306253e+04 9.279293021635604964e+04 1.585855354273675039e+04 7.242706354641714825e+03 -3.050097361876244395e+04 4.213285690383400070e+05 -5.966497317428117242e+01 -4.310313497770609104e+01 1.336958370500850037e+02 4.128665110070629453e+04 1.904133771961534803e+05 3.448600848596116703e+04 4.315344005377231042e+03 1.688678794925905095e+03 6.751651719539891019e+02 3.563692682398511806e+02 1.972796648077095938e+02 1.165680880145520035e+02 4.807113692648437109e+01
-5.507952990084697376e+04 -4.644661493254883680e+04 7.866766189305999433e+04 1.530377741097898070e+04 3.119556802943119692e+03 -3.319723937850074435e+04 3.243258808358761016e+05 -5.939232897484838247e+01 -5.211157767870818702e+01 1.008902876079565090e+02 3.366040401115613349e+03 3.448600848596096330e+04 1.360037961775565927e+05 3.206663370423933520e+04 2.982755199124636420e+03 1.316320445802306949e+03 4.565787542507897570e+02 2.242801796876450169e+02 1.162001556600298784e+02 4.684566465882298303e+01
-3.381149709548481769e+04 -3.304056784181154217e+04 6.826293476125967572e+04 1.435116823845238287e+04 5.841999134140460228e+02 -3.382307685858943296e+04 2.741334022206519730e+05 -9.837394078067093517e+01 -9.698117264363199297e+01 1.225921112840079275e+02 1.082441190313325933e+03 4.315344005377613939e+03 3.206663370424098684e+04 1.060116571274382732e+05 2.864705925405551534e+04 2.055953388294159595e+03 9.181040183706286371e+02 2.914696809304496128e+02 1.271477341163870278e+02 4.987306711473833332e+01
-2.108598465165053494e+04 -1.994610925868770573e+04 6.107450192436896032e+04 1.358737085432155072e+04 -1.626478459169637063e+03 -3.453281699366294197e+04 2.447488344579505501e+05 -7.597889111940031626e+01 -7.834541697797612869e+01 9.424879417564393691e+01 5.260547372907021781e+02 1.688678794924850081e+03 2.982755199124130741e+03 2.864705925405325252e+04 9.001894683346478269e+04 2.610725072287790681e+04 1.570978529065265320e+03 6.360524702272214199e+02 1.966790023756745995e+02 5.666734092132719525e+01
-1.164820265282331093e+04 -1.006456656403604575e+04 5.656427698785124812e+04 1.317173781955187587e+04 -3.713138816817740008e+03 -3.596916058147628792e+04 2.300475289399914909e+05 -4.684795384789767780e+01 -5.688846377782906671e+01 4.635863687500255992e+01 4.171689974858272763e+02 6.751651719538376710e+02 1.316320445803947223e+03 2.055953388298352365e+03 2.610725072288503725e+04 8.218855142749421066e+04 2.331879772097774185e+04 1.339130430588887975e+03 4.270805959943272683e+02 9.750529887879361013e+01
-5.441387123256237828e+03 2.059647138552827528e+03 5.398986678482616844e+04 1.308532670354944639e+04 -6.622224094878540200e+03 -3.831066816268977709e+04 2.246587111677295179e+05 -4.074788294275025180e+01 -5.440407395607454077e+01 2.487937031742274030e+01 3.491087109666262904e+02 3.563692682399084788e+02 4.565787542507232502e+02 9.181040183711265854e+02 1.570978529066214833e+03 2.331879772097737077e+04 8.044971163416592753e+04 2.005300173962707777e+04 1.109909038189558487e+03 2.044360392352200506e+02
-2.779847074094017444e+03 1.877142500381387072e+04 5.425353092227863090e+04 1.360839214180162344e+04 -1.005047125067331217e+04 -4.235685736985906260e+04 2.301430856152029592e+05 -3.812564417060096389e+01 -4.832526684140353268e+01 2.512176556840566377e+01 2.481106668301366085e+02 1.972796648078207795e+02 2.242801796876200342e+02 2.914696809305878560e+02 6.360524702276788958e+02 1.339130430589526441e+03 2.005300173962748522e+04 8.529636899244331289e+04 1.646371745625569747e+04 6.895925004657158297e+02
-4.264134368598482979e+03 3.603293272903496108e+04 5.686930365929946129e+04 1.483601474886899268e+04 -1.476143128187002549e+04 -4.810476974278438138e+04 2.433689494193694554e+05 -1.400966268201362936e+02 -2.384251687977769052e+02 -4.400771664394233085e+01 1.768454143639681320e+02 1.165680880145641964e+02 1.162001556600814496e+02 1.271477341164220860e+02 1.966790023756481105e+02 4.270805959943629659e+02 1.109909038189765397e+03 1.646371745625579933e+04 9.491082708835811354e+04 1.134876676797330583e+04
-1.218125903257295795e+04 6.346351613362256467e+04 4.958893402364201029e+04 1.351358828586525669e+04 -1.925696933502071261e+04 -4.596665637941337627e+04 2.121565211095681007e+05 -3.254731456315840887e+02 -5.719068696773379088e+02 -1.933457161067709649e+02 5.687242111748122397e+01 4.807113692651554970e+01 4.684566465875617070e+01 4.987306711480025001e+01 5.666734092140703183e+01 9.750529887889035763e+01 2.044360392352272697e+02 6.895925004657281079e+02 1.134876676797329310e+04 8.642059136767665041e+04
