5.892105225361848250e+06 -1.538075253235744778e+06 -5.363367595158205368e+05 -9.247827135308545257e+04 3.645836666512007941e+05 4.456833877772153937e+05 2.304854833814235404e+06 1.002466043747549702e+04 1.732165487237388515e+04 5.023269950464847170e+03 -6.287965091610124800e+05 -1.675881128563802922e+05 -8.218996102712101128e+04 -4.173881761595048738e+04 -2.099591803271650133e+04 -9.605963224894014274e+03 -3.100063224775374692e+03 -9.270218747173494194e+02 -3.032665916150097019e+03 -1.177165707173669398e+04
-1.538075253235809971e+06 2.381254383921786211e+06 1.386378600601130893e+04 7.339026767502700750e+03 -4.643131021242252318e+05 -4.086381399472566554e+05 -7.770723406668393873e+05 6.569989357548693079e+02 8.042963655477794873e+02 -5.496630005328368043e+02 -6.867953156934762956e+04 -6.747785636124591110e+04 -4.648690470660420397e+04 -3.332899503148774966e+04 -2.001983947087288834e+04 -1.000295194255426031e+04 2.191517945100102224e+03 1.904658750138302275e+04 3.622842027309727564e+04 6.362336269148925203e+04
-5.363367595158369513e+05 1.386378600600989739e+04 3.125095599035666091e+05 6.574726133750371810e+04 -2.936814637714443234e+04 -1.586643633444936131e+05 9.875167728389321128e+05 1.048075128678416831e+03 1.775603585561994123e+03 4.237075542070456322e+02 1.611920544916109066e+05 1.117734474985443812e+05 8.704254713093070313e+04 7.162113391611803672e+04 6.218505606998286385e+04 5.677026353911518527e+04 5.388300352007068432e+04 5.405820156866896286e+04 5.670040967708848621e+04 4.947742119628677028e+04
-9.247827135308910511e+04 7.339026767502460643e+03 6.574726133750380541e+04 1.451986439579369835e+04 -7.345420524610870416e+03 -3.570926416842335311e+04 2.109299329104765202e+05 3.009003051819607322e+02 5.121301013235079154e+02 1.280717854888977456e+02 2.164108778613293180e+04 1.907928766872328924e+04 1.703203267129285814e+04 1.516917285901484684e+04 1.393368136532185417e+04 1.329297506426884866e+04 1.311085723568362482e+04 1.359225103200559533e+04 1.481376428871314602e+04 1.349317110589432377e+04
3.645836666512232041e+05 -4.643131021242286661e+05 -2.936814637714497076e+04 -7.345420524610950451e+03 1.023461155531859113e+05 1.119367999774894561e+05 7.986602840286158607e+04 -1.953888082546566807e+02 -2.334779605170146226e+02 1.772308299288526996e+02 9.498850209841348260e+03 7.574496321113493650e+03 2.951379893285850812e+03 5.036719986088573933e+02 -1.686192537503695348e+03 -3.785163944637148234e+03 -6.696024921701686253e+03 -1.013176463731230615e+04 -1.482542692327981058e+04 -1.929257859078214824e+04
4.456833877772505512e+05 -4.086381399472655030e+05 -1.586643633444937586e+05 -3.570926416842327308e+04 1.119367999774904747e+05 2.123611070339738217e+05 -4.656714553029695526e+05 -3.895294430982514768e+02 -4.609905455011783033e+02 3.608222720002254391e+02 -1.906743722606972733e+04 -3.076691032547533541e+04 -3.416846856062494771e+04 -3.459398562475475774e+04 -3.501005548633191211e+04 -3.633707602185911674e+04 -3.858870029553058703e+04 -4.255701654774184135e+04 -4.823825344430662517e+04 -4.599911129646100744e+04
2.304854833814143669e+06 -7.770723406667956151e+05 9.875167728389400290e+05 2.109299329104779172e+05 7.986602840284930426e+04 -4.656714553029874805e+05 7.224261637562707998e+06 -9.289750758401228268e+02 -5.721971653013188188e+02 2.261404334959331663e+03 5.476142468031917233e+05 4.322955433410235564e+05 3.290192071776785888e+05 2.776323952020950383e+05 2.473380927823748789e+05 2.318025272628158855e+05 2.260034115671554464e+05 2.310176471627595020e+05 2.439275690515716560e+05 2.122001281013136904e+05
1.002466043747538060e+04 6.569989357548173530e+02 1.048075128678495503e+03 3.009003051819796042e+02 -1.953888082546821749e+02 -3.895294430983321945e+02 -9.289750758398569133e+02 1.788368207394424189e+03 2.906216077298458003e+03 4.103773588586929577e+02 -6.756821178920522364e+00 -6.544357156482823257e+01 -7.782904016877471065e+01 -1.255041527080030903e+02 -8.411202600153669096e+01 -4.314534422449893469e+01 -3.687475378404407422e+01 -3.316987719872581408e+01 -1.454858321440540863e+02 -3.293763694348996864e+02
1.732165487237365232e+04 8.042963655478132523e+02 1.775603585562153739e+03 5.121301013235462278e+02 -2.334779605170749619e+02 -4.609905455013424671e+02 -5.721971653007266241e+02 2.906216077298459368e+03 4.807656386362634294e+03 8.926839624734711833e+02 -3.438024568900659439e+00 -4.804621786708159448e+01 -6.418044571419743249e+01 -1.203879848611153278e+02 -8.461929820254604806e+01 -5.262507083387647810e+01 -4.944475601813576304e+01 -3.968391251299655664e+01 -2.488051635146014462e+02 -5.791985587842341374e+02
5.023269950464788053e+03 -5.496630005326942410e+02 4.237075542071330574e+02 1.280717854889154239e+02 1.772308299288415583e+02 3.608222720001850803e+02 2.261404334959751395e+03 4.103773588586919345e+02 8.926839624734698191e+02 7.037739598976786510e+02 2.040513755445803667e+01 1.551803594237915718e+02 1.423924879562712817e+02 1.587984355018938345e+02 1.076920875716538433e+02 4.520097890842468757e+01 2.305185513981065526e+01 2.712456463450714139e+01 -4.844982390860852917e+01 -1.968756205141976636e+02
-6.287965091610020027e+05 -6.867953156934495200e+04 1.611920544916102081e+05 2.164108778613282630e+04 9.498850209841049946e+03 -1.906743722607004020e+04 5.476142468031987082e+05 -6.756821178949849127e+00 -3.438024568935219349e+00 2.040513755447361177e+01 4.959396760893184110e+05 4.376650592379466252e+04 7.072090706737890287e+02 5.226297967188894518e+02 3.865099540938160771e+00 4.639689983904159476e+01 4.013891580595242203e+00 3.649570849810217510e+00 -7.195574889039590971e-02 1.341436535152510601e+00
-1.675881128563808161e+05 -6.747785636124663870e+04 1.117734474985447014e+05 1.907928766872331835e+04 7.574496321113587328e+03 -3.076691032547524810e+04 4.322955433410244295e+05 -6.544357156482057292e+01 -4.804621786707856756e+01 1.551803594237773325e+02 4.376650592379482987e+04 2.361545064065957558e+05 3.292395326888683485e+04 1.551328549403760917e+02 6.812565342554667041e+02 -2.289632027905599898e+01 2.252023016418183943e+01 4.978242302746252790e+00 1.362121880813305097e-01 7.896347906897318580e-01
-8.218996102713079017e+04 -4.648690470659812127e+04 8.704254713093138707e+04 1.703203267129297092e+04 2.951379893284534774e+03 -3.416846856062686129e+04 3.290192071776769590e+05 -7.782904016872868169e+01 -6.418044571414573340e+01 1.423924879562376020e+02 7.072090706743983901e+02 3.292395326888656564e+04 1.593192014779468882e+05 3.349508776096755901e+04 -9.359455973380681826e+01 5.571438923304613127e+02 4.257973289855249277e+01 4.028688048167907709e+00 6.317141001615109275e+00 4.574051268789958158e-03
-4.173881761596829892e+04 -3.332899503148681833e+04 7.162113391611757106e+04 1.516917285901475407e+04 5.036719986089046870e+02 -3.459398562475451763e+04 2.776323952020837460e+05 -1.255041527079244048e+02 -1.203879848610505974e+02 1.587984355017716211e+02 5.226297967191530915e+02 1.551328549405589001e+02 3.349508776096699876e+04 1.172544518905167643e+05 2.995190332186519299e+04 2.282087261639871940e+02 4.239417907761408060e+02 4.838300117173321269e+01 5.729660692631512120e+00 4.123405145385405035e+00
-2.099591803273351979e+04 -2.001983947087411070e+04 6.218505606998233998e+04 1.393368136532161952e+04 -1.686192537503462518e+03 -3.501005548633134458e+04 2.473380927823644597e+05 -8.411202600162285137e+01 -8.461929820269904212e+01 1.076920875716020873e+02 3.865099540922528831e+00 6.812565342554098606e+02 -9.359455973419244401e+01 2.995190332186515298e+04 9.610582147783662367e+04 2.697075180503168667e+04 5.473635897917774855e+02 3.300139592103250834e+02 6.218590465605211648e+01 7.738103299058082030e+00
-9.605963224898412591e+03 -1.000295194255702518e+04 5.677026353911549086e+04 1.329297506426879409e+04 -3.785163944636769884e+03 -3.633707602185928408e+04 2.318025272628171660e+05 -4.314534422460943830e+01 -5.262507083405780861e+01 4.520097890839375054e+01 4.639689983910830051e+01 -2.289632027922471025e+01 5.571438923302157491e+02 2.282087261647247942e+02 2.697075180503208685e+04 8.573124064339333563e+04 2.378536768094291619e+04 7.792062342001554498e+02 2.521428320176373745e+02 4.354675215809561450e+01
-3.100063224775076378e+03 2.191517945100669749e+03 5.388300352007090987e+04 1.311085723568369212e+04 -6.696024921701784479e+03 -3.858870029553098720e+04 2.260034115671577747e+05 -3.687475378413751059e+01 -4.944475601828924027e+01 2.305185513979439094e+01 4.013891580538967219e+00 2.252023016418937118e+01 4.257973289834001207e+01 4.239417907765118798e+02 5.473635897920066782e+02 2.378536768094309809e+04 8.262097595068409282e+04 2.019660861532135459e+04 8.305173133006064745e+02 1.384861826455880873e+02
-9.270218747167673428e+02 1.904658750138283358e+04 5.405820156866889738e+04 1.359225103200559170e+04 -1.013176463731209515e+04 -4.255701654774152848e+04 2.310176471627586579e+05 -3.316987719876192386e+01 -3.968391251304683465e+01 2.712456463452210187e+01 3.649570849755107815e+00 4.978242302706490818e+00 4.028688048117828657e+00 4.838300117177550419e+01 3.300139592104142139e+02 7.792062341999680939e+02 2.019660861532126000e+04 8.670172129373450298e+04 1.640164803334246972e+04 5.900894638963770831e+02
-3.032665916149831901e+03 3.622842027309738478e+04 5.670040967708845710e+04 1.481376428871312601e+04 -1.482542692327987061e+04 -4.823825344430669065e+04 2.439275690515721508e+05 -1.454858321440459576e+02 -2.488051635145898217e+02 -4.844982390861628119e+01 -7.195574892129741329e-02 1.362121880515592132e-01 6.317141001612149864e+00 5.729660692613776973e+00 6.218590465605538498e+01 2.521428320176602256e+02 8.305173133006048829e+02 1.640164803334252429e+04 9.579901936537746224e+04 1.127319033642718568e+04
-1.177165707173661394e+04 6.362336269148939755e+04 4.947742119628684304e+04 1.349317110589432195e+04 -1.929257859078217007e+04 -4.599911129646103655e+04 2.122001281013139524e+05 -3.293763694348950821e+02 -5.791985587842273162e+02 -1.968756205141958162e+02 1.341436535143287756e+00 7.896347906792215987e-01 4.574051269956136423e-03 4.123405145372842640e+00 7.738103299058558093e+00 4.354675215808995858e+01 1.384861826455957043e+02 5.900894638963814032e+02 1.127319033642717841e+04 8.669034291192222736e+04
