1.085961105242415518e+07 -1.228519101988246106e+07 3.405718698357288260e+06 7.309048867893702118e+05 3.139043362007551827e+06 3.801633918268171605e+06 2.314785981298743188e+07 2.198610296965324596e+04 3.555133551979461481e+04 4.622856321369273246e+03 1.291603187509115553e+06 1.032203637587096426e+06 8.490715773557047360e+05 7.827055661672662245e+05 7.437050396304468159e+05 7.423857797548806993e+05 7.507419000709475949e+05 7.472584671721361810e+05 7.069094489113235613e+05 4.353962544993219781e+05
-1.228519101988363639e+07 1.972112953655511513e+07 -6.211650650320858695e+06 -1.321428314196618507e+06 -4.923634808715996332e+06 -5.761127649234971963e+06 -3.544546694481635839e+07 -9.968519747367752188e+02 -1.527447716519262030e+03 2.621718029401529293e+01 -2.183893084582828451e+06 -2.022283603265397251e+06 -1.695602560461049667e+06 -1.542195070942679886e+06 -1.382510017759931041e+06 -1.301145512857643887e+06 -1.250869555538536515e+06 -1.165785396172960289e+06 -1.062806924289219314e+06 -5.974672198293812107e+05
3.405718698357386515e+06 -6.211650650320946239e+06 2.634728140690448694e+06 5.649831373628033325e+05 1.550158891495560994e+06 1.647399783616808709e+06 1.381824448011246137e+07 2.890773014588828119e+03 4.507828827725110386e+03 1.379742663497112858e+02 7.445952761761986185e+05 8.368656610507175792e+05 7.578791418733296450e+05 6.892597141041359864e+05 6.294328881005190779e+05 5.793590276039334713e+05 5.358908211416101549e+05 4.919207969444389455e+05 4.327793506306194467e+05 2.605088922849615919e+05
7.309048867893873248e+05 -1.321428314196626423e+06 5.649831373628039146e+05 1.244938792760252836e+05 3.251966175218183198e+05 3.162826949008861557e+05 2.890486550338366535e+06 8.164972015688215379e+02 1.289429892428903713e+03 8.370835719989960921e+01 1.067624995758160221e+05 1.430847328697947378e+05 1.447224120380906388e+05 1.419733613372377586e+05 1.366862488566779939e+05 1.313514066471232800e+05 1.265638497176838282e+05 1.201738360328126291e+05 1.113083577058610826e+05 7.069163646900697495e+04
3.139043362007835880e+06 -4.923634808716022409e+06 1.550158891495544231e+06 3.251966175218173885e+05 1.264998588176285615e+06 1.587452911623715423e+06 8.984196954713344574e+06 2.227999261417027981e+02 3.377256602828680343e+02 -1.750693253149673012e+01 6.774037684652934549e+05 5.507528296221221099e+05 4.282408496821607696e+05 3.686567669042606722e+05 3.309711635405342095e+05 3.083623994378977804e+05 2.910404084679046646e+05 2.736263055940379854e+05 2.448384512621955364e+05 1.376947365092512628e+05
3.801633918268539477e+06 -5.761127649235008284e+06 1.647399783616791014e+06 3.162826949008865049e+05 1.587452911623717519e+06 2.518735775206002407e+06 1.033190088123923354e+07 2.180102327905755288e+01 -1.954459358937365465e+01 -1.497952244126854850e+02 1.360151301806490403e+06 8.732856912322908174e+05 5.709369304739142535e+05 4.098741950723046903e+05 3.064161413053289871e+05 2.379003872495416435e+05 1.867419760578839923e+05 1.427741497944794828e+05 9.677827423319229274e+04 2.891192485748797480e+04
2.314785981298728287e+07 -3.544546694481606781e+07 1.381824448011246510e+07 2.890486550338366535e+06 8.984196954713271931e+06 1.033190088123913296e+07 7.932815010324905813e+07 2.391060655513787424e+03 3.711110669805056659e+03 4.778311502017442081e+01 5.396652346508568153e+06 5.113602287742522545e+06 4.222534623889490031e+06 3.634028047829551622e+06 3.198905881066080183e+06 2.883641930043287575e+06 2.624509770172586665e+06 2.379993518278792966e+06 2.068146840763281565e+06 1.226855108079561265e+06
2.198610296965248926e+04 -9.968519746868696529e+02 2.890773014588155547e+03 8.164972015686518034e+02 2.227999261310033035e+02 2.180102326639711308e+01 2.391060655533864519e+03 3.459151258282184244e+03 5.524139542593215992e+03 5.354317438932567939e+02 1.224353769982858751e+02 -2.159169212813704064e+01 -8.372249770635443511e+00 1.601874072259094817e+01 -8.309501859513201083e+00 1.429787460606965155e+01 2.346277645350438945e+01 3.901678438376989533e+01 -1.675712506127844392e+01 -1.937500151723490944e+02
3.555133551979225012e+04 -1.527447716428016065e+03 4.507828827724115399e+03 1.289429892428638595e+03 3.377256602633206057e+02 -1.954459361246240690e+01 3.711110669841808885e+03 5.524139542593215992e+03 9.010875168885560925e+03 1.356726621207699282e+03 1.102142701990261457e+02 1.619319791489388649e-01 -4.772554277099050779e+00 1.017515680818083901e+01 -1.110887555036053875e+01 1.041629847224195515e+01 2.230774971402723139e+01 5.293788499077214738e+01 -4.388486914584979104e+01 -3.383039394371222670e+02
4.622856321366201882e+03 2.621718032922490238e+01 1.379742663497953856e+02 8.370835719988961898e+01 -1.750693253902650781e+01 -1.497952244214836242e+02 4.778311503448952635e+01 5.354317438932536106e+02 1.356726621207694279e+03 1.434163522375168895e+03 -2.504205759712280042e+02 8.577293490669656251e+01 2.343456622458905514e+01 -3.653751788222766095e+01 -9.314806043571701721e-01 -3.381661798873125235e+01 -4.802784965621152935e+01 -2.371466268484741136e+01 -2.663167346704443972e+01 -1.114524388297185880e+02
1.291603187509218464e+06 -2.183893084582839161e+06 7.445952761762279551e+05 1.067624995758226723e+05 6.774037684653007891e+05 1.360151301806511590e+06 5.396652346508719027e+06 1.224353769961081753e+02 1.102142701950328672e+02 -2.504205759729277361e+02 2.433982816932399757e+06 2.918353994749356061e+05 2.829554259122489748e+04 1.218692138616160992e+04 5.222379111968247344e+03 3.346056922989167106e+03 2.343979274708357025e+03 1.717109733194697128e+03 1.162645382622173202e+03 4.615427124252286148e+02
1.032203637587085017e+06 -2.022283603265404236e+06 8.368656610507133882e+05 1.430847328697947960e+05 5.507528296221229248e+05 8.732856912322860444e+05 5.113602287742462009e+06 -2.159169212892135192e+01 1.619319777166019492e-01 8.577293490613448057e+01 2.918353994748966070e+05 1.667314539521309780e+06 3.365384662173697725e+05 2.602799587489107944e+04 8.680972630378244503e+03 4.029342846355058100e+03 2.369233697231245060e+03 1.500740114789782865e+03 9.303687162820395997e+02 3.702745564785125794e+02
8.490715773557218490e+05 -1.695602560461039888e+06 7.578791418733234750e+05 1.447224120380901441e+05 4.282408496821589069e+05 5.709369304739041254e+05 4.222534623889463954e+06 -8.372249771059955492e+00 -4.772554277921898347e+00 2.343456622418491975e+01 2.829554259120143251e+04 3.365384662173658144e+05 1.127908467598822434e+06 3.280706403119239840e+05 2.163628155761027301e+04 7.272950046301081784e+03 2.861177355143937348e+03 1.574676709485248466e+03 8.722554144873167843e+02 3.377292091228661661e+02
7.827055661672720453e+05 -1.542195070942712482e+06 6.892597141041369177e+05 1.419733613372374093e+05 3.686567669042699854e+05 4.098741950723191258e+05 3.634028047829518095e+06 1.601874072236722668e+01 1.017515680766086916e+01 -3.653751788263937783e+01 1.218692138615666772e+04 2.602799587488768157e+04 3.280706403119214810e+05 8.661902263526272727e+05 2.952364661130117602e+05 1.876296937930558488e+04 5.661131336606954392e+03 1.968195851238111800e+03 9.553881812410097609e+02 3.430743279984512810e+02
7.437050396304754540e+05 -1.382510017759897979e+06 6.294328881005119765e+05 1.366862488566755783e+05 3.309711635405268171e+05 3.064161413053238066e+05 3.198905881066097878e+06 -8.309501859514099920e+00 -1.110887555047921182e+01 -9.314806046298016451e-01 5.222379111976064451e+03 8.680972630377267706e+03 2.163628155760849040e+04 2.952364661130115855e+05 7.203378786420248216e+05 2.634449342166365823e+05 1.580964610151207307e+04 4.014131741601634531e+03 1.211334735340339648e+03 3.695898375447415560e+02
7.423857797548710369e+05 -1.301145512857647613e+06 5.793590276039419696e+05 1.313514066471245605e+05 3.083623994378968491e+05 2.379003872495360556e+05 2.883641930043326225e+06 1.429787460603294846e+01 1.041629847213821414e+01 -3.381661798881987124e+01 3.346056922987478174e+03 4.029342846354578796e+03 7.272950046301069960e+03 1.876296937931043794e+04 2.634449342166518327e+05 6.340637442449093796e+05 2.335147422486329451e+05 1.230634767868585550e+04 2.504321782059274483e+03 4.920291594303857892e+02
7.507419000709543470e+05 -1.250869555538553279e+06 5.358908211416121339e+05 1.265638497176834353e+05 2.910404084679057123e+05 1.867419760578835558e+05 2.624509770172589459e+06 2.346277645346697227e+01 2.230774971396124329e+01 -4.802784965621757607e+01 2.343979274709084166e+03 2.369233697231400129e+03 2.861177355143372552e+03 5.661131336607241792e+03 1.580964610151189845e+04 2.335147422486309079e+05 5.839175718682811130e+05 2.003814280146520468e+05 8.434789347282297967e+03 1.033921902879882509e+03
7.472584671721349005e+05 -1.165785396172959358e+06 4.919207969444402843e+05 1.201738360328122071e+05 2.736263055940379272e+05 1.427741497944786970e+05 2.379993518278785516e+06 3.901678438378880287e+01 5.293788499078601717e+01 -2.371466268488347851e+01 1.717109733193356533e+03 1.500740114790038660e+03 1.574676709485308265e+03 1.968195851238078831e+03 4.014131741601748217e+03 1.230634767868578274e+04 2.003814280146511155e+05 5.690356559321624227e+05 1.515431961360704445e+05 3.674236297451207065e+03
7.069094489113215823e+05 -1.062806924289224204e+06 4.327793506306196796e+05 1.113083577058610535e+05 2.448384512621965259e+05 9.677827423319329682e+04 2.068146840763278306e+06 -1.675712506129150370e+01 -4.388486914587338106e+01 -2.663167346705256477e+01 1.162645382621676617e+03 9.303687162823799781e+02 8.722554144875116435e+02 9.553881812410478460e+02 1.211334735340333282e+03 2.504321782059150792e+03 8.434789347282439849e+03 1.515431961360706482e+05 5.733170169366440969e+05 7.629169636227624142e+04
4.353962544993235497e+05 -5.974672198294033296e+05 2.605088922849617957e+05 7.069163646900697495e+04 1.376947365092559485e+05 2.891192485749359912e+04 1.226855108079552185e+06 -1.937500151723306772e+02 -3.383039394370939590e+02 -1.114524388297085125e+02 4.615427124243740309e+02 3.702745564781320695e+02 3.377292091226751154e+02 3.430743279983614116e+02 3.695898375447063700e+02 4.920291594303675993e+02 1.033921902879878417e+03 3.674236297451186147e+03 7.629169636227629962e+04 3.936189860645178705e+05
