2.435577745799925178e+06 -1.003638629627592629e+06 -3.308277864945905749e+05 -6.414794670870350819e+04 2.136569882335376460e+05 1.956485413791913597e+05 5.259977160747159505e+05 1.222788258918257452e+04 1.925232695361439983e+04 1.215670681063440270e+03 -1.738162176831720571e+05 -2.026744254384716915e+05 -1.093810951911141165e+05 -6.356306801783644187e+04 -3.413381239563989220e+04 -1.526926673219301847e+04 -4.842705561180871882e+03 2.116971861065903795e+02 -1.202326648643068893e+03 -9.929739574087647270e+03
-1.003638629627609742e+06 2.223359907297825441e+06 2.626821455979359598e+04 8.611116909108794061e+03 -4.251914298125797650e+05 -3.637238237727900269e+05 -1.783306352404932841e+05 1.607911149025458997e+02 3.464663673657074696e+02 2.482331197146492343e+02 -2.234887543624017417e+04 -2.667760358084897598e+04 -2.059403598937736388e+04 -1.786800983713964888e+04 -1.269965544920391403e+04 -7.707015607528293913e+03 4.505611483859538566e+02 1.340320236479274172e+04 3.027902414217720798e+04 5.912824734725314192e+04
-3.308277864945850451e+05 2.626821455982626503e+04 2.383741804691177094e+05 5.311801929346693942e+04 -2.496662967721500172e+04 -1.201703925395117985e+05 7.395488898523629177e+05 9.487434523226854708e+02 1.694338864966106712e+03 6.116166596641033948e+02 5.480096058507704583e+04 8.045853557391428330e+04 6.265619243780575198e+04 5.509960788859491731e+04 4.978439948973497667e+04 4.706605904898800509e+04 4.629645796207521198e+04 4.875098464277292078e+04 5.340661655228388554e+04 4.940515547564151348e+04
-6.414794670870491245e+04 8.611116909117694377e+03 5.311801929346718680e+04 1.220263501019061368e+04 -6.274334232919769420e+03 -2.812699329074902562e+04 1.669705960358581506e+05 2.843373222694507945e+02 4.984713861181620587e+02 1.589600568707924708e+02 8.549400297746036813e+03 1.435104396438231379e+04 1.258420349020427602e+04 1.178566199779510862e+04 1.116766680684890525e+04 1.097085908504842337e+04 1.114882515234713173e+04 1.210452595341866981e+04 1.376528643398353961e+04 1.333356873451815227e+04
2.136569882335442235e+05 -4.251914298125717905e+05 -2.496662967720950110e+04 -6.274334232918031375e+03 9.159752469073815155e+04 9.491564580240135547e+04 -4.422814694332874933e+04 -5.124888776381942534e+01 -1.005862512901917114e+02 -5.475581733720191835e+01 2.424262172223130619e+03 2.360226272598437390e+03 4.026766635548574413e+02 -5.224148301839759370e+02 -1.666127686229589017e+03 -3.024795397040625176e+03 -5.236441825659865572e+03 -8.319346987075059587e+03 -1.305930577702523988e+04 -1.834537457852955413e+04
1.956485413791794272e+05 -3.637238237727485248e+05 -1.201703925395042606e+05 -2.812699329074684647e+04 9.491564580239437055e+04 1.663420570046891517e+05 -4.966016589439557283e+05 -1.408811324114499826e+02 -2.343292618427287550e+02 -4.558511618123376508e+01 -1.069394138356091571e+04 -1.606033561010704034e+04 -2.089007143650975195e+04 -2.352160768818378710e+04 -2.564268589690706722e+04 -2.837104877834463696e+04 -3.177645254090792150e+04 -3.727226138804345101e+04 -4.462296137286228623e+04 -4.533681582221515418e+04
5.259977160748883616e+05 -1.783306352406649385e+05 7.395488898523331154e+05 1.669705960358533193e+05 -4.422814694329676422e+04 -4.966016589439261588e+05 4.093708442841333803e+06 5.776663679613666318e+02 8.071416398708364568e+02 -1.803969621362250564e+02 1.775162063597824599e+05 1.975469259586060361e+05 1.780605351749332913e+05 1.800146681298930780e+05 1.812057424921015918e+05 1.865841770247542008e+05 1.942079554315331043e+05 2.114333754674296943e+05 2.337163612034683174e+05 2.142036230549825414e+05
1.222788258918140673e+04 1.607911149077274331e+02 9.487434523231572712e+02 2.843373222695424261e+02 -5.124888776511397737e+01 -1.408811324133003779e+02 5.776663679652590417e+02 1.785782765879292356e+03 2.903612034495338776e+03 4.139775495878995457e+02 -6.664170884574144793e+01 -5.938976320281886956e+01 -9.021928731241382593e+01 -1.240262513707161816e+02 -7.723050577605295075e+01 -4.212457363861926751e+01 -3.194815146185999666e+01 -1.449791868304248510e+01 -1.698651417117012841e+02 -3.185571565427763971e+02
1.925232695361278820e+04 3.464663673736308738e+02 1.694338864966833398e+03 4.984713861183075778e+02 -1.005862512922083880e+02 -2.343292618456268031e+02 8.071416398769601983e+02 2.903612034495336047e+03 4.804870514249308144e+03 8.958847531787056369e+02 -3.794153879659854312e+01 -5.483801396749625212e+01 -7.515006741769214216e+01 -1.163812532624487233e+02 -7.519557612556610593e+01 -4.894248276231424910e+01 -3.970627576241349743e+01 -8.934477942266092043e+00 -2.906025803149121884e+02 -5.597843878553917421e+02
1.215670681063942311e+03 2.482331197149048592e+02 6.116166596640797479e+02 1.589600568707896286e+02 -5.475581733734523482e+01 -4.558511618145587363e+01 -1.803969621357552171e+02 4.139775495878994320e+02 8.958847531787054095e+02 6.976456597998926554e+02 1.826515925850617066e+02 1.133647702953044103e+02 1.589058347445844959e+02 1.616701561833337450e+02 1.053572611936382373e+02 5.026278023129046346e+01 2.812945400605177682e+01 3.219464372088504689e+01 -6.021497926804363487e+01 -1.894406507127577299e+02
-1.738162176830736571e+05 -2.234887543627536070e+04 5.480096058506978443e+04 8.549400297744661657e+03 2.424262172230405213e+03 -1.069394138355325413e+04 1.775162063598356326e+05 -6.664170884571009879e+01 -3.794153879625501702e+01 1.826515925856906790e+02 1.058225890803938673e+05 3.825547429926026234e+04 6.774564305200085073e+03 5.887324104513902057e+03 3.418180146553741906e+03 2.177772578644784971e+03 1.593738084992486165e+03 1.167491084583771226e+03 8.193707456126078341e+02 4.014890704893780367e+02
-2.026744254384398810e+05 -2.667760358085674670e+04 8.045853557391038339e+04 1.435104396438174626e+04 2.360226272599236836e+03 -1.606033561010782432e+04 1.975469259586147382e+05 -5.938976320300506728e+01 -5.483801396780565085e+01 1.133647702952219163e+02 3.825547429924902099e+04 1.192913473118203547e+05 2.315413547833578923e+04 6.010209933437121435e+03 4.965324180489124956e+03 2.944330059604370945e+03 2.148202416154763341e+03 1.590012652289982270e+03 1.080707815332285008e+03 5.118123145747069884e+02
-1.093810951911128068e+05 -2.059403598937839706e+04 6.265619243780192483e+04 1.258420349020348840e+04 4.026766635558742564e+02 -2.089007143650633225e+04 1.780605351749220281e+05 -9.021928731265549573e+01 -7.515006741815651026e+01 1.589058347443662171e+02 6.774564305203144613e+03 2.315413547833426128e+04 8.105776780272250471e+04 2.376261924180129063e+04 5.922291120750927803e+03 4.773681208163278825e+03 2.800993117987846745e+03 1.830053933890213557e+03 1.165829958511708810e+03 5.199948877740268927e+02
-6.356306801786302094e+04 -1.786800983715718030e+04 5.509960788859761669e+04 1.178566199779570161e+04 -5.224148301821078348e+02 -2.352160768818152428e+04 1.800146681298824551e+05 -1.240262513711166861e+02 -1.163812532631332886e+02 1.616701561831926313e+02 5.887324104514644205e+03 6.010209933434054619e+03 2.376261924180584901e+04 6.338460239640186774e+04 2.111842827478743129e+04 5.667797065585752534e+03 4.090322790034928857e+03 2.422620059041490549e+03 1.431995321351473876e+03 6.113638010788514521e+02
-3.413381239565814030e+04 -1.269965544917667285e+04 4.978439948973820719e+04 1.116766680684935091e+04 -1.666127686236650334e+03 -2.564268589691781381e+04 1.812057424921215861e+05 -7.723050577630357338e+01 -7.519557612601587948e+01 1.053572611935302632e+02 3.418180146558479464e+03 4.965324180489355058e+03 5.922291120755409793e+03 2.111842827478898835e+04 5.517242072076973272e+04 1.946506786127916712e+04 5.433811487437249525e+03 3.470629438321500857e+03 1.883377217317855866e+03 7.345692306808205103e+02
-1.526926673219115764e+04 -7.707015607544904924e+03 4.706605904898978770e+04 1.097085908504859981e+04 -3.024795397036767099e+03 -2.837104877834231593e+04 1.865841770247540262e+05 -4.212457363880416494e+01 -4.894248276259917674e+01 5.026278023130569750e+01 2.177772578644518944e+03 2.944330059602955771e+03 4.773681208163714473e+03 5.667797065586029930e+03 1.946506786128147360e+04 5.280553040607043658e+04 1.804842283434733690e+04 5.231597193413457717e+03 2.710289142035132500e+03 9.653350168015533654e+02
-4.842705561179740471e+03 4.505611483989341650e+02 4.629645796207745298e+04 1.114882515234765560e+04 -5.236441825662361225e+03 -3.177645254091209790e+04 1.942079554315491114e+05 -3.194815146210305556e+01 -3.970627576277061621e+01 2.812945400609829960e+01 1.593738084994806968e+03 2.148202416155733772e+03 2.800993117987823098e+03 4.090322790034214449e+03 5.433811487437440519e+03 1.804842283434813726e+04 5.462135615494930244e+04 1.723657639147448208e+04 4.391486111538859404e+03 1.367184021078271144e+03
2.116971861109777819e+02 1.340320236479523010e+04 4.875098464277259336e+04 1.210452595341864071e+04 -8.319346987074775825e+03 -3.727226138804304355e+04 2.114333754674292286e+05 -1.449791868318482102e+01 -8.934477942480270940e+00 3.219464372090621396e+01 1.167491084584054533e+03 1.590012652290320830e+03 1.830053933889661494e+03 2.422620059041575587e+03 3.470629438321500857e+03 5.231597193413147579e+03 1.723657639147264854e+04 6.237938327169396507e+04 1.680371274150929094e+04 2.515807794008937890e+03
-1.202326648644215311e+03 3.027902414217741170e+04 5.340661655228388554e+04 1.376528643398359054e+04 -1.305930577702515438e+04 -4.462296137286220619e+04 2.337163612034670659e+05 -1.698651417117366691e+02 -2.906025803149721014e+02 -6.021497926805398038e+01 8.193707456118823984e+02 1.080707815332194059e+03 1.165829958511812492e+03 1.431995321351548682e+03 1.883377217317918621e+03 2.710289142035115219e+03 4.391486111538821206e+03 1.680371274150947283e+04 7.670793739619260305e+04 1.271558836493997296e+04
-9.929739574087563597e+03 5.912824734725209419e+04 4.940515547564146254e+04 1.333356873451814499e+04 -1.834537457852924490e+04 -4.533681582221471035e+04 2.142036230549816974e+05 -3.185571565427895848e+02 -5.597843878554169805e+02 -1.894406507127688428e+02 4.014890704893514908e+02 5.118123145747300669e+02 5.199948877739811905e+02 6.113638010787777830e+02 7.345692306807941350e+02 9.653350168015101644e+02 1.367184021078208389e+03 2.515807794008902420e+03 1.271558836493996751e+04 8.019499481854782789e+04
