1.969216510090076178e+07 -1.282641994470768049e+07 2.152298285200085957e+06 5.389521645116808359e+05 3.335243203349803109e+06 4.274360518918068148e+06 2.387711155401936173e+07 1.920897345411607967e+04 3.305021692545746919e+04 9.250739873928976522e+03 -8.227842557045725407e+05 3.974640217147605726e+05 6.405717298889838858e+05 7.080121133089347277e+05 7.293939615018490003e+05 7.489812781456967350e+05 7.653364100705895107e+05 7.627992798667816678e+05 7.188140981923273066e+05 4.390727462917846860e+05
-1.282641994470794499e+07 2.022509741190858558e+07 -6.317337879153579473e+06 -1.337595084880043054e+06 -5.084599438829786144e+06 -6.097642741407430731e+06 -3.638637251391257346e+07 6.432956525864597097e+01 -4.951746405658424237e+02 -1.561680185182548712e+03 -2.473844756374392658e+06 -2.108061258124024142e+06 -1.706060128077147063e+06 -1.538676512632764643e+06 -1.380539709913500585e+06 -1.300923120320000686e+06 -1.254203699972375529e+06 -1.170215141225759871e+06 -1.067159055785409873e+06 -5.976256745641303714e+05
2.152298285200037528e+06 -6.317337879153580405e+06 2.913714876729268581e+06 6.104840733814021805e+05 1.578684520911376690e+06 1.691969008501434932e+06 1.410302863728774711e+07 2.996863030824075850e+03 4.596094355368491051e+03 -5.457980087867827024e+01 1.155356141840410419e+06 1.014903115012575756e+06 8.220648335773679428e+05 7.134324095422573155e+05 6.376724573932555504e+05 5.813166716844266048e+05 5.362579925071613397e+05 4.918361075544221676e+05 4.325066037590294145e+05 2.596941320007987961e+05
5.389521645116701256e+05 -1.337595084880042123e+06 6.104840733814026462e+05 1.322564102033566742e+05 3.293551278158943751e+05 3.219265500652623014e+05 2.936762199714509770e+06 8.354868768082360475e+02 1.306255755612598477e+03 5.150352017727733767e+01 1.617706436790044827e+05 1.733060087026051769e+05 1.577829636738128320e+05 1.477308966371347778e+05 1.390677397423968650e+05 1.322258079133012507e+05 1.269555423784410086e+05 1.203572689171479142e+05 1.113926411496275250e+05 7.055372624676217674e+04
3.335243203349865507e+06 -5.084599438829794526e+06 1.578684520911376458e+06 3.293551278158944915e+05 1.316700367571956711e+06 1.696601930433096597e+06 9.281834615980662405e+06 -1.218508778179494811e+02 3.781970089849778560e+00 5.015215514736175919e+02 7.665188226776961237e+05 5.755768242966942489e+05 4.302793899971363717e+05 3.665112451437341515e+05 3.298218688154715346e+05 3.078685846628785366e+05 2.914824008912217105e+05 2.745458005847858731e+05 2.457349869818711886e+05 1.377269627849274257e+05
4.274360518918148242e+06 -6.097642741407446563e+06 1.691969008501434000e+06 3.219265500652620685e+05 1.696601930433097994e+06 2.753232708521844819e+06 1.094414433608935960e+07 -7.146754027196936931e+02 -7.277001256131875380e+02 9.733220842108019042e+02 1.539320549125400372e+06 9.185555740237884456e+05 5.721833580908994190e+05 4.028378111165792798e+05 3.022866584508621017e+05 2.350285607172896271e+05 1.852297042665755725e+05 1.421335775196009199e+05 9.647961056936986279e+04 2.871741813857790476e+04
2.387711155401909724e+07 -3.638637251391244680e+07 1.410302863728778064e+07 2.936762199714514427e+06 9.281834615980628878e+06 1.094414433608933352e+07 8.119177882783383131e+07 6.775981288307339128e+02 2.088845788848527263e+03 2.730580667047919633e+03 6.028996494863197207e+06 5.318042905382460915e+06 4.258142055953548290e+06 3.639175357736536302e+06 3.205094427626766264e+06 2.890889444387576077e+06 2.636227887307579629e+06 2.392345158654634841e+06 2.077145766310581006e+06 1.227150863554827869e+06
1.920897345411541028e+04 6.432956525941199288e+01 2.996863030824203634e+03 8.354868768082596944e+02 -1.218508778181856940e+02 -7.146754027200718156e+02 6.775981288310981654e+02 3.463071991885329680e+03 5.528472504194211069e+03 5.309753431406854816e+02 8.658967334382084857e+01 -2.870619662330324218e+01 2.674642285103225703e+01 5.220336334320745841e+00 -5.671016853782270495e+00 3.735885403971090568e+01 4.415323974646084082e+01 5.765002542008363662e+01 -3.564127073203152918e+01 -2.158853695925996021e+02
3.305021692545642145e+04 -4.951746405649107601e+02 4.596094355368615652e+03 1.306255755612619623e+03 3.781970089567721516e+00 -7.277001256135989706e+02 2.088845788848629581e+03 5.528472504194213798e+03 9.015986947463827164e+03 1.352629567289181750e+03 5.069129939932101081e+01 -2.990988692775476210e+01 2.592891289451144488e+01 4.445168236246357374e+00 -5.825919182769840887e-01 4.016575121254476954e+01 5.282183280184024454e+01 8.612152119027885533e+01 -7.511328504940718176e+01 -3.764985807762387822e+02
9.250739873929253008e+03 -1.561680185183370213e+03 -5.457980087888408605e+01 5.150352017723501774e+01 5.015215514738595743e+02 9.733220842112941682e+02 2.730580667046769577e+03 5.309753431406849131e+02 1.352629567289181296e+03 1.441379664571974217e+03 -2.395260149706915627e+02 2.092276790343664317e+01 -8.494027380884471512e+00 -1.340571708296734244e+01 6.009167559884942555e+00 -5.133712123205376088e+01 -5.657083872605943498e+01 -1.293937413229221534e+01 -2.525707203601096040e+01 -1.231883522892662199e+02
-8.227842557045820868e+05 -2.473844756374392193e+06 1.155356141840410186e+06 1.617706436790043954e+05 7.665188226776964730e+05 1.539320549125400372e+06 6.028996494863195345e+06 8.658967334387003234e+01 5.069129939936064488e+01 -2.395260149707738151e+02 3.607849337336014956e+06 3.779337069113679463e+05 7.709180298420978943e+03 2.732754266389923941e+03 4.855950058239998270e+02 1.537251515174472445e+02 7.369086162177558208e+01 3.091305694164174156e+01 3.189094323247342544e+00 4.733332964040172897e+00
3.974640217147698277e+05 -2.108061258124022279e+06 1.014903115012575290e+06 1.733060087026050896e+05 5.755768242966940161e+05 9.185555740237882128e+05 5.318042905382465571e+06 -2.870619662327480626e+01 -2.990988692771998103e+01 2.092276790340770276e+01 3.779337069113678881e+05 1.976993163017642219e+06 3.684652003577864380e+05 8.670268772220930259e+03 2.383470368508878892e+03 3.827149733225649015e+02 3.644720051700525687e+01 1.207848100756315546e+01 1.910346054779041403e+00 1.614421968067254909e+00
6.405717298889763188e+05 -1.706060128077144269e+06 8.220648335773681756e+05 1.577829636738129484e+05 4.302793899971362553e+05 5.721833580909009324e+05 4.258142055953530595e+06 2.674642285107863415e+01 2.592891289457591597e+01 -8.494027380892362089e+00 7.709180298421939369e+03 3.684652003577875439e+05 1.236298346019406803e+06 3.477652019153240835e+05 1.082356632144019386e+04 2.163752179758472266e+03 3.630054695476790130e+02 3.221818862517801563e+01 7.135061818248267684e+00 7.607442349646262869e-01
7.080121133089095820e+05 -1.538676512632757192e+06 7.134324095422570826e+05 1.477308966371348943e+05 3.665112451437326381e+05 4.028378111165785813e+05 3.639175357736522332e+06 5.220336334306750814e+00 4.445168236259405603e+00 -1.340571708287177444e+01 2.732754266390438715e+03 8.670268772221315885e+03 3.477652019153244328e+05 9.163457873586971546e+05 3.060030039058066905e+05 1.195350316035212381e+04 2.041776226381972265e+03 2.359746568070831927e+02 1.908987549091159508e+01 5.148746777552005938e+00
7.293939615017974284e+05 -1.380539709913498024e+06 6.376724573932564817e+05 1.390677397423970979e+05 3.298218688154708943e+05 3.022866584508625674e+05 3.205094427626748104e+06 -5.671016854013259945e+00 -5.825919185474646156e-01 6.009167560109098360e+00 4.855950058247001380e+02 2.383470368509003947e+03 1.082356632144055220e+04 3.060030039058073307e+05 7.469564545253037941e+05 2.695655817670766264e+05 1.127961557108131092e+04 1.598442711565396166e+03 1.410030600612403759e+02 1.108668265042740586e+01
7.489812781456697267e+05 -1.300923120320005110e+06 5.813166716844268376e+05 1.322258079133012216e+05 3.078685846628794097e+05 2.350285607172920718e+05 2.890889444387562107e+06 3.735885403951816386e+01 4.016575121232870060e+01 -5.133712123184758980e+01 1.537251515175385066e+02 3.827149733220949201e+02 2.163752179758743296e+03 1.195350316035172000e+04 2.695655817670753459e+05 6.508516012749134097e+05 2.373922463864356978e+05 9.039100416258123005e+03 9.859616712159677263e+02 6.752488015519224973e+01
7.653364100705860183e+05 -1.254203699972372968e+06 5.362579925071614562e+05 1.269555423784409359e+05 2.914824008912207792e+05 1.852297042665747285e+05 2.636227887307575438e+06 4.415323974652920924e+01 5.282183280196528585e+01 -5.657083872601645425e+01 7.369086162165973519e+01 3.644720051683209050e+01 3.630054695476019333e+02 2.041776226381596643e+03 1.127961557108121633e+04 2.373922463864351739e+05 5.964556248855739832e+05 2.026559866099327337e+05 6.119698941834423749e+03 4.366242561369172108e+02
7.627992798667799216e+05 -1.170215141225760570e+06 4.918361075544222840e+05 1.203572689171477687e+05 2.745458005847856402e+05 1.421335775196012401e+05 2.392345158654632512e+06 5.765002542010230968e+01 8.612152119029860842e+01 -1.293937413231469691e+01 3.091305694163075657e+01 1.207848100757109933e+01 3.221818862510747294e+01 2.359746568071532238e+02 1.598442711565347054e+03 9.039100416257711913e+03 2.026559866099325591e+05 5.791303074773615226e+05 1.519338914096746012e+05 2.703371548932576843e+03
7.188140981923276559e+05 -1.067159055785410339e+06 4.325066037590292399e+05 1.113926411496275978e+05 2.457349869818713632e+05 9.647961056937012472e+04 2.077145766310581239e+06 -3.564127073200461382e+01 -7.511328504936545869e+01 -2.525707203601052697e+01 3.189094323225607042e+00 1.910346054800001525e+00 7.135061818248068732e+00 1.908987549098617365e+01 1.410030600612180081e+02 9.859616712159213421e+02 6.119698941834352809e+03 1.519338914096743683e+05 5.813516780040784506e+05 7.576686500645574415e+04
4.390727462917845114e+05 -5.976256745641302550e+05 2.596941320007986506e+05 7.055372624676214764e+04 1.377269627849273966e+05 2.871741813857789384e+04 1.227150863554826938e+06 -2.158853695925827196e+02 -3.764985807762045624e+02 -1.231883522892546807e+02 4.733332964039364654e+00 1.614421968083623593e+00 7.607442349514750290e-01 5.148746777559590981e+00 1.108668265043147194e+01 6.752488015519912778e+01 4.366242561369348323e+02 2.703371548932580026e+03 7.576686500645564229e+04 3.960475169771977235e+05
