6.635262872427120805e+06 -1.126469946663467027e+07 3.812933672555753961e+06 8.213979041909601074e+05 2.828521772014892660e+06 3.190052141460307874e+06 2.088561171250389516e+07 1.196615797685967060e+06 1.134769696299860021e+06 9.683872692310533021e+05 8.909517700741863810e+05 8.288290480912785279e+05 8.048313715391920414e+05 7.946883847499585245e+05 7.759327402536314912e+05 7.228825930218196008e+05 4.404598313204610022e+05
-1.126469946663467586e+07 1.981331418602258712e+07 -6.443292733177457005e+06 -1.359673082748336252e+06 -4.953210911869190633e+06 -5.821979162607952021e+06 -3.570989308472561836e+07 -2.602905687028517947e+06 -2.137216270541529171e+06 -1.725117115309689892e+06 -1.550513154735593125e+06 -1.388032308303873520e+06 -1.306356969047949184e+06 -1.257743051440048497e+06 -1.172358051259923261e+06 -1.067609369669393171e+06 -5.973844542481303215e+05
3.812933672555754893e+06 -6.443292733177456073e+06 2.619356875039616600e+06 5.550242799206634518e+05 1.618323135037262691e+06 1.772988058507433860e+06 1.435816917224284261e+07 9.062896657217841130e+05 8.688656450467894319e+05 7.431428047734672436e+05 6.641191639040810987e+05 6.080474626426857430e+05 5.635944457337732892e+05 5.264137978204123210e+05 4.871762640772681916e+05 4.311221149469574448e+05 2.597570533263885300e+05
8.213979041909603402e+05 -1.359673082748335553e+06 5.550242799206634518e+05 1.211196892152587970e+05 3.360359714816341293e+05 3.347097061921217828e+05 2.981519063105041161e+06 1.270504340857374918e+05 1.473836990971140040e+05 1.411211111163484748e+05 1.362092946787599649e+05 1.315229042062486405e+05 1.273535500191665487e+05 1.240454651802982262e+05 1.188744141263612401e+05 1.109147513320503494e+05 7.057205873575048463e+04
2.828521772014894523e+06 -4.953210911869188771e+06 1.618323135037262226e+06 3.360359714816340129e+05 1.274344722864466254e+06 1.606701449818603229e+06 9.065670288152717054e+06 8.123873066666909726e+05 5.839437201209816849e+05 4.350142526263804175e+05 3.695221558764129877e+05 3.316180460134211462e+05 3.091692475365350256e+05 2.923165718075909535e+05 2.750428452511912328e+05 2.458266842517793120e+05 1.376690843590155710e+05
3.190052141460309736e+06 -5.821979162607952952e+06 1.772988058507433860e+06 3.347097061921218410e+05 1.606701449818603694e+06 2.559394774107015226e+06 1.049018828070026636e+07 1.649464427230359055e+06 9.333897328783236444e+05 5.782881539372080006e+05 4.068280638072220609e+05 3.039744107849444845e+05 2.360955891823717684e+05 1.857854697260158136e+05 1.423852133759004064e+05 9.642658215788517555e+04 2.866853392035170327e+04
2.088561171250390261e+07 -3.570989308472560346e+07 1.435816917224284634e+07 2.981519063105042558e+06 9.065670288152720779e+06 1.049018828070026636e+07 7.998270012181892991e+07 6.300269952884338796e+06 5.384329179182796739e+06 4.305748396908489987e+06 3.666419653544418514e+06 3.222102394139230251e+06 2.902650672545327805e+06 2.643765885058531538e+06 2.396540728775549214e+06 2.078692149798839353e+06 1.227020607360741589e+06
1.196615797685966827e+06 -2.602905687028517015e+06 9.062896657217836473e+05 1.270504340857375064e+05 8.123873066666913219e+05 1.649464427230359288e+06 6.300269952884338796e+06 3.069487837674902752e+06 3.062740520940953284e+05 1.092416241059148888e+04 1.812448816737930883e+03 2.034947754433619878e+02 2.947175736957272818e+01 5.447407427937093871e+00 9.374920038658796084e-01 2.307648534025245057e-01 4.606790524392045949e-02
1.134769696299860021e+06 -2.137216270541528706e+06 8.688656450467896648e+05 1.473836990971140040e+05 5.839437201209818013e+05 9.333897328783234116e+05 5.384329179182797670e+06 3.062740520940953866e+05 1.786042886095879134e+06 3.381468791456031031e+05 1.301754748052045215e+04 2.113328253853359456e+03 2.351830021088713352e+02 3.816857105648149684e+01 5.789660970150348973e+00 1.093014759097195698e+00 1.990710971057990941e-01
9.683872692310542334e+05 -1.725117115309687098e+06 7.431428047734679421e+05 1.411211111163488531e+05 4.350142526263804757e+05 5.782881539372064872e+05 4.305748396908493713e+06 1.092416241059147069e+04 3.381468791456026956e+05 1.148820346651151078e+06 3.227386593957471196e+05 1.306998757297905831e+04 2.386130095275044368e+03 2.297220072799850072e+02 3.505004404245303107e+01 4.729356676951840477e+00 6.802371982797679184e-01
8.909517700741859153e+05 -1.550513154735591263e+06 6.641191639040813316e+05 1.362092946787602559e+05 3.695221558764133370e+05 4.068280638072213624e+05 3.666419653544420842e+06 1.812448816737921106e+03 1.301754748052072318e+04 3.227386593957470614e+05 8.677814379027218092e+05 2.906564955885246163e+05 1.318246751207526904e+04 2.204897439130082603e+03 1.842730018970465267e+02 2.504537636354319119e+01 2.869450779873860213e+00
8.288290480912800413e+05 -1.388032308303876780e+06 6.080474626426855102e+05 1.315229042062487570e+05 3.316180460134224268e+05 3.039744107849453576e+05 3.222102394139231648e+06 2.034947754433350156e+02 2.113328253853237584e+03 1.306998757297855263e+04 2.906564955885244999e+05 7.192039538869794924e+05 2.601402349207130028e+05 1.197998977228790682e+04 1.637743509964186160e+03 1.228818428432557965e+02 1.306576493276046591e+01
8.048313715391928563e+05 -1.306356969047951512e+06 5.635944457337730564e+05 1.273535500191665051e+05 3.091692475365358405e+05 2.360955891823724960e+05 2.902650672545325942e+06 2.947175736951688663e+01 2.351830021086904594e+02 2.386130095274419091e+03 1.318246751207446869e+04 2.601402349207124789e+05 6.339229147532775532e+05 2.320322414986310760e+05 9.416726066219398490e+03 9.927335584685954473e+02 6.446184607073273298e+01
7.946883847499561962e+05 -1.257743051440044772e+06 5.264137978204124374e+05 1.240454651802981680e+05 2.923165718075902550e+05 1.857854697260151734e+05 2.643765885058529209e+06 5.447407427938889768e+00 3.816857105649398818e+01 2.297220072799857462e+02 2.204897439129968006e+03 1.197998977228808144e+04 2.320322414986309013e+05 5.864432036190323997e+05 2.001337225692956126e+05 6.243879630231249394e+03 4.351124356147756203e+02
7.759327402536310256e+05 -1.172358051259921864e+06 4.871762640772681916e+05 1.188744141263611964e+05 2.750428452511910582e+05 1.423852133759001736e+05 2.396540728775546886e+06 9.374920038719417592e-01 5.789660970170317000e+00 3.505004404250152561e+01 1.842730018970601407e+02 1.637743509964251643e+03 9.416726066219234781e+03 2.001337225692954380e+05 5.738543963723012712e+05 1.510346279627131298e+05 2.713280890730896317e+03
7.228825930218194844e+05 -1.067609369669392938e+06 4.311221149469574448e+05 1.109147513320503640e+05 2.458266842517792829e+05 9.642658215788510279e+04 2.078692149798839353e+06 2.307648534013820307e-01 1.093014759094024679e+00 4.729356676949107552e+00 2.504537636353770580e+01 1.228818428432640815e+02 9.927335584685881713e+02 6.243879630231287592e+03 1.510346279627131007e+05 5.794550946057513356e+05 7.574128647309415101e+04
4.404598313204609440e+05 -5.973844542481303215e+05 2.597570533263884718e+05 7.057205873575048463e+04 1.376690843590155710e+05 2.866853392035165962e+04 1.227020607360742288e+06 4.606790524383407720e-02 1.990710971055866807e-01 6.802371982795710759e-01 2.869450779873233159e+00 1.306576493275987616e+01 6.446184607073212192e+01 4.351124356147735739e+02 2.713280890730894498e+03 7.574128647309416556e+04 3.958712432397944503e+05
