3.889874495028651436e+05 -1.348933559275831212e+05 -2.288843706031887996e+04 -6.378153106319663493e+03 2.974025854639488171e+04 2.021022978258272633e+04 3.449983804941036506e+05 3.091884993129265240e+02 2.940590172999292236e+02 -4.454382403312546899e+02
-1.348933559275848966e+05 1.731164947794953478e+05 1.680079577890733617e+03 2.325888083994389604e+02 -4.069233062739020534e+04 -5.273044828313572361e+04 -6.933417285007816099e+04 9.677090540164512049e+02 1.290747584452130468e+03 -5.676491443501618051e+02
-2.288843706031838519e+04 1.680079577891097415e+03 2.085690712266667106e+03 5.603016970425728687e+02 1.353560327802912866e+02 2.608618043331036461e+03 -2.196149113305980427e+04 -2.424560503646105758e+01 -4.393121751445784540e+00 7.966571253988487911e+01
-6.378153106319619837e+03 2.325888083994069007e+02 5.603016970425809404e+02 1.627775244035409230e+02 7.663981500527356161e+01 7.514205950396163871e+02 -6.462085848463932962e+03 -2.173464879720926746e+01 -2.134491714745696811e+01 2.983832872870013375e+01
2.974025854639523459e+04 -4.069233062739268644e+04 1.353560327804529209e+02 7.663981500528564084e+01 1.022802002334933059e+04 1.505175702216918944e+04 1.477733138614566269e+04 -2.400333805949009616e+02 -3.151500425207725016e+02 1.509686107114611673e+02
2.021022978258289368e+04 -5.273044828313876496e+04 2.608618043331269291e+03 7.514205950396330991e+02 1.505175702216923855e+04 2.811124993635924329e+04 1.657174531244316313e+03 -3.977321149277618133e+02 -5.019698076228816603e+02 2.912886666928445720e+02
3.449983804941007402e+05 -6.933417285007511964e+04 -2.196149113306010986e+04 -6.462085848463924776e+03 1.477733138614599193e+04 1.657174531245043909e+03 3.335773977943206555e+05 7.766239712089939076e+02 8.697958732303790157e+02 -8.255692895340583846e+02
3.091884993129382337e+02 9.677090540164733738e+02 -2.424560503646286946e+01 -2.173464879720975773e+01 -2.400333805949063049e+02 -3.977321149277700556e+02 7.766239712090057310e+02 7.088291702776808734e+01 9.999909334667202643e+01 -2.655356947397622136e+01
2.940590172999436618e+02 1.290747584452152296e+03 -4.393121751447484513e+00 -2.134491714745749036e+01 -3.151500425207767080e+02 -5.019698076228886521e+02 8.697958732303908391e+02 9.999909334667245275e+01 1.461431557765284879e+02 -2.557573340325275524e+01
-4.454382403312611132e+02 -5.676491443501702179e+02 7.966571253988593071e+01 2.983832872870053876e+01 1.509686107114641800e+02 2.912886666928528712e+02 -8.255692895340623636e+02 -2.655356947397562806e+01 -2.557573340325178890e+01 3.878345501813501528e+01
